150
1 711 12 61.980
2 366 60 20.964
3 326 55 54.061
4 1373 50 77.052
5 506 23 14.316
6 1110 15 35.089
7 1278 45 18.194
8 676 18 56.806
9 416 10 17.527
10 643 33 90.594
11 22 48 78.263
12 340 29 40.671
13 1424 52 97.568
14 555 56 90.440
15 182 35 51.827
16 692 5 87.011
17 435 21 29.173
18 770 29 74.551
19 434 23 27.400
20 1288 8 11.214
21 1176 59 23.977
22 129 36 26.612
23 383 56 60.488
24 1275 46 51.892
25 661 42 42.464
26 625 22 32.958
27 850 25 84.049
28 949 23 4.479
29 1091 28 90.921
30 1257 14 42.770
31 1398 38 27.319
32 365 40 75.075
33 138 28 23.169
34 560 19 52.382
35 311 33 56.046
36 1026 35 0.491
37 1311 20 70.273
38 1306 13 0.297
39 54 28 63.780
40 1418 7 19.969
41 1141 53 79.086
42 1331 42 54.271
43 1356 11 16.730
44 190 16 83.740
45 646 50 2.258
46 1183 29 28.454
47 1088 32 98.494
48 16 44 3.195
49 11 47 86.746
50 386 3 93.730
51 182 33 5.073
52 231 43 64.929
53 168 48 17.548
54 1179 22 17.767
55 580 14 39.699
56 263 2 4.246
57 311 60 85.302
58 656 53 86.963
59 959 27 60.286
60 1293 53 78.790
61 1180 27 49.754
62 456 1 86.498
63 550 14 82.325
64 324 57 55.238
65 654 15 33.456
66 1295 33 1.652
67 1179 21 76.443
68 846 21 31.427
69 314 4 70.872
70 1111 31 72.849
71 963 26 11.456
72 711 13 80.314
73 22 33 17.248
74 210 20 3.820
75 389 21 40.996
76 903 30 90.882
77 727 2 95.154
78 811 60 91.894
79 528 49 49.464
80 1012 44 25.626
81 853 41 97.597
82 397 1 88.449
83 390 33 96.794
84 1104 51 35.762
85 1198 28 1.541
86 1259 47 99.157
87 1364 18 56.653
88 729 33 66.973
89 920 26 37.489
90 1200 47 16.616
91 775 22 25.579
92 728 39 0.682
93 139 41 10.203
94 918 54 45.028
95 679 12 99.875
96 877 58 22.922
97 769 20 2.625
98 685 41 41.842
99 311 32 33.774
100 955 15 12.271
101 1078 54 29.557
102 151 45 92.189
103 785 37 71.540
104 432 4 33.809
105 718 54 53.627
106 724 13 74.081
107 1012 33 10.148
108 53 25 67.201
109 867 57 42.792
110 500 24 57.018
111 142 45 82.883
112 330 57 26.550
113 1302 14 87.251
114 42 47 81.429
115 505 22 65.100
116 1409 9 79.196
117 159 58 77.475
118 259 19 96.863
119 184 58 11.518
120 193 51 43.185
121 420 22 93.447
122 278 18 35.558
123 1402 42 54.034
124 752 44 92.315
125 1120 5 55.564
126 1198 3 48.402
127 205 56 17.506
128 940 54 54.735
129 1011 42 70.836
130 1414 7 52.716
131 330 46 87.231
132 189 1 37.715
133 657 19 73.951
134 16 26 8.905
135 563 24 63.717
136 1042 37 60.168
137 78 20 3.411
138 660 29 61.120
139 1098 18 42.556
140 373 42 80.236
141 711 29 51.245
142 1246 30 82.258
143 227 29 87.225
144 1162 31 16.563
145 1061 27 70.027
146 1372 53 13.991
147 1340 7 29.661
148 178 17 39.132
149 234 42 20.381
150 425 39 11.199