150
1 53 8 50.876
2 1238 21 8.501
3 1131 52 79.888
4 933 26 91.669
5 536 59 42.654
6 459 11 77.146
7 188 43 78.412
8 872 37 78.560
9 1058 53 62.337
10 792 31 38.379
11 286 53 85.119
12 1154 22 4.197
13 970 60 18.815
14 948 13 86.225
15 661 16 0.677
16 423 54 62.728
17 973 2 74.070
18 1175 34 49.387
19 214 27 89.866
20 709 8 23.568
21 584 16 54.177
22 970 46 66.078
23 1268 52 2.163
24 980 2 99.249
25 1362 50 91.177
26 1256 32 86.102
27 457 1 18.646
28 356 19 23.378
29 980 55 18.650
30 856 14 64.672
31 1237 10 28.230
32 1278 12 99.945
33 1235 17 25.617
34 1179 59 22.899
35 89 53 3.380
36 457 34 2.882
37 872 17 25.483
38 431 43 76.721
39 312 32 20.198
40 1311 24 38.968
41 308 32 68.867
42 425 12 89.220
43 629 20 60.332
44 662 49 92.431
45 750 22 14.850
46 84 48 80.791
47 1127 18 36.863
48 950 37 35.003
49 713 26 77.084
50 892 58 31.434
51 1220 42 56.541
52 447 36 99.291
53 405 41 15.012
54 1386 32 71.980
55 724 17 56.423
56 110 5 28.716
57 583 47 79.663
58 557 13 40.769
59 44 4 92.256
60 1244 1 83.384
61 1437 46 40.793
62 1216 2 17.055
63 784 25 21.996
64 465 11 13.910
65 693 33 34.459
66 1373 59 53.635
67 692 17 96.349
68 1130 56 27.831
69 633 34 17.629
70 1040 29 15.907
71 1005 43 19.010
72 708 8 87.508
73 1150 2 8.557
74 356 56 85.446
75 1305 55 38.502
76 863 34 7.749
77 537 25 18.312
78 422 29 59.992
79 89 29 31.140
80 609 4 9.580
81 439 24 58.096
82 1380 28 43.682
83 803 32 80.430
84 306 13 69.159
85 1291 21 75.731
86 35 55 91.102
87 1248 42 62.133
88 176 38 45.213
89 523 17 65.080
90 1010 15 96.265
91 758 47 85.309
92 1379 23 84.872
93 1430 25 95.487
94 300 47 47.559
95 289 3 72.392
96 1043 14 93.423
97 765 43 37.419
98 1228 57 86.256
99 1372 49 40.340
100 1060 46 16.203
101 204 36 53.583
102 1134 39 91.676
103 1336 50 26.918
104 1225 35 92.230
105 1238 23 50.200
106 400 10 92.029
107 393 60 56.574
108 407 9 78.356
109 1313 30 53.503
110 674 22 81.675
111 960 36 6.532
112 357 52 59.322
113 138 59 35.131
114 31 57 14.511
115 417 57 21.685
116 488 7 48.840
117 1205 21 51.538
118 1284 14 59.924
119 296 37 52.070
120 310 26 63.457
121 628 42 46.365
122 706 52 93.422
123 225 37 77.733
124 92 56 44.987
125 1400 20 9.501
126 572 23 52.601
127 317 55 67.233
128 1257 57 50.211
129 943 11 96.912
130 928 5 11.593
131 168 6 15.097
132 412 8 83.909
133 6 59 21.798
134 274 32 53.388
135 135 44 91.717
136 406 44 92.963
137 755 1 93.139
138 1229 43 84.166
139 974 49 54.508
140 810 25 77.693
141 112 42 21.733
142 706 60 63.848
143 1185 18 13.410
144 122 11 46.737
145 821 42 80.789
146 736 49 86.303
147 1194 39 88.945
148 909 9 44.110
149 1297 35 25.332
150 116 18 73.252