150
1 1194 26 18.523
2 917 52 91.305
3 925 34 2.463
4 696 59 83.677
5 331 19 22.993
6 1148 21 30.272
7 440 7 64.352
8 598 9 77.151
9 908 8 53.176
10 1422 52 66.798
11 394 39 65.192
12 575 12 16.864
13 1286 27 49.457
14 616 28 30.019
15 436 28 90.146
16 579 3 52.610
17 756 11 67.018
18 1145 57 94.523
19 18 34 50.221
20 379 12 28.130
21 1328 29 3.957
22 276 43 25.274
23 289 60 45.989
24 246 54 29.638
25 959 16 85.117
26 1015 53 81.089
27 349 15 54.586
28 210 31 32.721
29 395 30 97.241
30 1266 5 43.867
31 1434 28 59.523
32 744 11 18.884
33 1068 42 62.639
34 214 17 24.485
35 1125 26 52.857
36 888 34 9.922
37 1071 44 18.415
38 764 12 70.361
39 1138 36 54.022
40 113 57 27.924
41 970 30 95.586
42 1386 3 4.220
43 129 18 86.357
44 1382 50 35.489
45 765 29 1.466
46 477 29 26.104
47 9 42 17.936
48 1023 44 15.733
49 855 27 32.406
50 1073 46 15.160
51 66 23 50.616
52 342 49 52.046
53 600 5 11.670
54 1136 57 46.306
55 857 46 11.717
56 48 2 92.671
57 557 32 47.215
58 860 26 26.482
59 1067 1 39.190
60 1234 32 55.297
61 155 11 19.631
62 1366 47 50.442
63 173 46 48.213
64 837 53 38.915
65 969 55 76.262
66 786 50 26.506
67 93 17 73.813
68 1066 35 55.355
69 760 45 68.046
70 92 51 43.607
71 1110 3 75.900
72 1393 9 5.768
73 368 42 64.978
74 83 49 10.544
75 1139 2 21.151
76 822 27 30.642
77 980 8 12.515
78 932 56 77.484
79 1111 51 84.024
80 975 16 21.088
81 1118 5 4.177
82 32 46 61.847
83 1329 19 86.899
84 1062 22 20.452
85 361 5 62.771
86 4 59 26.787
87 231 6 53.023
88 1331 60 38.613
89 703 35 81.215
90 145 48 78.013
91 1331 39 10.047
92 437 40 40.643
93 490 5 2.742
94 53 20 9.620
95 645 48 3.654
96 1209 42 23.808
97 123 41 1.478
98 731 57 31.453
99 867 50 30.124
100 642 22 70.887
101 1437 3 15.733
102 1164 4 55.250
103 536 35 31.111
104 892 30 77.723
105 1235 41 18.305
106 971 16 27.956
107 1015 60 51.113
108 85 45 44.225
109 908 14 99.917
110 1135 39 40.875
111 739 15 82.082
112 1230 14 21.346
113 226 20 55.210
114 100 15 10.306
115 111 48 90.059
116 856 29 62.509
117 1103 37 26.470
118 246 51 8.000
119 853 53 52.740
120 928 41 36.028
121 847 54 6.315
122 527 60 25.196
123 1427 60 28.673
124 552 20 6.287
125 757 37 27.291
126 876 31 90.737
127 786 31 46.345
128 1400 28 55.528
129 1245 4 70.399
130 1004 37 96.036
131 1266 34 83.157
132 810 45 61.638
133 864 3 98.278
134 688 7 64.397
135 414 40 82.652
136 678 55 97.219
137 1292 20 13.518
138 145 5 86.508
139 143 33 31.540
140 714 13 72.761
141 205 16 27.668
142 1172 22 18.201
143 657 17 8.752
144 863 23 93.486
145 635 38 47.548
146 25 53 88.897
147 1183 30 50.654
148 367 33 83.218
149 590 42 96.513
150 1144 31 23.140