150
1 631 48 23.451
2 408 15 21.608
3 1016 32 25.072
4 1126 49 8.545
5 1306 39 85.971
6 591 1 26.234
7 910 56 55.680
8 811 57 62.608
9 165 10 48.101
10 275 47 50.561
11 1038 33 67.112
12 919 1 44.034
13 1077 13 51.429
14 177 13 85.213
15 367 18 52.444
16 155 11 59.426
17 158 53 76.084
18 1433 15 69.813
19 565 26 67.113
20 1407 2 78.426
21 559 42 60.484
22 678 13 94.900
23 1242 23 17.472
24 1382 18 42.202
25 1159 18 62.770
26 471 44 64.820
27 198 18 20.681
28 1192 13 71.999
29 1079 8 74.990
30 959 11 83.883
31 40 46 4.443
32 554 28 89.460
33 326 4 47.454
34 627 1 71.408
35 696 6 0.221
36 1425 53 70.317
37 533 12 1.192
38 984 29 15.662
39 23 11 28.410
40 634 17 97.985
41 708 13 6.176
42 99 37 75.540
43 9 7 84.296
44 1068 7 36.537
45 1156 34 1.158
46 135 49 77.745
47 649 6 43.354
48 634 58 61.722
49 62 28 58.706
50 844 25 60.329
51 890 60 90.321
52 755 36 53.114
53 1393 22 98.410
54 1376 2 69.423
55 46 34 18.376
56 779 60 17.066
57 594 14 26.881
58 897 53 96.717
59 687 15 62.888
60 509 41 41.040
61 1172 41 84.762
62 1005 26 58.031
63 646 43 16.079
64 1415 18 97.832
65 1402 23 56.335
66 1241 52 9.782
67 359 49 26.650
68 439 27 48.358
69 414 45 12.992
70 832 5 80.794
71 263 23 86.605
72 746 58 37.355
73 129 41 84.522
74 165 3 0.062
75 538 56 26.583
76 1126 9 91.226
77 153 41 87.673
78 173 33 91.057
79 449 45 25.442
80 360 36 46.616
81 1052 15 30.389
82 841 44 77.844
83 1173 57 24.765
84 724 43 13.152
85 1195 26 73.268
86 322 57 96.657
87 100 57 75.003
88 1215 13 36.474
89 196 44 82.753
90 901 54 77.917
91 676 48 81.060
92 1215 2 32.277
93 904 18 38.335
94 471 57 1.989
95 1288 53 94.797
96 566 34 86.010
97 805 4 98.304
98 1161 14 9.762
99 886 38 8.965
100 118 29 75.005
101 826 40 34.174
102 267 32 94.857
103 1307 19 53.588
104 1361 25 50.957
105 1118 9 94.803
106 865 27 5.437
107 1281 6 72.967
108 444 53 47.043
109 587 9 43.166
110 1014 6 33.422
111 943 27 7.017
112 541 38 47.613
113 630 56 96.221
114 757 29 70.621
115 1114 33 41.785
116 500 40 8.004
117 970 38 14.032
118 779 28 69.028
119 855 17 60.728
120 898 26 14.105
121 742 52 54.481
122 724 20 73.516
123 1001 59 24.896
124 1390 20 26.454
125 1232 35 55.216
126 742 59 29.836
127 779 5 9.564
128 898 47 50.673
129 295 10 88.443
130 734 23 68.660
131 1264 1 78.402
132 16 38 69.721
133 556 53 5.590
134 765 29 60.640
135 906 56 90.593
136 349 60 9.517
137 1322 34 56.093
138 1082 2 52.301
139 891 58 27.884
140 985 34 23.326
141 11 40 67.276
142 644 40 51.519
143 515 54 59.693
144 269 60 18.321
145 213 19 32.673
146 1016 55 56.992
147 813 31 66.806
148 719 58 0.752
149 1265 39 76.297
150 319 52 7.618