150
1 326 23 58.122
2 203 43 18.799
3 975 47 21.344
4 488 45 81.969
5 608 9 41.728
6 1017 40 97.548
7 1343 44 84.923
8 1165 5 90.240
9 1308 59 83.112
10 704 12 38.932
11 646 35 96.432
12 239 40 58.015
13 208 25 45.203
14 923 49 65.093
15 908 8 22.040
16 818 41 8.572
17 576 30 34.951
18 142 27 46.114
19 1041 40 59.870
20 218 59 53.475
21 860 13 36.494
22 1230 32 90.221
23 527 7 17.160
24 323 59 42.114
25 202 6 42.885
26 113 8 71.450
27 673 43 12.271
28 1332 12 26.929
29 1232 1 33.669
30 345 33 71.824
31 393 26 78.672
32 281 12 89.006
33 696 27 13.768
34 1358 45 90.386
35 793 4 99.633
36 1335 44 83.011
37 805 25 89.268
38 1134 6 85.790
39 156 13 91.198
40 378 20 14.824
41 779 36 70.416
42 1071 50 57.605
43 690 6 30.788
44 260 30 78.449
45 587 49 81.860
46 1209 60 0.795
47 148 51 2.336
48 1116 34 90.594
49 1091 32 75.836
50 324 43 75.230
51 1040 50 78.361
52 934 60 72.024
53 1064 34 2.471
54 41 21 5.495
55 329 35 21.632
56 589 51 1.989
57 1294 40 68.718
58 809 51 7.737
59 1239 7 92.056
60 749 15 63.361
61 1324 36 25.410
62 39 30 61.650
63 983 31 34.148
64 1231 22 13.310
65 1007 58 45.712
66 364 36 60.091
67 646 54 85.675
68 1226 9 56.074
69 1362 54 53.801
70 198 32 1.461
71 1053 30 32.678
72 278 42 50.071
73 497 26 12.909
74 1272 39 36.580
75 1239 11 16.295
76 828 41 91.897
77 1304 14 50.897
78 487 23 84.601
79 947 60 84.542
80 183 8 17.246
81 175 16 60.410
82 686 34 18.590
83 1149 10 94.857
84 1378 46 44.331
85 824 36 66.620
86 297 32 86.012
87 928 18 20.379
88 818 39 21.671
89 286 13 24.720
90 897 20 80.458
91 421 8 6.441
92 1250 4 65.748
93 183 22 1.567
94 892 5 83.920
95 525 3 22.083
96 256 32 43.282
97 101 15 31.478
98 559 36 80.007
99 1168 23 0.380
100 958 55 48.851
101 1150 7 93.920
102 882 20 4.329
103 660 46 90.792
104 616 32 2.062
105 867 6 72.275
106 1059 14 30.531
107 304 37 69.388
108 348 40 66.992
109 887 50 71.488
110 321 37 48.720
111 9 56 33.283
112 1430 58 55.600
113 1177 30 44.979
114 416 32 63.750
115 413 41 46.863
116 291 59 57.858
117 944 28 48.537
118 1248 57 54.897
119 297 19 62.244
120 248 53 41.883
121 924 38 90.910
122 666 42 96.165
123 935 33 78.495
124 1102 4 25.878
125 1324 49 27.849
126 752 21 78.098
127 1439 13 11.157
128 1420 33 91.454
129 463 41 42.089
130 1417 36 22.512
131 578 46 38.739
132 316 35 88.375
133 1302 23 83.218
134 796 25 54.835
135 48 12 87.754
136 475 33 34.561
137 742 46 11.588
138 395 47 49.372
139 1204 60 3.976
140 113 20 43.286
141 786 33 41.095
142 273 27 16.242
143 264 42 14.331
144 738 57 2.705
145 157 36 69.556
146 1225 34 86.070
147 763 39 81.306
148 1360 34 49.243
149 263 17 41.168
150 69 6 24.318