150
1 1021 21 76.051
2 800 52 84.671
3 24 20 50.494
4 856 43 5.444
5 269 27 81.886
6 263 25 90.559
7 347 3 95.946
8 1269 45 68.977
9 565 5 93.016
10 487 55 64.546
11 1371 44 9.143
12 276 52 45.020
13 965 29 8.320
14 695 44 9.857
15 296 50 87.817
16 596 54 54.866
17 565 30 21.246
18 1311 47 88.107
19 1168 15 11.214
20 351 17 28.425
21 671 42 29.570
22 1235 17 27.746
23 316 41 99.107
24 814 38 70.136
25 712 37 83.431
26 239 6 89.753
27 151 14 63.541
28 22 21 86.341
29 1232 55 88.419
30 736 39 93.511
31 976 54 13.074
32 1139 29 11.585
33 798 52 18.412
34 487 27 15.660
35 1136 43 17.779
36 497 50 38.132
37 835 30 38.641
38 597 3 13.704
39 204 2 46.530
40 1261 37 92.271
41 1144 31 42.605
42 170 31 9.189
43 244 26 56.067
44 31 48 2.507
45 698 38 56.468
46 1415 20 60.724
47 110 6 40.224
48 1000 4 31.649
49 446 47 24.812
50 432 60 35.208
51 1004 21 96.942
52 303 23 75.021
53 1122 37 18.550
54 8 59 22.946
55 1388 17 41.326
56 321 3 62.899
57 105 50 11.573
58 126 31 44.258
59 430 5 32.192
60 1234 20 72.798
61 318 28 61.343
62 413 59 84.812
63 276 37 54.618
64 1163 16 10.128
65 1007 9 12.135
66 1360 39 59.086
67 265 58 4.673
68 438 12 43.038
69 142 60 77.099
70 294 45 51.679
71 815 19 20.618
72 1126 59 47.253
73 835 39 14.735
74 314 4 45.706
75 434 38 81.013
76 80 56 84.420
77 995 18 50.904
78 1088 2 87.516
79 1036 59 50.624
80 835 8 44.316
81 273 60 47.662
82 1312 44 35.464
83 1338 13 68.322
84 777 32 39.482
85 206 14 70.287
86 948 20 95.655
87 613 13 94.444
88 1410 15 55.424
89 344 45 79.109
90 414 39 15.802
91 900 58 39.092
92 1281 47 21.489
93 762 40 33.091
94 685 28 89.576
95 1434 19 70.966
96 509 60 85.437
97 203 32 65.092
98 1316 28 25.868
99 1348 8 70.250
100 692 49 21.272
101 1051 54 90.276
102 278 4 54.154
103 663 13 78.616
104 230 20 49.072
105 647 53 94.548
106 530 3 15.428
107 479 8 56.359
108 1180 30 26.585
109 1242 48 16.734
110 735 50 30.037
111 690 32 41.120
112 328 4 31.503
113 941 22 99.724
114 748 32 38.612
115 628 40 38.415
116 470 26 85.057
117 77 2 94.592
118 337 29 63.717
119 812 10 15.372
120 1190 16 1.299
121 1014 24 49.205
122 992 34 13.628
123 725 25 87.622
124 1303 44 65.826
125 972 7 28.600
126 822 47 48.769
127 615 32 15.050
128 1132 56 61.320
129 1329 17 73.410
130 147 54 92.016
131 223 8 6.311
132 358 17 42.369
133 766 8 8.825
134 982 60 74.151
135 158 16 93.232
136 87 6 16.666
137 650 59 9.705
138 455 25 22.519
139 37 13 12.220
140 361 8 65.623
141 248 43 6.060
142 513 51 64.817
143 1340 49 53.494
144 463 31 48.152
145 942 1 58.170
146 1211 60 14.060
147 725 2 85.229
148 430 45 48.542
149 448 31 65.798
150 368 9 56.446