150
1 1008 10 30.742
2 539 34 18.524
3 513 47 3.788
4 793 18 32.658
5 220 45 2.517
6 7 10 91.298
7 224 39 3.069
8 703 3 46.319
9 572 47 94.932
10 1047 13 9.161
11 833 34 9.311
12 7 15 81.606
13 8 1 20.105
14 647 32 49.968
15 1343 44 73.128
16 878 3 46.635
17 1402 41 75.394
18 1032 21 20.420
19 882 7 8.153
20 837 17 56.814
21 259 60 85.241
22 1230 34 61.353
23 3 21 32.487
24 124 21 39.790
25 1302 34 50.549
26 962 30 0.509
27 729 7 5.357
28 93 4 28.194
29 415 37 82.689
30 1387 56 43.675
31 636 38 94.189
32 1230 51 77.998
33 675 46 51.337
34 586 24 55.851
35 1145 39 14.279
36 594 3 9.413
37 180 14 44.923
38 598 17 4.203
39 355 9 80.358
40 660 30 2.163
41 593 12 55.140
42 400 33 19.079
43 576 2 39.439
44 564 37 77.894
45 1260 49 26.173
46 515 44 28.425
47 1331 35 81.966
48 1203 11 4.716
49 764 22 51.503
50 864 28 19.543
51 1298 5 16.556
52 916 46 29.206
53 1316 36 13.640
54 786 39 51.963
55 1337 44 85.284
56 531 7 25.928
57 601 48 19.104
58 238 54 62.212
59 1063 32 96.873
60 1388 24 92.641
61 749 7 62.004
62 734 2 63.275
63 1311 28 55.019
64 1258 9 85.274
65 870 40 71.988
66 1119 11 93.103
67 1329 31 60.947
68 874 36 96.389
69 711 45 97.128
70 1086 51 52.903
71 938 27 54.136
72 282 55 1.659
73 149 14 55.082
74 1074 15 42.569
75 801 4 99.262
76 254 37 86.021
77 104 35 8.515
78 647 32 60.714
79 1405 20 60.054
80 177 40 45.906
81 1428 1 39.510
82 1397 30 27.380
83 1387 29 85.474
84 1016 58 58.959
85 785 35 56.377
86 1160 5 77.319
87 439 21 21.974
88 260 34 11.777
89 117 1 71.973
90 565 21 16.688
91 1045 16 12.470
92 374 20 20.904
93 549 28 83.930
94 1229 41 13.250
95 1076 50 95.258
96 960 48 23.517
97 327 57 84.960
98 787 39 99.576
99 410 25 14.982
100 499 11 1.261
101 922 40 60.480
102 1137 16 51.124
103 1334 55 0.028
104 237 41 82.004
105 241 8 6.921
106 826 46 7.128
107 618 10 98.259
108 859 60 69.675
109 121 56 97.524
110 522 55 59.943
111 1437 2 3.302
112 1286 36 17.344
113 965 52 97.383
114 854 38 7.894
115 449 33 20.206
116 885 51 9.153
117 1318 47 77.636
118 93 49 87.979
119 952 49 41.265
120 1031 2 7.753
121 465 60 21.625
122 113 42 13.818
123 1021 13 73.875
124 720 40 54.903
125 199 45 67.713
126 23 8 64.541
127 365 21 71.780
128 410 25 76.579
129 1019 5 8.447
130 1030 26 96.854
131 791 21 62.276
132 471 35 79.052
133 721 54 67.088
134 1276 53 45.433
135 647 44 65.183
136 1309 19 62.545
137 744 29 68.657
138 1307 36 74.112
139 1278 15 22.616
140 348 50 60.305
141 195 30 75.705
142 773 32 15.799
143 498 24 69.589
144 800 21 58.967
145 1354 44 23.454
146 87 6 74.758
147 142 13 60.432
148 371 8 16.278
149 800 19 65.199
150 1163 2 81.682