150
1 1063 49 69.757
2 1117 6 85.056
3 1327 48 6.971
4 748 50 90.039
5 101 23 40.315
6 562 11 52.201
7 106 14 38.483
8 551 18 46.412
9 176 10 27.432
10 1436 24 5.181
11 124 53 48.121
12 488 17 24.425
13 1295 23 8.884
14 1388 40 15.429
15 1110 60 69.830
16 1361 39 79.000
17 336 30 71.925
18 202 56 49.783
19 782 13 16.283
20 1010 53 49.269
21 222 56 91.655
22 397 5 56.982
23 296 8 38.533
24 717 39 27.420
25 522 44 77.882
26 1256 22 11.319
27 636 54 73.485
28 198 16 14.222
29 1204 31 43.183
30 53 59 73.884
31 1087 1 5.385
32 544 49 49.160
33 121 44 17.536
34 20 16 20.576
35 597 39 80.534
36 1178 9 40.744
37 1257 20 67.797
38 1432 49 31.374
39 720 45 29.073
40 1271 1 10.027
41 1126 53 76.101
42 624 51 84.217
43 261 34 1.059
44 431 43 61.922
45 1044 35 81.737
46 186 41 33.605
47 1312 50 55.250
48 1003 19 26.693
49 1195 49 21.438
50 1291 8 40.752
51 1342 25 70.655
52 372 24 52.733
53 787 45 21.485
54 188 41 65.576
55 394 49 98.180
56 884 29 23.721
57 897 44 86.937
58 464 37 93.644
59 1333 25 57.420
60 410 20 14.475
61 384 11 70.738
62 585 57 9.972
63 65 50 61.596
64 740 12 71.368
65 1067 29 73.477
66 27 9 14.700
67 1305 57 4.295
68 1252 3 96.910
69 781 49 88.218
70 991 48 59.430
71 16 48 86.627
72 293 56 12.289
73 211 7 38.941
74 1406 51 19.211
75 909 28 3.145
76 1367 17 59.054
77 106 38 96.435
78 91 12 15.709
79 902 4 58.218
80 1268 24 91.593
81 365 47 39.390
82 254 6 84.644
83 266 6 76.226
84 495 25 15.927
85 704 44 73.742
86 176 54 54.614
87 1330 32 35.715
88 1209 49 41.115
89 445 17 84.136
90 398 58 73.889
91 116 30 71.704
92 603 59 21.040
93 1102 56 29.763
94 1024 38 60.125
95 721 22 43.915
96 287 13 1.089
97 625 25 27.707
98 125 40 5.792
99 157 43 50.981
100 1109 28 94.220
101 7 2 99.915
102 802 60 30.460
103 877 43 30.922
104 1401 18 64.773
105 168 39 13.743
106 1138 57 76.450
107 109 54 48.650
108 173 42 13.257
109 7 12 50.697
110 1380 41 72.287
111 417 1 74.943
112 923 59 85.021
113 285 48 89.454
114 185 47 7.945
115 532 36 49.287
116 1355 18 40.413
117 401 44 3.773
118 149 59 78.386
119 391 26 98.497
120 303 35 43.703
121 385 31 71.924
122 391 37 98.298
123 1343 26 19.685
124 108 55 29.020
125 171 14 54.454
126 313 26 91.253
127 1099 54 84.193
128 742 50 20.343
129 330 30 6.888
130 619 43 79.870
131 1065 55 88.901
132 1141 43 18.797
133 503 12 61.542
134 135 29 53.897
135 703 16 83.202
136 1431 47 29.371
137 1168 42 84.864
138 1327 33 21.180
139 378 18 26.906
140 855 16 75.825
141 152 28 4.548
142 1217 41 55.125
143 523 29 96.706
144 383 11 84.539
145 1306 14 82.904
146 224 29 37.848
147 929 7 23.311
148 1072 55 64.911
149 611 46 94.382
150 1383 45 31.627