150
1 598 53 19.797
2 660 24 17.744
3 259 38 90.308
4 217 37 12.717
5 707 33 32.467
6 345 16 67.425
7 1422 12 68.377
8 572 50 35.016
9 1118 56 0.853
10 413 24 83.543
11 66 46 42.227
12 1353 25 89.312
13 405 56 8.963
14 176 30 28.540
15 1235 48 40.801
16 587 10 59.661
17 1130 55 65.015
18 903 27 91.669
19 860 28 44.166
20 553 5 74.036
21 645 29 26.466
22 1321 13 82.156
23 30 11 74.083
24 207 46 58.210
25 260 54 56.824
26 1344 25 95.385
27 1303 10 46.413
28 135 53 88.407
29 530 24 29.389
30 807 37 53.970
31 960 49 59.397
32 1249 60 86.641
33 342 2 98.882
34 116 58 90.874
35 913 46 96.258
36 1324 4 68.590
37 662 19 61.189
38 310 9 59.515
39 838 14 47.177
40 1346 47 11.888
41 1388 20 51.136
42 920 22 11.536
43 1191 59 92.005
44 1058 2 77.057
45 371 11 12.835
46 387 5 58.688
47 441 56 18.045
48 268 2 87.735
49 710 39 51.353
50 96 48 48.744
51 1057 10 14.492
52 1017 8 51.075
53 175 32 47.439
54 1224 20 32.620
55 443 27 62.509
56 135 27 52.766
57 190 54 80.006
58 453 8 49.117
59 914 8 53.200
60 845 6 44.308
61 594 27 80.574
62 1157 28 81.329
63 879 22 14.455
64 530 58 53.742
65 309 17 77.514
66 1109 59 98.204
67 1439 4 67.224
68 1338 11 18.846
69 551 3 53.860
70 1140 22 62.080
71 1119 35 41.870
72 811 19 39.259
73 181 52 53.504
74 518 2 18.756
75 801 12 57.789
76 256 18 71.353
77 11 45 49.044
78 1308 50 60.682
79 443 23 99.541
80 1304 30 43.017
81 231 25 60.657
82 1408 50 5.288
83 1096 41 63.898
84 1089 56 12.366
85 272 23 23.881
86 328 7 16.093
87 303 31 79.542
88 838 16 49.307
89 488 47 77.014
90 668 57 4.668
91 431 60 5.200
92 591 59 5.373
93 1302 60 23.717
94 283 2 79.857
95 738 21 42.593
96 1351 53 49.361
97 865 38 99.680
98 66 4 8.188
99 763 18 46.066
100 335 12 96.990
101 796 24 92.168
102 1245 48 52.706
103 1435 26 88.559
104 1164 24 79.209
105 385 42 83.475
106 1106 26 97.988
107 1369 41 45.560
108 411 51 12.996
109 923 22 37.694
110 779 48 15.485
111 1301 50 18.582
112 43 4 68.456
113 355 19 17.027
114 839 17 45.821
115 456 56 48.760
116 921 24 78.902
117 876 39 60.750
118 655 29 2.796
119 998 5 33.920
120 1333 20 48.776
121 1300 60 23.421
122 197 47 29.071
123 703 16 0.571
124 1209 42 65.357
125 347 38 7.992
126 759 8 13.603
127 685 39 11.893
128 730 31 47.687
129 1045 20 90.796
130 922 18 25.698
131 867 13 99.299
132 1252 51 59.854
133 267 59 19.301
134 807 40 59.670
135 1177 38 45.447
136 668 57 42.680
137 455 21 36.193
138 972 34 16.993
139 1251 52 38.616
140 1073 44 94.671
141 590 21 89.478
142 824 27 89.459
143 1228 26 3.023
144 1276 20 23.026
145 395 51 17.056
146 175 11 36.150
147 1129 7 34.485
148 254 20 32.276
149 126 14 9.106
150 1028 19 97.793