150
1 1251 11 62.085
2 1342 32 4.650
3 1253 15 5.226
4 169 13 48.288
5 467 37 34.559
6 948 10 36.341
7 353 48 92.761
8 1309 9 4.119
9 308 29 89.466
10 1157 2 47.546
11 1160 41 15.880
12 870 50 27.487
13 1290 49 32.134
14 508 13 21.276
15 458 49 45.893
16 680 12 3.381
17 398 34 38.357
18 388 11 42.398
19 103 20 74.137
20 698 33 15.159
21 437 35 70.144
22 61 10 19.162
23 1223 60 34.710
24 730 1 46.095
25 946 47 72.119
26 927 20 43.481
27 119 48 60.038
28 724 57 98.399
29 152 49 98.924
30 961 28 62.653
31 1021 3 71.598
32 319 57 81.102
33 385 47 41.045
34 1087 58 70.143
35 1165 38 27.437
36 1083 18 58.653
37 399 36 92.665
38 322 34 81.203
39 860 52 8.581
40 794 49 48.851
41 1366 47 60.175
42 285 15 54.749
43 433 20 78.299
44 724 55 11.159
45 1266 14 18.158
46 367 24 50.611
47 192 56 42.257
48 663 10 82.188
49 16 56 18.072
50 391 56 63.440
51 114 21 48.728
52 916 48 36.429
53 702 17 35.281
54 313 28 56.014
55 906 3 57.503
56 1372 39 64.381
57 1282 46 15.187
58 1385 49 59.414
59 505 42 91.414
60 921 25 91.712
61 1130 38 51.266
62 252 13 83.183
63 179 42 69.916
64 293 8 47.608
65 897 9 15.492
66 893 49 17.176
67 702 18 93.188
68 533 41 2.379
69 585 51 29.938
70 541 45 32.705
71 613 58 78.803
72 237 9 53.755
73 524 15 23.699
74 23 14 82.647
75 832 29 54.198
76 749 32 10.269
77 423 36 62.914
78 731 54 63.447
79 727 16 60.845
80 824 31 62.126
81 650 60 87.392
82 332 34 41.492
83 931 20 43.028
84 1428 56 6.546
85 1021 2 77.616
86 299 29 88.576
87 391 35 45.900
88 657 49 41.716
89 204 56 53.918
90 1366 53 41.647
91 1370 54 31.109
92 1377 35 87.884
93 164 1 45.903
94 515 55 85.137
95 663 49 79.001
96 1411 6 19.465
97 1366 36 31.052
98 143 38 55.344
99 935 6 34.397
100 1023 54 96.145
101 1036 18 17.493
102 528 40 17.543
103 878 20 24.284
104 1401 12 69.180
105 1084 7 14.354
106 1328 16 31.607
107 775 47 36.751
108 639 13 48.547
109 680 26 41.224
110 1189 16 5.406
111 232 34 10.364
112 134 43 95.768
113 472 52 8.003
114 178 18 87.600
115 696 41 41.081
116 276 38 74.980
117 990 53 38.630
118 1118 48 21.649
119 412 36 0.345
120 619 26 20.020
121 84 41 96.355
122 954 43 53.010
123 1397 16 26.103
124 666 44 60.485
125 539 29 26.421
126 1376 24 92.617
127 546 53 1.241
128 985 30 12.792
129 196 39 93.916
130 140 24 1.005
131 1304 1 45.006
132 732 7 70.648
133 798 10 25.332
134 35 17 47.954
135 187 29 78.408
136 773 55 17.340
137 158 45 86.678
138 982 49 68.213
139 1169 9 86.075
140 1063 5 34.896
141 897 19 98.844
142 655 12 59.483
143 1352 40 60.637
144 1289 50 52.589
145 235 48 70.479
146 454 3 31.103
147 1038 51 89.544
148 723 49 76.673
149 1405 29 35.712
150 823 58 93.616