150
1 298 32 59.245
2 562 10 78.412
3 1397 35 17.717
4 1184 5 9.545
5 182 43 1.590
6 450 48 57.157
7 278 58 71.400
8 1210 10 71.783
9 474 43 74.496
10 781 10 18.894
11 1381 16 20.693
12 387 20 92.040
13 890 17 24.013
14 406 3 0.470
15 866 3 38.247
16 479 53 24.542
17 84 2 92.264
18 334 37 31.225
19 633 48 38.329
20 78 23 37.093
21 487 48 43.596
22 1012 48 95.394
23 349 32 85.586
24 1396 19 16.161
25 1313 32 95.351
26 919 16 16.548
27 170 13 61.901
28 844 11 11.555
29 482 14 48.916
30 796 11 18.090
31 226 17 78.609
32 301 21 70.407
33 766 50 78.345
34 1029 11 54.367
35 1017 20 92.813
36 103 25 65.031
37 786 48 14.985
38 114 54 82.875
39 899 12 90.958
40 623 45 66.498
41 875 21 47.008
42 576 39 98.960
43 202 6 78.833
44 189 38 10.696
45 709 59 35.271
46 814 23 53.569
47 1164 1 66.731
48 157 53 15.268
49 1150 9 68.540
50 259 33 84.620
51 751 10 7.112
52 1338 25 53.401
53 471 40 51.275
54 401 43 99.760
55 735 20 99.906
56 804 17 78.327
57 404 12 97.176
58 22 26 96.316
59 1222 41 38.645
60 1348 11 79.185
61 944 18 52.338
62 284 18 34.987
63 97 9 23.880
64 1152 21 99.277
65 973 26 91.091
66 1320 32 98.601
67 914 13 87.284
68 504 5 85.710
69 768 7 94.367
70 676 43 43.261
71 484 24 53.422
72 391 59 22.051
73 1194 3 41.090
74 39 43 41.850
75 983 9 68.311
76 76 38 59.052
77 1341 3 69.117
78 49 43 7.011
79 476 43 11.968
80 976 47 48.276
81 129 10 13.781
82 473 5 54.856
83 369 8 74.214
84 447 25 95.685
85 789 44 25.163
86 592 57 43.947
87 904 39 0.660
88 1188 30 83.431
89 698 32 52.898
90 1379 12 83.721
91 482 25 52.092
92 1203 54 4.663
93 874 19 22.659
94 133 43 63.968
95 925 10 97.373
96 1016 40 5.612
97 133 14 57.028
98 650 24 60.281
99 348 14 3.420
100 185 52 57.160
101 243 31 6.693
102 384 4 65.490
103 893 47 21.175
104 499 24 5.703
105 1005 3 1.466
106 258 26 7.589
107 1194 53 28.923
108 747 55 82.301
109 1398 6 46.911
110 322 25 28.515
111 1055 43 49.093
112 840 5 36.908
113 1258 9 89.809
114 277 27 23.317
115 570 46 66.698
116 25 33 74.181
117 261 50 44.156
118 386 40 87.001
119 60 6 97.785
120 1262 14 44.212
121 999 41 38.651
122 1227 27 56.557
123 1340 32 62.586
124 859 9 28.853
125 280 52 5.018
126 1139 55 88.309
127 1391 33 39.379
128 1110 37 96.666
129 284 11 69.044
130 719 44 33.668
131 986 6 74.956
132 864 56 16.288
133 185 20 59.469
134 719 27 75.852
135 389 23 1.903
136 711 2 7.463
137 246 6 31.747
138 44 32 29.372
139 1065 49 16.561
140 1129 55 23.293
141 488 50 38.066
142 674 32 5.189
143 417 29 45.443
144 371 41 30.696
145 879 11 42.949
146 125 41 90.782
147 1160 33 69.057
148 1312 46 70.430
149 571 50 5.330
150 988 17 39.159