150
1 560 44 54.123
2 1205 20 84.899
3 1400 19 70.159
4 31 20 1.867
5 788 39 45.495
6 361 51 79.303
7 49 20 35.429
8 274 23 53.939
9 1097 38 64.911
10 1047 10 65.228
11 381 27 33.099
12 55 30 28.044
13 1132 40 41.155
14 1398 18 38.561
15 1311 14 94.831
16 1186 19 41.830
17 1231 34 96.154
18 784 47 62.787
19 401 13 43.693
20 67 26 16.489
21 467 6 88.486
22 853 49 7.054
23 991 34 4.805
24 1070 26 8.141
25 672 1 9.085
26 457 42 47.199
27 919 10 87.188
28 544 4 75.550
29 1040 23 1.083
30 841 39 58.209
31 482 43 29.032
32 1190 15 70.785
33 609 46 77.537
34 380 18 51.725
35 1385 54 66.643
36 978 15 60.217
37 822 37 43.197
38 215 3 94.548
39 852 5 40.322
40 282 47 28.667
41 1356 27 7.915
42 1429 49 7.299
43 1331 54 21.709
44 1220 2 23.697
45 891 45 76.630
46 311 59 6.999
47 1197 40 83.101
48 1199 30 23.201
49 1381 51 2.643
50 971 9 22.155
51 174 38 37.716
52 74 27 92.694
53 675 34 42.180
54 943 57 76.208
55 1097 17 34.991
56 907 58 87.317
57 1036 27 62.921
58 985 29 72.839
59 1251 16 84.570
60 774 32 84.930
61 1139 35 86.808
62 597 29 57.354
63 419 43 85.738
64 26 24 46.557
65 261 55 7.314
66 830 10 5.873
67 553 8 4.894
68 355 48 36.481
69 1341 56 97.616
70 825 14 55.621
71 1202 16 49.935
72 1366 47 2.730
73 1160 55 3.778
74 1324 16 18.576
75 781 1 33.930
76 193 40 64.647
77 774 16 97.057
78 707 29 54.234
79 389 51 10.405
80 933 57 94.506
81 1429 43 81.476
82 60 21 80.137
83 538 39 5.309
84 127 57 57.886
85 71 8 58.756
86 154 59 37.303
87 860 15 95.473
88 157 29 46.739
89 1274 23 93.388
90 673 27 58.267
91 978 10 20.021
92 191 30 84.651
93 1216 32 18.705
94 1378 30 29.408
95 1119 30 74.932
96 1207 15 40.955
97 827 53 96.430
98 631 40 11.927
99 490 50 30.786
100 665 35 74.983
101 287 59 15.543
102 514 58 39.908
103 1264 21 45.219
104 542 41 22.702
105 143 6 51.528
106 965 37 55.848
107 1056 8 52.417
108 951 60 41.591
109 1045 25 4.213
110 893 36 74.070
111 226 24 20.450
112 1318 42 55.579
113 999 34 98.209
114 912 60 94.537
115 987 33 78.494
116 1039 22 95.223
117 1000 51 8.453
118 335 27 39.493
119 286 11 82.218
120 1323 34 16.049
121 703 27 38.507
122 50 1 87.836
123 1388 19 3.979
124 296 59 57.597
125 1397 50 8.795
126 882 23 50.556
127 198 12 90.328
128 1286 43 10.187
129 617 54 28.958
130 210 23 70.871
131 848 26 86.034
132 1047 54 47.015
133 257 49 61.957
134 191 11 23.496
135 340 34 77.734
136 964 8 37.876
137 435 35 1.575
138 49 30 85.225
139 1314 34 49.310
140 399 15 12.333
141 11 2 31.221
142 486 27 34.212
143 282 49 99.690
144 941 55 97.084
145 912 37 43.229
146 184 25 84.774
147 632 47 47.819
148 1138 54 60.897
149 286 15 48.579
150 164 17 13.300