150
1 223 30 74.060
2 561 46 2.499
3 339 31 60.374
4 877 27 28.825
5 364 7 6.481
6 1104 9 44.276
7 409 49 2.994
8 1255 19 80.389
9 853 10 33.078
10 421 39 60.822
11 1289 43 47.441
12 1414 53 54.047
13 49 19 52.080
14 411 28 3.607
15 726 5 51.775
16 1074 26 34.085
17 1061 47 6.345
18 691 45 24.530
19 1077 17 12.316
20 1139 2 91.524
21 27 22 32.512
22 1260 6 74.833
23 146 8 1.818
24 635 31 14.031
25 1163 43 16.964
26 1144 3 26.728
27 588 23 35.877
28 1192 25 92.933
29 563 8 25.035
30 442 15 31.780
31 178 60 29.774
32 964 31 43.981
33 523 24 29.772
34 382 21 42.815
35 999 36 75.093
36 1148 26 52.559
37 1025 38 19.150
38 495 37 35.186
39 112 53 17.269
40 81 16 40.828
41 1196 49 45.368
42 863 31 64.184
43 884 4 58.886
44 333 1 19.127
45 1155 17 32.678
46 40 51 44.831
47 434 39 76.051
48 443 41 31.498
49 393 51 36.325
50 827 20 61.869
51 77 37 96.284
52 1157 29 5.145
53 182 21 25.836
54 700 22 49.084
55 21 27 34.015
56 289 33 45.426
57 1220 9 87.833
58 27 35 97.564
59 284 6 16.497
60 27 13 55.838
61 451 44 77.067
62 149 55 82.385
63 296 40 58.007
64 1115 22 67.041
65 524 6 92.601
66 279 49 72.604
67 431 56 6.446
68 1269 9 14.763
69 895 41 96.014
70 744 55 11.888
71 570 1 25.836
72 1119 36 36.652
73 12 21 0.369
74 535 59 9.133
75 295 59 70.336
76 234 10 56.432
77 133 56 97.123
78 173 52 20.047
79 886 4 30.886
80 466 15 15.894
81 936 32 26.827
82 1161 60 60.208
83 671 4 37.686
84 1068 52 59.866
85 1395 50 12.320
86 760 45 36.195
87 892 39 26.635
88 968 20 54.057
89 1248 59 42.958
90 1389 39 78.836
91 221 45 31.398
92 173 19 64.276
93 165 27 29.881
94 442 40 31.675
95 323 20 29.669
96 1139 56 31.275
97 684 9 86.753
98 1365 14 13.724
99 651 17 94.536
100 383 18 15.282
101 279 14 47.456
102 400 49 22.770
103 1030 58 4.933
104 55 43 61.644
105 1361 7 31.512
106 625 5 57.989
107 489 41 41.173
108 269 9 70.232
109 883 55 84.022
110 800 1 99.773
111 1213 9 47.247
112 1075 22 53.422
113 1376 10 98.101
114 201 49 21.698
115 1235 42 45.689
116 1219 33 82.957
117 1345 26 63.525
118 1028 48 90.812
119 1109 41 52.035
120 151 1 32.651
121 310 46 84.137
122 528 1 3.839
123 253 57 10.893
124 674 17 6.913
125 112 1 94.600
126 694 1 54.114
127 927 20 35.884
128 1368 18 75.768
129 594 53 72.348
130 189 28 33.166
131 872 47 40.526
132 365 14 37.050
133 22 1 83.842
134 493 20 69.089
135 196 41 42.005
136 83 37 60.746
137 1274 11 9.458
138 865 39 69.017
139 895 30 21.138
140 1244 21 44.014
141 475 31 79.377
142 791 54 69.989
143 910 51 34.956
144 932 43 11.633
145 539 46 13.132
146 792 28 1.154
147 866 14 84.327
148 1030 9 99.996
149 626 50 1.901
150 119 15 50.563