150
1 656 31 47.425
2 257 58 89.286
3 708 23 11.272
4 641 26 69.245
5 674 9 95.726
6 87 25 22.411
7 73 2 12.383
8 1351 50 28.218
9 727 29 22.791
10 1217 8 39.015
11 456 32 52.282
12 762 59 64.474
13 1383 36 55.839
14 351 5 77.953
15 661 55 36.054
16 284 31 73.096
17 265 35 43.556
18 662 39 52.994
19 1358 9 55.124
20 68 44 12.938
21 276 35 56.007
22 860 8 83.660
23 1084 23 48.135
24 274 51 73.643
25 99 35 26.131
26 610 50 77.087
27 952 54 33.386
28 824 5 92.184
29 1265 35 80.588
30 404 38 41.695
31 443 36 74.035
32 140 49 42.867
33 697 2 62.571
34 150 18 2.129
35 361 44 44.717
36 230 30 6.525
37 125 5 73.219
38 1311 22 86.224
39 224 45 38.188
40 20 26 82.579
41 126 31 64.632
42 640 31 82.528
43 295 5 25.748
44 1423 3 48.416
45 820 23 70.328
46 980 47 19.932
47 1085 8 90.381
48 1440 10 82.341
49 112 57 65.436
50 157 6 37.367
51 338 38 53.700
52 293 5 0.817
53 701 30 77.747
54 1408 41 79.335
55 304 34 94.253
56 595 31 84.785
57 518 9 47.780
58 245 40 10.967
59 943 9 77.677
60 1243 27 36.249
61 14 26 80.731
62 192 50 86.857
63 373 60 25.647
64 1076 58 40.629
65 228 8 70.505
66 930 12 77.528
67 921 46 91.097
68 348 11 24.491
69 998 31 26.078
70 1166 7 45.035
71 302 30 0.769
72 783 48 36.945
73 1083 60 63.725
74 702 40 48.951
75 581 1 27.851
76 499 3 98.448
77 59 34 14.004
78 559 26 69.009
79 135 4 2.322
80 1407 16 85.600
81 1193 35 46.254
82 256 22 13.499
83 1252 51 39.825
84 1386 39 77.972
85 1256 37 55.567
86 342 21 88.050
87 975 33 68.346
88 271 25 4.998
89 1054 39 53.468
90 519 34 45.812
91 658 38 84.850
92 1148 17 68.130
93 1040 51 23.608
94 539 27 48.441
95 1201 41 93.874
96 237 57 40.329
97 228 10 97.818
98 694 35 69.769
99 807 29 25.980
100 720 46 92.174
101 431 17 92.819
102 127 27 4.643
103 101 8 53.621
104 960 14 65.083
105 1029 35 65.955
106 152 50 84.996
107 1433 34 54.565
108 875 32 13.992
109 455 52 21.865
110 1012 23 65.692
111 145 14 86.819
112 45 15 38.836
113 1047 37 35.718
114 13 7 75.311
115 680 6 70.280
116 829 30 38.579
117 443 22 94.644
118 181 43 38.317
119 1345 39 31.174
120 1102 55 54.942
121 484 8 56.672
122 413 56 93.134
123 658 32 2.798
124 1342 28 27.542
125 1138 26 82.761
126 771 50 31.388
127 1213 20 0.538
128 704 15 78.692
129 1162 35 74.322
130 808 42 54.450
131 167 7 71.954
132 208 40 69.370
133 1216 3 56.589
134 1085 40 53.504
135 1094 52 70.430
136 552 18 81.919
137 751 39 88.342
138 529 42 50.115
139 696 51 29.341
140 84 27 61.322
141 1321 60 63.496
142 450 17 35.274
143 46 38 8.437
144 1350 57 83.540
145 164 58 0.372
146 1180 32 0.341
147 573 3 70.069
148 690 25 1.859
149 1394 40 7.990
150 1027 46 13.984