150
1 966 34 43.264
2 218 7 89.630
3 646 27 61.872
4 1415 49 57.135
5 869 46 98.487
6 1028 22 42.728
7 547 39 42.370
8 258 35 42.595
9 1344 43 92.999
10 955 48 72.517
11 109 34 15.631
12 953 10 76.113
13 615 35 53.926
14 607 25 84.209
15 79 36 45.784
16 576 11 10.540
17 995 45 87.396
18 519 54 12.276
19 174 53 61.121
20 828 7 19.836
21 797 40 83.702
22 693 35 69.203
23 821 44 70.314
24 829 1 33.915
25 1151 12 16.128
26 1135 50 9.985
27 1104 13 99.562
28 1182 50 49.362
29 673 29 56.309
30 396 1 27.554
31 40 10 95.471
32 606 3 9.067
33 344 25 40.146
34 543 14 13.479
35 495 49 26.040
36 921 9 10.591
37 446 6 47.340
38 113 45 20.272
39 84 20 66.110
40 147 26 84.893
41 1033 59 15.960
42 29 55 48.473
43 48 59 36.516
44 1076 47 27.422
45 139 35 49.989
46 13 45 61.089
47 122 2 61.552
48 992 54 83.630
49 975 33 17.144
50 707 51 83.401
51 1117 59 55.419
52 869 43 45.285
53 1030 45 71.743
54 74 29 58.823
55 391 55 80.101
56 472 10 51.429
57 679 29 7.602
58 1241 37 64.187
59 1024 56 57.443
60 131 24 81.193
61 681 15 86.386
62 1193 37 42.283
63 582 9 89.406
64 463 30 20.818
65 859 50 28.870
66 526 10 27.055
67 1022 37 43.984
68 364 11 61.348
69 1389 50 98.394
70 472 35 35.002
71 831 47 49.922
72 943 26 43.386
73 1057 20 56.151
74 310 5 22.481
75 136 46 64.615
76 489 7 44.820
77 1029 11 29.895
78 493 41 5.166
79 1207 22 40.876
80 607 2 75.145
81 534 36 48.505
82 1151 39 21.734
83 1109 24 83.069
84 553 20 6.016
85 222 21 40.994
86 857 5 4.877
87 85 1 1.491
88 483 52 97.897
89 92 47 48.336
90 702 44 97.835
91 509 21 24.935
92 1326 57 2.481
93 66 41 2.985
94 706 44 74.505
95 607 13 53.840
96 116 50 17.004
97 143 11 47.197
98 1438 30 43.819
99 1312 55 60.913
100 485 59 77.077
101 215 40 72.952
102 1316 39 86.175
103 293 44 3.779
104 1341 55 75.540
105 1368 37 22.928
106 620 55 17.655
107 286 36 20.076
108 1361 51 7.312
109 704 4 92.298
110 1041 54 22.223
111 414 25 3.164
112 393 9 73.631
113 308 9 94.221
114 247 54 66.953
115 1225 6 43.658
116 528 22 77.938
117 353 33 85.291
118 1316 10 52.211
119 956 34 69.704
120 307 53 49.908
121 391 56 71.380
122 1262 22 85.114
123 576 22 84.776
124 1418 3 73.491
125 1347 1 22.718
126 38 52 34.127
127 303 55 67.669
128 35 43 31.360
129 995 43 40.819
130 550 48 98.051
131 271 52 45.198
132 827 55 62.670
133 601 55 41.407
134 1059 20 76.647
135 1241 35 89.314
136 940 21 90.822
137 203 47 10.302
138 325 42 57.407
139 627 53 52.507
140 857 29 33.052
141 779 8 9.386
142 35 29 71.303
143 786 23 2.179
144 562 11 78.592
145 1258 27 3.559
146 92 3 26.328
147 824 37 36.062
148 687 53 0.544
149 74 8 99.862
150 1347 31 59.243