150
1 1335 23 26.195
2 400 60 30.510
3 888 31 90.655
4 236 37 68.647
5 390 19 22.516
6 1020 30 72.162
7 271 17 0.978
8 51 59 50.371
9 6 6 95.783
10 451 41 69.554
11 1203 40 48.693
12 94 23 53.004
13 1191 23 24.967
14 1177 5 37.561
15 1373 40 73.417
16 767 20 36.805
17 1397 35 62.467
18 725 3 52.256
19 165 2 89.012
20 321 22 62.665
21 783 18 90.337
22 727 3 21.553
23 676 17 76.416
24 1428 33 31.983
25 476 35 70.375
26 490 4 1.974
27 672 16 89.884
28 1 14 29.939
29 298 42 66.067
30 1434 11 75.999
31 1270 11 96.392
32 545 59 88.480
33 414 49 67.871
34 11 44 0.947
35 589 13 48.573
36 466 26 83.732
37 883 39 71.333
38 939 8 46.085
39 823 60 79.292
40 493 26 91.657
41 354 30 13.040
42 116 37 26.469
43 640 27 83.150
44 928 30 43.606
45 325 17 95.210
46 1291 42 14.460
47 1128 45 65.975
48 547 36 61.133
49 1304 50 9.130
50 676 27 71.718
51 926 52 13.799
52 915 60 35.948
53 516 13 43.922
54 1130 56 18.934
55 763 55 1.354
56 691 48 99.395
57 1235 9 61.669
58 1246 57 82.532
59 635 9 49.261
60 1058 54 96.805
61 837 55 27.171
62 1164 40 98.317
63 1 22 86.482
64 8 11 57.783
65 566 41 36.803
66 749 34 34.424
67 1428 54 22.711
68 794 40 4.237
69 929 6 68.969
70 253 28 97.599
71 650 17 5.690
72 232 24 32.152
73 687 59 73.087
74 860 1 64.583
75 878 49 76.479
76 1376 21 7.609
77 444 54 34.478
78 386 20 53.601
79 1027 11 21.240
80 352 47 8.128
81 1388 18 92.044
82 856 55 4.763
83 1344 1 41.112
84 182 18 33.951
85 547 29 31.856
86 1400 50 58.545
87 1252 28 38.587
88 1293 54 82.088
89 827 23 24.037
90 1400 16 4.211
91 427 54 84.057
92 19 3 32.986
93 242 48 24.414
94 1085 48 34.937
95 1403 19 22.363
96 1388 23 56.897
97 1152 11 86.771
98 184 56 1.119
99 332 29 86.803
100 1435 41 83.114
101 177 12 62.484
102 240 6 20.620
103 551 3 75.024
104 824 53 80.029
105 1343 20 50.582
106 242 3 60.834
107 365 16 77.397
108 574 1 44.628
109 1228 57 2.109
110 397 8 55.108
111 597 52 40.153
112 323 39 2.746
113 77 44 19.655
114 277 38 65.834
115 960 31 5.936
116 332 23 14.674
117 916 5 85.016
118 1367 37 57.108
119 1028 10 70.095
120 762 52 86.705
121 1125 13 96.245
122 619 27 60.519
123 1042 46 27.445
124 498 59 2.351
125 792 21 76.794
126 1325 24 47.353
127 940 1 32.236
128 59 37 55.004
129 1164 23 97.624
130 1162 14 6.912
131 1157 39 46.404
132 141 8 73.507
133 1353 53 34.223
134 146 24 77.427
135 368 26 35.972
136 408 47 55.679
137 987 12 46.802
138 362 30 87.524
139 707 3 34.225
140 1146 8 29.280
141 677 56 24.934
142 1318 35 24.722
143 1405 43 97.578
144 896 46 19.875
145 1040 6 37.185
146 1285 18 34.592
147 922 1 3.028
148 301 2 3.178
149 143 2 22.338
150 808 45 89.129