150
1 860 3 74.433
2 567 22 33.623
3 159 4 66.350
4 1141 29 66.208
5 225 27 29.977
6 723 2 87.442
7 496 19 92.408
8 239 12 13.498
9 507 40 35.525
10 380 28 52.500
11 733 33 3.396
12 271 44 7.982
13 414 36 41.848
14 600 51 27.147
15 1363 44 87.996
16 1416 8 55.143
17 406 55 93.395
18 1174 36 17.088
19 500 55 88.679
20 1373 25 75.619
21 442 36 94.662
22 707 1 8.337
23 437 34 3.973
24 658 45 71.085
25 1264 8 89.635
26 1128 44 2.647
27 1201 34 53.011
28 903 10 60.627
29 453 58 20.114
30 633 59 63.673
31 707 10 29.386
32 1373 59 61.702
33 124 23 98.402
34 149 9 31.593
35 667 8 96.400
36 938 46 69.189
37 563 13 63.919
38 374 12 29.295
39 368 23 46.413
40 636 25 43.070
41 1399 30 42.740
42 9 52 29.656
43 654 12 86.272
44 636 50 95.382
45 1172 38 45.794
46 854 57 34.699
47 744 35 34.928
48 51 20 15.616
49 959 25 38.713
50 818 16 42.957
51 309 37 79.212
52 131 3 30.182
53 1430 18 41.185
54 1325 31 63.255
55 972 58 31.194
56 1002 30 61.108
57 119 57 34.994
58 602 32 96.793
59 38 42 22.925
60 1365 25 67.934
61 691 43 17.141
62 459 46 9.646
63 566 29 66.177
64 785 27 19.274
65 632 43 30.465
66 1406 41 67.891
67 518 26 68.330
68 275 42 28.648
69 956 56 19.684
70 1002 25 38.067
71 949 39 11.302
72 157 53 57.644
73 321 27 14.295
74 982 31 23.186
75 168 8 79.292
76 1183 32 44.589
77 1094 13 60.724
78 314 16 54.110
79 996 14 25.824
80 137 41 10.303
81 294 31 17.302
82 1103 15 6.322
83 1019 34 6.048
84 180 59 41.341
85 563 34 37.816
86 1130 47 20.944
87 380 23 72.727
88 91 15 69.154
89 1190 20 64.971
90 1158 31 1.007
91 1144 9 30.235
92 1426 48 20.526
93 791 8 62.190
94 549 29 74.793
95 950 56 60.286
96 1247 23 92.573
97 85 54 8.058
98 797 18 65.028
99 1114 19 26.912
100 1285 39 25.911
101 1136 35 61.967
102 582 54 95.455
103 307 6 57.791
104 992 60 29.542
105 537 50 30.164
106 863 6 33.405
107 367 46 37.570
108 720 3 90.764
109 252 11 75.251
110 518 53 59.646
111 1161 40 79.257
112 418 23 52.329
113 1280 45 12.587
114 509 60 65.915
115 1016 34 46.482
116 874 46 24.955
117 833 20 38.125
118 899 46 74.347
119 82 25 83.223
120 1124 1 65.514
121 1286 32 58.805
122 822 1 35.563
123 173 29 98.672
124 773 8 25.675
125 375 26 20.613
126 773 34 70.283
127 486 41 56.399
128 737 21 14.085
129 1071 16 89.378
130 1115 51 3.861
131 172 4 73.565
132 211 19 23.382
133 215 22 43.440
134 163 32 90.600
135 1134 36 17.453
136 1428 27 62.793
137 1282 42 76.857
138 451 57 48.427
139 1096 21 50.691
140 1101 58 60.699
141 721 56 98.336
142 363 13 15.646
143 1289 41 56.172
144 2 33 60.263
145 785 45 35.148
146 66 2 40.896
147 723 50 69.246
148 472 59 96.163
149 88 3 60.606
150 167 26 74.105