150
1 421 36 36.506
2 1315 47 21.607
3 1420 28 30.020
4 437 4 47.382
5 992 24 91.440
6 134 16 61.514
7 418 28 24.064
8 896 16 68.837
9 491 7 12.372
10 1125 12 92.694
11 626 57 17.363
12 199 33 79.906
13 1347 49 36.015
14 734 19 19.714
15 1271 15 24.644
16 1091 50 1.365
17 76 13 59.507
18 948 34 35.514
19 906 30 26.199
20 142 8 35.050
21 100 10 10.555
22 285 17 21.192
23 1238 18 63.299
24 1077 23 64.633
25 1301 11 27.877
26 70 22 20.968
27 201 21 36.624
28 427 15 52.567
29 1375 26 92.357
30 563 58 38.924
31 1395 6 63.127
32 1271 41 24.064
33 1093 17 14.244
34 950 12 43.388
35 373 3 62.963
36 1178 27 0.339
37 1435 52 28.728
38 177 11 12.692
39 917 12 26.335
40 1398 29 28.805
41 896 58 9.663
42 840 1 31.561
43 829 49 88.826
44 1387 59 4.999
45 467 48 55.435
46 413 10 51.978
47 530 36 35.004
48 1285 47 46.600
49 78 24 10.350
50 584 17 80.603
51 1434 14 11.588
52 1022 57 21.092
53 136 31 76.535
54 643 36 29.305
55 993 41 70.843
56 358 2 48.412
57 505 24 86.872
58 350 44 91.529
59 120 47 6.467
60 86 43 19.727
61 495 44 4.051
62 1119 15 52.064
63 564 6 36.099
64 778 60 38.887
65 342 5 99.199
66 731 56 61.171
67 554 40 97.085
68 127 36 33.384
69 475 29 49.903
70 651 11 82.539
71 949 5 87.652
72 96 54 27.373
73 204 38 21.555
74 389 38 79.644
75 17 48 16.479
76 1421 40 20.036
77 960 29 20.763
78 1261 40 69.103
79 1001 19 52.963
80 205 30 38.659
81 1424 25 36.383
82 429 9 55.944
83 1251 42 38.018
84 1211 48 81.391
85 931 4 16.655
86 878 20 92.348
87 446 1 59.680
88 1353 22 13.823
89 922 49 56.189
90 771 57 59.133
91 444 7 61.739
92 549 15 50.320
93 166 60 54.513
94 541 3 80.494
95 1409 25 54.009
96 1097 25 24.442
97 1289 25 93.447
98 599 16 8.584
99 27 51 63.725
100 1414 40 40.561
101 1010 9 21.271
102 1036 30 72.338
103 1427 57 67.679
104 501 32 17.490
105 571 55 60.478
106 526 11 68.057
107 162 13 49.105
108 495 15 50.194
109 1241 52 25.805
110 155 3 93.388
111 764 46 78.017
112 298 38 20.406
113 350 48 66.979
114 484 41 19.993
115 835 17 87.589
116 1028 26 2.522
117 667 43 13.915
118 138 60 49.317
119 869 37 35.492
120 251 50 67.891
121 792 36 8.393
122 605 49 65.113
123 704 11 78.922
124 440 14 50.238
125 224 50 24.215
126 717 33 98.155
127 506 18 86.210
128 1286 22 89.298
129 317 60 9.562
130 810 33 24.083
131 484 10 14.330
132 752 46 0.637
133 1280 15 36.597
134 440 48 39.980
135 973 49 49.519
136 22 7 21.263
137 1246 38 81.402
138 1128 39 79.169
139 1247 15 82.536
140 932 20 64.912
141 613 36 31.445
142 247 28 5.283
143 184 27 56.474
144 804 49 13.006
145 1254 6 19.192
146 2 18 22.031
147 58 43 61.183
148 1231 22 53.483
149 1264 26 47.574
150 279 22 37.324