150
1 389 43 84.426
2 52 4 86.873
3 1135 2 0.953
4 340 54 29.070
5 403 24 72.580
6 750 14 42.650
7 718 52 81.166
8 33 24 44.742
9 1040 18 8.547
10 1053 30 87.257
11 621 6 18.949
12 1004 44 97.895
13 1357 51 81.266
14 1240 38 84.735
15 1386 16 39.296
16 76 17 73.214
17 18 60 36.833
18 1028 44 73.962
19 540 53 27.446
20 1174 27 91.723
21 1070 11 3.373
22 902 47 89.881
23 981 58 57.701
24 1088 8 5.577
25 444 54 4.512
26 960 14 73.170
27 300 18 59.360
28 1028 48 52.405
29 743 2 65.299
30 869 21 78.969
31 1383 27 74.020
32 452 46 95.122
33 1336 19 83.218
34 292 10 35.642
35 1315 57 37.661
36 606 59 56.514
37 279 8 10.145
38 417 46 35.439
39 562 35 59.271
40 285 26 42.497
41 1089 28 89.195
42 1197 20 52.597
43 810 15 26.833
44 1160 8 86.514
45 647 21 70.116
46 959 48 55.416
47 314 46 58.953
48 739 3 90.247
49 36 1 44.910
50 1118 5 52.715
51 954 36 73.250
52 213 36 12.696
53 1421 58 40.340
54 63 24 57.250
55 741 5 15.628
56 1116 17 90.203
57 921 27 98.502
58 548 35 15.263
59 841 25 99.117
60 126 40 93.994
61 1203 30 80.161
62 936 38 44.071
63 600 36 0.533
64 1231 28 63.997
65 695 23 71.137
66 391 10 58.006
67 364 32 43.608
68 581 16 99.973
69 148 7 34.356
70 1144 19 84.683
71 801 41 41.065
72 1022 40 52.566
73 1268 3 57.855
74 750 53 58.459
75 901 2 56.416
76 359 1 16.970
77 21 32 68.225
78 870 55 49.923
79 383 19 26.480
80 438 58 36.450
81 738 33 22.274
82 653 23 30.870
83 101 34 62.946
84 872 34 7.967
85 838 6 44.973
86 384 41 15.172
87 755 32 45.594
88 865 1 20.726
89 656 55 27.395
90 1145 32 93.895
91 752 34 78.575
92 1147 25 85.744
93 973 13 25.789
94 1232 54 42.463
95 1346 57 95.847
96 603 30 54.302
97 1231 32 62.334
98 270 48 16.592
99 946 36 96.416
100 877 22 32.047
101 284 26 4.714
102 739 50 38.476
103 661 25 27.140
104 1017 10 73.471
105 471 30 97.657
106 502 5 86.296
107 657 12 24.680
108 494 59 26.633
109 553 37 23.592
110 67 51 95.974
111 76 23 31.204
112 1423 4 15.190
113 1219 1 50.700
114 747 39 88.633
115 468 42 53.698
116 1125 53 64.540
117 429 21 61.595
118 159 9 79.992
119 872 48 2.518
120 1262 42 29.324
121 490 18 1.818
122 623 56 98.888
123 86 12 21.911
124 628 27 42.964
125 222 7 81.627
126 766 45 30.441
127 249 58 85.866
128 1372 53 21.662
129 278 1 41.581
130 74 56 78.822
131 791 49 25.774
132 733 51 96.632
133 1347 26 71.771
134 904 33 72.471
135 1337 23 50.965
136 1426 28 77.142
137 409 49 36.036
138 533 44 42.739
139 904 52 56.010
140 1140 34 82.445
141 1024 45 94.549
142 357 31 72.451
143 633 53 82.365
144 634 41 79.498
145 1340 56 9.094
146 823 25 83.282
147 621 53 76.870
148 725 32 89.472
149 1190 18 76.152
150 59 32 65.750