150
1 1185 15 94.963
2 762 27 55.196
3 248 34 51.573
4 372 18 93.612
5 1261 43 22.909
6 1412 45 39.410
7 90 60 14.333
8 81 9 84.224
9 735 12 31.857
10 635 37 79.779
11 738 39 27.642
12 313 2 66.003
13 511 3 65.572
14 676 38 24.084
15 960 54 1.030
16 224 20 37.258
17 948 51 5.306
18 901 30 88.437
19 564 50 48.266
20 953 44 11.560
21 1383 38 21.550
22 984 46 61.647
23 72 25 5.565
24 798 14 17.427
25 6 26 3.667
26 71 35 67.696
27 351 50 30.320
28 920 37 68.337
29 308 52 21.990
30 865 19 18.647
31 723 54 66.124
32 145 54 67.372
33 1045 5 84.535
34 516 59 8.041
35 970 47 84.235
36 216 37 58.602
37 1138 41 23.082
38 1406 29 59.951
39 1209 46 27.542
40 1219 25 9.702
41 124 22 94.027
42 1039 23 37.009
43 1079 11 87.769
44 1021 47 72.605
45 1424 48 3.101
46 719 51 70.247
47 755 4 1.494
48 477 40 40.221
49 759 27 75.953
50 453 25 72.840
51 325 45 98.824
52 1158 7 3.403
53 426 38 25.906
54 1003 5 75.231
55 1129 6 8.538
56 415 13 22.514
57 559 56 78.046
58 1069 1 22.135
59 401 15 27.914
60 79 5 97.523
61 998 59 95.199
62 1186 6 2.641
63 1007 36 5.017
64 961 23 21.505
65 1342 32 86.543
66 502 43 66.758
67 1036 17 83.774
68 160 25 82.075
69 140 3 65.159
70 209 59 68.561
71 27 49 1.395
72 334 39 53.068
73 567 33 4.805
74 1122 27 2.981
75 24 29 91.702
76 179 45 90.494
77 917 51 6.908
78 357 52 28.310
79 1257 57 97.122
80 1019 24 56.277
81 335 10 32.888
82 132 51 6.291
83 1097 12 41.347
84 288 3 54.723
85 127 12 19.231
86 122 9 83.816
87 138 42 98.892
88 216 3 23.556
89 541 40 91.143
90 1014 24 84.824
91 1217 46 81.224
92 758 39 40.016
93 66 4 74.509
94 1062 9 31.133
95 1312 43 64.903
96 1349 40 26.989
97 1121 40 33.205
98 1320 42 12.789
99 964 56 14.106
100 764 24 65.047
101 916 21 84.909
102 1024 34 67.409
103 1013 40 81.538
104 203 43 46.597
105 496 46 83.430
106 686 2 53.902
107 632 23 73.797
108 1119 3 58.896
109 516 57 75.708
110 1283 40 59.780
111 204 44 44.814
112 592 23 85.271
113 385 28 66.822
114 538 35 94.579
115 534 45 84.515
116 1091 7 39.380
117 1187 11 44.869
118 267 25 4.547
119 155 7 30.413
120 771 28 91.697
121 983 9 94.424
122 759 14 98.657
123 1329 53 74.509
124 1300 40 71.972
125 140 24 58.504
126 1275 10 95.889
127 68 12 3.008
128 248 39 51.370
129 695 51 83.556
130 559 11 54.031
131 852 59 79.849
132 1050 21 65.671
133 304 50 44.446
134 1019 25 47.121
135 628 30 89.937
136 1389 33 54.500
137 310 2 51.199
138 1268 8 63.287
139 225 27 85.394
140 1032 19 46.959
141 336 43 98.146
142 538 51 29.256
143 1092 51 70.015
144 1274 40 61.631
145 437 26 54.236
146 483 51 9.213
147 1270 19 26.339
148 1412 45 77.573
149 11 2 19.632
150 601 48 54.919