150
1 495 55 59.477
2 832 45 74.206
3 996 31 1.908
4 1215 40 84.672
5 523 28 18.193
6 629 14 27.511
7 624 23 32.018
8 1367 30 39.139
9 554 52 11.162
10 27 40 30.149
11 623 30 93.966
12 221 38 71.597
13 601 13 37.303
14 1430 43 44.892
15 1015 36 39.044
16 1279 55 34.380
17 163 13 68.870
18 355 34 8.631
19 1173 45 2.927
20 40 58 98.650
21 1182 57 65.636
22 291 53 69.726
23 216 56 6.843
24 1049 28 39.184
25 825 5 51.727
26 1416 24 19.076
27 770 33 36.529
28 785 59 11.489
29 1261 34 92.453
30 852 15 28.101
31 1345 12 87.610
32 566 9 1.271
33 448 37 89.197
34 707 58 55.989
35 862 56 51.619
36 44 27 80.895
37 1413 25 62.158
38 55 27 14.982
39 1200 55 72.284
40 15 54 40.606
41 521 21 13.506
42 111 3 55.374
43 811 21 78.684
44 962 38 84.425
45 293 29 14.816
46 1184 34 28.114
47 10 20 68.210
48 1024 3 48.962
49 37 52 78.567
50 389 43 16.739
51 332 54 19.119
52 445 23 79.937
53 1204 1 21.072
54 227 56 15.598
55 63 25 31.163
56 603 12 27.185
57 1211 32 91.805
58 1027 47 81.044
59 368 54 30.799
60 1399 27 67.092
61 1163 40 59.013
62 617 23 9.592
63 435 51 83.320
64 417 28 51.258
65 43 31 27.050
66 1356 47 76.418
67 1002 29 3.530
68 807 48 70.029
69 211 55 25.989
70 378 41 39.880
71 106 35 80.951
72 1090 33 99.326
73 413 15 90.764
74 178 10 30.570
75 319 60 18.274
76 1066 52 4.050
77 388 29 9.878
78 1413 41 25.339
79 564 30 14.179
80 1049 46 99.037
81 1274 19 66.491
82 60 14 2.835
83 874 52 34.191
84 992 7 24.898
85 652 1 55.087
86 1016 40 75.633
87 406 31 9.660
88 1003 4 2.080
89 781 4 29.968
90 446 40 32.863
91 1270 15 15.191
92 368 22 17.918
93 1356 46 97.234
94 375 33 87.806
95 791 49 34.795
96 969 38 33.329
97 1285 60 42.048
98 148 26 90.265
99 1050 41 0.990
100 1221 8 7.158
101 427 31 40.450
102 903 20 33.669
103 790 50 49.776
104 572 9 55.462
105 672 18 81.637
106 525 35 20.681
107 1272 7 42.557
108 1255 37 99.120
109 12 58 30.375
110 955 40 29.932
111 976 7 15.855
112 784 47 45.335
113 1043 4 62.200
114 804 25 97.933
115 819 30 29.139
116 669 43 43.088
117 212 18 8.109
118 196 2 47.789
119 689 29 90.322
120 203 41 19.440
121 796 40 43.569
122 1430 23 64.288
123 681 25 19.420
124 1117 27 30.250
125 432 47 3.797
126 26 19 46.439
127 1380 10 84.899
128 1428 52 54.330
129 1177 27 4.918
130 628 52 37.470
131 471 36 59.250
132 1015 49 70.331
133 786 39 5.974
134 319 48 32.424
135 414 44 23.548
136 360 25 23.176
137 951 17 65.135
138 727 35 59.075
139 784 32 64.633
140 316 6 94.932
141 74 14 94.752
142 193 32 82.553
143 448 27 78.630
144 649 35 0.055
145 1000 9 77.892
146 857 29 63.007
147 921 54 59.929
148 1239 14 62.126
149 157 57 26.090
150 409 42 29.407