150
1 755 60 63.653
2 286 39 23.331
3 1150 12 19.154
4 935 59 36.143
5 1095 20 27.803
6 345 23 26.630
7 1025 17 7.008
8 113 5 89.279
9 111 30 66.902
10 215 35 74.537
11 67 24 91.127
12 249 57 99.651
13 534 35 20.404
14 146 50 20.528
15 223 56 13.026
16 1020 25 85.411
17 1298 13 86.159
18 1154 29 98.822
19 1289 53 83.170
20 695 49 77.094
21 926 23 15.162
22 230 7 4.325
23 1247 30 19.439
24 498 55 73.094
25 289 58 63.573
26 995 23 63.481
27 1057 26 46.005
28 42 55 44.223
29 306 16 23.256
30 1421 9 77.008
31 691 54 27.975
32 538 54 65.702
33 667 29 45.813
34 1067 8 74.964
35 205 27 52.210
36 961 9 96.736
37 921 56 90.317
38 59 23 72.683
39 953 16 50.249
40 1145 22 21.224
41 323 43 89.083
42 1385 46 40.020
43 268 18 84.849
44 1168 39 89.593
45 829 29 33.550
46 424 19 62.699
47 1288 55 47.574
48 738 34 76.617
49 896 5 10.297
50 1388 15 67.845
51 177 44 86.219
52 380 44 48.106
53 986 38 95.026
54 559 40 22.327
55 631 23 58.862
56 505 26 60.067
57 120 30 78.879
58 913 35 39.026
59 288 44 68.100
60 568 55 79.328
61 167 4 91.203
62 1080 35 21.592
63 661 24 56.447
64 285 56 50.057
65 844 24 99.426
66 1417 7 65.384
67 473 21 69.510
68 852 37 91.260
69 398 56 11.276
70 661 57 90.438
71 322 6 25.488
72 999 33 65.063
73 121 3 59.460
74 1422 27 22.217
75 1215 4 45.513
76 966 50 98.175
77 170 32 54.126
78 1026 9 26.241
79 1135 53 25.122
80 396 42 69.642
81 477 34 34.123
82 219 55 14.758
83 291 19 60.310
84 948 60 8.327
85 1371 21 25.396
86 730 24 43.741
87 248 38 27.206
88 1027 59 58.514
89 1228 31 43.009
90 999 44 88.696
91 595 38 15.046
92 100 54 65.056
93 505 31 74.238
94 1355 60 72.594
95 579 38 18.124
96 1077 20 27.041
97 1062 22 14.821
98 689 22 61.975
99 225 49 46.155
100 953 17 47.256
101 790 2 84.331
102 862 9 11.686
103 1092 45 58.715
104 321 38 56.216
105 482 5 89.536
106 1257 8 44.170
107 403 35 14.381
108 1079 9 17.608
109 1000 22 68.951
110 768 3 15.932
111 556 25 6.407
112 253 52 92.613
113 467 25 0.609
114 677 33 46.789
115 648 56 66.385
116 862 33 42.192
117 268 42 35.762
118 678 17 86.558
119 232 16 8.088
120 65 42 15.038
121 685 26 84.321
122 970 44 1.719
123 448 12 51.302
124 936 7 88.138
125 1160 16 84.605
126 5 58 39.048
127 856 17 22.345
128 1153 3 97.188
129 843 11 74.468
130 70 10 74.633
131 547 31 46.298
132 487 21 50.788
133 683 22 19.952
134 808 4 67.244
135 456 12 30.293
136 1212 33 98.295
137 642 7 35.567
138 1090 6 72.547
139 85 48 31.475
140 836 11 56.484
141 838 48 83.373
142 178 38 74.260
143 856 47 83.715
144 300 38 23.734
145 187 8 66.998
146 1176 32 40.896
147 749 38 21.046
148 495 37 15.160
149 30 40 88.839
150 433 34 3.325