150
1 754 43 66.400
2 1346 43 88.084
3 17 26 59.229
4 990 59 99.298
5 888 14 47.107
6 509 31 79.788
7 351 32 74.102
8 264 39 36.678
9 1010 16 63.041
10 1040 48 98.623
11 860 32 4.643
12 65 43 78.049
13 693 12 70.179
14 127 19 80.360
15 504 28 95.369
16 1286 30 51.960
17 256 52 50.784
18 60 4 6.046
19 416 40 97.959
20 398 40 2.448
21 106 20 28.458
22 1387 54 79.492
23 318 11 0.179
24 627 44 28.017
25 143 22 96.924
26 1173 16 61.123
27 1414 25 15.383
28 1047 30 58.643
29 1083 20 52.449
30 918 54 34.673
31 79 33 72.924
32 1057 31 95.671
33 778 43 72.112
34 11 50 39.670
35 374 21 16.229
36 743 58 38.317
37 1115 22 6.276
38 189 13 92.334
39 1123 40 65.795
40 1385 18 63.784
41 1020 27 44.183
42 150 56 8.543
43 627 51 92.285
44 1223 40 60.455
45 995 5 47.720
46 216 10 70.402
47 745 12 0.813
48 634 45 92.824
49 581 17 30.930
50 330 56 34.264
51 449 12 15.446
52 26 18 68.653
53 758 32 63.161
54 1121 29 31.814
55 1080 32 52.882
56 78 16 44.763
57 1367 25 0.221
58 1250 37 61.705
59 1419 16 36.986
60 1029 54 45.408
61 1418 25 29.402
62 248 37 63.689
63 1324 45 75.610
64 557 31 71.075
65 849 20 14.659
66 553 35 40.450
67 694 24 39.316
68 568 4 57.956
69 1434 57 97.079
70 570 42 8.039
71 1431 39 29.551
72 137 10 60.762
73 1028 57 4.460
74 1045 34 53.135
75 966 10 43.739
76 34 14 40.718
77 225 2 65.904
78 1275 44 34.632
79 1285 26 44.734
80 799 50 62.119
81 812 44 79.347
82 773 44 52.820
83 1188 41 46.059
84 562 3 17.073
85 1032 5 34.142
86 495 46 25.208
87 1327 17 54.735
88 305 6 45.199
89 54 23 93.200
90 182 2 25.584
91 458 47 6.086
92 1417 33 25.391
93 1228 5 20.038
94 908 50 75.591
95 1418 13 87.489
96 1191 21 94.271
97 733 43 24.889
98 1428 26 26.901
99 982 9 21.298
100 463 45 52.483
101 1373 13 22.166
102 641 53 68.330
103 102 41 7.773
104 771 14 35.456
105 1432 35 61.093
106 458 21 64.088
107 1239 23 59.663
108 239 40 17.164
109 1332 27 82.712
110 382 26 49.518
111 1267 39 56.375
112 25 42 14.952
113 331 16 17.737
114 997 47 77.351
115 836 36 19.403
116 975 46 19.219
117 1014 41 70.744
118 946 40 69.221
119 1183 20 16.393
120 415 4 49.357
121 1028 19 9.530
122 166 22 89.327
123 277 55 13.561
124 788 31 82.363
125 1206 34 23.215
126 287 43 83.090
127 1407 49 82.352
128 1064 32 88.118
129 348 8 68.629
130 1362 25 83.958
131 916 30 60.718
132 381 41 31.809
133 1288 7 7.895
134 271 56 84.317
135 354 30 94.612
136 96 34 64.762
137 1096 26 91.661
138 209 20 70.959
139 989 5 14.945
140 1090 30 60.973
141 162 36 25.189
142 592 1 96.906
143 1120 47 99.433
144 192 49 17.400
145 667 19 24.626
146 251 30 4.093
147 730 43 70.663
148 1393 3 42.035
149 926 19 51.358
150 394 28 13.529