150
1 506 43 34.815
2 302 52 84.600
3 76 4 0.333
4 1036 17 15.900
5 212 32 11.676
6 576 32 12.842
7 650 30 41.623
8 283 30 30.617
9 334 59 59.317
10 49 59 74.217
11 209 34 93.738
12 1199 43 57.990
13 1256 25 27.862
14 208 60 61.474
15 242 20 4.871
16 1439 15 55.503
17 480 7 76.228
18 898 44 90.293
19 1065 43 39.963
20 1141 43 1.308
21 834 1 41.025
22 81 2 9.472
23 256 50 4.767
24 560 38 31.699
25 494 47 26.534
26 170 21 0.205
27 22 16 43.540
28 389 58 81.280
29 357 37 95.562
30 4 36 88.018
31 221 60 46.766
32 727 54 65.561
33 1146 31 7.423
34 244 23 21.691
35 201 36 12.459
36 1184 33 36.849
37 729 42 5.576
38 582 21 57.921
39 1191 48 32.721
40 963 57 99.738
41 112 36 42.346
42 1005 7 34.162
43 111 53 90.385
44 985 13 92.184
45 704 28 14.283
46 1369 50 11.279
47 931 13 31.645
48 677 16 10.075
49 148 49 97.182
50 1044 13 32.202
51 743 20 73.451
52 764 41 71.803
53 148 9 97.937
54 371 18 46.676
55 409 26 55.637
56 946 8 0.386
57 607 19 23.889
58 1321 20 28.082
59 485 25 54.634
60 479 48 99.710
61 1001 50 9.973
62 1282 4 82.450
63 267 35 76.063
64 126 43 91.972
65 200 10 74.169
66 63 12 61.938
67 1354 5 71.807
68 1323 43 30.834
69 615 37 4.641
70 1128 55 38.012
71 1185 24 55.691
72 657 4 42.403
73 644 4 68.340
74 650 13 8.507
75 1014 28 61.048
76 616 40 23.761
77 338 29 1.412
78 562 38 67.528
79 332 17 64.557
80 1078 31 13.356
81 797 6 99.879
82 160 36 69.609
83 456 34 55.059
84 1101 7 0.379
85 686 46 94.826
86 341 25 71.951
87 650 19 42.400
88 1029 8 96.850
89 5 12 77.063
90 523 1 96.359
91 1278 24 72.327
92 451 54 26.800
93 921 12 41.645
94 392 59 8.483
95 358 13 66.975
96 234 36 54.106
97 1119 4 51.412
98 107 25 62.091
99 994 9 9.695
100 112 56 55.861
101 1294 26 10.289
102 175 58 87.248
103 484 20 99.778
104 34 58 29.762
105 1258 50 37.286
106 511 14 16.902
107 808 17 99.213
108 184 25 82.170
109 797 5 68.943
110 92 50 7.533
111 518 7 50.158
112 90 46 87.465
113 274 51 72.896
114 600 53 88.091
115 186 42 79.854
116 462 2 4.013
117 839 27 78.946
118 825 4 69.124
119 192 2 9.295
120 878 27 36.033
121 263 51 29.764
122 1113 47 9.222
123 870 21 14.367
124 77 41 70.208
125 675 31 50.865
126 867 23 97.402
127 1165 21 3.630
128 540 39 92.169
129 497 13 34.552
130 445 14 7.365
131 146 32 38.109
132 139 56 61.864
133 285 33 84.153
134 1283 38 47.413
135 1057 43 10.198
136 216 8 27.554
137 329 33 18.252
138 117 52 74.651
139 1003 42 28.111
140 1438 6 61.207
141 907 38 37.650
142 370 13 81.046
143 268 8 71.824
144 426 12 13.687
145 989 21 86.649
146 742 44 22.982
147 1363 34 39.748
148 1258 6 45.223
149 292 31 66.823
150 1198 47 22.608