150
1 789 58 1.819
2 718 55 31.664
3 1242 11 27.365
4 428 58 98.303
5 1148 31 52.100
6 939 4 29.257
7 1412 6 49.303
8 871 10 94.443
9 415 20 74.037
10 1269 1 13.146
11 460 1 73.133
12 1343 60 4.761
13 1406 46 63.526
14 1234 17 48.674
15 1008 14 65.958
16 192 12 46.936
17 990 15 3.703
18 780 7 64.244
19 324 42 4.895
20 179 21 3.132
21 1341 60 6.195
22 114 38 76.477
23 152 8 16.791
24 737 44 4.001
25 1281 11 25.693
26 279 45 72.329
27 1007 8 54.637
28 59 15 70.359
29 711 23 39.247
30 629 20 9.708
31 179 22 67.364
32 1335 49 62.888
33 199 20 21.431
34 1286 23 44.170
35 628 2 17.564
36 946 56 11.660
37 506 60 1.581
38 481 30 52.084
39 349 17 49.432
40 1411 21 76.989
41 1121 3 8.226
42 859 23 23.583
43 49 27 62.574
44 899 9 78.362
45 175 55 21.274
46 1005 32 15.424
47 933 43 81.995
48 469 57 12.935
49 1081 45 49.433
50 593 15 38.863
51 589 52 8.016
52 1007 53 59.985
53 882 18 69.574
54 528 47 41.958
55 466 41 70.354
56 1328 17 4.886
57 650 44 92.853
58 601 1 94.535
59 1136 37 10.578
60 1140 25 97.510
61 1356 54 44.407
62 289 35 41.123
63 53 53 84.225
64 1000 53 45.763
65 678 48 23.435
66 1203 33 84.475
67 1369 35 84.179
68 720 14 34.374
69 459 53 89.762
70 464 56 74.146
71 1290 6 2.815
72 665 35 30.385
73 1091 45 38.219
74 18 56 86.958
75 1134 12 53.869
76 812 60 67.381
77 573 33 45.412
78 1388 42 89.535
79 567 16 65.832
80 1080 2 97.851
81 1247 41 14.855
82 283 37 13.444
83 1417 14 81.359
84 860 36 1.190
85 288 40 97.810
86 772 49 21.908
87 801 53 94.956
88 1090 51 58.723
89 791 3 31.400
90 955 58 97.786
91 393 18 51.701
92 100 35 61.158
93 748 3 38.197
94 858 58 95.523
95 280 46 67.673
96 802 56 3.470
97 754 52 99.068
98 236 28 44.809
99 342 57 82.356
100 995 6 93.234
101 1153 50 5.471
102 650 28 25.904
103 1300 49 19.674
104 1279 37 81.868
105 79 59 0.574
106 388 31 49.579
107 219 30 37.369
108 523 23 23.324
109 961 43 8.125
110 1436 6 18.512
111 888 21 18.208
112 985 54 97.166
113 478 58 24.792
114 461 41 60.951
115 7 9 97.742
116 997 16 86.463
117 979 47 87.113
118 764 17 8.365
119 1382 38 42.578
120 693 50 76.323
121 302 41 74.667
122 1112 43 84.337
123 1008 33 58.962
124 1220 19 84.017
125 1225 26 97.777
126 1101 37 67.699
127 773 23 91.953
128 198 1 8.163
129 1019 17 17.506
130 553 22 8.287
131 1057 41 80.774
132 89 34 37.634
133 51 4 60.722
134 166 35 48.324
135 917 44 27.069
136 1034 52 51.010
137 442 8 39.809
138 1214 56 2.101
139 541 55 88.729
140 361 2 25.519
141 511 43 48.407
142 1065 15 99.621
143 905 27 51.666
144 681 12 88.841
145 299 27 98.648
146 171 38 54.565
147 313 37 63.110
148 278 60 75.998
149 964 47 61.390
150 669 26 87.950