150
1 123 56 92.264
2 320 32 33.256
3 1401 37 14.898
4 295 12 21.825
5 1255 22 91.337
6 587 38 37.904
7 759 56 72.606
8 472 57 98.438
9 40 43 20.105
10 401 6 90.903
11 378 7 97.326
12 646 32 28.569
13 1346 23 92.169
14 1046 16 92.215
15 33 25 19.617
16 1407 55 26.768
17 765 36 43.615
18 1394 26 59.597
19 433 36 94.692
20 587 27 36.080
21 551 33 12.853
22 1236 50 73.612
23 520 46 18.553
24 405 6 5.916
25 668 44 66.257
26 77 40 56.830
27 346 51 73.465
28 401 53 52.292
29 793 16 47.281
30 1043 18 64.828
31 289 3 30.511
32 711 36 54.690
33 429 55 40.791
34 773 28 43.794
35 1412 40 69.112
36 1052 2 16.938
37 799 21 96.897
38 501 30 33.766
39 1036 43 78.705
40 1261 37 44.445
41 130 14 32.480
42 1439 53 28.513
43 1175 40 99.783
44 1343 20 30.654
45 259 43 25.874
46 288 53 19.900
47 1413 21 76.551
48 1170 46 4.816
49 663 57 83.516
50 94 23 44.854
51 148 47 88.437
52 950 51 65.943
53 1098 46 14.494
54 614 20 97.198
55 441 51 82.981
56 890 34 62.071
57 636 7 78.828
58 840 60 10.261
59 604 25 45.554
60 1220 42 99.209
61 1423 28 26.525
62 1344 3 34.257
63 1347 58 37.194
64 502 10 70.014
65 1349 50 65.620
66 1295 31 19.818
67 1226 53 82.722
68 196 21 27.390
69 865 7 93.178
70 530 60 86.198
71 566 44 83.425
72 81 22 9.138
73 1079 47 0.031
74 486 33 75.962
75 1319 48 85.619
76 738 46 57.108
77 97 9 13.132
78 709 32 48.298
79 650 31 97.483
80 380 3 72.453
81 640 12 87.714
82 395 42 91.686
83 965 18 67.838
84 672 10 87.251
85 980 2 18.833
86 259 13 23.472
87 1009 28 61.855
88 46 30 63.361
89 909 47 60.214
90 175 25 50.470
91 1278 58 28.602
92 1396 35 50.128
93 872 38 89.797
94 680 46 25.966
95 670 9 70.901
96 1303 8 82.920
97 1146 53 58.989
98 652 12 15.993
99 44 51 73.956
100 542 38 80.153
101 357 18 63.128
102 1225 51 8.459
103 1059 52 96.399
104 819 55 87.360
105 194 4 50.967
106 600 53 1.205
107 1157 10 2.178
108 827 44 85.576
109 430 15 11.190
110 280 58 32.953
111 419 17 18.613
112 1210 34 36.694
113 873 18 24.913
114 302 7 12.322
115 429 48 69.372
116 1189 4 93.615
117 497 33 82.718
118 459 10 77.290
119 50 4 35.197
120 1328 36 71.021
121 840 46 37.008
122 946 18 30.774
123 1320 12 48.517
124 364 28 38.116
125 1107 56 24.197
126 531 39 25.296
127 834 10 39.216
128 1094 2 30.506
129 1246 39 87.560
130 7 60 19.188
131 1359 52 71.691
132 1174 36 52.246
133 280 11 24.934
134 663 51 41.414
135 676 35 82.473
136 777 55 98.764
137 1204 59 64.208
138 1154 26 90.628
139 1122 8 48.067
140 1067 13 35.469
141 792 27 10.979
142 92 15 59.425
143 665 9 2.714
144 550 11 18.796
145 1340 40 99.156
146 345 11 97.665
147 64 51 75.234
148 728 41 19.844
149 886 36 99.599
150 523 55 26.442