150
1 253 47 67.857
2 709 58 34.604
3 603 46 1.700
4 246 24 11.454
5 994 30 4.111
6 879 5 86.887
7 413 48 53.017
8 1119 32 27.500
9 1242 58 79.034
10 1208 17 38.069
11 673 35 69.619
12 876 21 28.930
13 1137 31 35.273
14 181 46 3.547
15 158 1 76.121
16 1005 11 89.371
17 1378 45 93.317
18 561 4 40.865
19 871 44 81.335
20 1083 11 90.131
21 901 57 34.998
22 205 46 41.450
23 340 8 4.244
24 383 1 49.480
25 1301 4 86.360
26 1267 48 56.339
27 831 34 61.959
28 792 3 0.343
29 123 5 73.499
30 1249 8 38.207
31 441 10 37.428
32 228 60 54.991
33 970 60 46.512
34 503 27 33.622
35 19 18 23.650
36 339 17 97.621
37 1267 13 95.067
38 568 51 32.867
39 595 17 94.952
40 499 54 30.029
41 745 8 16.744
42 294 48 97.416
43 65 57 51.804
44 287 2 67.218
45 953 20 6.765
46 472 25 94.870
47 761 45 19.246
48 307 4 6.105
49 646 46 30.594
50 1231 14 66.837
51 1263 37 66.197
52 118 26 88.376
53 1105 18 92.079
54 54 40 53.181
55 593 42 81.405
56 237 8 18.265
57 173 50 63.148
58 789 50 28.596
59 965 34 87.811
60 1125 15 96.702
61 487 8 89.015
62 864 50 52.081
63 1297 18 88.599
64 362 20 33.422
65 491 43 43.733
66 593 11 53.655
67 1167 20 58.570
68 1034 30 55.163
69 358 57 18.412
70 985 36 98.456
71 645 13 71.242
72 207 24 99.356
73 1383 21 26.358
74 979 55 20.751
75 470 1 92.481
76 398 34 51.025
77 1171 49 31.125
78 871 53 40.129
79 572 22 19.302
80 789 8 66.489
81 842 53 87.533
82 631 26 14.087
83 256 4 75.234
84 1389 51 43.913
85 934 37 65.907
86 453 49 30.509
87 1168 19 30.800
88 815 41 82.023
89 1307 29 31.039
90 1426 13 69.124
91 340 7 29.701
92 474 17 64.919
93 504 8 41.601
94 49 27 40.105
95 270 7 10.614
96 1011 46 18.724
97 1381 24 33.847
98 907 25 84.355
99 196 41 48.559
100 943 24 1.911
101 393 5 74.595
102 859 22 82.330
103 98 20 73.687
104 1103 33 12.174
105 855 8 95.559
106 332 12 88.371
107 1397 44 37.822
108 73 23 15.655
109 934 26 90.417
110 969 19 73.757
111 929 30 61.435
112 246 31 39.563
113 334 44 31.577
114 752 4 16.494
115 492 42 6.581
116 320 13 69.632
117 688 51 65.842
118 345 10 12.359
119 684 20 78.131
120 452 45 12.969
121 881 12 7.509
122 1054 55 80.485
123 1092 28 95.224
124 149 8 44.039
125 507 55 42.724
126 38 23 54.659
127 1278 19 50.193
128 77 26 85.689
129 116 41 64.771
130 1026 37 68.364
131 498 40 99.979
132 836 33 21.780
133 1310 6 9.865
134 928 52 9.203
135 835 6 23.389
136 3 38 65.672
137 1114 26 84.006
138 457 35 1.047
139 969 22 8.274
140 965 30 46.082
141 302 12 6.001
142 788 23 67.912
143 860 23 60.480
144 172 26 82.071
145 1186 49 28.768
146 1415 57 15.453
147 620 58 86.260
148 260 16 17.880
149 1117 26 74.549
150 166 5 84.704