150
1 623 40 93.990
2 340 3 30.403
3 998 31 90.498
4 119 57 79.719
5 1009 40 94.403
6 461 51 7.108
7 1394 33 22.268
8 985 1 40.864
9 122 19 35.124
10 938 27 15.612
11 247 43 56.210
12 594 47 7.390
13 883 56 38.718
14 348 50 30.137
15 581 5 60.568
16 792 17 90.664
17 1180 36 40.769
18 1437 52 94.692
19 1287 48 64.526
20 660 32 71.065
21 195 8 3.873
22 389 54 40.437
23 611 37 47.583
24 355 54 89.741
25 703 56 87.384
26 15 19 19.182
27 419 48 1.402
28 242 49 0.782
29 1360 27 4.785
30 785 24 34.320
31 500 45 2.711
32 678 27 52.448
33 957 51 82.462
34 1002 39 20.989
35 1150 46 72.951
36 542 50 15.068
37 819 44 15.447
38 302 30 13.384
39 576 30 65.467
40 850 18 31.059
41 383 14 77.220
42 1070 56 60.848
43 1012 32 66.354
44 341 39 0.795
45 13 3 95.492
46 399 40 53.604
47 923 27 5.112
48 991 12 16.403
49 1397 26 97.104
50 460 47 69.573
51 509 4 2.416
52 318 3 58.523
53 798 51 94.790
54 957 18 55.211
55 634 33 86.590
56 1263 1 83.019
57 1101 43 5.364
58 434 23 83.159
59 1016 12 61.650
60 99 9 41.319
61 209 47 63.497
62 204 9 60.709
63 152 2 29.953
64 494 12 30.606
65 652 16 34.929
66 1423 17 59.343
67 841 27 32.091
68 334 2 85.622
69 159 15 92.083
70 961 9 59.234
71 387 37 83.736
72 1020 22 72.799
73 721 23 16.047
74 1222 33 60.501
75 1401 27 87.514
76 82 42 99.988
77 1373 59 33.461
78 240 16 33.478
79 682 3 30.982
80 703 26 59.206
81 242 6 14.456
82 395 14 40.281
83 508 11 75.437
84 1148 56 51.287
85 348 34 85.811
86 723 30 23.382
87 914 46 2.940
88 139 60 67.859
89 497 15 15.877
90 660 19 12.850
91 1242 56 82.103
92 1011 13 25.068
93 613 43 21.934
94 406 15 86.806
95 1123 23 67.362
96 414 43 9.186
97 989 17 60.003
98 995 21 27.118
99 537 9 70.916
100 1068 57 33.792
101 625 28 45.669
102 529 49 25.028
103 687 14 28.201
104 1336 47 71.538
105 417 60 65.843
106 140 1 63.395
107 457 3 72.137
108 1410 60 76.948
109 554 8 86.341
110 774 1 57.642
111 1202 56 31.612
112 1115 36 17.335
113 189 8 38.462
114 727 41 7.692
115 410 18 13.560
116 387 13 86.903
117 109 6 3.893
118 1215 28 17.237
119 312 24 13.547
120 1251 47 76.497
121 603 8 85.049
122 745 35 43.775
123 125 34 88.929
124 324 2 2.380
125 487 29 50.628
126 36 34 86.244
127 432 59 58.487
128 24 23 9.144
129 150 2 26.460
130 921 49 47.020
131 207 55 3.884
132 1259 41 83.432
133 1279 6 47.289
134 608 52 47.708
135 1160 46 12.130
136 615 9 79.239
137 1090 49 25.736
138 207 10 67.435
139 1121 58 4.131
140 983 29 59.498
141 805 11 0.140
142 44 5 47.397
143 1211 54 91.108
144 1196 56 1.070
145 457 9 83.128
146 1416 16 81.777
147 331 54 12.348
148 294 26 79.619
149 325 32 80.203
150 852 26 43.047