150
1 1252 5 0.977
2 124 18 34.128
3 489 25 49.547
4 113 57 16.578
5 811 42 54.550
6 130 4 66.387
7 833 5 49.172
8 366 28 20.772
9 745 32 84.357
10 394 31 95.711
11 182 20 14.242
12 1385 57 48.230
13 643 8 46.030
14 125 12 38.159
15 239 46 40.550
16 839 12 26.494
17 284 12 36.092
18 142 35 7.418
19 1389 40 88.629
20 364 30 23.458
21 608 31 61.870
22 445 13 11.081
23 1334 15 70.844
24 1077 15 87.663
25 674 16 92.115
26 425 42 85.187
27 1402 39 41.569
28 286 32 16.788
29 514 15 72.011
30 173 53 79.966
31 1033 27 69.089
32 496 58 54.733
33 116 23 83.306
34 994 28 33.661
35 85 42 66.413
36 684 48 74.499
37 753 40 45.496
38 253 42 76.961
39 235 2 85.723
40 1377 44 53.794
41 88 50 85.555
42 866 32 40.140
43 218 48 64.818
44 1355 58 63.165
45 816 40 28.895
46 1275 12 59.002
47 568 7 65.246
48 1313 58 49.869
49 6 14 74.165
50 688 23 35.027
51 425 45 21.501
52 127 21 32.092
53 796 51 10.148
54 477 11 14.482
55 926 44 71.961
56 1358 37 62.019
57 1162 56 0.329
58 1408 52 77.429
59 380 27 17.253
60 735 46 19.814
61 958 45 60.166
62 987 49 84.727
63 1341 57 33.605
64 25 13 94.045
65 1436 21 87.204
66 1217 42 19.613
67 277 10 41.868
68 287 24 5.348
69 237 14 48.927
70 769 25 31.574
71 68 30 98.558
72 482 28 80.961
73 1363 5 49.359
74 993 25 79.405
75 1385 3 21.694
76 65 43 70.098
77 898 13 6.982
78 1334 12 90.692
79 216 60 41.666
80 66 55 55.805
81 1414 20 46.332
82 810 50 60.560
83 784 46 23.538
84 964 27 43.351
85 118 53 11.061
86 112 9 49.382
87 397 22 47.758
88 286 47 83.875
89 454 59 29.692
90 975 44 6.110
91 1119 39 10.329
92 657 35 41.034
93 1245 17 24.709
94 811 38 68.969
95 349 59 35.670
96 901 38 22.762
97 1169 36 63.858
98 1251 29 94.430
99 85 60 25.408
100 374 51 10.754
101 779 60 31.360
102 718 36 79.006
103 1085 55 29.251
104 1330 38 12.472
105 244 33 84.999
106 852 60 62.269
107 657 39 83.569
108 689 60 11.114
109 218 19 40.560
110 918 46 62.382
111 594 41 91.519
112 1169 60 23.612
113 1337 9 43.998
114 952 15 53.808
115 1001 2 78.753
116 204 43 92.583
117 1163 10 28.443
118 1156 23 23.467
119 596 60 74.105
120 116 29 24.725
121 650 40 98.854
122 36 14 29.048
123 194 40 11.902
124 458 17 40.446
125 207 38 13.718
126 184 25 97.217
127 518 35 23.546
128 940 30 9.759
129 226 19 64.850
130 12 42 92.867
131 794 59 27.017
132 1279 14 50.175
133 832 16 42.013
134 450 2 31.014
135 421 36 99.894
136 617 16 72.057
137 1369 53 71.498
138 1101 40 16.792
139 406 12 35.527
140 586 24 33.156
141 486 6 49.749
142 404 49 46.263
143 183 27 23.587
144 1083 2 4.846
145 1143 13 97.198
146 570 37 66.313
147 1396 57 42.579
148 630 24 64.844
149 1046 49 10.208
150 950 48 3.442