150
1 856 15 61.903
2 1294 32 99.696
3 130 15 4.436
4 41 27 91.818
5 881 19 69.513
6 1083 57 96.464
7 620 19 65.705
8 956 16 20.371
9 697 3 42.476
10 1024 5 69.659
11 543 48 95.361
12 1299 15 85.198
13 1155 43 81.784
14 444 59 16.103
15 1190 28 34.630
16 759 29 3.095
17 222 6 27.210
18 6 1 61.978
19 128 23 17.317
20 123 13 15.491
21 1288 26 74.889
22 1114 16 44.410
23 33 36 79.619
24 294 56 90.756
25 1220 5 43.191
26 1427 22 26.138
27 1348 15 16.675
28 287 57 38.733
29 298 35 30.964
30 485 52 29.502
31 722 54 46.282
32 23 50 60.717
33 782 15 4.451
34 952 57 49.989
35 293 20 35.999
36 1126 54 55.107
37 293 14 86.337
38 56 2 9.275
39 1320 2 59.915
40 378 6 77.078
41 304 18 37.047
42 72 59 22.338
43 958 53 86.933
44 1247 17 42.235
45 1051 40 15.502
46 740 40 66.286
47 95 48 65.293
48 1295 30 43.637
49 901 18 32.429
50 1427 1 44.705
51 793 52 4.586
52 316 39 89.213
53 364 10 38.028
54 594 39 95.246
55 232 48 82.301
56 243 16 41.223
57 731 11 51.403
58 284 34 29.015
59 737 42 11.256
60 158 37 76.854
61 969 15 90.334
62 323 34 21.875
63 308 48 5.927
64 1359 8 35.326
65 1228 22 52.711
66 412 60 19.277
67 336 54 60.741
68 1228 17 90.465
69 481 58 63.921
70 779 43 42.121
71 1206 34 86.694
72 1015 26 70.958
73 295 18 81.912
74 1295 43 33.744
75 1165 2 39.769
76 367 21 39.597
77 873 1 13.237
78 1243 22 51.316
79 670 40 61.248
80 306 16 14.068
81 511 29 87.171
82 1282 22 36.584
83 885 50 93.451
84 93 28 29.607
85 686 46 12.680
86 62 44 85.182
87 697 1 0.129
88 1362 58 68.754
89 743 37 4.570
90 1400 57 44.310
91 858 13 60.513
92 1425 37 7.211
93 847 24 57.123
94 1296 36 36.299
95 1258 23 38.967
96 839 15 56.089
97 472 15 2.750
98 1371 37 70.517
99 609 9 69.121
100 589 41 63.952
101 1229 8 7.135
102 1402 10 19.464
103 1076 50 92.495
104 631 43 16.809
105 290 56 60.601
106 124 5 93.848
107 705 11 99.600
108 5 40 94.865
109 13 24 58.857
110 831 43 93.670
111 1221 21 83.321
112 941 35 46.557
113 97 42 14.673
114 721 39 51.459
115 156 12 45.343
116 449 34 78.960
117 911 43 98.529
118 1234 50 41.735
119 360 8 55.467
120 628 38 5.226
121 655 10 65.361
122 511 15 87.063
123 11 5 97.953
124 731 50 51.910
125 301 60 99.557
126 127 35 80.481
127 488 42 86.871
128 1366 44 61.711
129 1246 50 78.183
130 1221 7 75.239
131 1014 60 48.850
132 526 46 38.421
133 587 57 17.205
134 824 20 65.826
135 1040 56 85.437
136 896 46 74.624
137 730 20 18.276
138 605 1 4.534
139 1333 11 6.832
140 1414 8 79.618
141 1232 25 77.665
142 424 40 39.619
143 961 32 9.873
144 825 15 10.709
145 537 42 75.244
146 508 21 27.790
147 629 31 70.020
148 531 15 12.138
149 594 32 47.637
150 1004 2 2.143