150
1 41 41 45.118
2 385 32 51.510
3 1337 59 33.854
4 19 54 68.487
5 835 53 66.938
6 213 53 14.657
7 619 52 24.374
8 736 58 32.644
9 503 3 58.601
10 67 38 97.348
11 778 21 81.267
12 1358 20 74.759
13 1288 38 87.208
14 1378 28 31.538
15 923 23 48.396
16 938 42 50.947
17 47 28 1.038
18 52 41 45.356
19 1288 19 5.829
20 966 36 25.912
21 19 15 39.016
22 1080 15 50.258
23 450 25 63.479
24 686 35 21.030
25 1115 36 7.441
26 1415 5 77.766
27 730 57 66.621
28 1370 10 15.966
29 370 37 70.361
30 1033 11 19.963
31 1181 37 50.904
32 1082 37 27.130
33 1126 37 44.064
34 353 58 41.930
35 1205 25 84.781
36 1235 21 34.222
37 1438 10 25.186
38 833 18 35.954
39 855 37 95.265
40 238 14 88.152
41 510 13 73.812
42 104 30 32.140
43 609 36 79.420
44 1388 16 31.503
45 1236 2 19.298
46 106 4 7.400
47 791 32 98.862
48 1345 45 15.043
49 630 57 85.515
50 400 11 0.856
51 380 54 92.798
52 995 1 34.052
53 476 4 73.670
54 811 23 56.039
55 1401 23 23.538
56 257 54 42.798
57 1022 17 83.397
58 916 47 89.834
59 804 40 71.235
60 1238 39 18.736
61 112 53 81.361
62 1292 34 71.425
63 1152 51 54.743
64 1272 53 26.898
65 7 13 28.988
66 1164 57 56.253
67 136 55 51.683
68 1398 50 75.374
69 850 12 35.440
70 1314 48 48.047
71 889 4 34.920
72 208 14 3.941
73 683 18 4.572
74 598 43 68.670
75 926 6 38.791
76 904 3 96.903
77 1389 50 39.520
78 153 37 41.924
79 181 54 61.936
80 132 5 85.610
81 1244 48 25.022
82 752 9 96.764
83 595 38 66.163
84 858 2 44.046
85 1079 17 46.842
86 280 7 85.748
87 22 22 92.088
88 967 7 21.718
89 1437 3 36.577
90 907 16 40.540
91 707 55 76.211
92 959 51 12.028
93 1351 50 95.815
94 151 59 47.936
95 762 30 86.843
96 967 36 27.047
97 1150 49 56.720
98 1041 25 86.202
99 651 39 71.143
100 472 54 51.929
101 1160 55 14.997
102 736 56 35.131
103 1288 54 4.622
104 853 47 47.639
105 490 17 93.250
106 1042 52 90.639
107 297 20 59.765
108 565 42 76.775
109 223 12 7.387
110 339 4 89.295
111 846 14 8.565
112 444 55 79.996
113 1412 23 89.216
114 538 47 29.934
115 727 51 63.468
116 643 23 46.613
117 353 7 93.346
118 993 60 66.333
119 413 56 16.445
120 923 31 46.778
121 934 4 93.842
122 1223 38 29.092
123 8 27 74.305
124 596 6 16.902
125 536 11 60.009
126 1384 6 21.911
127 850 26 86.244
128 741 59 71.911
129 1162 3 49.880
130 283 19 32.379
131 671 4 44.413
132 1395 40 82.493
133 813 35 27.919
134 152 49 51.436
135 1127 31 18.310
136 927 11 73.820
137 302 28 28.185
138 1232 46 58.721
139 321 52 65.123
140 763 39 25.101
141 391 41 74.294
142 375 31 81.844
143 746 42 19.118
144 1114 17 78.979
145 653 1 2.956
146 1396 16 62.270
147 509 59 93.114
148 114 58 56.099
149 213 46 15.670
150 151 50 34.295