150
1 98 29 71.385
2 689 13 11.084
3 1031 30 18.170
4 1434 12 36.304
5 1112 5 41.472
6 189 40 18.188
7 990 49 90.287
8 837 31 45.593
9 781 43 86.537
10 877 15 30.650
11 1381 32 33.082
12 1369 40 71.978
13 478 36 32.865
14 896 38 10.885
15 1239 33 24.209
16 430 16 96.916
17 1439 27 58.349
18 1299 53 87.987
19 1100 5 59.590
20 866 1 87.062
21 158 37 61.970
22 151 9 40.113
23 1223 31 31.193
24 1137 60 52.040
25 976 54 30.684
26 1357 28 9.115
27 316 15 54.149
28 1198 7 19.091
29 433 43 98.802
30 651 9 34.055
31 945 19 60.579
32 584 59 93.473
33 1065 36 68.151
34 94 13 41.984
35 928 27 78.381
36 170 56 7.557
37 1158 58 46.414
38 190 49 4.507
39 113 43 87.313
40 626 4 37.807
41 716 26 76.491
42 1331 8 66.842
43 964 39 70.860
44 144 29 51.904
45 83 34 29.302
46 1167 22 13.897
47 556 19 85.724
48 128 32 83.184
49 1186 7 77.097
50 118 55 92.344
51 1119 12 26.711
52 516 48 13.953
53 558 17 53.765
54 1108 58 0.167
55 941 48 43.594
56 1215 34 15.843
57 753 22 38.910
58 232 33 95.868
59 1329 57 57.153
60 606 38 4.901
61 292 56 96.805
62 1271 16 31.143
63 124 41 95.728
64 523 44 54.100
65 1377 14 38.252
66 319 15 37.201
67 549 39 23.648
68 1084 19 29.484
69 275 53 36.706
70 1241 23 84.844
71 270 4 6.914
72 954 39 30.858
73 219 40 42.629
74 211 2 10.678
75 1222 41 58.629
76 1088 35 37.818
77 658 49 21.801
78 778 49 30.015
79 874 56 36.823
80 1335 25 50.700
81 724 2 54.306
82 1322 58 47.351
83 1234 32 46.973
84 76 9 49.096
85 810 60 20.607
86 673 53 21.210
87 745 43 51.046
88 988 22 91.736
89 337 36 88.866
90 1180 3 12.918
91 1053 29 79.110
92 1002 44 79.287
93 596 57 99.886
94 735 33 90.935
95 351 8 76.030
96 122 12 46.163
97 381 55 31.088
98 1312 28 34.024
99 1183 49 11.982
100 473 42 27.924
101 472 33 42.399
102 143 49 10.107
103 447 2 25.112
104 1006 20 8.451
105 212 41 5.109
106 1135 6 48.035
107 991 32 75.168
108 149 47 9.995
109 163 52 67.599
110 416 11 22.861
111 1372 39 23.715
112 696 44 46.570
113 818 57 86.177
114 1359 40 34.264
115 1175 53 28.210
116 934 44 29.001
117 1111 17 37.577
118 556 52 6.374
119 381 58 3.345
120 658 31 89.759
121 1059 16 62.181
122 1380 23 72.424
123 680 26 73.013
124 346 23 63.161
125 1140 31 53.865
126 830 33 45.347
127 1248 9 77.841
128 1293 51 44.740
129 731 14 7.577
130 61 52 87.706
131 1359 15 10.724
132 947 35 38.778
133 280 19 64.617
134 554 51 89.049
135 600 28 1.869
136 806 48 75.382
137 542 52 31.684
138 571 39 27.598
139 1376 9 98.466
140 836 10 34.866
141 251 36 13.178
142 677 21 4.765
143 744 36 27.222
144 943 60 65.756
145 978 31 41.044
146 88 53 95.365
147 69 34 58.812
148 791 59 43.776
149 387 44 2.819
150 1134 50 65.854