150
1 85 25 26.490
2 277 39 6.744
3 131 39 98.485
4 1420 13 18.203
5 517 33 51.679
6 379 51 12.743
7 245 45 43.259
8 1357 60 50.049
9 216 26 19.644
10 1084 57 3.034
11 6 58 12.335
12 117 47 20.945
13 437 33 62.477
14 1118 1 1.997
15 1059 47 26.918
16 551 34 87.446
17 1219 57 21.013
18 1281 45 39.073
19 806 49 85.540
20 1344 29 85.944
21 1222 34 74.519
22 896 49 45.310
23 81 19 23.357
24 1088 52 65.395
25 412 29 94.866
26 374 39 67.250
27 1301 18 39.049
28 1168 9 73.408
29 842 59 17.280
30 787 46 7.681
31 477 43 46.035
32 470 45 62.466
33 1283 5 8.123
34 1045 59 68.396
35 915 38 41.878
36 1389 19 17.842
37 274 27 93.932
38 1220 21 25.301
39 971 28 86.114
40 1277 18 10.180
41 1408 35 45.866
42 142 10 93.540
43 892 39 13.180
44 993 38 8.732
45 260 26 87.594
46 1197 43 69.759
47 335 59 67.111
48 521 18 82.501
49 1398 12 52.054
50 569 26 81.989
51 1299 15 65.666
52 945 50 94.107
53 704 30 44.169
54 1132 3 27.197
55 1208 35 69.581
56 304 16 6.560
57 680 20 4.159
58 1147 42 30.652
59 14 24 1.419
60 518 26 72.103
61 297 18 74.993
62 721 46 82.077
63 13 30 23.478
64 850 44 0.855
65 1237 15 30.348
66 1196 13 4.265
67 522 8 74.148
68 120 49 68.553
69 818 17 94.872
70 1147 7 55.280
71 1202 3 64.908
72 461 11 83.242
73 454 12 89.273
74 1096 20 4.653
75 563 45 81.588
76 1385 13 56.801
77 542 30 60.271
78 1117 43 58.978
79 981 32 55.236
80 1065 4 30.724
81 1091 37 26.962
82 1058 7 62.684
83 1089 57 82.804
84 590 16 68.160
85 388 25 64.201
86 709 49 55.704
87 222 51 41.575
88 38 36 29.592
89 685 36 61.596
90 62 3 88.094
91 947 42 44.184
92 1195 9 25.617
93 403 48 74.531
94 1078 48 20.169
95 903 23 83.810
96 587 51 72.367
97 1357 59 21.460
98 1003 37 50.060
99 564 2 8.223
100 1009 32 87.115
101 1409 31 13.734
102 829 18 69.168
103 1075 3 96.589
104 466 57 54.498
105 400 44 32.281
106 1153 16 10.128
107 128 58 92.845
108 171 55 89.154
109 1380 10 66.589
110 428 59 75.180
111 858 18 41.600
112 944 43 93.019
113 690 12 33.049
114 206 35 91.826
115 38 37 37.665
116 475 21 44.109
117 241 60 57.174
118 40 27 71.907
119 1092 31 75.940
120 605 23 15.353
121 724 25 93.631
122 318 5 68.078
123 285 14 58.235
124 993 21 64.453
125 781 18 24.222
126 1251 48 21.481
127 589 52 53.076
128 1227 23 71.532
129 784 9 75.244
130 456 11 98.085
131 606 6 89.126
132 1271 35 47.138
133 420 11 91.963
134 643 56 51.627
135 895 34 62.971
136 33 6 40.385
137 62 21 35.013
138 1439 39 59.847
139 977 27 1.870
140 114 38 73.768
141 626 5 68.726
142 1403 42 87.713
143 450 30 44.048
144 702 4 28.636
145 765 36 10.751
146 1226 48 75.507
147 1184 55 82.421
148 707 13 29.356
149 1072 9 92.562
150 980 18 1.800