150
1 383 13 15.515
2 90 22 43.121
3 163 16 30.383
4 212 5 0.852
5 130 14 56.235
6 718 51 14.041
7 1363 25 28.078
8 58 11 50.262
9 982 38 63.104
10 1076 41 62.740
11 1327 28 30.821
12 605 8 10.051
13 1031 3 18.409
14 242 35 68.103
15 685 32 23.336
16 1077 46 24.099
17 541 4 10.456
18 1022 9 12.888
19 653 13 75.633
20 351 30 33.917
21 332 10 72.568
22 1334 13 92.798
23 911 52 21.737
24 468 8 45.944
25 437 8 20.813
26 1415 21 61.477
27 192 16 17.884
28 1182 19 49.418
29 1028 60 84.991
30 748 38 89.645
31 541 8 34.865
32 49 12 9.411
33 260 31 28.641
34 707 3 75.574
35 392 34 58.331
36 307 43 90.243
37 555 53 69.825
38 60 20 66.112
39 776 21 55.661
40 843 23 25.935
41 509 58 68.215
42 431 4 52.032
43 1362 25 72.819
44 300 46 81.907
45 115 12 32.599
46 813 18 42.952
47 985 11 55.764
48 947 55 23.083
49 993 8 96.720
50 753 41 29.448
51 495 59 56.260
52 901 2 96.749
53 1321 32 32.184
54 219 53 38.662
55 773 59 6.291
56 997 23 81.676
57 394 33 80.048
58 1274 43 81.360
59 1214 17 27.133
60 880 53 98.596
61 1140 4 7.365
62 294 54 41.105
63 1327 14 73.769
64 488 12 1.311
65 757 48 7.049
66 811 33 17.307
67 983 57 87.548
68 140 24 58.096
69 388 53 15.280
70 342 44 4.116
71 1005 50 3.502
72 33 53 78.471
73 600 16 34.919
74 537 17 4.832
75 850 7 23.130
76 703 54 56.115
77 1390 23 41.914
78 298 45 95.459
79 118 33 19.851
80 654 58 61.403
81 1156 4 9.786
82 1036 8 23.048
83 1103 31 83.846
84 1307 23 22.995
85 1408 24 26.665
86 639 39 3.064
87 1361 55 93.113
88 224 53 45.375
89 145 12 18.577
90 553 49 21.922
91 620 38 52.985
92 482 44 81.240
93 410 42 43.229
94 259 32 16.015
95 752 53 2.674
96 695 25 38.897
97 706 14 89.850
98 565 15 35.642
99 225 58 10.367
100 543 38 7.612
101 259 50 21.357
102 755 5 54.912
103 697 22 25.861
104 375 9 16.784
105 1406 35 9.141
106 982 47 93.372
107 803 27 78.664
108 434 33 92.982
109 96 60 93.764
110 127 39 25.890
111 205 39 38.580
112 696 39 87.020
113 1198 25 84.068
114 700 45 93.316
115 766 39 98.616
116 1141 18 23.334
117 369 21 14.780
118 554 30 92.331
119 1172 49 72.108
120 1101 38 34.766
121 354 23 32.700
122 1106 3 50.135
123 1127 2 33.697
124 498 21 55.696
125 706 4 58.264
126 148 12 86.694
127 503 4 77.145
128 40 5 55.386
129 504 51 13.834
130 381 27 56.765
131 314 12 81.142
132 407 24 40.179
133 993 22 99.196
134 904 60 47.596
135 1139 12 61.330
136 1297 7 1.614
137 630 43 35.599
138 1105 22 65.982
139 403 58 28.411
140 1207 57 6.834
141 769 18 26.381
142 1070 23 50.758
143 1090 4 73.206
144 229 30 54.168
145 751 52 47.812
146 1091 6 25.084
147 303 35 22.487
148 966 58 63.001
149 309 57 47.711
150 995 18 51.807