150
1 313 55 81.469
2 703 23 64.271
3 169 43 51.893
4 319 25 77.117
5 506 37 92.164
6 649 27 81.239
7 434 45 50.341
8 73 25 44.669
9 1025 28 17.830
10 431 10 88.459
11 735 7 58.523
12 904 44 50.121
13 1274 17 88.087
14 664 28 48.153
15 209 49 65.706
16 533 59 44.938
17 1169 4 6.071
18 323 33 57.239
19 224 1 6.135
20 1117 35 23.829
21 476 44 52.292
22 16 26 31.226
23 543 58 65.451
24 1140 46 47.132
25 495 32 40.696
26 682 17 56.145
27 202 39 17.961
28 799 47 13.693
29 15 47 17.422
30 1372 13 80.445
31 1225 35 95.023
32 101 17 77.246
33 484 53 17.947
34 1378 41 98.587
35 996 35 51.764
36 358 17 58.979
37 21 57 69.008
38 51 57 4.528
39 212 10 57.017
40 657 12 21.525
41 1130 32 51.197
42 1384 41 72.349
43 115 18 12.254
44 227 18 98.660
45 34 35 14.376
46 1320 25 69.487
47 31 24 78.378
48 263 33 76.813
49 1254 28 94.416
50 1430 54 72.778
51 901 36 25.847
52 416 24 70.105
53 586 6 61.019
54 711 39 21.762
55 257 46 74.254
56 501 16 98.789
57 291 45 10.718
58 812 11 11.934
59 1114 33 80.422
60 116 19 98.835
61 822 20 42.325
62 1426 3 45.068
63 555 30 40.508
64 1053 38 3.066
65 802 36 86.845
66 958 21 5.770
67 383 31 59.729
68 1314 23 67.850
69 1012 49 41.946
70 1397 3 76.101
71 152 31 21.396
72 575 36 49.668
73 620 43 58.869
74 1333 6 58.882
75 737 31 11.080
76 43 51 70.069
77 300 6 30.178
78 899 22 7.657
79 978 44 97.321
80 339 31 66.142
81 310 59 38.568
82 820 23 52.571
83 1192 37 13.721
84 164 29 40.644
85 1145 1 84.365
86 1041 34 74.325
87 415 11 91.553
88 779 11 23.574
89 233 10 77.086
90 960 2 9.463
91 1041 1 66.206
92 605 11 14.767
93 1193 60 22.265
94 533 55 32.188
95 52 30 58.922
96 160 19 54.038
97 36 25 4.672
98 1319 36 15.574
99 17 59 86.468
100 123 18 66.369
101 777 25 71.905
102 749 6 63.362
103 1393 46 36.370
104 307 32 56.933
105 337 13 77.911
106 411 49 1.193
107 790 11 25.635
108 1 26 68.446
109 84 51 98.571
110 1140 35 94.560
111 756 32 45.082
112 1094 52 60.667
113 265 49 7.274
114 73 53 72.389
115 1392 19 18.411
116 414 41 91.187
117 1292 60 28.799
118 75 55 83.542
119 635 13 53.265
120 564 48 87.350
121 1074 18 15.809
122 1258 57 24.993
123 980 52 7.790
124 916 38 63.497
125 400 4 13.689
126 1001 57 1.058
127 1151 58 42.769
128 700 60 18.955
129 151 11 89.732
130 946 32 67.570
131 694 12 39.376
132 426 55 39.670
133 562 38 16.213
134 718 47 84.494
135 138 37 21.424
136 1433 25 12.248
137 20 37 42.174
138 456 8 39.516
139 1303 28 27.213
140 321 31 4.113
141 1408 30 33.337
142 1038 6 33.841
143 1076 28 95.125
144 51 10 73.551
145 769 54 37.646
146 16 15 96.013
147 223 50 55.184
148 1291 9 36.078
149 463 53 80.970
150 314 22 26.044