150
1 987 6 10.290
2 1338 36 86.866
3 1358 28 4.727
4 1024 55 62.281
5 698 32 97.769
6 686 2 58.499
7 296 52 72.953
8 1210 36 20.345
9 605 55 55.786
10 22 5 36.590
11 985 42 23.369
12 332 29 31.590
13 173 23 35.520
14 569 16 43.641
15 1349 55 84.184
16 484 43 59.939
17 109 58 17.776
18 295 40 24.103
19 162 34 67.850
20 1070 15 93.026
21 555 45 27.951
22 790 25 33.709
23 646 49 44.476
24 170 44 35.531
25 1385 42 75.799
26 464 13 9.887
27 858 18 48.372
28 1197 57 30.658
29 160 18 51.413
30 1144 11 93.377
31 1086 46 9.293
32 441 41 74.136
33 1049 3 40.655
34 1268 59 48.846
35 1393 60 0.139
36 802 59 2.651
37 913 18 75.428
38 42 44 73.382
39 119 57 47.793
40 836 55 67.128
41 686 31 79.422
42 11 26 90.464
43 794 31 65.493
44 620 50 42.215
45 661 31 55.458
46 896 32 78.061
47 108 15 79.780
48 261 46 59.901
49 1387 46 38.960
50 1017 55 5.793
51 779 7 24.049
52 184 25 19.059
53 619 19 51.715
54 1 1 36.035
55 1069 26 19.635
56 55 21 71.833
57 512 14 24.265
58 730 2 5.746
59 915 2 99.396
60 721 2 25.023
61 1430 30 95.848
62 1368 43 7.232
63 1191 38 33.849
64 423 49 70.867
65 513 30 80.014
66 48 49 1.150
67 92 53 98.088
68 1275 60 25.100
69 1140 59 98.591
70 114 36 56.106
71 353 47 36.322
72 287 40 86.665
73 244 11 26.181
74 991 12 37.473
75 1307 20 74.819
76 1298 43 23.595
77 1215 3 16.351
78 413 46 96.425
79 612 43 57.189
80 409 27 14.315
81 546 26 16.475
82 294 13 52.481
83 1301 48 3.113
84 468 41 14.121
85 451 35 98.704
86 421 43 73.741
87 166 3 96.346
88 929 28 45.386
89 1227 20 73.657
90 795 22 16.136
91 413 32 41.380
92 840 38 58.173
93 1083 33 21.129
94 472 27 73.641
95 1250 60 17.135
96 429 26 4.822
97 1198 48 79.947
98 1293 44 11.041
99 1243 55 14.863
100 651 10 9.183
101 393 60 75.877
102 121 43 20.296
103 1393 49 25.998
104 1218 40 73.427
105 1298 49 11.204
106 1400 27 6.116
107 77 27 64.003
108 326 11 4.812
109 238 15 61.091
110 1232 16 11.772
111 961 21 53.907
112 1000 59 42.790
113 703 55 1.792
114 354 30 80.447
115 686 58 44.907
116 1308 57 97.561
117 1211 27 95.383
118 664 57 30.018
119 580 49 39.996
120 361 46 50.546
121 16 27 25.763
122 214 2 90.633
123 804 10 83.832
124 131 45 90.968
125 727 58 67.002
126 948 51 14.050
127 1250 29 78.676
128 209 8 50.683
129 235 47 85.477
130 913 56 76.119
131 1345 24 79.404
132 1372 48 70.929
133 52 13 25.468
134 1034 43 3.589
135 1100 59 57.715
136 1276 46 44.740
137 800 13 68.158
138 763 30 52.279
139 465 21 18.741
140 1032 21 59.877
141 45 13 90.342
142 636 34 11.922
143 85 35 90.514
144 220 2 2.020
145 402 35 16.359
146 1292 17 19.267
147 556 14 96.745
148 242 35 16.075
149 546 11 37.808
150 749 47 89.451