150
1 764 36 1.012
2 295 36 47.668
3 242 51 20.617
4 853 24 78.765
5 945 16 75.438
6 191 23 54.572
7 1214 30 82.707
8 70 6 83.029
9 567 19 99.738
10 26 18 92.329
11 91 60 80.554
12 1225 55 1.297
13 523 16 59.489
14 1293 14 4.126
15 809 53 5.378
16 960 37 31.883
17 220 6 12.206
18 739 21 81.919
19 1222 45 42.197
20 1015 46 37.761
21 732 11 33.280
22 768 19 81.473
23 926 32 85.604
24 1210 57 96.575
25 1313 4 18.287
26 1054 1 96.103
27 537 24 99.687
28 1265 37 84.054
29 659 54 2.498
30 894 42 76.140
31 565 20 79.296
32 786 60 29.125
33 147 19 31.680
34 1008 25 59.178
35 1151 5 76.507
36 898 46 19.858
37 1230 22 36.726
38 252 57 37.344
39 835 47 66.144
40 1192 21 50.796
41 367 47 25.756
42 321 22 11.825
43 1073 40 66.899
44 217 50 96.933
45 53 37 19.484
46 514 41 8.205
47 692 4 90.137
48 1184 11 2.178
49 1420 48 65.526
50 888 14 64.398
51 100 54 49.957
52 1302 46 17.997
53 1348 37 18.127
54 510 29 83.869
55 1064 37 31.289
56 199 60 98.206
57 615 49 13.415
58 161 10 5.976
59 1032 39 53.203
60 685 24 74.319
61 993 36 92.286
62 933 2 24.387
63 1418 1 3.341
64 465 30 67.827
65 350 46 56.350
66 1070 15 58.857
67 475 29 88.684
68 132 2 50.964
69 1124 38 1.710
70 20 47 15.804
71 778 10 75.510
72 26 52 66.886
73 349 3 98.529
74 721 22 60.272
75 408 36 38.280
76 346 23 95.891
77 1030 10 58.124
78 314 2 52.851
79 545 14 32.305
80 1350 43 8.258
81 1037 48 81.833
82 1116 30 46.790
83 234 56 85.663
84 1184 44 51.048
85 476 46 75.171
86 408 4 44.989
87 1029 27 58.470
88 1427 42 24.784
89 798 22 10.312
90 764 56 40.783
91 1155 44 47.429
92 1130 60 50.520
93 343 20 87.701
94 1080 42 22.229
95 865 57 12.800
96 481 34 63.521
97 1281 1 2.643
98 1210 59 20.188
99 1158 2 19.074
100 1245 21 58.523
101 516 49 57.004
102 1113 52 74.647
103 1271 40 17.770
104 1287 2 80.692
105 1392 11 79.422
106 843 46 8.190
107 200 60 94.407
108 234 3 91.694
109 1429 60 92.795
110 953 36 61.797
111 431 20 31.972
112 817 1 31.357
113 685 59 44.377
114 1299 54 79.608
115 1398 48 73.637
116 1362 54 40.192
117 17 36 93.681
118 1282 5 80.940
119 481 2 16.392
120 1039 26 64.465
121 114 51 38.695
122 906 13 98.670
123 1373 21 68.993
124 1031 31 43.674
125 1208 47 19.550
126 431 59 3.537
127 939 32 5.203
128 864 26 32.352
129 1398 18 99.033
130 681 40 40.218
131 140 59 26.306
132 772 17 25.796
133 866 22 91.695
134 1410 35 24.990
135 1213 19 66.931
136 1234 5 50.779
137 1141 16 94.429
138 696 47 23.821
139 824 13 18.660
140 329 55 66.773
141 195 11 52.313
142 249 50 60.422
143 537 40 32.540
144 1271 32 96.202
145 1024 31 34.801
146 1227 2 27.549
147 800 46 90.666
148 28 58 45.676
149 245 8 56.448
150 373 11 71.380