150
1 972 26 80.566
2 410 56 5.118
3 439 34 27.843
4 64 22 12.961
5 408 51 96.596
6 210 18 39.705
7 495 15 3.255
8 851 13 57.485
9 276 16 46.273
10 1241 19 57.136
11 729 24 45.918
12 1362 11 67.718
13 941 24 67.737
14 1329 22 83.847
15 1077 2 95.473
16 1192 54 62.839
17 1291 15 71.947
18 834 20 89.331
19 1107 42 6.533
20 832 24 74.787
21 537 29 79.390
22 1113 25 7.355
23 89 27 33.445
24 523 49 14.438
25 348 28 92.153
26 302 13 53.277
27 767 51 85.964
28 395 40 55.077
29 136 49 7.972
30 1394 20 49.404
31 499 59 42.504
32 695 43 79.239
33 1406 21 86.477
34 1187 14 41.392
35 754 54 21.097
36 104 19 45.884
37 1018 38 96.432
38 638 11 5.803
39 99 60 39.528
40 648 9 22.952
41 321 32 49.086
42 1347 43 85.315
43 495 53 1.120
44 1089 16 1.954
45 937 9 74.144
46 1044 13 66.801
47 1220 19 53.893
48 551 30 5.181
49 250 33 23.699
50 372 51 54.070
51 613 27 14.477
52 951 32 71.098
53 672 5 97.689
54 500 7 71.675
55 530 33 34.721
56 841 14 57.986
57 666 4 67.257
58 971 57 79.891
59 303 19 12.804
60 681 60 93.934
61 405 9 99.806
62 417 56 24.207
63 525 31 19.632
64 754 8 16.608
65 401 56 55.089
66 283 26 72.615
67 53 13 21.216
68 1162 24 4.602
69 472 52 95.614
70 905 26 97.951
71 654 23 28.786
72 751 38 20.913
73 1049 58 58.526
74 542 11 74.497
75 491 31 94.624
76 1370 50 23.318
77 1087 11 72.092
78 946 11 64.124
79 174 49 82.918
80 113 52 54.492
81 330 13 57.932
82 1099 56 22.099
83 1433 17 63.091
84 49 26 78.350
85 1277 35 16.307
86 54 51 6.183
87 50 5 83.872
88 910 10 82.757
89 1283 43 31.241
90 1078 41 47.574
91 939 47 69.778
92 129 3 56.650
93 482 18 44.753
94 453 30 6.991
95 734 50 59.685
96 436 24 61.920
97 539 7 8.716
98 1173 16 54.500
99 298 13 56.850
100 15 47 50.512
101 874 18 44.144
102 130 41 99.171
103 808 50 42.943
104 1263 34 69.102
105 335 1 89.205
106 1327 47 90.934
107 856 21 7.988
108 619 37 36.562
109 1375 40 67.294
110 1039 38 98.593
111 20 26 89.719
112 1076 45 74.782
113 955 57 78.756
114 1049 38 81.316
115 690 17 46.853
116 190 40 60.676
117 1399 1 91.440
118 229 39 41.771
119 481 45 11.494
120 1178 49 76.397
121 1222 15 50.658
122 81 25 86.345
123 1160 11 83.502
124 1062 39 81.323
125 784 38 50.944
126 1126 25 88.276
127 438 31 88.401
128 431 42 46.575
129 389 2 1.916
130 1226 30 26.587
131 419 16 51.908
132 15 12 47.874
133 172 50 59.090
134 192 57 42.578
135 574 47 46.009
136 483 2 65.656
137 987 29 61.702
138 867 49 34.242
139 664 5 20.673
140 913 53 8.524
141 1182 40 63.416
142 351 51 91.394
143 428 13 41.218
144 544 53 41.472
145 1415 2 4.311
146 663 33 68.976
147 427 52 14.391
148 809 22 61.973
149 1123 27 10.944
150 1254 51 85.738