150
1 1406 29 1.557
2 925 15 21.755
3 22 16 76.776
4 201 34 87.039
5 554 34 86.891
6 203 7 31.123
7 162 36 79.378
8 330 16 29.951
9 1408 16 49.645
10 147 18 90.603
11 608 53 88.433
12 1073 53 26.992
13 124 57 13.842
14 868 36 40.690
15 605 21 20.541
16 177 34 15.627
17 547 13 34.045
18 228 58 81.366
19 1220 27 96.395
20 231 43 19.448
21 622 23 76.825
22 1108 27 28.204
23 1060 1 64.682
24 595 57 64.524
25 778 38 15.258
26 1304 6 50.845
27 1274 7 92.843
28 1108 54 89.539
29 905 16 7.316
30 1135 26 17.999
31 328 1 86.890
32 553 32 29.142
33 647 15 19.256
34 745 24 99.079
35 186 56 91.736
36 287 8 95.391
37 1227 18 10.254
38 86 10 6.872
39 192 13 6.623
40 1012 17 49.615
41 603 50 71.556
42 164 43 24.849
43 239 16 6.611
44 445 50 6.239
45 1147 38 18.565
46 570 8 50.627
47 981 58 83.100
48 349 23 28.857
49 551 31 89.972
50 1236 13 53.690
51 833 33 47.690
52 705 35 17.517
53 1311 45 92.566
54 1207 59 12.389
55 203 54 23.852
56 582 19 59.068
57 817 34 70.878
58 759 7 88.494
59 450 23 46.646
60 961 25 72.105
61 1404 17 9.963
62 1168 17 34.482
63 255 40 1.544
64 742 26 10.823
65 738 58 77.303
66 1164 43 72.558
67 257 47 85.600
68 327 44 39.647
69 829 28 77.282
70 472 18 34.347
71 900 37 7.700
72 1407 52 77.841
73 789 22 45.590
74 612 15 63.797
75 1310 6 47.154
76 895 41 35.605
77 1087 10 87.077
78 467 25 60.750
79 304 23 34.980
80 1346 18 55.658
81 1319 19 89.745
82 617 51 28.483
83 1187 56 28.112
84 623 4 49.756
85 180 19 82.708
86 696 13 81.308
87 292 18 62.953
88 640 37 44.114
89 1221 2 41.703
90 822 24 83.999
91 316 41 1.274
92 432 6 74.020
93 129 23 96.004
94 338 10 40.264
95 1043 11 94.748
96 520 30 1.695
97 255 26 20.967
98 705 34 12.713
99 1299 15 94.289
100 1377 60 91.756
101 843 53 33.273
102 202 21 59.922
103 515 7 0.500
104 1134 38 16.337
105 985 29 35.935
106 781 27 90.522
107 1409 37 23.605
108 543 32 92.809
109 378 44 96.344
110 512 7 95.624
111 162 16 86.746
112 858 9 25.667
113 721 36 31.295
114 434 11 83.802
115 1248 59 27.511
116 303 25 12.446
117 592 30 44.304
118 492 1 82.917
119 224 4 61.477
120 601 29 75.291
121 789 31 8.509
122 1191 53 31.759
123 918 56 35.761
124 419 49 7.779
125 772 32 65.539
126 974 20 56.033
127 1196 26 46.830
128 460 36 75.657
129 954 54 71.045
130 855 31 63.861
131 995 28 29.143
132 982 56 1.996
133 271 60 71.318
134 430 40 12.241
135 1267 52 24.498
136 547 21 96.893
137 273 14 62.124
138 388 34 35.116
139 1154 50 44.537
140 134 52 64.131
141 757 15 71.822
142 886 31 74.204
143 53 34 40.516
144 443 13 62.709
145 244 7 6.024
146 1033 55 12.323
147 1411 42 51.252
148 1247 16 78.497
149 1391 45 9.537
150 883 24 0.907