150
1 1327 6 60.392
2 84 3 80.565
3 433 60 84.028
4 213 58 82.984
5 754 55 31.025
6 241 26 98.836
7 1293 52 36.596
8 736 54 92.970
9 857 39 77.056
10 218 21 54.836
11 661 32 57.107
12 1428 46 24.693
13 512 21 43.756
14 197 9 58.535
15 11 18 63.835
16 983 19 90.931
17 42 4 27.095
18 711 60 10.387
19 603 60 69.259
20 482 44 52.181
21 175 13 63.681
22 450 42 23.755
23 989 34 47.733
24 255 32 89.394
25 281 19 23.312
26 952 19 10.795
27 1282 47 60.171
28 1173 24 80.545
29 1133 35 69.170
30 1183 27 32.787
31 29 50 57.199
32 205 52 36.842
33 640 20 69.653
34 710 36 73.942
35 1223 15 14.086
36 126 18 10.516
37 356 54 32.821
38 29 40 44.219
39 1309 9 7.836
40 1289 4 73.831
41 165 7 25.654
42 1068 55 16.097
43 951 52 38.747
44 1071 50 39.461
45 882 52 11.355
46 1431 3 95.060
47 518 33 50.972
48 322 36 61.727
49 1028 15 30.275
50 197 38 64.026
51 867 30 80.326
52 646 2 54.667
53 465 39 67.514
54 836 40 16.068
55 106 18 77.267
56 1152 43 37.602
57 668 6 17.925
58 371 33 16.362
59 1186 48 77.056
60 444 14 77.033
61 1009 48 47.111
62 858 51 2.542
63 680 31 8.226
64 1 35 18.380
65 460 58 1.299
66 626 58 39.178
67 1379 49 41.985
68 125 51 10.687
69 974 56 45.533
70 1219 4 34.322
71 1363 29 27.245
72 969 56 27.390
73 1037 26 97.097
74 593 11 88.595
75 871 34 77.673
76 1055 15 90.707
77 101 27 77.683
78 140 43 80.929
79 463 48 27.069
80 373 47 12.893
81 173 25 93.691
82 176 44 94.271
83 74 17 52.092
84 955 18 56.579
85 1113 9 84.691
86 196 41 84.278
87 857 40 94.127
88 935 21 8.444
89 1302 50 33.275
90 750 59 67.263
91 618 21 93.745
92 1242 41 51.031
93 844 41 17.079
94 864 51 5.449
95 372 20 76.524
96 876 50 5.500
97 86 16 42.084
98 638 50 1.250
99 1378 56 1.181
100 730 2 23.965
101 1043 48 98.314
102 1309 53 93.244
103 611 3 57.498
104 892 15 37.031
105 283 28 15.761
106 821 3 44.267
107 1018 31 34.056
108 339 16 88.568
109 489 53 36.366
110 399 42 63.157
111 240 43 29.864
112 779 59 57.304
113 649 24 73.956
114 726 34 72.239
115 503 52 16.892
116 331 53 28.349
117 217 20 1.882
118 766 31 94.696
119 1045 44 93.487
120 1212 6 52.900
121 825 33 60.650
122 916 50 52.547
123 505 54 70.808
124 505 9 90.592
125 506 49 56.554
126 257 31 4.407
127 726 13 25.131
128 854 56 96.970
129 178 54 58.631
130 838 58 23.757
131 483 20 92.256
132 1021 44 4.432
133 1172 10 20.972
134 137 9 56.772
135 1410 35 15.338
136 570 28 88.827
137 132 56 12.399
138 984 60 46.606
139 157 3 28.233
140 1131 58 4.767
141 284 35 49.114
142 1158 7 37.950
143 787 18 78.992
144 704 6 97.298
145 319 7 99.159
146 460 39 15.012
147 1356 31 29.212
148 1384 18 96.154
149 315 3 47.316
150 1066 22 79.287