150
1 490 36 59.827
2 516 45 97.814
3 682 59 87.066
4 258 34 18.038
5 889 51 97.059
6 959 1 79.771
7 245 48 88.770
8 294 55 6.766
9 500 40 11.791
10 248 22 93.163
11 458 38 9.912
12 615 3 13.733
13 885 46 56.010
14 354 7 33.999
15 794 33 77.249
16 1342 47 48.037
17 538 15 79.206
18 436 52 52.110
19 1003 34 49.727
20 1314 12 69.272
21 1350 19 94.058
22 214 50 14.445
23 1021 43 77.750
24 828 49 31.887
25 823 32 4.190
26 263 7 94.269
27 1207 57 93.527
28 1430 28 65.303
29 682 37 73.879
30 67 10 3.615
31 341 49 89.091
32 1240 48 87.148
33 916 16 99.202
34 376 26 16.704
35 544 38 44.229
36 115 24 11.951
37 1095 32 9.550
38 1090 42 86.811
39 352 17 55.061
40 417 44 30.443
41 1028 19 3.618
42 565 29 12.905
43 113 19 26.494
44 1398 60 77.017
45 950 4 53.307
46 1128 37 37.204
47 199 31 74.554
48 734 13 36.777
49 582 27 95.238
50 1247 55 47.843
51 878 22 73.870
52 631 14 59.614
53 326 60 63.927
54 733 33 54.797
55 1276 9 13.860
56 810 35 91.464
57 489 6 91.018
58 604 49 97.021
59 103 15 0.656
60 928 37 79.391
61 695 9 18.457
62 990 25 48.329
63 965 29 67.836
64 402 33 34.568
65 828 24 63.576
66 1140 5 18.328
67 196 37 19.671
68 164 21 88.603
69 156 38 63.734
70 854 8 42.459
71 845 50 76.460
72 1054 43 85.608
73 940 53 18.843
74 700 26 93.597
75 180 50 45.845
76 1210 2 68.891
77 1139 41 74.914
78 220 10 52.395
79 435 2 13.079
80 268 2 14.985
81 951 34 60.251
82 1137 40 12.687
83 652 58 40.328
84 647 56 0.343
85 478 46 88.062
86 585 8 54.679
87 114 37 22.011
88 1175 12 79.906
89 1231 37 39.376
90 41 33 7.927
91 1420 28 60.570
92 385 34 25.886
93 91 49 13.959
94 37 53 51.418
95 1364 21 17.863
96 484 15 11.904
97 908 48 22.814
98 632 47 81.372
99 830 29 84.898
100 1032 13 37.338
101 464 36 22.063
102 1083 58 54.915
103 178 38 23.211
104 634 14 69.439
105 880 32 35.335
106 872 46 0.335
107 1139 43 90.141
108 287 60 18.847
109 690 22 9.405
110 1369 53 69.673
111 1401 6 95.973
112 1094 36 45.863
113 1256 60 34.301
114 1246 2 88.273
115 268 35 64.713
116 35 54 36.058
117 621 39 38.107
118 230 1 0.046
119 844 18 11.402
120 886 21 40.359
121 1052 36 44.111
122 380 55 76.452
123 148 48 63.509
124 744 13 93.812
125 1327 31 3.575
126 1308 31 18.446
127 244 13 95.153
128 1291 43 70.173
129 101 17 39.909
130 1201 59 35.447
131 550 38 20.916
132 306 24 80.591
133 586 5 83.300
134 1 47 13.935
135 946 48 10.962
136 938 54 62.754
137 651 4 38.212
138 1366 12 89.814
139 1423 30 80.012
140 784 32 10.053
141 44 14 68.593
142 839 52 39.547
143 1144 57 66.701
144 51 20 64.693
145 1167 52 93.909
146 954 32 33.292
147 660 57 34.115
148 497 41 32.634
149 710 4 15.669
150 181 26 35.202