150
1 1069 12 0.237
2 109 45 82.565
3 674 3 2.391
4 503 57 57.153
5 1224 44 79.653
6 357 13 19.771
7 142 22 55.145
8 960 44 88.206
9 720 14 97.973
10 330 53 38.402
11 395 59 85.901
12 1230 30 71.803
13 603 8 32.674
14 740 59 20.834
15 141 29 92.546
16 1223 53 46.577
17 1226 31 29.747
18 52 7 43.540
19 827 12 16.022
20 1009 59 83.696
21 435 27 37.941
22 328 54 1.762
23 1021 4 14.954
24 100 12 39.685
25 1205 57 87.132
26 211 26 88.520
27 854 55 41.726
28 375 30 15.875
29 798 56 13.650
30 490 29 76.336
31 138 45 10.696
32 258 11 49.708
33 49 41 86.311
34 1188 25 84.999
35 1146 21 44.066
36 935 35 90.178
37 1063 34 10.681
38 837 40 16.345
39 985 31 31.538
40 876 28 41.799
41 88 43 11.043
42 889 30 76.298
43 167 48 35.092
44 503 6 59.766
45 721 3 75.552
46 1083 58 78.816
47 1242 2 76.701
48 236 16 56.175
49 962 51 85.655
50 1338 20 7.711
51 985 44 14.822
52 1074 12 41.842
53 1002 19 84.470
54 360 34 31.253
55 365 42 20.603
56 946 53 55.008
57 744 37 89.865
58 594 37 70.302
59 857 12 43.801
60 400 15 30.357
61 762 4 41.441
62 1062 35 2.536
63 624 29 5.008
64 1111 7 42.355
65 1053 52 18.864
66 63 38 20.626
67 690 53 74.377
68 496 45 15.143
69 333 5 98.282
70 119 50 34.055
71 598 41 30.746
72 1344 3 14.946
73 278 18 78.262
74 912 55 96.526
75 1064 41 83.600
76 1380 27 87.214
77 540 46 38.716
78 378 52 14.540
79 875 30 51.933
80 1138 51 76.554
81 1058 18 3.127
82 1121 25 87.596
83 1149 25 50.076
84 614 22 12.703
85 327 58 27.069
86 1262 13 17.748
87 130 28 43.617
88 1002 21 63.236
89 588 9 59.175
90 311 58 83.401
91 463 40 32.890
92 831 19 57.994
93 1131 39 37.487
94 163 14 37.043
95 882 44 27.716
96 887 23 98.728
97 456 46 65.094
98 42 55 68.702
99 1328 5 2.282
100 45 60 28.451
101 1102 44 36.150
102 882 47 2.996
103 928 49 26.101
104 641 49 88.298
105 860 3 58.809
106 742 35 79.371
107 1280 13 58.091
108 1215 18 47.286
109 1355 16 35.452
110 770 12 22.773
111 572 19 66.490
112 1323 7 39.011
113 646 1 46.607
114 152 29 37.111
115 457 37 59.350
116 332 58 62.191
117 59 2 6.398
118 1371 18 45.902
119 717 39 74.084
120 964 56 42.273
121 1291 26 90.577
122 712 9 6.329
123 1319 11 22.356
124 1390 42 17.711
125 172 10 45.231
126 816 44 44.965
127 876 21 16.890
128 755 6 72.197
129 1433 28 58.757
130 1415 45 49.772
131 400 11 66.132
132 304 25 20.097
133 1083 18 32.613
134 9 15 23.364
135 200 58 30.291
136 265 7 89.822
137 1345 47 68.652
138 39 18 59.009
139 495 23 48.560
140 272 42 53.154
141 674 40 89.036
142 907 7 83.135
143 484 1 57.435
144 87 49 54.091
145 1063 22 89.541
146 1303 10 12.966
147 200 28 39.425
148 1368 40 56.041
149 724 31 93.580
150 1 49 26.376