150
1 1109 17 32.723
2 103 28 52.754
3 789 3 87.213
4 570 9 47.996
5 66 16 4.741
6 65 13 85.832
7 859 16 12.119
8 1396 18 52.557
9 1323 29 0.704
10 601 55 1.031
11 327 45 77.536
12 87 23 61.111
13 1011 47 90.514
14 1106 44 33.895
15 1052 46 26.938
16 1128 7 81.553
17 1179 42 34.627
18 1232 47 1.775
19 470 3 38.065
20 1422 32 70.539
21 1119 7 96.453
22 1231 21 7.721
23 741 34 92.094
24 351 34 86.922
25 988 45 72.139
26 1382 49 24.982
27 670 7 51.376
28 811 11 12.880
29 186 18 62.700
30 1175 6 45.246
31 606 59 31.500
32 718 58 94.645
33 1067 18 43.676
34 955 34 14.036
35 1378 40 75.078
36 602 33 24.835
37 10 34 43.894
38 1155 22 25.994
39 985 45 65.228
40 241 32 83.678
41 1221 3 38.757
42 782 6 48.000
43 254 10 65.130
44 1237 32 25.927
45 540 13 40.487
46 96 37 30.873
47 200 50 46.791
48 1031 28 95.701
49 407 55 1.774
50 1148 55 52.577
51 221 34 40.173
52 564 6 3.334
53 1406 34 95.591
54 1034 30 28.140
55 686 54 62.375
56 816 22 72.264
57 750 55 90.550
58 1164 52 60.678
59 150 18 44.777
60 137 60 11.247
61 1315 53 27.801
62 1027 26 34.620
63 455 18 39.088
64 32 8 93.708
65 463 50 76.196
66 726 40 48.600
67 906 27 13.224
68 351 50 26.441
69 44 30 56.531
70 623 9 20.051
71 925 51 28.965
72 1438 36 87.221
73 197 3 80.490
74 1390 53 16.925
75 914 42 69.457
76 960 51 64.509
77 1223 36 34.854
78 428 19 46.302
79 935 17 68.757
80 1391 12 37.377
81 948 33 87.542
82 716 46 32.733
83 468 2 69.502
84 1098 39 12.819
85 1180 45 34.370
86 1089 3 66.594
87 950 8 48.711
88 1225 7 45.591
89 1080 41 9.521
90 1256 56 2.857
91 476 22 11.023
92 1313 48 63.987
93 525 59 72.395
94 229 39 79.204
95 563 2 36.581
96 77 7 58.036
97 430 10 90.703
98 373 3 28.487
99 34 44 51.534
100 659 49 25.053
101 1193 37 59.192
102 1148 20 6.036
103 405 50 20.350
104 1002 26 63.630
105 735 18 64.351
106 161 22 33.659
107 1129 29 36.347
108 209 40 15.499
109 608 13 54.957
110 1368 22 17.110
111 1050 54 42.046
112 123 18 50.880
113 1083 2 51.627
114 181 47 97.490
115 1069 56 85.857
116 798 17 56.433
117 572 51 43.846
118 1259 46 94.036
119 817 13 22.370
120 1324 42 16.606
121 716 51 27.599
122 407 31 16.080
123 797 55 32.593
124 1286 25 65.475
125 199 37 47.801
126 821 20 83.651
127 1281 19 59.240
128 611 16 13.822
129 1028 13 74.936
130 124 12 11.363
131 1241 59 69.428
132 1170 2 21.810
133 791 21 72.537
134 576 45 91.168
135 1169 51 1.309
136 151 16 43.038
137 1107 6 8.753
138 765 36 47.753
139 240 7 1.476
140 963 41 39.384
141 641 22 94.897
142 1093 43 21.065
143 1222 38 11.342
144 1013 24 35.073
145 46 23 3.145
146 304 23 71.236
147 479 33 54.223
148 1207 15 91.607
149 1167 59 87.761
150 565 39 76.202