150
1 629 3 84.490
2 1025 1 74.878
3 968 25 78.846
4 1385 13 81.178
5 135 21 31.420
6 684 3 19.193
7 341 27 71.699
8 204 20 74.057
9 484 21 8.771
10 107 23 34.666
11 695 12 43.870
12 713 7 96.348
13 1056 45 10.874
14 1037 49 88.563
15 101 20 73.466
16 42 25 69.956
17 9 3 94.960
18 459 59 86.554
19 1289 6 32.504
20 377 37 98.255
21 809 54 66.558
22 569 5 90.946
23 862 32 8.191
24 738 29 55.116
25 438 51 93.673
26 567 45 66.465
27 827 4 3.964
28 1003 45 46.532
29 1016 28 75.932
30 1058 41 82.031
31 209 56 64.827
32 902 6 76.422
33 548 21 31.332
34 60 16 85.186
35 1217 9 26.782
36 981 48 68.265
37 909 37 62.258
38 432 2 40.311
39 631 45 5.664
40 1327 40 17.737
41 1349 45 89.018
42 548 47 30.773
43 527 37 19.901
44 755 14 11.304
45 346 7 4.551
46 657 16 74.040
47 350 25 23.150
48 473 12 0.974
49 305 34 47.470
50 1140 48 37.742
51 237 3 76.049
52 1403 5 18.285
53 1133 26 26.976
54 160 42 44.278
55 854 52 36.008
56 1005 60 29.962
57 1176 33 77.448
58 594 45 63.749
59 811 33 77.691
60 506 1 72.078
61 256 8 16.447
62 504 5 35.821
63 1286 38 81.721
64 1163 25 97.385
65 605 20 59.820
66 655 39 71.148
67 1173 25 29.763
68 589 55 80.234
69 627 10 6.156
70 1141 32 91.125
71 1208 15 30.754
72 601 40 15.783
73 750 27 62.646
74 338 26 48.612
75 1218 44 93.955
76 177 38 5.973
77 1059 4 38.129
78 113 26 71.381
79 1200 4 15.256
80 1225 56 97.706
81 923 38 5.462
82 748 59 9.147
83 1257 35 27.097
84 521 18 11.370
85 503 3 7.920
86 1232 34 83.648
87 1394 23 89.333
88 1380 14 19.594
89 790 9 54.050
90 968 14 81.258
91 718 12 88.653
92 1074 7 44.094
93 620 20 15.931
94 1067 21 8.981
95 1006 30 13.208
96 901 60 14.707
97 206 28 75.754
98 741 41 97.193
99 808 8 41.990
100 15 3 93.469
101 1094 55 98.943
102 761 50 50.190
103 916 13 49.651
104 693 7 40.124
105 541 45 2.576
106 1247 19 74.310
107 619 5 41.640
108 867 25 38.561
109 1274 46 10.717
110 566 20 8.099
111 10 1 73.129
112 956 59 21.773
113 1100 43 23.662
114 1 43 47.913
115 150 13 12.910
116 1438 15 14.361
117 1017 2 29.321
118 1363 59 80.702
119 961 37 51.111
120 623 27 80.408
121 1236 20 82.543
122 905 10 37.504
123 1115 26 52.374
124 1155 7 2.390
125 1172 1 67.442
126 677 21 62.961
127 1295 9 60.618
128 734 6 59.368
129 692 1 67.261
130 1381 36 43.012
131 1140 34 95.329
132 989 28 97.169
133 1429 27 63.682
134 1129 26 59.608
135 377 43 63.373
136 1389 19 22.714
137 611 19 63.348
138 1370 28 90.620
139 606 44 87.992
140 69 34 66.557
141 1096 7 18.733
142 387 51 48.537
143 533 13 18.687
144 205 41 54.193
145 1365 14 61.808
146 242 4 59.302
147 1395 60 66.872
148 865 31 57.396
149 394 36 93.793
150 331 24 28.852