150
1 1320 20 99.124
2 874 1 33.624
3 1052 31 20.964
4 1006 5 55.705
5 379 46 80.572
6 1407 11 19.673
7 430 27 0.252
8 115 6 62.176
9 558 28 34.405
10 542 24 73.723
11 167 52 96.686
12 424 1 75.080
13 539 24 67.434
14 851 9 31.997
15 65 60 85.295
16 80 46 88.134
17 1174 60 56.678
18 787 44 86.787
19 846 16 10.279
20 1410 48 89.151
21 726 20 94.556
22 1139 23 21.401
23 188 51 64.641
24 1420 22 80.479
25 28 53 53.547
26 6 53 22.190
27 832 9 21.673
28 960 38 59.784
29 606 19 42.776
30 847 24 28.729
31 1221 27 81.625
32 691 50 59.316
33 457 45 74.335
34 604 7 19.997
35 1285 34 48.528
36 248 4 38.780
37 1080 15 24.125
38 809 20 14.348
39 1173 15 56.370
40 310 49 31.074
41 342 31 92.022
42 226 35 23.410
43 238 41 76.800
44 1410 50 17.277
45 21 41 4.724
46 1303 34 91.843
47 238 5 46.780
48 19 47 17.778
49 566 11 56.619
50 1239 25 21.218
51 84 55 4.548
52 315 52 27.054
53 379 21 61.801
54 976 26 29.501
55 619 18 52.242
56 1368 25 85.780
57 564 53 31.230
58 1060 5 44.404
59 212 25 96.038
60 982 10 7.057
61 1402 32 6.729
62 680 20 85.458
63 1321 5 74.614
64 1278 33 89.923
65 895 32 30.153
66 338 9 56.654
67 670 35 60.465
68 844 8 16.439
69 46 22 50.504
70 740 11 4.951
71 1004 37 41.213
72 206 1 50.779
73 888 58 93.020
74 364 42 60.208
75 71 39 89.832
76 914 13 24.231
77 832 43 25.841
78 1311 56 11.611
79 950 33 6.399
80 703 27 18.357
81 410 21 26.244
82 1423 40 47.382
83 826 1 43.234
84 1091 18 16.566
85 404 9 39.895
86 1150 38 89.671
87 1061 18 70.121
88 1066 26 62.183
89 702 14 25.402
90 765 19 84.201
91 839 59 88.009
92 220 32 12.658
93 1218 25 13.383
94 1130 30 37.299
95 1076 49 84.648
96 765 19 71.021
97 490 5 92.475
98 637 54 9.186
99 639 12 87.689
100 895 16 83.652
101 275 17 30.624
102 937 35 60.105
103 1006 48 48.502
104 1426 7 5.504
105 461 22 31.727
106 1049 49 94.829
107 54 38 85.329
108 833 48 53.438
109 34 14 87.652
110 468 13 77.971
111 8 24 72.871
112 18 33 51.768
113 900 46 59.219
114 261 39 14.517
115 644 49 25.780
116 771 9 71.756
117 675 44 12.051
118 879 44 27.085
119 1184 45 7.069
120 764 32 10.628
121 688 15 47.328
122 748 5 64.404
123 575 26 48.162
124 323 5 87.941
125 985 17 29.788
126 409 33 3.410
127 845 24 6.817
128 694 12 50.538
129 247 36 3.946
130 712 29 18.063
131 1135 24 15.271
132 1057 44 2.410
133 838 5 81.907
134 237 6 64.020
135 466 28 62.023
136 232 51 25.300
137 1212 40 90.866
138 763 5 39.137
139 1362 4 61.874
140 1179 59 53.537
141 389 12 72.075
142 741 24 71.262
143 379 40 43.797
144 933 11 2.149
145 1288 8 29.601
146 606 24 56.545
147 912 60 43.662
148 327 30 66.283
149 448 28 48.553
150 1069 52 1.062