150
1 790 42 9.587
2 941 21 28.008
3 535 39 75.732
4 524 8 82.477
5 1143 2 74.594
6 371 21 94.188
7 217 17 70.293
8 497 40 28.114
9 742 46 92.346
10 769 43 32.751
11 1237 16 22.478
12 759 26 94.679
13 121 41 78.414
14 196 8 88.652
15 836 57 99.065
16 1006 21 29.179
17 883 26 84.034
18 999 51 34.235
19 628 37 11.778
20 368 15 72.009
21 536 52 37.631
22 790 25 80.400
23 469 21 80.054
24 1207 20 21.437
25 849 22 37.500
26 225 58 26.374
27 172 44 77.872
28 156 2 78.394
29 104 55 71.160
30 723 21 39.796
31 1235 29 6.174
32 147 40 17.427
33 137 58 47.503
34 1232 12 83.104
35 1385 19 87.691
36 114 3 26.629
37 1353 8 11.654
38 1298 5 31.753
39 792 7 74.578
40 1299 1 96.954
41 905 58 46.489
42 340 44 81.598
43 183 28 64.850
44 1032 50 87.561
45 1290 38 44.219
46 487 47 67.791
47 1320 47 18.742
48 1233 52 35.386
49 517 15 70.307
50 1110 45 88.184
51 878 8 39.286
52 597 47 50.045
53 246 33 64.681
54 1036 26 74.826
55 1224 9 37.880
56 1326 24 28.202
57 104 51 83.959
58 980 22 56.966
59 1208 12 14.926
60 1263 38 33.536
61 241 29 4.229
62 1069 54 17.711
63 411 17 45.738
64 908 45 1.406
65 1170 11 64.325
66 932 26 54.893
67 1021 55 15.897
68 1237 23 63.114
69 855 55 3.884
70 1154 40 2.192
71 592 12 37.725
72 188 19 96.938
73 1130 5 6.222
74 880 59 18.635
75 1424 42 6.756
76 517 26 20.225
77 1436 36 74.893
78 661 37 1.182
79 387 38 93.718
80 286 31 68.874
81 1227 41 12.795
82 764 8 34.141
83 893 13 19.210
84 1156 8 85.717
85 491 27 58.092
86 1440 60 77.320
87 381 28 15.150
88 700 3 38.041
89 1071 46 10.865
90 1394 8 35.242
91 864 55 9.354
92 54 56 28.463
93 1095 39 22.855
94 418 17 24.874
95 1368 14 37.445
96 1200 9 26.361
97 1143 23 25.723
98 1129 46 53.784
99 1095 18 25.650
100 1396 30 18.454
101 536 31 37.327
102 790 51 4.890
103 230 39 27.513
104 1290 55 46.290
105 687 21 2.777
106 1202 26 0.565
107 1158 28 46.337
108 954 27 17.792
109 658 29 3.949
110 844 28 11.180
111 329 14 36.521
112 1231 38 57.601
113 1417 11 95.633
114 1070 57 0.747
115 829 29 43.434
116 1394 37 21.344
117 466 14 78.447
118 98 24 40.449
119 1079 16 20.054
120 194 39 55.911
121 665 42 62.360
122 1331 45 83.010
123 613 19 62.560
124 910 50 92.426
125 109 53 17.566
126 1322 24 2.817
127 895 42 2.287
128 846 48 6.087
129 628 38 40.743
130 194 36 42.073
131 1432 36 50.406
132 572 56 36.127
133 1086 38 9.071
134 879 41 82.082
135 802 53 20.531
136 1391 50 25.013
137 371 2 17.978
138 665 49 31.935
139 64 47 94.233
140 1096 9 8.674
141 1132 33 67.041
142 244 11 22.072
143 901 33 48.255
144 691 47 87.080
145 925 37 16.784
146 945 23 14.089
147 917 22 98.633
148 842 23 1.816
149 470 10 6.313
150 1268 2 27.300