150
1 535 22 6.673
2 665 25 38.988
3 66 38 41.268
4 1111 9 54.704
5 958 35 88.429
6 58 14 66.460
7 475 55 21.810
8 1163 40 45.210
9 1004 27 29.696
10 1383 34 40.224
11 978 30 18.068
12 705 8 14.121
13 1216 53 73.374
14 179 27 92.854
15 1400 46 69.893
16 602 12 97.731
17 262 40 16.857
18 8 44 51.212
19 1426 59 80.832
20 1211 17 0.978
21 856 22 2.198
22 1177 42 42.058
23 771 10 52.072
24 1282 58 22.371
25 968 51 18.402
26 515 5 25.328
27 183 24 4.984
28 1286 36 27.565
29 998 50 41.234
30 214 41 26.882
31 283 6 89.826
32 1054 8 17.508
33 156 21 75.874
34 479 37 11.773
35 1215 49 94.292
36 762 8 11.874
37 1269 27 44.994
38 674 28 58.399
39 704 6 37.118
40 1164 59 97.327
41 293 12 13.617
42 1406 48 16.914
43 265 39 37.502
44 453 36 28.603
45 144 26 83.733
46 428 56 38.944
47 1196 44 13.525
48 190 13 96.052
49 223 31 45.898
50 1163 46 88.291
51 617 14 50.533
52 1180 18 92.675
53 794 55 87.121
54 1372 16 50.968
55 584 8 66.112
56 980 55 29.119
57 883 42 67.269
58 1303 30 75.140
59 28 26 47.542
60 127 1 16.223
61 63 57 41.103
62 1071 27 9.933
63 401 37 48.888
64 1250 3 98.464
65 911 34 37.430
66 1059 48 49.866
67 855 58 6.166
68 407 9 84.407
69 245 8 41.819
70 1383 2 19.512
71 371 28 23.975
72 816 21 47.190
73 452 30 26.988
74 1049 17 29.085
75 947 26 79.241
76 275 9 60.514
77 1283 39 45.743
78 510 29 6.693
79 95 1 9.104
80 368 57 81.972
81 957 45 33.768
82 1237 57 39.746
83 186 21 87.902
84 25 31 54.553
85 116 10 19.226
86 266 55 36.000
87 529 21 93.666
88 1319 16 35.602
89 667 5 29.079
90 839 42 43.497
91 716 10 68.656
92 1114 9 77.004
93 379 7 65.849
94 1209 45 42.245
95 876 4 66.142
96 73 20 85.487
97 236 26 94.424
98 334 14 75.344
99 1187 8 33.184
100 1056 3 60.550
101 161 38 17.423
102 798 28 94.785
103 767 7 45.564
104 1312 17 11.455
105 338 17 42.189
106 1155 27 36.408
107 1281 43 26.960
108 1229 7 26.855
109 1070 6 42.839
110 519 1 61.617
111 427 49 20.709
112 1365 60 56.622
113 355 39 22.222
114 582 28 70.462
115 375 6 66.807
116 1338 58 8.102
117 1287 6 14.809
118 587 35 63.993
119 454 15 55.733
120 113 37 25.669
121 425 4 54.435
122 93 12 55.141
123 348 58 66.842
124 252 20 80.477
125 316 15 6.803
126 1263 31 64.060
127 568 57 15.535
128 232 47 80.458
129 217 36 47.220
130 1175 32 12.969
131 1034 15 69.083
132 1362 8 73.213
133 968 12 97.620
134 236 21 40.956
135 301 42 29.439
136 324 41 5.581
137 124 23 70.333
138 238 45 92.498
139 46 6 73.840
140 517 15 92.956
141 775 1 71.933
142 736 25 5.464
143 1062 5 29.145
144 477 51 75.694
145 443 31 27.348
146 603 57 38.078
147 1022 60 86.050
148 1016 25 21.595
149 185 13 39.456
150 565 5 95.610