150
1 1284 38 69.252
2 1437 16 28.128
3 1156 38 74.666
4 879 26 33.630
5 1081 56 64.080
6 485 29 34.261
7 357 44 70.876
8 91 58 70.365
9 747 1 15.553
10 204 14 15.003
11 252 23 9.695
12 120 56 86.359
13 1064 26 47.984
14 940 53 83.834
15 1129 20 18.485
16 1406 45 83.767
17 1097 25 44.953
18 528 7 34.536
19 1172 27 89.418
20 1437 37 65.887
21 203 42 38.136
22 733 49 25.179
23 505 31 26.267
24 864 47 73.278
25 794 47 94.687
26 1297 41 52.312
27 1360 36 87.318
28 196 42 71.416
29 986 14 77.367
30 1172 53 14.788
31 1292 6 75.635
32 80 60 95.863
33 1165 27 58.218
34 1215 29 34.113
35 815 15 40.598
36 1364 1 98.145
37 257 47 52.879
38 594 12 23.583
39 1235 8 79.137
40 1318 4 1.693
41 833 24 79.480
42 128 21 83.815
43 502 18 77.968
44 1162 12 48.725
45 382 59 39.046
46 667 16 76.866
47 396 39 38.079
48 571 9 45.150
49 1072 9 99.038
50 214 19 31.329
51 203 25 13.840
52 288 38 50.734
53 894 28 77.232
54 716 16 80.277
55 397 7 1.353
56 1344 14 16.165
57 19 50 28.346
58 314 45 19.488
59 157 11 2.514
60 844 16 92.253
61 1059 16 55.422
62 473 22 97.827
63 230 22 83.085
64 370 26 66.122
65 1164 4 46.344
66 293 57 82.285
67 782 23 7.403
68 1080 29 26.565
69 470 54 61.026
70 1032 29 79.095
71 252 45 75.442
72 281 49 23.971
73 1032 12 34.460
74 65 54 22.081
75 360 51 14.654
76 210 50 20.857
77 888 41 81.580
78 816 21 75.669
79 832 26 79.126
80 75 39 62.653
81 634 19 12.799
82 280 26 23.535
83 589 40 76.216
84 490 55 71.942
85 1372 58 9.643
86 936 27 13.326
87 54 57 57.940
88 173 3 39.124
89 360 30 99.109
90 202 48 70.552
91 628 16 59.083
92 3 19 40.091
93 551 5 76.240
94 1386 52 22.870
95 246 41 64.186
96 583 27 98.561
97 427 23 96.239
98 1314 55 71.189
99 692 30 9.955
100 316 1 75.609
101 244 11 49.373
102 537 14 33.321
103 131 35 16.104
104 80 56 39.367
105 349 32 52.411
106 703 6 95.748
107 1211 55 58.391
108 978 17 31.684
109 289 26 65.575
110 973 6 8.248
111 1267 33 42.067
112 1379 14 14.060
113 238 12 1.625
114 1063 14 31.083
115 822 12 71.875
116 689 1 24.805
117 1065 16 38.739
118 1088 58 26.091
119 216 53 81.716
120 1255 38 76.750
121 904 52 58.096
122 866 60 52.329
123 97 15 19.225
124 1233 21 10.721
125 526 7 96.746
126 319 33 60.124
127 622 54 74.909
128 554 44 61.789
129 1196 4 48.670
130 34 14 39.105
131 776 31 81.162
132 1183 35 79.481
133 1070 11 79.389
134 1340 19 39.352
135 791 12 10.726
136 216 11 39.284
137 1158 19 55.478
138 840 43 54.420
139 1027 51 79.334
140 278 36 45.639
141 213 37 81.466
142 141 22 21.059
143 54 40 93.768
144 1099 28 91.454
145 370 30 56.140
146 753 35 98.002
147 277 32 4.041
148 938 24 80.257
149 1039 9 53.891
150 967 11 79.330