150
1 1304 48 19.331
2 171 42 4.422
3 999 23 57.333
4 1071 12 59.946
5 544 49 39.140
6 682 13 49.199
7 325 60 13.092
8 681 41 96.765
9 1377 57 82.110
10 172 52 8.429
11 1196 54 97.223
12 421 48 23.391
13 302 60 29.838
14 791 38 8.275
15 828 42 3.516
16 1217 36 25.161
17 338 29 63.399
18 293 24 30.626
19 344 23 26.863
20 1424 18 48.852
21 1111 13 40.784
22 691 10 89.622
23 1151 22 89.188
24 254 49 30.828
25 696 31 50.417
26 722 17 89.122
27 519 52 46.691
28 751 40 34.555
29 1001 8 72.534
30 697 12 62.581
31 859 21 84.514
32 382 50 96.549
33 1071 18 78.499
34 381 50 84.411
35 138 40 24.196
36 347 5 43.207
37 1181 1 73.735
38 725 48 88.416
39 679 18 30.213
40 349 55 51.041
41 604 42 54.522
42 1025 28 16.992
43 1290 50 38.705
44 1292 6 18.954
45 1067 9 63.449
46 199 34 40.111
47 355 21 21.321
48 536 9 7.811
49 903 36 36.763
50 672 60 40.385
51 882 56 3.510
52 173 20 75.581
53 256 47 12.840
54 1123 41 29.392
55 74 6 49.411
56 653 35 9.263
57 1228 8 70.500
58 719 50 8.048
59 1319 52 1.000
60 1115 40 4.031
61 967 39 12.108
62 388 23 28.135
63 818 4 39.553
64 655 15 58.762
65 899 36 12.204
66 498 49 41.375
67 540 38 74.351
68 1379 3 30.160
69 1271 10 84.536
70 202 2 74.262
71 268 2 54.596
72 979 24 84.545
73 824 41 81.141
74 661 51 57.330
75 597 22 24.799
76 208 25 87.957
77 910 28 60.111
78 1178 55 44.909
79 1223 14 74.425
80 261 5 98.681
81 1083 15 76.709
82 1269 30 72.605
83 1421 19 17.553
84 782 7 52.751
85 1045 46 51.313
86 1310 52 69.484
87 324 54 16.940
88 335 8 5.875
89 182 21 64.266
90 201 41 39.186
91 925 20 87.750
92 1100 24 96.111
93 596 42 52.733
94 62 60 91.738
95 9 18 7.530
96 520 28 31.871
97 169 38 69.100
98 391 32 60.589
99 512 48 95.773
100 980 2 71.865
101 390 23 96.974
102 1357 10 86.440
103 429 42 69.369
104 871 38 92.593
105 343 47 18.212
106 951 30 54.656
107 219 42 99.034
108 1153 17 81.410
109 1282 28 37.736
110 386 22 6.907
111 786 15 36.674
112 1400 24 9.594
113 403 10 0.567
114 1388 19 14.213
115 988 37 22.583
116 732 2 50.138
117 762 13 66.647
118 366 20 17.395
119 1368 56 6.831
120 1170 34 68.402
121 1079 46 61.052
122 84 47 29.523
123 790 27 98.338
124 379 48 35.868
125 1059 16 42.660
126 4 36 80.167
127 966 40 24.293
128 519 2 6.233
129 241 30 17.206
130 447 24 49.793
131 1337 26 5.236
132 855 33 6.101
133 133 20 54.503
134 235 19 32.475
135 357 28 15.374
136 588 14 10.752
137 725 1 5.959
138 1368 57 37.598
139 1424 36 83.124
140 494 41 10.042
141 783 21 0.405
142 236 38 85.370
143 1137 57 93.552
144 1156 46 73.164
145 1108 52 54.204
146 337 37 52.641
147 313 19 5.618
148 695 47 36.691
149 702 11 26.229
150 1392 39 48.158