150
1 1407 46 54.662
2 422 23 12.518
3 189 39 48.790
4 207 15 29.012
5 1166 53 16.952
6 344 45 33.345
7 284 11 21.538
8 1373 12 60.596
9 1072 47 80.309
10 1139 41 63.395
11 104 20 24.018
12 142 46 59.349
13 828 28 83.203
14 439 51 39.529
15 865 28 7.670
16 977 26 63.965
17 998 19 90.703
18 870 44 64.711
19 615 38 94.778
20 746 9 92.133
21 39 2 22.028
22 1414 32 46.134
23 1412 10 61.896
24 762 58 54.003
25 46 7 4.463
26 1406 34 39.743
27 400 21 24.552
28 219 24 99.793
29 556 37 35.063
30 647 32 21.272
31 915 46 50.289
32 432 27 80.719
33 1070 52 37.219
34 1003 19 54.729
35 633 8 58.800
36 1384 17 6.734
37 312 3 31.060
38 1248 38 29.378
39 403 16 55.980
40 524 5 81.911
41 935 55 42.620
42 291 6 9.306
43 1271 30 26.064
44 574 60 56.484
45 499 46 21.191
46 653 21 49.225
47 638 30 90.681
48 299 13 5.123
49 1235 38 63.856
50 655 47 84.642
51 946 1 65.973
52 1433 39 43.782
53 254 44 92.137
54 52 17 85.960
55 822 32 46.652
56 521 55 44.034
57 1057 46 65.248
58 283 47 63.568
59 414 52 50.649
60 1373 41 41.466
61 477 20 20.292
62 1351 41 71.687
63 840 57 0.540
64 475 21 9.804
65 1044 15 68.122
66 1155 50 23.497
67 917 49 95.079
68 676 20 42.193
69 1249 29 67.180
70 117 10 97.689
71 1238 13 71.136
72 1412 9 85.455
73 531 59 59.235
74 757 24 93.368
75 350 7 4.956
76 631 4 61.874
77 40 6 70.722
78 823 57 97.115
79 421 1 89.062
80 1204 60 41.182
81 17 27 12.721
82 1054 49 10.673
83 373 60 34.564
84 23 52 10.685
85 1298 18 86.084
86 158 26 66.693
87 820 8 39.629
88 1167 44 9.241
89 876 50 56.874
90 441 33 23.741
91 638 32 74.470
92 650 47 42.807
93 1194 36 15.013
94 1231 22 83.902
95 907 46 82.530
96 964 37 63.304
97 59 42 13.153
98 1088 15 24.263
99 514 10 89.966
100 779 33 39.131
101 1408 21 11.422
102 366 59 26.441
103 1060 59 51.594
104 1100 20 91.842
105 992 25 55.630
106 1135 46 81.577
107 986 40 47.397
108 149 34 64.786
109 807 38 11.571
110 1371 33 92.886
111 241 6 90.652
112 163 49 54.674
113 737 33 27.021
114 1081 43 95.181
115 434 46 25.318
116 506 44 95.217
117 492 39 8.746
118 879 40 76.740
119 1107 52 75.922
120 1059 44 77.855
121 406 48 71.412
122 19 11 10.235
123 53 9 36.724
124 439 52 61.523
125 519 12 87.401
126 1316 49 61.821
127 622 35 55.152
128 1007 27 85.421
129 1420 46 36.873
130 1066 34 75.521
131 908 45 42.001
132 707 3 87.913
133 1339 57 91.596
134 1088 56 2.587
135 369 32 12.887
136 1034 1 3.070
137 1062 37 70.767
138 26 32 41.140
139 74 52 24.594
140 554 37 17.308
141 492 1 62.071
142 672 4 3.021
143 1113 47 21.030
144 299 57 4.623
145 1167 20 51.614
146 1234 59 12.187
147 1293 55 73.715
148 1109 58 66.434
149 624 15 39.870
150 20 22 46.440