150
1 745 32 38.927
2 1279 33 5.955
3 1013 19 31.589
4 200 32 2.084
5 1362 16 96.558
6 243 47 9.916
7 619 57 39.136
8 805 11 63.583
9 149 7 59.360
10 174 60 84.136
11 1169 22 82.128
12 39 14 85.162
13 19 58 40.625
14 695 59 92.965
15 1389 18 80.493
16 1138 26 87.475
17 801 42 24.518
18 248 50 47.275
19 534 7 10.587
20 739 38 24.701
21 944 56 24.230
22 861 39 86.579
23 1294 52 91.034
24 641 10 33.102
25 491 2 84.303
26 848 21 26.107
27 1368 24 97.337
28 616 33 24.195
29 1078 39 75.057
30 357 57 83.005
31 532 54 72.570
32 1053 55 20.769
33 181 23 57.450
34 973 37 92.417
35 207 32 28.097
36 228 20 49.189
37 1057 3 16.165
38 169 40 11.024
39 165 2 0.125
40 130 22 39.346
41 645 17 75.680
42 230 25 40.167
43 793 8 68.973
44 506 19 57.942
45 782 1 51.739
46 1254 39 15.948
47 1155 48 84.898
48 760 59 14.581
49 148 42 11.802
50 245 5 70.765
51 925 16 14.627
52 460 50 34.987
53 924 59 37.992
54 771 53 32.197
55 736 59 92.800
56 688 42 14.450
57 120 30 65.605
58 1060 21 86.565
59 702 19 92.013
60 1405 32 71.449
61 969 37 62.186
62 644 48 4.068
63 1262 11 11.363
64 566 6 25.178
65 446 15 25.109
66 658 5 89.901
67 747 17 94.665
68 214 35 28.579
69 150 37 76.944
70 829 9 82.111
71 989 31 2.762
72 1097 16 25.508
73 1232 20 14.787
74 1070 54 12.944
75 712 3 24.558
76 592 37 32.109
77 456 12 72.872
78 726 41 95.392
79 338 48 69.929
80 225 57 44.545
81 930 31 98.074
82 942 25 29.157
83 395 25 12.073
84 1281 9 41.700
85 1362 29 8.873
86 512 1 4.891
87 1218 8 0.801
88 1120 13 56.775
89 753 37 22.950
90 246 6 6.534
91 718 4 67.518
92 271 37 50.707
93 609 42 19.061
94 881 21 17.193
95 388 14 22.042
96 73 53 27.818
97 980 12 36.270
98 161 43 42.234
99 1128 49 65.503
100 953 22 72.558
101 751 47 93.244
102 58 25 36.343
103 1270 24 52.737
104 58 29 77.231
105 529 15 38.316
106 421 4 72.621
107 942 49 28.471
108 287 6 17.647
109 1424 51 89.267
110 939 53 29.729
111 1325 37 45.193
112 441 31 85.981
113 885 41 55.722
114 1085 50 25.364
115 1424 21 96.124
116 162 13 44.699
117 1405 12 45.562
118 1369 39 58.164
119 246 4 50.644
120 28 18 40.709
121 1246 37 81.148
122 1202 2 20.183
123 1390 58 10.201
124 450 37 52.678
125 5 15 22.681
126 642 11 17.495
127 1381 33 62.601
128 1050 43 87.032
129 313 25 97.065
130 928 35 99.177
131 934 60 96.497
132 360 6 71.728
133 1044 50 10.515
134 717 23 8.240
135 742 5 35.059
136 29 41 94.826
137 357 54 18.200
138 101 11 49.916
139 1274 6 11.965
140 883 20 25.221
141 1130 56 86.208
142 1173 38 33.019
143 1102 3 17.693
144 1116 31 34.348
145 683 28 53.825
146 1331 53 68.431
147 839 18 27.958
148 1058 36 14.252
149 565 20 36.690
150 770 35 64.003