150
1 932 19 67.023
2 620 55 59.153
3 608 5 61.173
4 1252 41 1.829
5 881 11 64.062
6 891 40 7.906
7 572 17 89.884
8 1276 30 3.467
9 1114 58 15.995
10 1324 29 51.961
11 376 11 60.721
12 1342 26 29.039
13 138 24 0.102
14 988 20 6.382
15 1170 6 17.453
16 1379 59 21.752
17 663 9 55.184
18 598 54 32.083
19 626 7 38.773
20 732 20 54.459
21 517 22 54.397
22 1353 48 29.765
23 1190 33 10.388
24 751 3 39.244
25 1338 13 62.249
26 554 56 70.833
27 834 40 19.375
28 10 25 4.911
29 345 13 50.452
30 913 46 63.214
31 81 17 11.981
32 484 56 8.422
33 685 47 20.523
34 1368 31 33.128
35 369 23 59.515
36 308 46 10.351
37 933 44 78.982
38 7 5 33.884
39 1081 10 69.388
40 1062 43 60.924
41 897 25 82.826
42 1117 57 98.686
43 1417 60 94.532
44 732 4 17.694
45 555 8 65.954
46 409 52 80.285
47 227 50 54.844
48 766 21 90.027
49 1051 4 61.889
50 224 9 10.536
51 240 28 37.946
52 931 19 86.778
53 735 36 75.360
54 493 38 16.171
55 35 34 90.115
56 1110 36 64.293
57 916 1 80.836
58 1364 43 69.145
59 188 12 92.332
60 78 20 82.073
61 507 23 53.184
62 135 18 48.680
63 815 51 26.430
64 42 39 86.958
65 595 53 31.753
66 478 43 2.142
67 1419 35 10.817
68 808 23 63.312
69 1257 54 17.970
70 969 22 34.379
71 734 53 43.966
72 944 5 43.159
73 3 55 31.324
74 795 53 8.051
75 773 21 98.926
76 140 15 86.451
77 641 19 21.582
78 99 35 22.757
79 130 2 13.350
80 1036 9 40.221
81 800 7 71.854
82 1317 25 78.898
83 1428 48 7.500
84 1415 10 51.701
85 587 58 7.872
86 122 14 34.833
87 353 51 78.451
88 807 59 52.558
89 1119 31 54.043
90 1240 2 3.157
91 1014 9 30.837
92 1064 10 31.239
93 521 35 24.646
94 941 9 79.139
95 60 13 99.520
96 113 60 39.661
97 1123 49 37.204
98 134 44 25.541
99 1006 22 59.474
100 1236 55 16.742
101 324 6 56.358
102 974 54 32.444
103 166 42 58.765
104 641 44 82.180
105 527 37 48.318
106 930 15 20.807
107 300 26 10.177
108 1037 4 25.560
109 553 8 30.914
110 43 57 64.568
111 759 35 55.756
112 381 4 48.713
113 19 40 97.191
114 1198 5 23.265
115 746 5 13.873
116 355 47 43.185
117 1010 2 19.258
118 1319 54 55.602
119 85 46 80.284
120 684 42 64.321
121 1346 20 13.235
122 1075 58 64.047
123 1113 2 23.686
124 276 8 63.862
125 1276 14 61.533
126 1439 11 0.969
127 1050 56 99.162
128 380 11 87.903
129 377 5 45.634
130 594 2 15.776
131 1133 42 62.966
132 1189 22 86.054
133 150 52 14.493
134 246 22 0.559
135 485 55 2.028
136 445 43 86.567
137 151 16 59.231
138 569 45 67.863
139 488 20 10.000
140 555 52 45.727
141 849 17 91.644
142 1072 54 29.525
143 863 23 35.513
144 363 31 56.567
145 1186 22 74.324
146 281 49 38.869
147 149 27 51.908
148 789 44 85.785
149 124 25 87.295
150 514 32 76.230