150
1 143 56 92.609
2 842 18 71.954
3 893 21 11.346
4 785 36 56.683
5 142 42 29.372
6 862 26 59.729
7 775 59 44.100
8 342 2 31.599
9 1160 19 80.671
10 1102 8 83.170
11 1379 18 95.436
12 863 54 71.877
13 1392 22 20.622
14 202 16 70.984
15 949 26 1.687
16 108 55 16.596
17 359 29 77.238
18 271 56 72.317
19 683 40 88.418
20 490 52 23.668
21 500 22 46.624
22 736 21 65.787
23 753 16 85.579
24 51 53 63.727
25 1200 16 61.798
26 449 8 42.788
27 1171 7 92.149
28 284 53 65.993
29 1093 55 43.454
30 810 10 90.747
31 25 24 1.101
32 1139 32 92.354
33 222 12 82.848
34 653 13 87.243
35 862 43 73.517
36 931 18 88.054
37 142 42 8.450
38 410 45 70.830
39 1348 30 48.571
40 122 35 76.076
41 589 31 22.195
42 1059 39 49.281
43 719 25 82.647
44 1215 39 4.327
45 803 6 94.508
46 335 33 24.775
47 144 11 71.130
48 1071 46 32.248
49 392 21 26.591
50 1067 35 84.965
51 1020 11 18.304
52 147 6 92.682
53 167 44 86.441
54 804 53 23.286
55 663 35 32.779
56 1142 29 86.382
57 130 59 89.375
58 328 15 82.853
59 28 29 74.409
60 423 23 49.530
61 320 13 56.736
62 572 30 85.727
63 353 22 64.805
64 1207 50 50.456
65 988 22 97.805
66 1191 53 60.191
67 1384 27 59.433
68 1267 33 35.776
69 1081 18 3.668
70 305 22 85.236
71 1348 12 54.057
72 1287 23 93.585
73 434 6 21.793
74 1206 19 27.211
75 83 59 15.810
76 1198 34 95.366
77 613 55 40.872
78 1131 52 13.121
79 686 12 41.084
80 446 4 5.379
81 135 46 69.594
82 822 32 58.140
83 483 51 85.796
84 810 21 16.903
85 269 34 9.449
86 1187 3 52.650
87 818 28 52.949
88 189 13 60.819
89 772 49 85.577
90 1284 7 76.605
91 536 36 57.665
92 150 38 46.641
93 1000 56 63.710
94 221 49 71.619
95 597 38 16.515
96 33 45 90.190
97 599 39 69.265
98 927 45 47.884
99 867 14 4.493
100 726 2 63.613
101 1254 24 34.581
102 1183 33 0.862
103 1145 13 9.263
104 564 40 83.117
105 662 18 8.767
106 633 53 36.101
107 1205 44 40.310
108 773 41 93.855
109 838 60 93.232
110 196 2 64.488
111 625 31 71.619
112 85 58 79.831
113 778 5 98.773
114 1007 38 35.968
115 1072 43 41.091
116 823 34 45.260
117 354 60 8.115
118 161 55 69.381
119 217 14 86.121
120 751 1 67.529
121 906 55 79.948
122 800 15 93.249
123 16 17 83.332
124 1199 53 89.328
125 905 38 19.008
126 118 11 23.175
127 1064 9 6.899
128 466 40 94.155
129 891 7 62.087
130 303 5 84.277
131 461 49 8.794
132 813 38 51.041
133 274 51 82.390
134 382 13 33.963
135 954 50 9.531
136 1366 42 61.167
137 840 22 44.626
138 885 32 65.067
139 909 3 62.810
140 1267 39 50.197
141 104 15 31.036
142 822 26 31.239
143 575 52 13.946
144 393 23 78.405
145 458 48 90.531
146 640 38 69.224
147 806 58 66.388
148 1055 28 85.444
149 1203 31 71.892
150 168 12 96.736