150
1 991 8 6.593
2 1428 47 75.108
3 963 12 79.482
4 764 12 92.889
5 181 30 87.296
6 1233 55 33.573
7 1133 29 74.591
8 602 49 40.604
9 176 57 73.431
10 616 26 3.503
11 203 41 5.616
12 97 47 61.781
13 858 30 72.729
14 155 9 4.848
15 526 4 65.907
16 105 1 72.612
17 1420 11 71.109
18 774 10 24.926
19 875 57 22.246
20 1129 24 18.260
21 464 5 37.633
22 1411 4 61.012
23 101 27 26.789
24 1110 8 29.316
25 97 36 45.560
26 81 44 96.098
27 213 14 1.038
28 28 14 67.721
29 97 43 59.475
30 1263 33 5.057
31 651 17 45.065
32 659 24 72.061
33 329 48 61.166
34 1313 15 8.357
35 912 20 32.147
36 827 3 55.370
37 1291 30 50.738
38 790 20 8.059
39 1332 8 83.330
40 665 42 47.989
41 798 12 18.226
42 659 32 24.276
43 528 29 61.399
44 147 12 8.469
45 1212 29 53.242
46 1214 27 51.256
47 604 2 31.432
48 179 24 44.924
49 659 11 49.091
50 1131 33 92.635
51 1345 49 66.741
52 1412 47 35.845
53 851 26 66.739
54 1416 56 15.178
55 1171 14 43.644
56 136 19 81.580
57 592 42 14.716
58 256 22 62.174
59 576 39 64.889
60 456 9 11.327
61 425 34 75.866
62 829 14 20.779
63 442 5 73.821
64 1368 38 14.033
65 889 45 7.387
66 1074 38 45.930
67 884 58 68.011
68 168 51 91.188
69 503 7 31.755
70 231 35 98.118
71 299 23 71.254
72 1048 15 32.995
73 80 43 34.315
74 724 37 60.988
75 1362 4 12.025
76 1114 57 5.292
77 739 55 91.972
78 572 12 82.229
79 836 17 39.950
80 503 51 16.897
81 1044 17 27.412
82 286 24 19.242
83 1270 16 56.948
84 1376 24 80.393
85 1127 30 50.106
86 285 23 57.445
87 256 28 7.705
88 1260 51 6.763
89 43 52 9.317
90 961 10 95.459
91 338 58 57.057
92 47 37 86.554
93 344 37 45.279
94 1134 39 34.239
95 298 15 45.611
96 1106 48 91.120
97 836 41 32.840
98 1429 39 68.476
99 63 26 65.742
100 809 54 72.274
101 915 3 80.108
102 784 20 67.833
103 22 33 39.486
104 713 43 54.872
105 1377 53 99.860
106 596 6 85.802
107 1010 27 66.893
108 72 60 63.377
109 634 20 47.658
110 151 18 10.269
111 808 27 43.967
112 673 42 3.009
113 1298 47 57.168
114 805 9 2.079
115 1219 47 63.247
116 641 60 47.583
117 1394 39 21.605
118 1282 57 66.486
119 870 37 58.180
120 1140 19 52.983
121 96 3 22.494
122 964 17 46.780
123 169 20 11.020
124 1108 1 84.504
125 49 43 77.200
126 38 9 52.425
127 349 39 89.466
128 307 56 52.145
129 1292 31 55.908
130 684 20 6.350
131 639 15 34.173
132 333 33 72.331
133 831 26 18.284
134 1028 38 2.721
135 1092 5 1.629
136 333 54 20.971
137 1415 39 40.742
138 14 47 69.396
139 945 46 77.811
140 670 38 78.865
141 585 51 1.072
142 1252 16 42.619
143 1027 19 92.015
144 385 51 19.762
145 558 12 13.347
146 379 16 14.675
147 571 56 39.381
148 1312 31 40.085
149 313 41 6.150
150 51 8 37.528