150
1 1144 53 96.554
2 581 20 36.518
3 238 21 28.859
4 705 43 89.576
5 936 1 46.200
6 1229 59 78.947
7 326 45 8.862
8 917 12 59.495
9 1364 20 28.099
10 555 51 55.587
11 507 38 79.926
12 511 28 79.919
13 943 35 27.219
14 1058 10 5.665
15 847 11 13.014
16 113 39 40.017
17 678 28 73.433
18 8 5 54.464
19 187 17 59.135
20 1056 45 28.486
21 285 20 7.406
22 1131 9 7.201
23 1195 31 96.687
24 161 25 50.265
25 174 42 18.349
26 1151 20 34.713
27 931 56 39.556
28 298 6 88.869
29 1383 34 69.745
30 443 56 58.222
31 264 13 87.718
32 247 28 11.409
33 1358 4 78.743
34 1237 5 81.966
35 603 20 23.518
36 795 46 31.266
37 772 53 3.258
38 865 58 68.192
39 583 50 42.902
40 1011 22 82.121
41 288 12 84.451
42 1077 36 55.126
43 866 57 3.273
44 280 8 70.325
45 487 55 11.849
46 984 57 56.574
47 467 16 22.109
48 443 1 69.359
49 1309 51 23.259
50 112 54 53.062
51 485 31 66.708
52 237 12 70.134
53 140 23 1.376
54 650 7 60.932
55 658 21 85.720
56 850 57 46.075
57 76 26 50.122
58 408 24 0.806
59 373 41 13.436
60 250 47 41.666
61 694 39 98.680
62 1182 45 62.481
63 1243 6 28.625
64 295 45 77.320
65 341 40 67.595
66 275 9 28.172
67 1431 3 65.628
68 301 20 89.915
69 233 27 83.006
70 49 28 67.395
71 497 21 67.132
72 465 58 29.593
73 648 53 81.018
74 1041 29 61.198
75 120 27 66.373
76 738 54 51.312
77 185 25 99.877
78 828 24 88.613
79 1108 17 94.442
80 492 47 88.524
81 374 60 66.565
82 690 55 51.578
83 524 59 93.928
84 1384 47 92.284
85 756 7 40.398
86 585 15 44.281
87 728 7 54.746
88 1401 34 37.617
89 474 8 97.030
90 1321 16 55.571
91 467 58 73.282
92 575 38 29.801
93 1245 53 32.877
94 1005 7 14.972
95 980 55 94.359
96 1403 40 55.783
97 451 41 41.611
98 493 38 76.210
99 1080 4 25.711
100 364 34 43.582
101 1275 17 76.871
102 641 2 60.108
103 512 43 60.396
104 148 32 19.813
105 828 38 26.841
106 481 47 94.843
107 135 59 44.485
108 378 43 17.012
109 538 13 89.285
110 431 31 49.060
111 494 36 44.237
112 361 24 31.546
113 302 32 82.217
114 128 56 32.313
115 353 34 66.341
116 805 16 25.424
117 964 34 63.027
118 988 18 15.926
119 199 13 1.845
120 1320 23 86.424
121 962 15 46.385
122 1432 19 34.411
123 1418 20 85.437
124 427 49 74.912
125 116 35 68.203
126 261 30 85.318
127 44 13 21.243
128 243 11 88.676
129 1433 55 2.129
130 946 25 30.498
131 683 19 38.146
132 994 47 83.683
133 1324 16 90.347
134 863 57 60.126
135 189 48 58.513
136 783 30 63.079
137 991 23 80.794
138 92 54 26.865
139 287 4 45.021
140 80 16 5.673
141 498 43 73.596
142 678 20 7.356
143 567 18 18.332
144 943 2 19.851
145 1378 33 1.656
146 440 49 76.451
147 581 60 42.467
148 657 32 31.720
149 112 31 68.890
150 1166 43 67.565