150
1 365 26 40.647
2 1169 25 3.902
3 231 8 43.814
4 1369 8 38.035
5 169 43 16.796
6 1240 48 70.847
7 642 45 1.022
8 1139 19 86.331
9 25 29 5.524
10 664 22 92.145
11 1206 1 63.454
12 1252 47 83.737
13 1231 56 72.862
14 623 20 62.220
15 780 5 79.926
16 28 21 82.409
17 1051 54 96.628
18 35 2 37.584
19 969 15 20.617
20 173 25 90.259
21 1359 58 86.036
22 421 59 74.528
23 1299 49 88.707
24 1085 57 70.156
25 181 11 35.130
26 456 2 1.148
27 814 52 19.144
28 818 37 19.840
29 437 6 41.155
30 653 18 14.543
31 786 12 34.593
32 1128 2 16.219
33 471 50 78.250
34 1096 10 7.007
35 181 32 77.790
36 616 47 91.990
37 799 22 3.245
38 314 34 97.807
39 57 34 0.042
40 483 54 37.724
41 376 38 74.993
42 784 59 69.452
43 56 47 2.753
44 1069 16 75.534
45 616 57 98.056
46 1111 18 97.746
47 1386 19 85.051
48 597 21 83.188
49 1179 47 93.832
50 1336 49 30.892
51 1399 16 38.884
52 528 59 21.676
53 49 9 53.152
54 1382 27 64.909
55 1254 27 79.342
56 1239 1 85.040
57 1376 30 44.911
58 1293 46 51.116
59 77 39 63.031
60 903 41 46.732
61 123 41 67.641
62 1051 40 18.873
63 196 11 75.629
64 743 56 84.992
65 1081 30 29.361
66 499 36 48.164
67 1067 50 94.981
68 1188 38 1.618
69 520 11 11.617
70 651 13 76.498
71 1422 17 94.072
72 659 8 55.909
73 983 3 19.343
74 1015 50 32.154
75 859 41 79.460
76 1220 55 47.568
77 537 51 46.899
78 725 24 99.556
79 778 42 98.282
80 83 23 55.074
81 1092 30 70.045
82 174 44 53.414
83 239 6 26.554
84 158 25 10.758
85 765 7 39.388
86 591 10 91.627
87 164 29 28.984
88 1028 11 46.709
89 351 35 18.875
90 412 43 6.524
91 613 47 55.537
92 671 39 12.740
93 344 28 79.507
94 1142 4 51.040
95 23 20 75.990
96 1239 2 30.823
97 1039 59 81.355
98 1081 45 22.705
99 1418 54 58.881
100 1036 14 84.637
101 563 24 84.767
102 473 9 16.909
103 1051 27 19.168
104 1436 33 41.692
105 711 36 21.407
106 509 58 98.865
107 1368 38 65.347
108 1283 10 6.580
109 622 11 28.216
110 1181 11 48.216
111 388 19 77.465
112 789 23 44.475
113 888 23 97.480
114 1233 19 14.707
115 159 33 77.809
116 606 21 47.921
117 405 34 2.738
118 707 39 16.551
119 959 53 51.439
120 1037 4 57.344
121 1422 27 15.005
122 638 22 51.362
123 1360 19 62.633
124 928 40 27.776
125 331 49 39.155
126 1304 19 3.718
127 773 30 87.899
128 899 8 31.311
129 561 9 96.768
130 1121 1 22.372
131 1385 20 50.758
132 785 23 93.761
133 1193 43 18.053
134 359 43 16.616
135 1316 43 96.682
136 177 21 26.215
137 1066 37 50.805
138 597 45 15.614
139 1109 36 75.282
140 1093 31 28.541
141 1069 18 57.291
142 810 57 50.930
143 285 23 63.623
144 986 17 22.479
145 542 35 28.873
146 1166 43 92.481
147 977 36 80.541
148 372 20 24.238
149 372 33 82.525
150 242 27 44.649