150
1 1157 25 70.860
2 1333 17 99.638
3 298 55 22.101
4 32 37 65.444
5 374 31 20.671
6 544 49 38.361
7 1338 47 49.230
8 558 20 25.233
9 1159 21 26.730
10 282 22 46.802
11 315 45 2.169
12 446 1 30.087
13 541 1 23.206
14 1117 60 97.595
15 541 45 90.645
16 562 16 39.413
17 474 18 18.500
18 1423 47 8.371
19 1269 58 81.541
20 1390 6 64.586
21 63 47 81.518
22 1195 31 73.803
23 1098 45 82.580
24 1005 27 30.647
25 670 20 16.324
26 1252 60 13.836
27 649 36 10.581
28 38 18 54.800
29 245 7 8.669
30 305 12 58.150
31 1244 57 56.076
32 981 8 7.701
33 785 6 72.403
34 640 44 8.044
35 1253 9 21.093
36 1237 19 40.805
37 1431 10 37.026
38 1437 59 84.636
39 258 22 58.079
40 1434 49 10.720
41 808 59 22.388
42 1431 18 23.940
43 728 53 53.023
44 595 41 99.764
45 1063 2 10.000
46 130 15 5.299
47 961 29 85.029
48 92 13 46.514
49 615 42 86.587
50 1351 28 84.715
51 1371 34 82.308
52 1195 45 95.851
53 687 31 22.155
54 825 52 94.569
55 566 37 90.050
56 1337 54 23.101
57 260 30 88.118
58 176 7 92.684
59 91 41 29.785
60 1195 10 49.260
61 224 38 5.420
62 268 44 38.517
63 949 12 61.810
64 80 22 8.816
65 475 50 48.597
66 761 16 7.831
67 250 16 41.630
68 500 37 23.867
69 190 51 18.746
70 244 11 90.158
71 830 28 2.717
72 793 8 19.484
73 1433 13 67.956
74 74 8 67.168
75 318 31 72.692
76 1343 15 42.347
77 473 7 76.526
78 45 8 98.622
79 217 29 96.176
80 647 23 13.936
81 497 48 54.313
82 1396 54 56.656
83 455 26 58.920
84 60 13 3.263
85 8 2 50.327
86 280 55 87.689
87 959 1 81.518
88 1341 37 11.618
89 791 45 29.006
90 712 4 54.972
91 1345 14 61.102
92 988 6 48.963
93 1297 50 74.532
94 244 56 87.086
95 127 53 91.311
96 190 13 53.212
97 1189 4 47.945
98 1411 27 36.461
99 532 22 95.003
100 1351 13 17.135
101 113 11 0.142
102 1075 25 16.519
103 84 52 59.390
104 1131 45 32.716
105 1343 36 59.418
106 998 16 32.366
107 957 33 9.435
108 397 30 47.541
109 60 14 73.346
110 643 45 82.343
111 1290 7 76.139
112 973 35 82.551
113 720 11 87.953
114 1093 18 37.956
115 1012 1 35.184
116 52 5 19.318
117 600 19 7.211
118 1306 35 10.874
119 1119 47 21.778
120 343 43 69.176
121 1225 27 25.808
122 1386 60 65.676
123 1234 19 19.064
124 700 2 15.782
125 499 55 93.142
126 1389 15 12.234
127 883 47 22.982
128 55 28 58.732
129 1382 27 95.541
130 715 2 28.603
131 377 17 9.107
132 534 19 56.825
133 364 39 15.137
134 1060 23 92.437
135 241 21 1.205
136 93 19 27.150
137 1311 29 90.286
138 556 7 93.641
139 464 38 14.252
140 727 32 50.253
141 668 19 74.891
142 1016 26 34.992
143 148 54 85.552
144 1406 3 56.811
145 1018 30 10.828
146 730 35 46.689
147 818 37 75.422
148 209 14 81.176
149 270 59 62.799
150 1039 24 52.683