150
1 1278 45 16.586
2 1411 41 85.644
3 1438 15 94.492
4 220 33 58.005
5 1412 53 67.470
6 1372 55 57.227
7 1424 48 68.892
8 1167 54 72.909
9 1131 28 36.012
10 1402 43 82.296
11 983 7 9.067
12 596 23 59.130
13 953 5 36.187
14 244 46 45.331
15 252 32 72.675
16 51 34 80.234
17 750 13 26.685
18 1136 1 65.919
19 1207 33 18.115
20 683 54 66.702
21 891 37 23.329
22 473 1 16.965
23 856 19 32.756
24 68 7 48.784
25 308 18 25.418
26 1029 34 23.452
27 715 43 41.930
28 1003 11 33.951
29 920 11 50.583
30 1326 57 57.444
31 1316 13 23.503
32 1213 4 60.511
33 1064 5 68.410
34 604 46 9.114
35 541 5 38.049
36 203 6 13.436
37 1269 13 94.398
38 321 8 31.158
39 485 26 64.717
40 935 32 9.568
41 116 12 86.479
42 986 24 8.654
43 632 25 41.066
44 10 56 59.753
45 264 13 34.746
46 813 7 2.789
47 123 25 23.035
48 204 42 40.095
49 47 55 55.592
50 890 8 36.297
51 25 35 56.310
52 340 36 73.000
53 588 6 94.989
54 365 3 15.349
55 329 48 77.258
56 1162 5 38.967
57 1029 15 8.868
58 652 24 57.214
59 349 12 14.595
60 508 10 74.601
61 1230 45 23.006
62 499 17 58.605
63 779 60 38.623
64 1299 40 22.304
65 253 57 27.325
66 1434 59 93.509
67 509 45 48.749
68 25 27 63.318
69 713 5 9.534
70 162 34 25.805
71 1092 59 84.959
72 873 35 37.171
73 242 15 3.488
74 685 6 72.154
75 428 35 52.355
76 166 21 54.474
77 611 50 33.584
78 975 10 23.764
79 46 57 65.555
80 292 46 28.852
81 1229 60 41.569
82 122 9 91.501
83 63 21 76.573
84 926 35 44.092
85 1375 16 86.031
86 273 57 97.738
87 691 25 93.773
88 895 60 42.244
89 139 17 51.277
90 895 56 1.938
91 510 58 25.493
92 451 50 95.557
93 1151 18 96.384
94 320 19 28.228
95 867 60 74.500
96 552 50 36.453
97 183 20 69.326
98 1322 32 97.549
99 935 2 44.702
100 1104 40 27.734
101 730 29 31.518
102 559 31 80.493
103 969 2 16.921
104 1188 59 45.983
105 1341 28 84.604
106 216 18 96.461
107 96 45 15.645
108 701 54 75.456
109 140 58 67.129
110 308 58 58.969
111 359 35 39.327
112 377 36 35.711
113 644 42 42.289
114 93 45 43.308
115 63 19 95.550
116 301 39 19.626
117 1148 52 73.409
118 1384 44 44.217
119 1412 60 43.507
120 274 44 19.965
121 853 24 57.274
122 226 51 58.773
123 14 49 54.239
124 633 3 20.295
125 761 20 22.883
126 885 10 99.146
127 671 20 10.622
128 187 41 60.674
129 936 49 79.462
130 147 20 29.210
131 578 52 85.881
132 948 21 86.327
133 66 51 10.777
134 378 45 23.429
135 478 39 49.527
136 1125 59 69.824
137 1052 57 47.617
138 200 58 24.433
139 489 29 76.825
140 823 49 14.387
141 537 40 55.974
142 645 14 25.511
143 361 25 97.381
144 394 59 33.666
145 574 22 85.425
146 946 28 79.786
147 313 31 92.670
148 1241 59 21.134
149 838 4 12.429
150 1173 33 64.805