150
1 357 15 34.871
2 170 18 77.965
3 1182 31 83.751
4 79 60 23.270
5 320 11 61.086
6 401 31 30.626
7 1364 58 72.566
8 923 16 90.817
9 1432 42 93.880
10 1192 10 89.886
11 703 17 20.661
12 1033 40 58.248
13 1362 16 37.758
14 988 22 48.753
15 543 14 16.022
16 1426 22 95.972
17 1392 17 3.533
18 103 44 23.561
19 926 27 52.268
20 632 47 5.412
21 980 21 63.152
22 1023 46 87.070
23 441 3 95.309
24 996 54 60.949
25 318 22 29.249
26 802 10 7.448
27 663 9 45.728
28 1439 19 17.355
29 1120 56 60.546
30 830 55 73.839
31 347 3 47.959
32 62 40 72.890
33 251 50 44.680
34 314 3 2.401
35 274 21 54.217
36 839 43 45.804
37 449 4 52.167
38 155 28 96.345
39 1103 60 37.842
40 901 6 68.993
41 1280 59 78.155
42 1138 46 37.058
43 954 25 85.908
44 1066 46 40.284
45 31 48 34.182
46 1322 14 78.222
47 1369 21 6.431
48 544 29 36.034
49 1333 47 3.480
50 635 58 95.184
51 506 53 91.566
52 934 16 75.669
53 159 48 15.325
54 1377 45 54.351
55 356 33 4.921
56 1296 58 88.164
57 773 30 84.036
58 632 16 27.334
59 1084 43 21.269
60 246 3 87.843
61 1361 36 74.115
62 1030 22 98.238
63 957 13 38.874
64 512 50 92.400
65 975 58 78.900
66 461 11 4.854
67 949 23 24.517
68 635 11 72.750
69 783 27 28.108
70 942 54 2.087
71 641 49 41.309
72 299 35 59.152
73 258 33 72.612
74 145 55 7.185
75 950 19 86.932
76 1125 33 78.851
77 806 33 9.794
78 723 30 66.578
79 334 39 32.575
80 511 45 21.389
81 1238 34 98.108
82 563 21 64.704
83 502 17 5.475
84 1256 47 92.310
85 1060 25 84.983
86 872 29 53.387
87 451 58 18.766
88 263 23 50.029
89 1160 52 86.088
90 1262 12 27.977
91 1013 41 1.519
92 1201 42 87.567
93 1417 59 53.328
94 697 58 23.590
95 326 24 38.251
96 1388 31 34.641
97 1119 23 29.886
98 666 11 81.147
99 1135 35 40.772
100 1373 59 9.253
101 1174 39 69.918
102 1415 54 14.935
103 1046 23 45.133
104 1157 24 97.624
105 1010 16 49.126
106 268 43 81.677
107 198 2 13.235
108 1153 41 92.250
109 1232 35 94.077
110 508 40 13.478
111 289 20 96.575
112 184 16 44.749
113 760 45 4.019
114 1266 42 23.052
115 90 47 68.527
116 299 25 99.910
117 236 2 97.292
118 642 4 77.115
119 127 20 96.981
120 347 19 3.693
121 98 51 86.876
122 351 6 0.972
123 845 24 33.320
124 1007 59 3.286
125 1325 36 88.312
126 446 36 4.091
127 860 18 19.012
128 660 34 83.483
129 559 49 42.524
130 546 23 30.221
131 241 7 57.135
132 668 3 48.114
133 828 20 51.997
134 1311 52 92.564
135 138 31 87.087
136 1253 8 77.368
137 577 12 67.703
138 1040 25 75.824
139 966 25 45.325
140 331 46 72.816
141 501 48 95.332
142 1075 55 93.776
143 1176 52 62.604
144 1052 11 32.093
145 999 46 7.063
146 620 53 42.611
147 280 31 45.031
148 628 52 74.315
149 1424 31 50.338
150 697 16 51.341