150
1 37 45 43.894
2 933 21 75.342
3 946 25 36.063
4 566 35 47.323
5 1093 20 89.779
6 291 38 48.265
7 200 16 1.680
8 480 26 50.807
9 760 34 45.018
10 13 1 86.861
11 879 53 28.868
12 646 44 60.352
13 1098 9 43.492
14 1177 27 89.991
15 1376 20 97.855
16 1180 5 25.115
17 1202 42 91.473
18 203 51 24.920
19 85 45 48.390
20 558 55 87.784
21 523 27 62.283
22 1056 51 69.298
23 1426 4 14.611
24 940 49 48.264
25 159 53 89.751
26 893 16 35.842
27 519 51 83.653
28 703 23 16.922
29 1032 37 31.941
30 131 4 28.774
31 820 60 93.587
32 461 26 66.843
33 203 60 19.932
34 854 22 87.757
35 668 42 20.637
36 974 46 26.111
37 496 40 73.712
38 868 10 69.814
39 446 33 19.192
40 632 29 95.422
41 553 33 27.029
42 1295 30 46.704
43 184 25 36.737
44 1269 51 82.385
45 114 14 23.798
46 1163 16 61.247
47 259 40 10.409
48 1407 22 72.020
49 1364 57 98.039
50 90 24 39.895
51 456 42 53.670
52 1321 16 73.118
53 232 30 83.917
54 1190 4 52.846
55 299 54 54.990
56 1073 9 52.007
57 103 12 61.227
58 1306 48 69.641
59 26 14 18.678
60 1345 32 74.120
61 665 28 14.094
62 1213 31 47.243
63 1355 32 39.929
64 49 25 96.503
65 1112 37 13.159
66 579 50 65.089
67 248 36 34.294
68 1365 12 94.935
69 908 59 63.281
70 664 34 13.808
71 1220 34 50.211
72 411 53 65.000
73 967 4 23.304
74 807 54 38.569
75 260 16 25.252
76 253 50 38.125
77 595 7 14.457
78 1412 18 63.078
79 220 57 7.048
80 418 6 91.416
81 1039 39 27.022
82 797 28 65.431
83 120 53 47.038
84 299 1 10.502
85 121 50 69.173
86 196 22 44.897
87 32 4 90.965
88 1303 37 8.124
89 148 8 98.463
90 1137 52 92.117
91 93 24 19.520
92 545 9 95.783
93 308 59 77.925
94 1113 11 53.851
95 1083 57 52.259
96 384 57 78.933
97 49 52 30.382
98 128 16 91.161
99 975 44 78.928
100 1135 38 13.440
101 919 59 87.606
102 1093 58 99.283
103 1131 14 28.309
104 669 20 48.470
105 1142 53 79.105
106 1173 8 44.272
107 353 38 3.763
108 1262 52 89.543
109 702 27 7.893
110 1102 14 1.203
111 293 41 72.663
112 89 11 50.795
113 759 60 51.778
114 1360 7 63.963
115 1186 32 93.110
116 112 38 10.290
117 201 5 25.885
118 443 59 80.513
119 637 13 48.574
120 1007 23 10.968
121 1260 16 60.983
122 1426 9 31.380
123 325 2 58.690
124 461 1 47.913
125 728 7 19.070
126 1395 49 93.918
127 1209 56 35.741
128 1139 9 1.503
129 176 43 13.983
130 271 5 75.654
131 1362 54 42.815
132 332 48 41.082
133 1010 1 75.632
134 234 41 3.249
135 568 19 79.102
136 1229 24 96.710
137 154 56 10.762
138 617 55 12.941
139 609 6 44.396
140 435 60 15.540
141 165 44 14.238
142 376 2 75.311
143 1203 55 40.248
144 44 36 78.664
145 821 36 53.022
146 1361 30 58.126
147 937 21 94.357
148 866 34 26.080
149 407 24 38.149
150 1295 41 33.715