150
1 162 27 72.127
2 751 52 79.319
3 1353 50 25.504
4 338 56 86.010
5 418 54 9.398
6 80 50 67.112
7 664 8 48.040
8 399 20 30.136
9 367 22 28.753
10 744 24 8.851
11 49 6 35.180
12 556 48 40.254
13 472 14 82.006
14 134 3 80.379
15 982 19 74.214
16 774 49 83.890
17 581 47 27.117
18 201 58 27.914
19 1415 34 39.687
20 325 59 83.452
21 352 9 4.437
22 113 56 87.869
23 828 58 32.378
24 748 11 7.028
25 69 44 53.441
26 72 29 20.406
27 333 1 4.678
28 1021 19 87.423
29 1330 2 54.040
30 1017 5 64.179
31 58 39 76.563
32 1399 42 98.946
33 662 46 6.790
34 120 53 90.231
35 1195 44 61.798
36 44 10 5.118
37 774 10 13.341
38 1187 50 36.411
39 779 21 56.844
40 1196 27 82.419
41 185 18 18.404
42 1236 18 62.479
43 127 57 21.842
44 1252 55 61.118
45 242 60 55.428
46 975 56 17.758
47 1392 57 51.295
48 224 34 46.507
49 89 38 30.752
50 13 35 86.288
51 891 20 57.363
52 174 15 6.892
53 1065 40 42.248
54 1286 29 11.717
55 401 42 74.236
56 877 56 89.417
57 853 55 71.674
58 738 38 2.842
59 244 53 17.391
60 1249 40 32.889
61 711 49 80.068
62 898 9 35.086
63 961 54 7.353
64 1082 2 9.105
65 309 12 43.784
66 518 58 19.580
67 157 27 3.771
68 774 54 96.145
69 162 58 91.201
70 777 49 73.255
71 1133 9 72.053
72 1346 46 67.476
73 1386 3 53.816
74 824 60 38.207
75 92 22 87.582
76 1262 28 72.380
77 338 5 44.100
78 106 58 63.308
79 86 22 31.519
80 628 48 96.019
81 1209 40 55.599
82 1167 21 35.272
83 320 6 32.214
84 286 9 27.710
85 193 14 31.565
86 280 59 94.166
87 204 41 13.728
88 1307 58 89.927
89 633 24 99.322
90 209 27 20.493
91 894 10 23.690
92 198 60 36.231
93 878 33 8.071
94 793 49 38.219
95 1016 20 40.359
96 575 54 18.657
97 821 60 88.835
98 647 38 81.917
99 1310 1 7.959
100 674 1 59.489
101 238 39 33.937
102 419 34 34.143
103 529 48 6.005
104 1001 25 85.600
105 64 45 42.311
106 438 51 35.570
107 216 7 87.509
108 361 30 25.144
109 341 40 65.041
110 1112 45 82.536
111 215 10 95.522
112 1099 12 26.950
113 1377 2 55.895
114 687 29 23.399
115 1245 16 29.435
116 1193 36 42.007
117 719 52 96.200
118 647 55 31.374
119 129 55 18.491
120 1304 38 53.203
121 737 10 59.767
122 488 41 91.214
123 1011 9 50.977
124 174 31 51.560
125 521 45 25.691
126 236 13 19.475
127 848 48 33.018
128 962 1 15.038
129 1047 38 33.322
130 1095 28 50.619
131 87 21 50.567
132 16 31 18.058
133 1256 31 34.912
134 879 28 71.949
135 957 3 4.978
136 1253 16 49.302
137 626 47 17.369
138 184 16 69.650
139 1004 2 27.076
140 1439 40 39.721
141 322 36 16.871
142 348 19 4.736
143 1081 25 74.607
144 684 4 99.715
145 1186 32 77.037
146 554 16 76.385
147 876 5 60.201
148 692 28 57.717
149 1243 30 57.723
150 491 26 52.340