150
1 454 26 12.546
2 1075 55 54.286
3 747 19 97.673
4 915 41 27.029
5 1237 18 65.505
6 910 55 15.597
7 699 2 49.197
8 718 30 40.471
9 61 8 65.700
10 682 23 89.378
11 1233 55 86.922
12 1338 3 90.322
13 274 14 68.472
14 152 39 71.044
15 820 40 86.112
16 1340 18 99.308
17 707 54 64.008
18 1415 27 37.678
19 1104 45 70.767
20 479 44 76.546
21 540 10 77.928
22 193 3 24.335
23 772 44 36.089
24 1335 23 73.855
25 648 53 51.771
26 1098 13 77.114
27 741 3 22.729
28 727 8 93.574
29 1191 24 49.783
30 360 24 23.373
31 1135 32 99.334
32 386 28 85.284
33 877 56 57.953
34 255 50 93.389
35 474 53 80.306
36 826 23 74.331
37 901 33 15.176
38 165 16 47.784
39 1357 27 64.690
40 825 14 9.858
41 631 58 51.230
42 281 38 70.245
43 1384 44 75.487
44 1219 7 16.613
45 862 5 95.743
46 1225 40 76.815
47 382 15 46.234
48 963 31 71.538
49 1358 13 16.548
50 664 52 69.203
51 1434 42 57.296
52 1376 57 45.218
53 357 22 67.785
54 487 36 52.740
55 1382 53 85.168
56 1136 6 37.781
57 560 58 50.621
58 865 17 34.436
59 332 35 86.112
60 16 42 81.133
61 26 57 62.867
62 315 18 80.504
63 628 49 17.580
64 1435 21 40.953
65 1147 6 63.807
66 1363 2 75.847
67 1011 26 70.373
68 1219 2 44.268
69 1043 59 97.763
70 1194 35 44.371
71 326 22 57.190
72 1041 11 77.857
73 1262 40 31.905
74 316 3 23.214
75 1108 8 1.329
76 297 52 15.161
77 702 39 36.570
78 315 4 26.836
79 1130 19 73.515
80 199 19 16.791
81 1417 48 19.460
82 1365 40 39.360
83 1273 41 0.860
84 847 28 73.435
85 145 25 92.763
86 1275 44 47.232
87 1165 7 1.800
88 1006 19 15.196
89 84 10 8.301
90 1130 1 48.487
91 1311 59 71.488
92 838 19 22.042
93 745 15 62.425
94 1235 36 18.591
95 1235 32 51.435
96 556 31 62.866
97 820 47 31.733
98 128 56 43.580
99 318 13 13.892
100 1282 13 65.305
101 811 22 88.298
102 503 56 57.535
103 1281 43 43.823
104 1352 54 4.266
105 353 26 77.866
106 532 20 56.454
107 318 4 93.620
108 114 44 31.208
109 1275 19 50.913
110 363 39 74.370
111 621 25 0.112
112 655 39 26.616
113 966 25 21.056
114 989 37 33.111
115 601 53 40.326
116 127 15 89.111
117 269 3 65.429
118 217 18 9.962
119 725 53 9.568
120 205 11 78.889
121 577 3 67.009
122 951 44 85.827
123 474 21 67.243
124 439 34 52.231
125 396 57 55.513
126 1321 42 59.707
127 367 30 19.096
128 342 15 1.107
129 913 5 72.284
130 274 50 5.369
131 437 60 91.598
132 843 19 65.238
133 999 22 34.827
134 604 27 51.624
135 1285 7 88.961
136 766 10 20.831
137 34 28 0.759
138 254 47 31.320
139 578 22 98.734
140 386 20 22.101
141 1366 15 72.459
142 62 13 1.107
143 355 59 22.795
144 570 42 19.218
145 82 55 46.858
146 1264 53 36.423
147 1314 15 90.992
148 1193 34 91.868
149 404 1 20.342
150 490 27 34.436