150
1 1297 53 20.852
2 847 41 78.932
3 1218 36 39.758
4 975 48 59.258
5 1396 12 78.715
6 1005 46 83.684
7 759 54 91.762
8 1141 29 15.031
9 108 51 52.618
10 235 54 30.819
11 7 44 75.350
12 235 48 90.192
13 679 4 63.456
14 212 41 86.556
15 449 17 94.783
16 1025 57 15.595
17 406 53 42.128
18 1296 16 47.289
19 338 23 70.748
20 949 37 88.684
21 943 50 37.012
22 1417 57 71.671
23 615 57 85.320
24 1381 46 30.165
25 246 32 30.386
26 650 13 15.591
27 1088 40 62.696
28 1439 23 71.566
29 1161 34 98.163
30 58 12 94.892
31 1189 49 24.926
32 681 30 56.523
33 1407 16 51.523
34 15 8 13.605
35 448 41 71.648
36 870 8 28.460
37 650 16 41.846
38 888 12 50.830
39 312 20 65.251
40 79 36 91.642
41 1068 9 6.928
42 1399 16 66.009
43 946 31 20.694
44 1208 21 14.951
45 446 44 31.053
46 364 59 10.360
47 1340 24 26.415
48 542 24 87.195
49 768 48 69.903
50 1036 9 88.314
51 606 2 57.304
52 782 14 47.156
53 681 26 42.194
54 436 12 13.783
55 754 41 18.412
56 805 58 8.630
57 445 54 92.954
58 267 2 90.403
59 1381 46 22.207
60 1388 59 53.427
61 1001 38 34.047
62 345 35 4.281
63 1169 45 82.737
64 352 39 48.834
65 1018 31 53.240
66 1228 12 2.245
67 106 5 21.260
68 245 46 20.445
69 1055 41 27.916
70 821 32 38.012
71 553 7 73.228
72 928 20 48.128
73 282 8 73.642
74 393 15 9.479
75 996 43 0.680
76 1311 32 71.481
77 1099 17 44.293
78 259 54 97.039
79 576 42 65.053
80 1048 36 78.395
81 1384 59 42.207
82 480 16 59.296
83 1106 27 77.829
84 1025 29 12.616
85 1220 37 91.438
86 1429 35 45.968
87 1300 44 97.515
88 796 51 73.040
89 376 58 4.915
90 976 54 13.630
91 561 60 34.653
92 496 45 22.220
93 135 6 91.439
94 1137 4 36.727
95 364 3 88.900
96 365 42 43.988
97 182 49 70.749
98 1391 25 71.466
99 810 57 9.391
100 596 51 19.624
101 460 26 4.260
102 554 8 6.144
103 1084 54 61.382
104 743 60 6.076
105 359 7 33.630
106 75 15 0.878
107 278 18 46.189
108 383 52 90.799
109 1207 43 31.288
110 1222 20 59.896
111 820 25 37.431
112 1091 9 93.636
113 237 23 71.281
114 156 31 56.829
115 60 29 63.040
116 1170 13 96.790
117 1269 39 68.843
118 1334 49 25.268
119 1004 41 7.063
120 1030 25 64.088
121 155 49 24.286
122 1419 59 29.467
123 4 30 80.390
124 636 55 19.940
125 365 56 52.156
126 565 20 45.608
127 1423 40 24.706
128 1156 42 58.964
129 984 58 37.774
130 882 52 38.761
131 904 27 70.084
132 689 44 77.340
133 414 51 94.474
134 1066 6 57.340
135 496 11 23.536
136 305 10 13.724
137 1262 9 45.335
138 859 30 64.723
139 174 6 27.269
140 624 2 35.619
141 64 37 46.666
142 610 49 36.469
143 498 2 80.065
144 309 39 43.396
145 561 37 69.971
146 100 38 65.664
147 773 6 65.975
148 446 55 21.661
149 1216 28 95.901
150 455 35 4.959