150
1 102 50 82.407
2 1303 43 67.512
3 61 33 0.185
4 358 30 40.113
5 617 20 22.493
6 297 52 18.022
7 469 3 97.081
8 662 10 81.890
9 438 27 48.581
10 353 57 59.669
11 584 46 99.672
12 15 2 45.867
13 123 38 72.766
14 1301 30 70.797
15 848 56 17.303
16 242 24 33.239
17 1265 54 99.509
18 312 7 26.995
19 263 60 20.016
20 144 40 87.667
21 687 52 15.993
22 891 22 38.839
23 112 5 9.229
24 1299 12 48.194
25 619 16 68.891
26 1040 42 23.954
27 1168 53 59.268
28 712 41 5.422
29 1132 49 22.724
30 582 14 71.600
31 1321 33 10.131
32 450 35 50.058
33 56 24 94.020
34 920 45 84.945
35 44 35 62.441
36 52 9 33.104
37 1286 21 10.682
38 986 13 18.695
39 1045 12 37.610
40 589 40 87.807
41 1101 47 11.704
42 1235 18 62.275
43 1077 60 18.445
44 866 40 21.399
45 673 41 42.386
46 893 55 84.641
47 527 57 36.595
48 395 38 56.739
49 288 15 30.923
50 424 37 31.575
51 1073 20 76.188
52 965 25 65.391
53 1040 33 78.254
54 312 42 15.277
55 1214 17 72.228
56 324 1 12.054
57 1093 30 98.217
58 1348 27 56.288
59 611 52 80.546
60 1344 16 85.090
61 1032 35 96.241
62 1128 4 67.777
63 560 36 98.667
64 683 52 16.126
65 153 50 73.023
66 731 46 33.786
67 1273 28 86.408
68 991 3 4.657
69 279 23 59.500
70 1319 23 30.287
71 427 56 69.787
72 1090 22 26.293
73 143 4 98.107
74 880 30 87.021
75 307 18 64.396
76 1062 42 86.770
77 629 57 39.671
78 1373 33 68.612
79 21 14 90.612
80 142 24 10.217
81 646 52 72.021
82 894 26 78.043
83 406 43 99.516
84 1301 39 22.596
85 1198 50 8.304
86 945 31 38.265
87 277 4 41.022
88 119 20 10.706
89 1138 17 91.498
90 732 56 70.828
91 1222 28 24.059
92 1265 33 15.794
93 449 2 61.606
94 469 17 2.295
95 639 7 38.939
96 926 20 35.698
97 1203 51 57.952
98 312 2 72.676
99 1323 6 87.545
100 133 9 76.022
101 200 12 31.705
102 1003 5 50.141
103 512 53 43.683
104 392 3 12.076
105 1147 28 53.684
106 292 43 59.475
107 1262 9 50.925
108 6 46 92.165
109 128 7 98.612
110 787 15 20.392
111 437 19 60.731
112 585 25 72.108
113 1054 28 32.788
114 386 8 86.232
115 96 34 82.186
116 810 47 96.085
117 808 4 47.398
118 310 1 55.273
119 1224 1 16.363
120 426 52 19.131
121 723 29 4.485
122 98 32 66.536
123 1408 6 3.943
124 1342 38 77.323
125 427 56 3.231
126 982 55 70.172
127 1117 10 14.590
128 137 43 78.693
129 643 31 97.191
130 487 58 72.289
131 898 9 84.280
132 526 22 75.753
133 108 3 47.189
134 1151 4 19.874
135 1083 43 99.856
136 11 28 73.971
137 17 31 98.248
138 1370 10 75.643
139 1315 48 15.026
140 332 49 13.831
141 444 21 97.728
142 324 24 1.300
143 1058 24 96.533
144 253 2 33.301
145 345 59 13.838
146 28 7 99.277
147 125 40 67.661
148 308 51 13.602
149 1332 14 36.842
150 97 32 99.762