150
1 597 21 87.745
2 129 15 51.902
3 1122 48 59.018
4 274 39 43.338
5 757 55 35.286
6 1111 19 85.449
7 21 47 34.027
8 552 6 39.764
9 5 5 73.194
10 268 24 65.364
11 1178 32 41.958
12 1228 7 79.166
13 233 25 51.497
14 1402 30 25.182
15 1256 19 90.696
16 322 34 95.591
17 1355 22 7.465
18 656 33 14.228
19 1232 39 22.647
20 228 17 1.959
21 509 29 19.994
22 98 25 69.140
23 40 7 47.062
24 1409 24 70.412
25 1114 22 62.813
26 923 26 40.888
27 1337 7 95.605
28 1274 13 19.376
29 1353 4 15.425
30 1114 13 4.293
31 1240 25 94.274
32 765 28 79.297
33 1005 18 29.079
34 1098 54 61.925
35 844 59 38.337
36 220 54 98.160
37 1016 60 78.785
38 622 46 3.357
39 10 36 45.485
40 668 22 66.132
41 466 58 34.613
42 1171 51 60.579
43 894 5 49.648
44 1291 54 94.710
45 523 4 83.802
46 100 4 13.056
47 834 55 85.798
48 900 37 94.117
49 545 58 82.566
50 20 52 25.120
51 865 37 40.619
52 1106 26 32.202
53 932 31 53.923
54 1279 9 81.596
55 899 17 0.469
56 1245 59 33.559
57 59 39 66.208
58 73 31 66.072
59 407 30 65.319
60 1195 14 4.474
61 610 26 3.710
62 213 2 23.090
63 299 29 18.647
64 12 35 48.783
65 548 14 71.580
66 883 39 54.592
67 822 8 15.855
68 1078 19 35.288
69 1011 49 52.939
70 415 39 57.059
71 90 37 48.091
72 179 46 60.784
73 1332 8 12.837
74 1236 41 78.831
75 477 6 16.548
76 95 29 10.248
77 211 38 6.212
78 986 7 96.443
79 393 1 95.690
80 1021 8 72.271
81 278 12 6.984
82 925 16 24.146
83 744 35 13.480
84 1439 36 17.748
85 711 34 80.383
86 464 41 34.932
87 117 11 66.577
88 1318 7 27.241
89 605 57 43.368
90 1001 9 59.958
91 1284 47 81.908
92 193 50 71.019
93 849 23 40.149
94 1199 51 45.827
95 1267 9 16.619
96 623 53 44.119
97 1096 5 83.443
98 252 14 72.734
99 209 31 25.269
100 484 2 2.803
101 478 47 40.185
102 855 53 69.551
103 547 26 23.783
104 601 59 65.048
105 1122 34 60.933
106 1320 44 93.778
107 69 39 12.222
108 813 16 46.896
109 952 41 66.256
110 1347 3 0.486
111 837 53 63.760
112 971 53 94.712
113 1003 37 1.029
114 381 19 35.258
115 313 5 33.149
116 1111 17 17.034
117 918 45 94.661
118 1391 33 90.736
119 630 49 17.134
120 150 36 46.971
121 1145 37 41.157
122 1241 50 67.706
123 1346 18 9.903
124 139 41 47.924
125 988 58 94.384
126 1391 28 19.671
127 1342 14 19.920
128 24 12 83.278
129 1417 5 36.555
130 706 48 33.942
131 1214 12 65.400
132 831 48 92.335
133 95 52 69.026
134 302 43 96.455
135 47 1 68.532
136 539 38 11.689
137 1388 34 3.671
138 875 44 35.913
139 598 33 92.938
140 1201 51 50.593
141 1207 4 33.274
142 269 51 14.777
143 1427 29 23.078
144 374 14 20.572
145 145 38 88.405
146 3 59 97.882
147 980 50 54.479
148 545 5 25.697
149 921 11 46.169
150 108 24 58.107