150
1 136 8 48.497
2 244 50 17.875
3 549 33 24.056
4 918 12 4.435
5 929 41 74.371
6 1290 31 31.604
7 1410 27 40.429
8 127 28 2.894
9 1033 42 58.640
10 1346 23 95.956
11 1215 18 83.043
12 393 51 72.266
13 1394 7 20.426
14 1347 23 24.326
15 244 49 95.959
16 411 10 3.843
17 1044 34 7.821
18 221 38 29.357
19 801 9 18.001
20 1328 21 24.985
21 1415 50 69.607
22 1438 17 96.769
23 599 46 99.188
24 68 16 93.599
25 1386 35 8.657
26 815 30 26.821
27 32 6 62.305
28 459 58 26.739
29 143 39 91.065
30 409 4 22.537
31 1430 34 99.868
32 1250 28 27.499
33 97 31 15.412
34 1226 17 97.968
35 1435 5 54.044
36 222 29 12.249
37 1136 56 17.175
38 998 6 52.966
39 414 39 79.081
40 330 2 27.816
41 1319 40 55.898
42 1347 57 53.977
43 1229 60 1.688
44 1223 55 95.115
45 198 10 16.010
46 741 2 46.959
47 229 48 88.098
48 149 27 91.826
49 568 17 66.324
50 303 29 47.323
51 987 9 38.538
52 163 40 38.167
53 1065 51 62.397
54 711 1 8.913
55 257 27 98.312
56 1194 5 40.745
57 154 39 79.327
58 874 24 24.311
59 1276 50 96.566
60 213 16 97.713
61 757 18 68.294
62 1331 34 7.687
63 1172 50 44.598
64 274 38 86.368
65 308 32 28.992
66 1098 59 49.381
67 961 37 36.560
68 1101 37 0.857
69 1050 52 16.836
70 1231 20 68.056
71 611 48 57.326
72 734 2 32.522
73 1037 25 87.252
74 919 48 31.118
75 1081 21 35.132
76 632 16 12.225
77 832 48 12.398
78 786 48 15.687
79 1119 1 79.578
80 525 60 22.762
81 364 59 50.840
82 809 4 97.544
83 599 13 31.216
84 1093 59 41.222
85 266 28 0.564
86 484 31 93.801
87 632 7 54.027
88 708 22 35.742
89 18 41 60.254
90 357 1 50.883
91 1270 42 84.758
92 292 42 24.110
93 805 54 20.545
94 291 5 24.865
95 172 32 89.288
96 641 1 76.644
97 188 7 10.224
98 1354 36 66.139
99 535 54 38.679
100 239 39 8.165
101 488 37 37.774
102 767 2 2.660
103 593 50 88.275
104 1391 58 37.805
105 472 43 64.181
106 455 27 77.230
107 401 31 83.634
108 495 35 6.218
109 1258 21 3.415
110 198 40 61.901
111 1151 55 83.042
112 736 52 67.094
113 176 7 67.601
114 721 22 8.471
115 651 22 81.128
116 495 57 64.157
117 1326 48 50.257
118 1274 57 95.258
119 606 4 46.704
120 510 35 87.858
121 577 35 16.378
122 1048 45 17.865
123 435 4 42.180
124 138 53 7.823
125 205 46 6.895
126 195 49 58.996
127 26 26 68.627
128 288 38 45.285
129 500 37 56.342
130 198 57 51.558
131 442 23 19.154
132 419 38 52.212
133 1107 17 97.077
134 1043 57 38.216
135 225 3 37.262
136 125 19 77.273
137 75 4 14.385
138 373 15 38.723
139 738 21 43.796
140 107 30 56.195
141 869 30 7.274
142 1125 60 1.456
143 1086 22 45.046
144 557 7 61.220
145 1141 38 87.248
146 761 47 99.991
147 921 49 0.350
148 593 55 97.554
149 287 19 28.761
150 1338 46 51.736