150
1 341 38 21.870
2 221 41 97.252
3 873 19 51.366
4 945 24 8.778
5 12 33 84.157
6 107 36 60.640
7 1367 40 72.618
8 1434 50 88.330
9 916 31 58.937
10 769 58 90.723
11 975 3 63.140
12 242 42 12.872
13 999 5 74.864
14 406 56 37.149
15 931 32 33.854
16 621 30 65.051
17 865 19 96.276
18 1052 55 75.972
19 293 17 30.016
20 991 26 74.379
21 1156 26 6.015
22 902 34 97.845
23 618 12 6.326
24 103 42 41.658
25 900 38 20.022
26 650 16 2.480
27 1013 38 39.325
28 350 10 22.053
29 1138 34 43.432
30 216 15 85.801
31 758 4 13.931
32 743 23 83.599
33 1102 51 50.578
34 833 29 0.150
35 428 2 18.864
36 263 30 3.502
37 861 45 97.265
38 883 26 52.012
39 934 12 85.093
40 249 1 95.954
41 157 41 94.070
42 502 53 82.698
43 1300 55 72.345
44 683 20 46.257
45 324 60 82.450
46 292 10 25.133
47 768 23 58.782
48 5 24 64.847
49 1366 30 55.089
50 799 3 91.688
51 287 14 13.077
52 40 35 99.107
53 139 52 34.394
54 1027 38 45.984
55 1197 43 37.203
56 23 13 51.840
57 370 26 39.681
58 528 18 72.138
59 1267 22 46.256
60 1112 39 46.265
61 299 30 78.600
62 669 8 85.957
63 1332 40 33.843
64 885 35 48.283
65 188 15 43.773
66 575 39 41.964
67 670 38 67.505
68 657 19 85.250
69 161 12 81.191
70 306 50 70.110
71 398 58 8.258
72 436 38 45.395
73 596 7 74.485
74 221 23 33.863
75 789 36 31.512
76 164 12 31.716
77 1418 23 84.843
78 705 27 9.312
79 717 48 67.198
80 1293 47 5.178
81 865 38 9.507
82 146 59 38.479
83 10 38 96.490
84 862 48 5.139
85 1009 17 28.333
86 439 40 71.444
87 428 47 79.986
88 712 47 96.257
89 1436 2 54.410
90 1202 21 57.593
91 1170 34 56.617
92 74 15 5.877
93 568 31 10.144
94 119 23 6.089
95 1110 39 36.312
96 1198 44 32.600
97 884 34 96.319
98 252 27 24.997
99 1050 4 52.247
100 633 23 48.798
101 1112 14 67.484
102 1404 39 70.687
103 828 11 46.444
104 330 25 83.818
105 961 17 12.098
106 632 6 83.491
107 1375 21 42.414
108 767 18 14.077
109 721 34 62.568
110 220 18 18.811
111 1415 54 55.303
112 1383 56 7.437
113 415 8 33.708
114 903 35 72.956
115 395 5 72.656
116 1019 38 72.258
117 993 12 72.152
118 231 57 96.283
119 1417 27 45.340
120 1283 49 22.910
121 149 17 27.004
122 1239 25 24.062
123 1429 25 93.870
124 527 58 80.696
125 409 30 42.516
126 477 32 30.682
127 1015 22 96.219
128 1160 60 40.311
129 9 31 14.479
130 65 59 58.393
131 1136 15 49.849
132 873 8 84.114
133 1325 53 47.886
134 1031 14 23.992
135 616 40 90.596
136 219 38 95.534
137 466 10 36.707
138 559 17 8.195
139 1152 41 84.557
140 70 24 59.162
141 600 37 28.237
142 136 34 8.853
143 863 2 54.907
144 547 31 9.836
145 1322 52 98.774
146 1221 57 90.313
147 598 37 19.630
148 420 23 89.718
149 34 4 42.869
150 825 16 76.150