150
1 105 6 90.228
2 1273 11 17.088
3 78 8 62.933
4 93 58 99.263
5 882 3 92.542
6 557 16 0.656
7 733 43 90.458
8 1394 40 66.474
9 1004 39 29.321
10 496 53 8.673
11 249 43 13.177
12 269 2 83.535
13 1275 10 71.457
14 501 3 6.508
15 284 60 84.386
16 973 20 22.759
17 39 60 78.085
18 1245 46 67.859
19 1096 40 28.102
20 1013 40 0.121
21 1088 50 60.530
22 685 27 76.611
23 905 59 68.575
24 278 13 74.200
25 1357 55 60.726
26 928 41 83.838
27 179 30 43.596
28 472 29 54.107
29 1277 9 13.812
30 611 53 64.535
31 809 14 44.455
32 791 10 71.890
33 386 32 87.171
34 576 28 37.108
35 1069 10 90.299
36 601 29 80.884
37 43 20 97.320
38 1234 5 73.976
39 877 53 78.381
40 1319 36 46.727
41 145 21 67.408
42 1407 36 58.535
43 1132 28 71.227
44 1355 43 74.057
45 77 33 35.372
46 946 40 18.650
47 1150 9 23.685
48 383 56 58.532
49 1055 27 76.099
50 326 9 31.526
51 152 35 12.061
52 1269 49 19.779
53 1274 34 49.186
54 376 23 22.192
55 1265 49 40.593
56 267 22 6.250
57 1096 53 80.492
58 42 58 16.549
59 1058 56 20.187
60 316 24 25.369
61 408 35 43.835
62 1271 43 49.691
63 309 29 78.308
64 165 33 46.427
65 1170 35 39.425
66 961 48 73.499
67 868 10 18.086
68 455 55 57.404
69 850 14 98.087
70 1167 7 49.485
71 1330 15 19.799
72 252 3 52.892
73 300 54 18.811
74 1122 22 92.312
75 703 28 6.025
76 912 17 52.518
77 1036 52 11.561
78 1003 5 39.359
79 383 34 94.753
80 406 3 98.468
81 633 50 62.622
82 1314 57 99.195
83 543 9 21.788
84 491 26 68.053
85 1150 4 59.979
86 801 7 59.114
87 1372 28 76.264
88 266 6 8.190
89 943 6 20.960
90 223 24 36.405
91 472 47 89.335
92 1300 19 38.474
93 1128 18 53.451
94 8 45 26.386
95 1266 4 3.948
96 499 38 94.121
97 1208 24 48.157
98 502 35 68.222
99 406 30 13.580
100 83 48 25.533
101 1220 58 7.093
102 416 17 92.609
103 463 5 33.533
104 984 55 36.836
105 93 25 82.003
106 1035 17 79.000
107 671 46 52.263
108 667 2 71.437
109 1233 53 69.679
110 447 21 42.790
111 89 11 78.475
112 380 38 87.244
113 963 50 99.538
114 952 27 19.895
115 740 22 70.488
116 501 30 4.441
117 1299 54 28.168
118 187 3 24.421
119 684 38 5.551
120 472 42 8.614
121 933 24 45.490
122 1001 58 12.221
123 297 58 79.135
124 154 54 23.244
125 1111 5 56.168
126 46 1 44.135
127 348 13 1.945
128 1323 2 35.853
129 1014 60 34.255
130 1239 21 52.528
131 556 24 35.355
132 836 34 66.215
133 1280 55 18.944
134 479 17 47.907
135 1126 10 36.605
136 179 50 27.405
137 1078 10 35.972
138 606 14 85.093
139 765 18 84.342
140 590 33 94.738
141 1015 44 51.725
142 1215 4 43.591
143 1326 16 7.127
144 769 8 64.447
145 195 8 63.214
146 125 37 11.313
147 120 40 83.031
148 609 25 40.929
149 1143 57 80.614
150 1064 29 62.293