150
1 1174 6 59.052
2 1248 36 15.709
3 88 14 3.761
4 6 23 80.966
5 1229 9 21.076
6 1188 37 59.975
7 315 46 47.303
8 484 2 74.784
9 897 22 23.273
10 331 15 32.148
11 1369 3 44.898
12 1353 39 49.505
13 751 24 89.670
14 1202 39 3.403
15 563 11 6.263
16 1237 5 39.485
17 467 7 61.554
18 911 14 64.174
19 249 26 13.052
20 200 31 9.316
21 1277 9 4.328
22 1143 21 31.185
23 829 55 12.570
24 680 10 60.182
25 1152 2 31.405
26 1424 35 34.818
27 498 34 4.413
28 1338 40 69.870
29 241 32 59.641
30 1280 25 99.624
31 726 17 17.244
32 764 29 89.210
33 1074 16 1.235
34 672 46 91.969
35 1079 46 16.943
36 138 52 52.712
37 1380 26 17.450
38 282 18 94.808
39 960 56 67.788
40 954 44 10.410
41 574 4 21.561
42 1105 38 80.174
43 1095 36 91.950
44 1102 39 80.484
45 465 31 36.518
46 125 48 48.376
47 640 12 31.303
48 1366 25 91.504
49 317 53 30.986
50 661 17 12.839
51 1425 44 31.561
52 359 20 71.553
53 1037 55 66.118
54 1360 40 87.656
55 963 6 82.307
56 1408 53 61.533
57 533 40 67.126
58 162 44 5.603
59 159 5 97.667
60 269 2 9.025
61 1431 49 52.178
62 1045 5 3.878
63 1005 57 41.191
64 497 5 97.974
65 1078 31 34.129
66 710 12 13.464
67 1161 1 11.051
68 632 35 76.143
69 750 55 47.278
70 182 7 92.466
71 199 44 92.084
72 320 16 51.419
73 882 3 34.222
74 508 3 24.673
75 328 10 81.900
76 1215 41 44.137
77 112 46 91.832
78 274 24 54.839
79 233 1 39.999
80 1238 48 43.771
81 1066 6 90.479
82 828 54 69.817
83 215 31 47.484
84 880 36 90.063
85 1385 56 78.268
86 483 20 51.286
87 166 60 53.525
88 625 7 40.697
89 916 49 4.071
90 428 3 59.032
91 1183 21 22.427
92 451 60 46.542
93 933 18 42.487
94 1268 28 53.713
95 690 40 72.175
96 929 48 71.116
97 1075 12 73.540
98 444 44 77.302
99 1222 2 26.423
100 269 43 19.274
101 557 29 61.534
102 371 59 25.347
103 613 13 88.714
104 766 1 98.341
105 842 5 62.431
106 1357 47 39.436
107 60 23 90.203
108 102 49 25.398
109 80 56 13.922
110 659 23 67.236
111 1178 2 65.157
112 914 39 1.895
113 819 2 72.460
114 1425 56 38.510
115 814 4 85.887
116 678 48 11.041
117 134 20 41.912
118 1018 11 57.622
119 1194 53 47.022
120 535 59 18.551
121 667 17 22.676
122 1301 14 15.631
123 1020 34 6.870
124 1095 40 43.333
125 931 47 80.601
126 606 19 48.814
127 1198 22 34.718
128 761 39 95.229
129 214 56 37.094
130 415 6 68.953
131 1235 30 86.408
132 20 23 38.925
133 423 26 57.393
134 391 49 17.033
135 1151 31 25.667
136 863 42 13.594
137 383 3 56.921
138 548 34 30.497
139 773 28 4.197
140 735 29 47.940
141 197 28 12.253
142 1015 47 71.496
143 1321 12 62.553
144 924 8 84.277
145 310 57 51.448
146 441 12 83.501
147 575 38 63.731
148 952 26 70.608
149 162 45 96.379
150 1272 50 99.108