150
1 498 49 94.611
2 489 13 36.122
3 1024 45 33.672
4 910 19 86.979
5 599 7 68.403
6 54 46 40.075
7 250 20 76.042
8 167 21 68.921
9 801 29 22.051
10 1004 45 17.203
11 791 55 32.258
12 1416 43 9.391
13 1079 18 11.930
14 675 25 13.544
15 280 26 56.875
16 506 4 50.116
17 988 35 28.357
18 308 39 85.488
19 1279 28 69.603
20 797 27 6.399
21 321 44 86.853
22 804 29 54.990
23 1154 56 36.940
24 834 5 39.256
25 571 44 92.353
26 1252 56 91.830
27 666 22 34.794
28 913 13 75.782
29 451 34 34.602
30 790 56 84.702
31 1411 12 66.799
32 1326 43 39.315
33 79 52 73.542
34 671 23 32.586
35 298 20 26.839
36 141 41 92.471
37 1438 22 60.312
38 43 17 14.659
39 1151 46 68.930
40 147 19 90.729
41 849 38 56.327
42 119 13 23.958
43 1123 7 34.079
44 565 31 61.263
45 403 28 83.590
46 141 27 41.247
47 567 42 2.177
48 332 38 12.955
49 759 13 86.129
50 833 27 90.898
51 247 29 76.210
52 382 23 18.677
53 1424 30 40.837
54 1123 58 77.019
55 589 44 4.021
56 1069 49 55.877
57 669 39 36.292
58 536 60 28.563
59 632 42 81.376
60 1286 5 46.005
61 1193 42 76.932
62 1298 34 49.935
63 357 46 14.560
64 573 15 68.377
65 250 29 93.920
66 678 28 90.108
67 1098 19 51.781
68 1092 30 9.442
69 760 46 12.388
70 688 21 73.461
71 1164 7 10.998
72 376 55 24.260
73 1081 5 75.300
74 378 17 82.297
75 370 6 0.236
76 1215 1 44.952
77 490 36 88.237
78 568 20 97.888
79 1289 8 97.871
80 1180 10 79.255
81 97 58 43.080
82 1236 42 48.326
83 1253 52 46.017
84 757 16 46.462
85 791 7 67.230
86 1016 20 15.327
87 161 29 5.025
88 1228 7 75.971
89 202 45 70.220
90 1352 12 31.118
91 705 59 92.078
92 113 1 62.881
93 333 52 77.125
94 598 42 7.016
95 1371 7 21.651
96 1092 41 60.461
97 290 50 77.605
98 945 23 9.243
99 17 32 44.450
100 911 45 89.672
101 1237 42 72.698
102 1439 54 49.387
103 1030 47 80.552
104 746 56 66.295
105 135 29 88.302
106 1309 20 49.950
107 129 5 74.612
108 462 4 28.773
109 662 27 89.459
110 256 13 71.429
111 86 46 57.328
112 759 59 70.800
113 1243 18 48.540
114 214 22 41.271
115 761 3 56.979
116 509 53 25.922
117 497 37 94.817
118 621 60 2.761
119 12 45 54.882
120 959 21 56.808
121 311 59 31.292
122 247 7 39.803
123 202 29 54.226
124 1413 47 20.402
125 1247 51 70.777
126 522 55 46.970
127 1267 30 89.199
128 640 15 65.893
129 161 41 43.671
130 31 18 96.650
131 325 58 49.899
132 1076 9 71.520
133 88 10 22.860
134 1161 11 62.639
135 193 3 57.801
136 1096 8 93.252
137 370 46 48.792
138 898 51 19.762
139 988 6 59.994
140 1420 44 35.484
141 1021 38 16.900
142 16 59 49.912
143 300 30 31.220
144 451 60 71.244
145 184 43 87.716
146 280 55 97.494
147 347 39 50.118
148 668 52 45.255
149 1366 59 26.052
150 607 4 33.404