150
1 860 6 85.522
2 974 16 3.822
3 337 8 29.788
4 36 28 79.866
5 1024 19 88.487
6 1189 26 48.209
7 175 13 39.008
8 371 2 24.216
9 361 48 10.042
10 510 47 33.649
11 1076 60 68.456
12 1233 14 97.366
13 882 42 65.806
14 273 33 5.081
15 673 21 15.224
16 264 59 67.832
17 179 60 60.452
18 295 29 7.594
19 600 27 5.792
20 375 5 42.526
21 229 60 30.168
22 848 43 36.790
23 920 15 24.421
24 1282 5 93.387
25 770 28 81.288
26 118 50 78.488
27 576 4 16.574
28 283 26 4.513
29 1285 12 71.129
30 748 32 21.568
31 1366 5 59.223
32 1246 35 28.806
33 68 2 80.673
34 611 43 84.717
35 645 36 50.094
36 859 3 85.492
37 1367 46 73.801
38 249 13 40.033
39 357 14 18.843
40 633 59 92.713
41 398 58 99.523
42 846 51 36.989
43 1392 11 35.688
44 761 40 95.287
45 690 26 28.169
46 163 42 36.584
47 211 9 45.966
48 94 18 91.106
49 71 36 57.927
50 1327 8 52.092
51 666 56 9.778
52 391 11 73.802
53 1214 32 97.687
54 738 35 57.085
55 953 41 67.153
56 534 51 66.779
57 589 54 5.585
58 761 11 75.473
59 425 1 88.856
60 997 13 53.918
61 669 48 34.434
62 617 10 33.883
63 1428 40 66.220
64 202 29 64.698
65 1153 17 53.572
66 760 7 48.995
67 1031 38 94.028
68 285 38 34.376
69 1160 15 47.363
70 370 42 15.412
71 1438 52 96.026
72 1316 55 52.791
73 281 39 26.331
74 776 8 38.983
75 827 44 44.716
76 611 44 84.408
77 469 33 24.056
78 282 45 49.446
79 492 33 40.069
80 404 29 83.150
81 361 52 66.849
82 1064 38 37.773
83 1138 53 76.242
84 300 32 6.567
85 725 35 51.463
86 428 44 1.469
87 54 8 84.437
88 1096 57 57.228
89 547 4 37.758
90 1184 48 6.764
91 1137 41 29.286
92 740 22 87.561
93 625 52 11.638
94 497 60 32.158
95 76 51 22.873
96 980 56 26.439
97 541 19 71.115
98 1334 4 70.345
99 70 24 42.103
100 972 38 97.307
101 487 49 71.016
102 383 28 74.693
103 737 50 31.925
104 315 49 95.584
105 756 55 21.387
106 1043 8 89.669
107 749 30 8.248
108 1284 8 51.419
109 816 54 70.197
110 870 11 4.857
111 264 33 37.374
112 1176 2 94.359
113 186 50 34.974
114 789 57 10.134
115 1247 27 95.830
116 851 45 64.076
117 481 27 80.406
118 148 47 92.773
119 555 4 71.832
120 1318 44 72.566
121 281 1 30.392
122 430 16 71.554
123 358 54 71.083
124 354 18 83.704
125 912 11 51.249
126 1006 57 46.510
127 1021 2 45.307
128 411 57 48.295
129 1102 12 25.693
130 477 42 81.195
131 1176 3 11.519
132 776 39 71.754
133 1341 52 55.855
134 82 22 31.937
135 558 10 63.857
136 472 51 31.955
137 366 27 34.562
138 1135 28 10.945
139 1144 45 59.977
140 128 41 24.651
141 1129 19 74.911
142 71 58 35.810
143 1343 32 10.570
144 493 4 68.363
145 240 28 33.000
146 980 9 41.380
147 1139 34 35.588
148 843 10 61.635
149 426 37 25.667
150 967 50 94.870