150
1 876 22 42.379
2 534 3 33.619
3 1405 34 52.744
4 1217 31 17.614
5 289 39 73.446
6 1405 43 64.073
7 1422 18 43.192
8 354 13 57.360
9 1049 47 0.919
10 187 21 71.331
11 156 28 71.812
12 967 16 6.514
13 1089 43 95.249
14 18 58 36.261
15 741 5 97.108
16 431 33 29.943
17 766 20 24.800
18 223 37 52.212
19 10 49 2.270
20 420 14 2.569
21 1290 58 51.076
22 551 14 30.878
23 865 41 1.558
24 841 20 36.297
25 203 40 55.974
26 368 44 45.318
27 923 14 26.228
28 1391 57 23.507
29 46 34 58.783
30 643 40 67.227
31 260 31 22.995
32 554 57 52.425
33 629 22 99.714
34 1286 49 29.553
35 609 22 69.850
36 328 52 9.945
37 673 8 95.690
38 1394 43 16.499
39 1222 7 33.712
40 22 10 66.128
41 764 24 32.718
42 1352 41 34.936
43 1256 36 51.797
44 53 39 54.024
45 1038 17 29.400
46 212 36 74.592
47 1242 60 79.748
48 972 50 67.249
49 1128 60 31.097
50 740 1 53.028
51 1307 48 5.618
52 746 18 0.111
53 845 34 42.646
54 720 14 46.687
55 385 58 91.151
56 1276 44 47.038
57 1259 35 5.700
58 54 30 92.510
59 549 34 20.454
60 1266 56 43.378
61 887 35 20.433
62 780 37 69.233
63 663 53 51.741
64 1157 1 80.503
65 952 56 58.295
66 999 9 55.892
67 735 59 92.084
68 235 53 83.047
69 262 56 86.573
70 971 38 7.022
71 1017 57 60.253
72 675 45 8.415
73 539 40 4.528
74 4 59 1.314
75 823 1 51.836
76 829 53 11.575
77 744 23 19.667
78 901 51 12.161
79 435 58 78.497
80 415 34 67.561
81 614 5 48.167
82 952 4 37.048
83 78 6 65.879
84 366 54 13.127
85 136 1 77.703
86 994 49 70.801
87 435 6 18.556
88 849 27 34.966
89 358 16 3.651
90 1384 55 21.230
91 51 27 91.501
92 46 35 73.231
93 1335 38 87.505
94 567 24 32.001
95 523 18 39.979
96 1125 12 9.082
97 1097 53 31.417
98 131 48 69.832
99 976 54 76.758
100 354 50 52.964
101 1429 8 18.515
102 1378 6 83.479
103 237 14 61.747
104 778 17 20.811
105 207 15 53.464
106 1036 58 44.336
107 1253 9 71.113
108 54 34 60.952
109 81 26 95.540
110 969 46 74.237
111 736 4 51.537
112 298 16 48.708
113 380 21 60.597
114 433 8 57.815
115 303 59 0.731
116 259 36 38.446
117 897 5 76.877
118 481 10 1.786
119 1276 34 94.808
120 972 30 43.601
121 1021 8 35.843
122 222 32 24.905
123 532 27 53.650
124 505 9 79.826
125 445 37 94.919
126 768 54 71.236
127 518 56 75.581
128 284 60 72.713
129 526 44 42.808
130 620 46 28.671
131 812 49 89.018
132 353 50 92.899
133 539 58 16.938
134 123 18 82.478
135 945 60 69.052
136 1377 25 74.920
137 1186 34 3.063
138 842 31 3.228
139 789 21 42.063
140 1293 38 31.424
141 1186 2 50.946
142 461 38 73.657
143 1050 53 63.845
144 50 57 28.753
145 1092 8 80.120
146 329 7 17.387
147 784 8 25.608
148 1433 51 6.427
149 717 24 59.376
150 1366 7 93.168