150
1 528 15 10.668
2 1096 46 87.940
3 1426 36 74.124
4 235 53 79.338
5 823 39 70.334
6 406 55 20.288
7 1115 49 42.886
8 1322 28 56.882
9 258 27 34.647
10 1283 9 92.743
11 972 23 90.975
12 458 6 77.749
13 1153 26 57.801
14 10 42 74.973
15 1189 49 57.400
16 1041 45 42.038
17 341 6 55.336
18 213 37 4.983
19 391 54 59.792
20 1113 1 62.551
21 1433 13 68.114
22 1431 2 47.295
23 747 13 54.384
24 43 11 73.071
25 1314 55 85.748
26 240 22 1.700
27 1233 49 4.384
28 819 40 26.155
29 1409 57 47.130
30 378 26 30.982
31 1023 1 15.119
32 561 51 49.703
33 675 5 2.848
34 807 46 69.936
35 1280 53 29.032
36 690 31 48.394
37 437 41 39.406
38 448 41 49.975
39 1240 50 4.541
40 668 50 45.549
41 605 25 57.661
42 1120 1 56.908
43 1090 41 95.212
44 565 25 65.872
45 631 40 23.503
46 344 4 92.703
47 547 23 11.396
48 82 44 70.964
49 364 42 14.777
50 1132 33 2.439
51 88 48 84.627
52 1055 40 52.522
53 569 45 95.301
54 408 24 26.639
55 50 38 84.340
56 1423 55 27.463
57 336 19 33.517
58 1140 49 59.212
59 45 31 6.329
60 387 28 93.138
61 286 2 96.171
62 498 46 95.930
63 1183 40 59.454
64 1415 1 79.403
65 1412 13 0.287
66 949 10 7.794
67 1319 36 76.646
68 872 11 82.424
69 861 45 16.324
70 168 1 92.475
71 141 44 7.280
72 871 25 36.962
73 924 11 74.639
74 3 47 79.508
75 1110 12 61.978
76 702 15 54.219
77 365 12 97.964
78 237 15 6.103
79 556 29 5.485
80 318 46 96.735
81 363 22 65.304
82 1011 49 95.705
83 206 45 30.188
84 1194 7 58.857
85 570 22 31.806
86 447 31 58.226
87 720 6 43.029
88 1324 42 39.874
89 585 24 35.449
90 458 48 72.225
91 688 17 99.544
92 899 30 0.541
93 393 9 88.963
94 84 57 11.206
95 230 3 82.961
96 871 31 44.106
97 220 8 26.059
98 696 51 95.787
99 406 37 26.575
100 491 34 8.227
101 926 2 82.434
102 76 11 66.807
103 699 17 76.567
104 634 26 24.621
105 970 7 22.856
106 1424 16 6.176
107 874 13 44.501
108 761 1 73.934
109 1014 40 92.386
110 961 13 84.728
111 996 21 0.167
112 699 31 52.005
113 1301 30 36.931
114 403 52 90.896
115 1166 24 40.568
116 1070 33 10.082
117 277 46 55.401
118 929 51 77.708
119 737 26 20.975
120 378 49 89.702
121 381 53 25.550
122 1141 22 66.018
123 453 18 37.539
124 585 16 91.986
125 205 40 88.421
126 557 52 1.482
127 678 33 89.253
128 370 39 30.814
129 589 58 96.448
130 1179 10 56.184
131 1224 10 43.381
132 680 39 71.103
133 366 29 82.107
134 151 37 86.483
135 498 32 23.809
136 388 12 25.551
137 22 10 46.950
138 1250 60 97.338
139 637 16 64.097
140 26 11 34.681
141 598 39 87.695
142 11 33 51.276
143 883 39 96.234
144 172 53 17.966
145 1 60 82.507
146 1394 4 23.938
147 695 1 94.796
148 66 33 34.187
149 677 19 12.821
150 322 9 93.132