150
1 560 39 55.738
2 1019 56 24.336
3 571 8 61.966
4 935 41 99.046
5 30 11 57.907
6 352 12 78.023
7 148 43 59.205
8 279 2 65.090
9 346 35 60.793
10 1137 27 89.952
11 491 41 47.858
12 171 23 38.583
13 598 54 38.523
14 23 7 72.393
15 499 24 64.622
16 634 39 47.855
17 437 4 45.311
18 933 26 97.274
19 1083 15 35.777
20 907 26 34.933
21 1253 40 1.752
22 206 39 85.620
23 345 23 34.569
24 1063 43 71.308
25 101 29 96.979
26 85 4 19.547
27 819 56 0.113
28 126 17 59.103
29 636 1 73.005
30 8 50 78.340
31 1331 28 39.072
32 1240 23 51.864
33 236 6 66.382
34 685 55 19.860
35 186 4 40.264
36 1336 14 34.449
37 1226 26 87.582
38 553 50 67.516
39 1368 54 57.353
40 726 36 82.949
41 1435 50 94.322
42 1125 22 38.735
43 466 55 80.983
44 673 34 85.598
45 110 9 53.844
46 881 42 6.210
47 791 56 54.294
48 274 17 59.283
49 17 35 78.284
50 1299 9 67.635
51 1079 50 40.878
52 444 27 62.744
53 242 26 50.865
54 1176 33 18.811
55 48 5 76.897
56 469 29 91.332
57 1086 38 73.445
58 870 13 62.297
59 369 55 51.928
60 1396 58 38.680
61 98 25 98.048
62 270 47 74.582
63 53 7 71.787
64 460 52 76.999
65 576 46 78.196
66 1153 33 92.742
67 745 6 12.342
68 699 46 46.481
69 751 2 22.849
70 611 9 89.992
71 268 26 62.957
72 805 56 80.367
73 1439 30 19.604
74 527 1 59.525
75 368 26 64.795
76 1051 52 23.486
77 587 6 29.978
78 631 29 5.065
79 516 4 13.760
80 814 17 10.517
81 81 42 17.391
82 581 43 25.547
83 503 54 60.142
84 421 36 31.317
85 690 12 86.268
86 510 59 20.762
87 752 1 86.449
88 1067 43 33.209
89 826 2 59.647
90 66 3 93.886
91 1003 45 94.021
92 1312 24 24.858
93 651 18 65.818
94 1059 1 2.926
95 657 39 15.607
96 1111 57 46.305
97 146 2 65.593
98 1075 2 60.382
99 728 42 24.078
100 953 57 83.379
101 214 26 99.576
102 629 54 81.849
103 1305 18 33.492
104 890 33 50.509
105 26 50 85.012
106 687 26 93.656
107 1105 48 2.871
108 31 45 73.920
109 586 29 75.729
110 101 36 79.939
111 408 12 20.443
112 761 8 50.095
113 297 27 16.718
114 1147 49 80.511
115 1137 12 3.036
116 1382 41 23.046
117 700 23 32.335
118 373 42 80.988
119 330 16 71.380
120 216 54 43.072
121 614 57 30.375
122 940 58 56.461
123 1384 23 51.869
124 771 37 72.857
125 1381 33 6.775
126 753 60 90.306
127 341 59 41.980
128 1053 7 57.709
129 1025 43 3.483
130 651 33 37.213
131 1399 18 7.382
132 601 2 65.779
133 957 12 7.604
134 56 46 70.085
135 559 13 79.529
136 747 59 61.167
137 1086 32 13.298
138 67 56 81.426
139 597 53 18.844
140 48 29 62.133
141 841 36 37.229
142 1184 2 43.346
143 360 7 31.037
144 1034 22 62.016
145 1097 19 90.838
146 629 48 90.823
147 1199 2 56.899
148 938 12 69.175
149 192 1 27.787
150 864 7 52.537