150
1 661 33 84.081
2 986 6 0.436
3 749 50 92.438
4 1439 52 55.468
5 151 46 73.700
6 315 46 47.768
7 570 37 22.580
8 261 20 64.299
9 568 5 80.727
10 1211 7 66.652
11 195 26 77.325
12 1166 35 71.179
13 1002 10 85.918
14 205 42 58.318
15 1287 41 30.488
16 652 57 31.566
17 1035 33 89.968
18 1279 44 58.212
19 877 22 65.207
20 727 40 47.030
21 327 58 93.404
22 1342 24 61.696
23 1154 59 63.283
24 1206 27 78.482
25 520 4 7.385
26 887 39 89.321
27 514 2 89.242
28 619 42 33.277
29 1296 14 84.927
30 852 55 64.513
31 814 5 50.833
32 759 30 92.532
33 173 31 88.251
34 790 56 47.887
35 372 60 31.590
36 319 10 78.667
37 1052 2 32.355
38 393 35 76.680
39 1003 18 45.807
40 1031 14 92.630
41 1231 44 67.572
42 166 26 82.368
43 1101 60 93.612
44 1115 52 46.651
45 782 32 56.629
46 1304 39 53.856
47 1102 38 13.344
48 1330 41 3.712
49 420 38 40.258
50 953 53 7.464
51 954 14 35.690
52 796 19 3.713
53 852 38 26.879
54 143 60 52.574
55 706 36 28.140
56 1235 32 54.239
57 416 16 7.683
58 1348 48 47.436
59 5 34 14.594
60 580 44 58.623
61 1207 7 2.231
62 418 31 97.389
63 12 31 85.302
64 305 37 40.217
65 1122 55 41.965
66 108 9 25.090
67 1233 54 79.238
68 1168 9 60.330
69 225 7 6.588
70 481 25 67.447
71 500 54 7.316
72 422 55 46.281
73 885 53 12.004
74 834 42 80.029
75 667 54 56.740
76 1428 7 84.225
77 1417 8 52.311
78 1288 60 5.425
79 249 47 85.690
80 493 45 75.618
81 79 43 22.185
82 644 8 11.829
83 846 25 42.950
84 1301 3 40.124
85 1373 8 23.430
86 779 21 59.137
87 1411 18 38.836
88 956 1 27.377
89 816 32 53.704
90 558 8 97.748
91 155 25 54.804
92 229 7 84.885
93 1169 43 82.023
94 384 52 80.335
95 861 25 66.513
96 544 49 25.539
97 1001 57 99.358
98 901 20 7.988
99 1435 46 13.636
100 72 58 47.341
101 551 48 80.456
102 342 41 72.036
103 520 57 90.975
104 648 46 63.015
105 239 24 69.591
106 1328 56 25.950
107 940 51 66.105
108 56 41 58.932
109 1358 54 76.752
110 731 18 19.435
111 1283 10 15.109
112 949 34 49.486
113 1435 36 73.291
114 1253 11 8.321
115 991 14 87.847
116 492 21 78.520
117 517 51 5.368
118 779 39 2.468
119 247 21 94.987
120 439 23 30.972
121 215 26 6.759
122 83 15 58.998
123 525 19 26.071
124 224 55 52.185
125 787 3 7.432
126 1220 19 42.851
127 904 35 88.226
128 860 3 62.549
129 154 46 28.289
130 375 41 10.735
131 509 46 73.114
132 589 59 41.259
133 541 50 7.349
134 1317 16 83.527
135 1174 1 90.922
136 1350 36 71.288
137 378 59 28.019
138 1429 20 72.103
139 96 7 51.502
140 1400 50 7.197
141 1385 6 86.565
142 767 48 55.321
143 884 60 42.093
144 1080 25 41.075
145 1381 14 62.224
146 152 20 50.245
147 743 38 44.228
148 1326 5 17.400
149 1428 8 64.556
150 467 4 17.604