150
1 1084 35 62.981
2 981 35 27.974
3 1165 5 35.828
4 619 41 83.386
5 425 51 35.247
6 173 57 76.222
7 1298 7 78.454
8 829 20 11.331
9 107 45 10.657
10 474 5 76.383
11 1434 60 65.824
12 1381 34 17.036
13 279 15 55.671
14 713 23 30.373
15 716 11 32.587
16 33 13 82.735
17 71 2 52.132
18 938 21 94.087
19 792 20 65.067
20 474 59 34.080
21 1107 55 51.371
22 157 46 12.460
23 702 41 99.753
24 969 31 21.680
25 979 58 35.311
26 1381 19 51.780
27 202 15 83.444
28 243 26 83.369
29 1125 59 89.395
30 1226 39 14.466
31 1370 53 74.316
32 219 14 97.583
33 125 4 52.551
34 865 36 2.943
35 52 26 44.091
36 1311 25 57.054
37 319 30 24.958
38 1318 34 98.278
39 494 15 44.062
40 901 2 61.242
41 438 50 41.577
42 990 55 53.247
43 1042 18 0.747
44 1032 42 53.736
45 1239 16 57.436
46 664 53 58.557
47 940 55 2.743
48 486 19 27.973
49 1284 28 66.139
50 590 46 95.451
51 221 29 37.662
52 1299 28 52.896
53 843 18 13.126
54 113 43 14.430
55 504 32 33.730
56 919 50 78.012
57 32 36 21.196
58 403 27 33.718
59 1302 26 91.584
60 1084 42 32.997
61 835 19 54.279
62 274 10 83.947
63 774 42 99.189
64 418 24 27.269
65 503 16 87.552
66 1310 3 20.465
67 120 58 64.299
68 1422 11 79.368
69 954 57 27.193
70 739 44 29.915
71 1261 38 63.667
72 1430 18 8.757
73 796 3 41.127
74 450 11 94.829
75 872 37 35.160
76 81 20 27.657
77 891 32 37.923
78 1090 51 93.717
79 1331 54 64.773
80 582 46 73.632
81 782 44 43.304
82 1016 36 79.959
83 824 41 46.088
84 186 56 87.573
85 1391 8 52.777
86 1198 14 70.155
87 119 11 72.524
88 220 60 10.560
89 617 6 39.865
90 414 31 40.150
91 589 51 44.363
92 1238 34 60.798
93 350 19 67.548
94 380 20 56.638
95 1169 54 40.747
96 601 53 91.339
97 459 54 37.496
98 243 10 71.682
99 517 46 47.194
100 789 7 51.583
101 47 37 72.663
102 1250 52 50.200
103 1130 21 91.551
104 658 15 64.115
105 1141 9 25.125
106 464 21 78.886
107 299 7 99.012
108 767 50 68.281
109 1310 36 74.713
110 20 32 48.666
111 1296 9 44.458
112 50 30 26.786
113 447 60 51.191
114 862 1 21.876
115 793 2 19.334
116 137 26 23.997
117 128 46 29.120
118 1410 45 21.512
119 194 7 36.382
120 1012 52 31.277
121 956 1 78.898
122 657 16 54.390
123 366 11 68.151
124 980 11 62.775
125 462 22 92.024
126 1247 54 57.319
127 890 21 89.795
128 659 59 56.526
129 769 25 60.090
130 1333 27 71.832
131 1240 54 88.704
132 1026 4 56.290
133 309 7 90.476
134 105 44 30.348
135 187 26 41.566
136 303 23 41.622
137 1392 39 87.330
138 156 58 82.456
139 256 42 42.669
140 1200 57 9.511
141 1080 31 44.889
142 470 28 80.580
143 462 31 41.830
144 511 2 65.257
145 836 37 99.135
146 168 11 93.888
147 244 58 48.962
148 935 53 97.574
149 929 27 93.308
150 1376 1 29.857