150
1 184 31 39.818
2 1118 7 24.865
3 473 12 46.005
4 254 59 67.170
5 133 33 31.713
6 915 9 15.261
7 1191 40 50.143
8 178 14 86.039
9 936 33 74.046
10 449 12 86.752
11 917 55 43.752
12 228 5 95.039
13 644 46 48.542
14 643 53 2.784
15 149 13 84.458
16 872 11 99.680
17 930 44 74.924
18 752 12 51.305
19 51 8 78.385
20 1241 54 67.332
21 1157 18 2.768
22 1022 15 52.367
23 8 47 77.723
24 909 55 3.351
25 957 38 1.681
26 806 14 11.258
27 1153 39 77.470
28 776 40 81.849
29 630 26 39.228
30 83 29 90.274
31 971 38 25.653
32 643 41 30.957
33 837 35 65.812
34 859 32 52.999
35 205 5 73.873
36 657 40 71.118
37 1208 17 36.525
38 1408 30 14.382
39 1281 4 91.995
40 335 21 16.096
41 1190 35 4.738
42 696 59 92.942
43 403 31 77.343
44 1101 45 75.221
45 969 36 30.284
46 422 2 22.821
47 723 11 35.507
48 61 4 29.001
49 340 58 5.894
50 354 59 12.466
51 551 24 43.117
52 69 23 89.418
53 80 29 28.608
54 1090 39 66.799
55 1257 16 31.310
56 12 24 95.742
57 895 35 14.456
58 614 8 8.167
59 841 24 29.916
60 372 2 83.478
61 906 9 11.957
62 37 11 31.937
63 16 42 85.696
64 861 53 14.432
65 771 50 58.036
66 542 13 34.343
67 1393 9 71.494
68 1202 18 37.295
69 60 50 89.976
70 1325 8 66.504
71 555 37 53.599
72 14 21 25.719
73 844 1 15.469
74 171 12 63.928
75 531 34 99.222
76 513 19 8.254
77 827 4 8.256
78 796 27 14.921
79 238 6 35.614
80 1424 32 32.790
81 958 33 54.128
82 1075 43 25.216
83 678 34 82.144
84 1257 53 46.874
85 617 49 80.709
86 1093 33 93.698
87 438 24 54.281
88 267 6 83.038
89 1059 35 76.378
90 181 3 15.117
91 474 41 28.439
92 1049 59 31.081
93 925 18 16.302
94 855 31 14.796
95 1105 42 61.320
96 64 50 98.689
97 860 4 76.598
98 613 43 52.652
99 732 55 92.727
100 1144 41 46.926
101 752 6 56.216
102 908 51 99.834
103 892 18 73.827
104 794 50 86.519
105 907 48 25.331
106 582 23 87.440
107 528 33 60.845
108 1291 56 17.926
109 1193 29 22.367
110 883 26 0.757
111 1005 52 7.157
112 1082 2 79.165
113 865 38 67.831
114 899 18 53.590
115 1020 54 37.537
116 328 44 50.612
117 943 45 97.206
118 1352 25 96.143
119 772 25 11.764
120 1309 24 90.700
121 282 9 71.682
122 65 54 21.929
123 506 31 77.445
124 735 53 1.822
125 379 42 92.023
126 551 43 1.217
127 1430 59 38.452
128 91 17 44.531
129 190 24 59.236
130 316 50 81.282
131 1056 34 44.983
132 16 6 45.411
133 1388 5 26.764
134 272 31 37.142
135 856 14 91.460
136 739 32 70.524
137 864 42 64.253
138 134 3 20.181
139 574 34 13.867
140 175 22 76.484
141 55 44 40.984
142 1080 43 72.865
143 210 42 59.963
144 1163 10 1.350
145 554 58 41.051
146 1431 40 79.070
147 699 45 25.496
148 988 48 90.633
149 1407 50 7.482
150 1301 43 43.452