150
1 72 47 89.864
2 449 21 11.721
3 822 46 71.410
4 302 58 47.974
5 1415 55 72.838
6 964 31 21.351
7 243 26 17.714
8 1345 39 19.719
9 22 10 59.522
10 1008 47 43.359
11 1139 20 60.125
12 982 48 16.788
13 1157 19 35.599
14 322 51 43.767
15 1025 43 72.598
16 73 16 19.545
17 606 13 92.479
18 744 50 61.911
19 321 39 85.397
20 494 19 7.212
21 1067 4 26.515
22 303 34 45.358
23 61 60 36.512
24 1110 1 2.432
25 732 26 24.253
26 1435 45 58.194
27 396 2 80.742
28 282 58 13.048
29 914 54 76.959
30 372 9 47.493
31 708 48 35.319
32 341 38 65.312
33 242 56 22.504
34 1114 24 23.647
35 395 31 88.242
36 14 27 9.120
37 297 41 69.517
38 314 18 34.452
39 400 21 34.864
40 411 58 42.216
41 368 13 88.820
42 191 13 51.905
43 1198 24 45.373
44 777 5 89.570
45 1107 49 21.247
46 352 35 54.033
47 1350 6 87.500
48 866 9 87.707
49 729 15 63.331
50 818 40 72.721
51 1351 39 95.529
52 327 47 15.296
53 12 23 92.627
54 218 60 63.689
55 930 43 75.679
56 1286 14 27.484
57 832 11 0.405
58 967 30 88.406
59 412 39 78.673
60 1214 33 33.748
61 530 8 67.852
62 1253 16 43.548
63 345 6 52.017
64 668 38 33.818
65 831 57 10.822
66 456 54 11.027
67 633 50 92.631
68 794 53 26.254
69 743 59 2.237
70 1218 35 20.548
71 262 58 31.128
72 519 26 24.326
73 519 15 82.651
74 1093 35 58.224
75 161 5 43.364
76 1331 29 45.014
77 1207 57 50.270
78 536 55 95.313
79 1420 41 39.338
80 308 59 42.450
81 809 7 85.251
82 1426 28 24.835
83 538 38 57.881
84 552 57 11.182
85 311 8 43.815
86 905 28 68.000
87 1107 44 16.344
88 1404 50 78.628
89 1314 19 34.919
90 301 16 44.384
91 455 1 96.553
92 819 10 0.908
93 993 37 74.508
94 844 36 26.806
95 42 50 56.259
96 657 35 36.468
97 359 25 98.620
98 849 56 59.779
99 932 58 87.596
100 133 25 16.765
101 196 57 58.436
102 941 16 62.436
103 1087 37 9.433
104 1417 56 1.851
105 848 31 44.049
106 527 35 27.224
107 1167 43 64.799
108 171 1 85.491
109 1055 35 0.903
110 801 58 81.246
111 615 40 65.556
112 316 52 66.326
113 1297 25 99.478
114 767 49 98.424
115 808 29 73.808
116 363 36 8.580
117 1367 22 89.738
118 859 54 6.701
119 1041 20 74.837
120 814 30 48.008
121 843 47 13.949
122 760 31 95.443
123 551 25 49.150
124 1025 30 53.525
125 1270 16 72.684
126 1037 60 8.587
127 416 5 5.296
128 61 54 70.149
129 1228 41 21.981
130 975 28 81.174
131 685 9 28.806
132 485 41 43.989
133 314 31 6.430
134 1005 33 20.817
135 536 45 65.862
136 1310 42 3.210
137 161 57 2.603
138 652 22 34.723
139 432 21 3.137
140 334 39 29.451
141 750 7 14.523
142 90 59 24.378
143 685 23 56.135
144 337 52 93.203
145 1247 46 16.421
146 913 40 13.201
147 152 43 74.178
148 431 8 54.868
149 245 25 47.792
150 963 31 49.052