150
1 355 47 48.799
2 357 11 94.947
3 311 54 5.865
4 926 52 68.972
5 100 18 10.410
6 142 19 74.614
7 1044 30 17.917
8 562 36 64.724
9 426 9 36.816
10 831 59 17.882
11 493 20 12.678
12 1181 20 57.636
13 138 24 17.119
14 111 7 7.269
15 82 50 4.760
16 32 56 61.765
17 1327 50 74.027
18 1253 11 96.022
19 485 39 44.108
20 266 25 56.141
21 183 14 5.046
22 1104 11 68.015
23 787 56 92.878
24 66 34 78.907
25 760 32 9.837
26 1071 25 86.929
27 243 46 48.918
28 859 37 56.733
29 1350 23 28.593
30 92 44 45.806
31 853 60 78.471
32 445 8 2.172
33 425 19 10.828
34 1223 3 69.469
35 344 52 46.194
36 1085 18 44.071
37 646 58 52.527
38 837 3 68.784
39 703 59 48.609
40 104 43 76.935
41 377 24 8.161
42 1361 19 20.077
43 82 51 21.800
44 1416 27 62.499
45 252 38 94.179
46 749 55 97.022
47 172 55 70.661
48 191 28 7.146
49 484 7 22.217
50 746 11 75.318
51 333 2 93.101
52 1366 37 15.954
53 27 25 41.578
54 1257 5 80.445
55 1402 48 59.786
56 12 6 36.805
57 131 18 60.635
58 1336 23 43.643
59 199 55 4.059
60 333 55 78.991
61 99 18 59.927
62 680 44 77.160
63 661 5 99.365
64 866 30 59.521
65 1396 4 64.076
66 951 57 17.626
67 418 35 86.571
68 1358 24 2.647
69 631 11 70.420
70 989 10 68.949
71 963 22 35.848
72 377 18 29.288
73 193 42 80.658
74 572 47 61.864
75 888 10 84.473
76 1144 57 70.802
77 1106 42 15.594
78 297 23 57.161
79 687 33 35.655
80 842 50 53.367
81 89 25 46.885
82 276 60 98.825
83 1211 25 75.679
84 1069 32 12.704
85 907 41 35.277
86 831 13 29.241
87 1185 4 41.769
88 1210 27 68.736
89 1304 58 96.100
90 513 7 90.544
91 1324 9 42.331
92 1185 60 54.439
93 231 10 52.061
94 288 45 82.997
95 1195 11 17.129
96 1310 51 81.815
97 698 34 95.450
98 1335 25 69.187
99 266 53 65.649
100 988 3 29.301
101 1434 50 67.325
102 751 28 40.911
103 628 41 75.778
104 332 5 80.253
105 645 47 44.451
106 705 48 3.002
107 1433 51 50.671
108 862 50 88.431
109 740 14 91.350
110 718 18 23.100
111 1074 35 55.780
112 553 6 24.958
113 15 60 77.320
114 808 25 88.651
115 1150 16 19.552
116 381 47 65.063
117 857 15 65.428
118 1031 16 72.445
119 1134 16 5.800
120 489 25 26.761
121 172 1 99.933
122 721 51 62.195
123 330 44 33.441
124 981 43 56.284
125 137 53 14.282
126 407 46 78.554
127 152 52 18.745
128 1391 44 91.643
129 1001 41 86.605
130 1225 27 24.011
131 1244 53 20.188
132 354 49 3.398
133 1087 21 52.248
134 792 17 13.935
135 654 43 52.001
136 1367 4 50.212
137 607 57 82.269
138 378 58 28.231
139 15 14 36.039
140 174 34 91.465
141 653 1 6.953
142 1418 25 87.449
143 1268 2 93.514
144 851 9 39.105
145 872 55 40.285
146 1331 57 69.909
147 359 15 32.597
148 1047 9 1.650
149 487 12 22.718
150 193 12 87.205