150
1 1152 9 78.900
2 633 24 60.030
3 1 41 29.820
4 1021 52 25.466
5 1101 7 7.511
6 602 14 59.913
7 522 11 26.973
8 105 35 78.137
9 840 34 18.285
10 712 60 1.889
11 1291 45 9.469
12 901 15 13.529
13 390 35 84.567
14 1270 21 65.968
15 488 23 76.387
16 835 13 23.242
17 644 18 25.520
18 334 39 71.368
19 1399 59 2.350
20 924 43 57.199
21 834 59 22.372
22 352 21 57.152
23 1018 5 56.736
24 1105 9 57.801
25 687 14 37.916
26 950 47 92.125
27 312 25 41.654
28 309 48 52.794
29 1163 52 23.858
30 1051 13 79.520
31 272 28 5.419
32 435 7 59.791
33 567 33 19.251
34 228 42 60.273
35 1300 3 76.192
36 307 30 75.441
37 357 59 38.442
38 1425 50 27.803
39 1151 11 98.675
40 256 25 43.446
41 368 20 74.053
42 1402 10 40.841
43 1000 16 3.052
44 1097 9 14.213
45 700 44 9.688
46 188 40 15.310
47 1409 26 17.667
48 829 4 66.724
49 1115 12 84.295
50 315 20 52.331
51 395 10 71.811
52 62 36 10.760
53 199 11 40.927
54 327 6 97.766
55 650 8 34.280
56 1327 50 69.351
57 151 53 88.963
58 804 56 21.074
59 384 10 27.076
60 1286 44 43.021
61 972 38 47.973
62 133 1 60.964
63 33 32 94.414
64 457 8 81.382
65 77 7 5.304
66 711 48 49.257
67 63 12 10.274
68 169 14 23.526
69 720 37 43.531
70 1084 34 42.691
71 1274 57 21.327
72 75 55 62.485
73 1204 26 83.942
74 923 4 72.851
75 841 55 38.414
76 892 5 63.492
77 331 3 15.777
78 55 4 50.290
79 1383 44 11.985
80 794 29 87.743
81 135 9 86.400
82 407 44 4.439
83 648 25 65.056
84 906 11 24.218
85 1411 47 19.159
86 846 7 83.579
87 569 39 65.294
88 1223 40 74.315
89 333 23 47.887
90 571 15 44.490
91 1291 20 31.674
92 875 7 80.927
93 1341 51 88.289
94 184 43 87.171
95 888 24 87.124
96 263 39 4.332
97 944 48 15.470
98 785 53 52.006
99 1153 22 48.512
100 1173 35 29.860
101 570 30 72.223
102 120 17 65.866
103 886 50 69.077
104 1119 3 71.537
105 764 56 52.796
106 309 32 91.667
107 450 37 66.286
108 853 4 67.977
109 291 50 27.445
110 1309 45 3.165
111 1256 7 68.475
112 544 59 89.122
113 820 34 66.567
114 129 16 80.926
115 100 51 69.108
116 1316 52 97.131
117 670 47 47.067
118 673 24 71.878
119 1382 49 94.826
120 532 48 17.258
121 650 33 33.478
122 1009 54 65.928
123 1130 54 87.685
124 427 55 70.695
125 178 31 0.476
126 356 1 42.346
127 769 52 76.677
128 85 23 70.258
129 1403 50 33.970
130 1398 41 92.806
131 1094 9 1.112
132 778 42 80.992
133 174 11 46.890
134 149 30 66.751
135 687 20 37.744
136 596 16 82.902
137 917 13 99.480
138 90 44 99.607
139 933 13 58.466
140 1120 23 87.157
141 1048 42 52.567
142 543 59 86.537
143 145 48 85.808
144 1344 51 71.413
145 1053 37 51.856
146 1410 28 13.069
147 56 43 1.190
148 981 2 49.002
149 886 51 33.951
150 320 26 81.310