150
1 538 40 58.017
2 915 35 16.536
3 1264 24 82.100
4 1381 10 8.264
5 241 5 79.223
6 873 29 16.916
7 458 47 82.007
8 241 51 4.835
9 820 8 70.062
10 1378 42 26.070
11 679 55 31.038
12 940 33 51.879
13 1037 35 19.211
14 1322 57 18.911
15 847 3 36.830
16 452 43 87.474
17 816 44 64.263
18 1199 38 70.329
19 1427 59 54.629
20 715 4 79.042
21 1023 3 26.925
22 177 59 19.403
23 444 39 34.404
24 1215 3 49.985
25 856 49 57.859
26 181 18 87.496
27 69 37 64.590
28 159 56 43.782
29 257 35 40.357
30 371 47 52.395
31 1180 8 51.356
32 797 32 75.438
33 927 5 1.613
34 396 47 29.397
35 723 53 72.239
36 949 38 97.269
37 466 55 11.150
38 416 7 29.471
39 1304 55 11.184
40 1057 14 90.933
41 933 37 18.454
42 778 23 66.089
43 1337 17 40.227
44 205 56 3.294
45 448 55 49.069
46 1319 39 10.365
47 223 32 30.489
48 669 55 4.339
49 1034 46 64.541
50 170 14 87.662
51 203 26 35.189
52 1295 3 93.711
53 31 57 1.310
54 1343 58 93.963
55 1260 59 28.942
56 452 41 36.393
57 903 14 58.476
58 1284 24 39.741
59 299 11 14.597
60 919 8 51.046
61 1440 4 56.138
62 872 9 80.174
63 781 10 12.223
64 762 12 99.168
65 1067 17 68.949
66 653 3 78.728
67 94 30 26.342
68 1164 14 60.634
69 1357 39 19.075
70 989 47 5.046
71 424 43 36.990
72 1207 27 57.907
73 572 43 78.532
74 306 3 66.273
75 1428 36 54.914
76 1105 11 95.956
77 1145 16 30.076
78 839 35 19.895
79 1394 6 22.376
80 1067 11 78.000
81 186 51 74.877
82 466 9 97.483
83 743 27 46.094
84 337 20 72.273
85 1199 38 46.661
86 829 12 41.547
87 21 20 62.467
88 1104 5 64.042
89 1312 39 31.064
90 267 20 45.401
91 7 13 80.970
92 735 51 70.887
93 287 13 32.672
94 741 49 48.743
95 920 14 29.093
96 684 29 66.773
97 665 55 73.123
98 1298 57 44.707
99 1071 36 66.038
100 731 30 92.377
101 1421 13 12.013
102 1341 9 88.420
103 385 17 10.251
104 498 55 30.353
105 1367 6 23.004
106 586 45 91.457
107 576 12 48.398
108 108 15 41.275
109 547 3 64.792
110 760 60 48.607
111 468 52 77.894
112 712 59 73.779
113 975 29 53.790
114 1419 32 97.347
115 804 13 88.653
116 200 10 25.475
117 400 6 52.176
118 404 30 81.969
119 441 10 23.047
120 400 24 11.003
121 684 36 14.458
122 1357 29 53.328
123 1081 36 71.589
124 189 17 87.357
125 127 17 62.194
126 134 45 93.537
127 73 53 18.434
128 890 48 98.945
129 790 15 48.930
130 1333 45 24.487
131 869 9 29.606
132 819 45 70.134
133 835 2 28.156
134 696 6 82.771
135 403 53 83.907
136 1189 4 36.004
137 1405 14 44.629
138 1388 23 39.737
139 430 20 17.434
140 1254 40 48.102
141 725 18 4.319
142 746 40 30.563
143 1276 8 19.496
144 1255 15 22.691
145 1350 35 63.536
146 412 2 41.317
147 873 23 6.756
148 1109 50 72.016
149 853 8 87.710
150 844 33 16.806