150
1 1350 16 89.389
2 234 32 99.876
3 875 1 88.717
4 767 20 30.800
5 1139 17 16.270
6 1200 14 37.376
7 77 4 98.369
8 1058 38 77.668
9 779 34 4.903
10 426 8 60.838
11 1419 24 57.095
12 151 25 24.343
13 1206 43 22.008
14 1124 33 23.161
15 1375 60 49.452
16 1305 29 47.715
17 777 38 72.552
18 460 8 28.530
19 881 11 19.846
20 427 26 61.201
21 487 40 43.719
22 1048 50 33.799
23 287 43 8.062
24 469 11 87.717
25 1311 16 8.818
26 399 54 84.336
27 1097 12 88.671
28 1149 11 50.934
29 989 14 15.639
30 750 9 82.297
31 994 45 87.242
32 1404 7 32.628
33 349 55 46.042
34 1148 23 43.803
35 1147 5 39.428
36 396 21 0.655
37 1120 55 86.036
38 1047 4 82.429
39 130 50 46.041
40 946 28 59.246
41 6 20 96.133
42 1123 34 80.436
43 123 49 71.327
44 667 9 99.380
45 1180 43 36.547
46 927 20 88.545
47 1006 7 82.114
48 577 48 36.653
49 758 59 35.149
50 1393 43 42.967
51 1119 20 35.609
52 437 55 87.649
53 821 58 67.121
54 1317 11 29.261
55 911 55 73.787
56 142 32 38.830
57 382 31 94.952
58 97 42 63.395
59 504 21 10.278
60 1434 14 98.595
61 1132 33 75.659
62 698 24 15.026
63 1043 6 89.912
64 1287 46 37.885
65 1304 11 89.685
66 582 40 34.837
67 1328 20 23.356
68 1044 47 39.396
69 681 25 63.472
70 1395 14 53.686
71 1149 55 8.715
72 1369 45 38.953
73 786 21 87.665
74 1121 45 13.474
75 1362 36 6.193
76 306 53 96.721
77 98 32 48.646
78 775 48 86.870
79 519 28 6.913
80 1049 17 81.036
81 1030 43 5.499
82 557 33 17.634
83 826 10 38.133
84 1061 29 38.070
85 214 5 68.802
86 1239 45 7.293
87 564 20 14.345
88 688 7 68.842
89 1151 44 86.587
90 161 9 90.915
91 404 10 73.878
92 338 41 34.756
93 331 14 48.337
94 1404 57 70.679
95 944 37 56.600
96 157 12 78.464
97 1038 2 53.704
98 619 38 79.163
99 902 26 43.155
100 1326 44 3.227
101 1330 35 5.610
102 563 27 35.305
103 7 6 70.319
104 581 55 94.242
105 841 6 22.884
106 1352 6 17.669
107 262 8 76.358
108 551 30 33.180
109 1148 31 33.834
110 52 29 22.775
111 1156 10 13.634
112 936 21 44.328
113 125 52 25.206
114 593 23 15.388
115 920 23 79.671
116 16 37 93.775
117 1381 11 76.887
118 25 3 76.430
119 304 44 22.979
120 379 29 29.320
121 1054 34 86.913
122 107 53 61.113
123 774 50 57.074
124 1105 57 28.240
125 1420 3 17.068
126 822 55 29.995
127 291 40 52.983
128 1410 41 44.163
129 80 3 42.296
130 191 34 56.588
131 1316 55 88.449
132 218 48 31.991
133 223 15 80.748
134 1008 51 91.737
135 575 51 50.008
136 278 7 95.252
137 717 37 41.267
138 5 17 78.249
139 1371 15 41.044
140 525 51 89.885
141 1182 54 28.653
142 1257 57 21.995
143 982 23 45.268
144 1230 27 54.259
145 681 12 41.505
146 317 53 41.954
147 1131 5 33.504
148 23 11 70.661
149 1168 38 66.965
150 433 59 93.259