150
1 1360 31 74.520
2 654 27 87.036
3 838 53 69.230
4 1346 10 16.996
5 339 56 58.637
6 136 45 10.280
7 736 52 98.584
8 17 50 51.109
9 883 7 68.265
10 1068 10 54.910
11 522 5 70.463
12 1058 31 19.546
13 585 14 78.714
14 149 25 53.870
15 360 8 70.713
16 484 45 80.536
17 909 53 45.346
18 410 37 58.307
19 583 52 1.012
20 279 58 26.129
21 1403 19 0.419
22 350 23 10.742
23 1280 43 82.869
24 340 32 68.413
25 558 45 46.664
26 247 6 82.879
27 679 3 54.045
28 97 11 98.877
29 1219 37 11.647
30 419 48 38.221
31 827 49 18.475
32 484 18 34.939
33 1249 37 75.837
34 855 17 7.606
35 1420 35 24.192
36 101 23 30.920
37 736 12 0.092
38 494 30 35.849
39 422 39 71.292
40 376 13 17.213
41 302 8 46.667
42 231 54 30.668
43 186 24 96.599
44 1047 39 40.534
45 398 39 47.430
46 608 30 70.220
47 698 16 29.344
48 773 19 66.681
49 574 22 11.233
50 555 47 92.533
51 1192 6 38.788
52 505 10 57.554
53 757 28 35.870
54 867 36 14.850
55 294 35 28.424
56 517 23 27.244
57 137 22 76.575
58 729 23 95.585
59 1320 28 10.352
60 785 28 67.454
61 39 46 1.303
62 260 12 63.788
63 123 31 98.932
64 562 8 99.179
65 1424 44 34.928
66 162 58 66.631
67 1128 60 22.254
68 1099 3 83.144
69 293 43 51.492
70 323 39 67.636
71 1014 32 1.813
72 666 12 0.397
73 581 31 37.660
74 893 51 1.089
75 528 19 45.170
76 1085 20 75.202
77 343 42 80.045
78 879 13 8.344
79 1002 17 24.517
80 1297 37 23.315
81 451 23 18.410
82 484 51 88.200
83 368 49 98.013
84 726 26 40.960
85 1103 43 50.127
86 379 42 69.909
87 1234 13 15.645
88 807 60 98.115
89 510 50 69.825
90 342 17 97.345
91 1081 36 91.332
92 364 56 29.887
93 803 6 17.734
94 939 34 84.551
95 253 2 94.748
96 139 32 78.805
97 858 2 96.798
98 1080 39 20.363
99 921 10 44.857
100 817 23 17.943
101 344 8 92.594
102 926 9 13.984
103 366 15 69.332
104 578 4 55.939
105 1145 6 92.690
106 245 29 39.544
107 911 34 20.713
108 136 59 1.597
109 448 10 65.650
110 1174 19 24.749
111 21 56 9.241
112 390 40 59.872
113 499 7 18.383
114 52 19 23.147
115 311 8 95.996
116 94 16 58.066
117 647 45 22.076
118 53 34 51.273
119 28 42 4.438
120 807 18 34.199
121 838 56 19.668
122 5 7 28.592
123 85 53 15.133
124 42 36 87.476
125 450 58 70.816
126 1076 19 97.383
127 990 10 32.508
128 916 33 72.460
129 843 7 7.109
130 647 28 86.005
131 372 1 73.342
132 1110 27 75.701
133 1304 35 97.648
134 86 7 87.163
135 660 40 57.625
136 747 14 5.588
137 671 41 14.956
138 1139 6 69.582
139 838 34 7.859
140 368 28 34.563
141 505 28 46.552
142 345 36 27.815
143 281 49 71.925
144 481 12 7.737
145 30 24 22.900
146 1017 31 41.043
147 944 47 71.526
148 190 12 75.958
149 1086 57 76.638
150 872 7 59.746