150
1 1001 49 51.750
2 980 41 1.964
3 84 43 44.418
4 968 25 8.457
5 1092 20 91.316
6 1351 14 58.251
7 24 58 80.983
8 1174 44 3.494
9 34 12 88.092
10 177 39 38.287
11 337 13 48.507
12 1289 8 10.463
13 329 57 78.286
14 616 38 38.111
15 886 36 3.480
16 481 10 72.217
17 1046 23 51.271
18 1363 50 64.543
19 139 40 9.537
20 110 27 55.707
21 1433 27 36.491
22 1383 28 88.703
23 851 34 53.142
24 1080 37 50.100
25 1248 12 36.234
26 1378 19 25.394
27 1092 45 73.289
28 223 9 40.791
29 169 59 78.274
30 982 55 81.136
31 1135 23 52.834
32 713 18 60.360
33 759 19 42.047
34 446 43 6.573
35 42 51 52.911
36 878 7 26.528
37 997 12 92.166
38 388 33 74.227
39 490 41 67.064
40 133 37 86.700
41 1052 4 3.220
42 414 5 31.694
43 204 9 77.326
44 931 21 49.929
45 160 53 9.055
46 155 34 52.202
47 171 27 49.882
48 1268 11 15.493
49 490 34 37.801
50 1331 38 41.823
51 429 9 60.701
52 24 53 78.566
53 44 38 23.686
54 36 51 0.870
55 665 39 23.143
56 775 49 99.762
57 358 5 30.654
58 1292 55 19.293
59 486 6 3.729
60 1013 14 56.291
61 452 53 39.220
62 179 53 81.827
63 1114 31 54.985
64 1132 27 28.794
65 826 54 33.194
66 73 38 11.739
67 1333 15 45.344
68 629 12 14.714
69 365 32 20.318
70 158 60 34.446
71 684 48 6.991
72 806 31 78.707
73 467 42 36.960
74 504 11 71.046
75 960 42 30.482
76 28 8 49.544
77 922 2 91.965
78 139 12 21.149
79 876 11 99.952
80 880 22 4.166
81 911 23 91.027
82 386 48 55.174
83 191 44 64.588
84 1050 45 16.855
85 489 15 55.966
86 1190 47 1.549
87 525 56 71.637
88 713 60 86.995
89 353 45 62.803
90 291 52 9.250
91 1365 60 67.770
92 614 24 23.944
93 675 9 73.329
94 348 33 48.330
95 14 41 0.987
96 730 15 39.280
97 1280 28 97.604
98 1003 51 79.657
99 1209 39 26.830
100 90 37 33.122
101 4 22 82.463
102 113 5 5.020
103 1385 49 71.191
104 1059 19 92.916
105 5 2 84.351
106 753 53 1.422
107 740 58 75.101
108 563 19 32.230
109 1195 42 40.969
110 160 2 94.640
111 110 34 30.001
112 588 26 7.265
113 1382 48 2.092
114 792 22 23.301
115 444 11 36.416
116 889 58 93.938
117 187 1 79.977
118 1335 35 1.266
119 987 34 69.696
120 61 44 0.126
121 1286 23 13.997
122 1075 50 15.592
123 1142 44 55.799
124 912 25 70.446
125 214 8 24.141
126 562 24 7.385
127 798 28 32.027
128 802 2 85.979
129 1433 20 2.915
130 1316 58 10.030
131 185 33 95.698
132 789 29 62.914
133 724 55 99.751
134 1014 46 68.622
135 1085 53 31.262
136 276 32 71.502
137 1129 36 81.184
138 941 51 48.753
139 1260 32 12.674
140 930 59 19.216
141 168 12 75.887
142 1427 57 15.259
143 1220 9 9.821
144 536 4 72.033
145 708 44 62.624
146 963 24 66.668
147 1189 56 83.550
148 1296 47 73.197
149 1125 20 34.998
150 922 50 5.363