150
1 268 8 7.329
2 418 19 56.506
3 1267 14 42.235
4 47 36 44.735
5 606 18 71.602
6 213 19 49.501
7 156 30 37.900
8 746 28 76.649
9 685 32 20.727
10 1200 40 8.151
11 876 15 14.041
12 192 6 76.332
13 23 35 0.974
14 377 37 81.889
15 1232 35 65.072
16 364 24 42.641
17 1055 52 64.776
18 640 12 68.344
19 48 42 87.016
20 1071 27 61.112
21 1106 28 81.037
22 39 21 32.937
23 804 27 81.398
24 222 11 10.871
25 587 25 38.124
26 1081 39 20.359
27 884 53 70.304
28 1211 10 23.847
29 215 26 47.559
30 1349 49 32.544
31 125 20 33.881
32 1281 30 30.754
33 1053 25 8.085
34 678 13 29.978
35 721 6 43.843
36 699 34 9.703
37 306 23 3.775
38 66 46 17.514
39 748 20 18.132
40 970 33 69.968
41 493 10 11.125
42 411 27 45.839
43 1179 20 32.429
44 226 5 99.380
45 774 15 60.801
46 1110 7 50.332
47 523 12 53.090
48 22 57 79.493
49 501 55 27.973
50 1213 6 87.373
51 511 36 35.281
52 428 11 91.663
53 22 32 22.430
54 737 32 22.360
55 1363 21 48.924
56 769 8 76.728
57 473 30 84.503
58 417 38 78.166
59 1007 5 72.118
60 1372 22 30.277
61 169 42 80.866
62 204 41 42.237
63 717 4 77.616
64 417 59 66.790
65 222 26 55.095
66 257 50 78.677
67 161 12 85.821
68 607 51 27.618
69 499 26 6.882
70 988 42 74.419
71 396 19 34.284
72 1314 27 49.966
73 388 21 73.922
74 696 38 85.311
75 684 24 12.976
76 203 1 34.480
77 509 45 8.542
78 1014 25 22.664
79 1004 36 51.609
80 1279 12 55.165
81 286 6 95.482
82 1413 36 80.588
83 6 35 5.220
84 247 37 46.207
85 887 12 82.095
86 918 37 42.614
87 88 27 99.997
88 1244 9 22.822
89 600 29 11.897
90 432 48 6.948
91 904 19 60.925
92 804 37 72.736
93 1337 57 55.429
94 1166 27 45.419
95 446 41 90.945
96 885 47 36.686
97 517 9 25.890
98 956 38 89.043
99 398 26 55.738
100 916 59 89.963
101 606 6 38.456
102 1142 42 63.009
103 446 28 69.357
104 64 58 68.413
105 292 13 44.023
106 696 47 0.990
107 688 14 11.663
108 804 12 63.342
109 1225 32 79.905
110 1309 3 24.765
111 218 58 82.387
112 1373 36 47.919
113 72 53 15.325
114 1279 53 20.851
115 714 36 87.230
116 612 21 96.599
117 1162 53 59.787
118 1300 20 37.295
119 947 20 98.707
120 1305 5 4.843
121 1411 52 90.701
122 669 42 33.384
123 368 30 4.085
124 95 10 18.496
125 50 16 46.479
126 1220 10 9.845
127 579 57 48.365
128 44 11 80.806
129 974 55 53.644
130 1305 33 46.282
131 384 2 76.988
132 1200 59 71.277
133 1091 58 61.606
134 1354 55 11.577
135 761 9 96.320
136 101 7 56.866
137 272 5 17.320
138 123 22 82.360
139 253 37 52.054
140 250 13 76.564
141 902 16 59.825
142 244 1 57.288
143 634 7 28.315
144 442 42 81.313
145 352 8 18.354
146 1287 59 3.767
147 420 33 84.417
148 1316 30 64.151
149 832 56 8.611
150 417 36 93.500