150
1 961 47 97.499
2 278 57 86.981
3 453 4 34.974
4 286 1 1.703
5 954 30 99.479
6 1150 14 74.169
7 406 46 0.589
8 554 33 96.334
9 207 43 38.340
10 1078 12 37.072
11 1422 22 1.433
12 1417 31 32.769
13 1369 28 28.582
14 736 7 76.177
15 1161 32 23.343
16 832 45 65.717
17 1428 14 80.451
18 166 19 51.936
19 970 27 86.382
20 1311 46 30.389
21 29 14 69.198
22 946 26 62.612
23 862 18 85.364
24 1346 21 69.818
25 1148 51 64.865
26 1349 48 50.234
27 1263 29 25.804
28 726 16 37.046
29 968 41 40.675
30 475 47 77.822
31 610 20 46.518
32 1305 38 16.086
33 868 28 24.052
34 554 22 77.659
35 1185 47 11.375
36 1006 52 35.625
37 479 18 39.460
38 678 31 94.127
39 722 47 83.553
40 518 25 84.281
41 987 17 27.045
42 1372 14 56.487
43 717 25 73.375
44 1355 54 93.993
45 167 23 91.591
46 36 48 59.895
47 1207 56 49.218
48 1095 48 5.844
49 750 22 73.506
50 75 52 32.706
51 776 39 87.897
52 1201 52 55.814
53 301 54 18.596
54 1211 28 7.514
55 214 19 28.655
56 1009 44 51.570
57 1114 43 55.208
58 903 17 89.045
59 719 22 86.640
60 1005 17 19.841
61 175 57 59.672
62 1181 20 40.138
63 1401 41 16.214
64 134 21 23.630
65 1325 23 54.723
66 479 9 43.662
67 382 11 83.138
68 843 28 85.256
69 921 6 55.221
70 976 59 72.651
71 891 19 26.744
72 801 27 94.677
73 718 35 27.259
74 373 7 72.576
75 770 15 86.286
76 434 31 8.879
77 45 8 20.957
78 28 31 24.418
79 392 25 52.067
80 1320 60 72.681
81 1325 22 84.781
82 1101 50 68.105
83 41 32 47.743
84 451 55 38.528
85 1025 2 24.625
86 928 31 6.834
87 985 52 89.413
88 1228 9 81.777
89 578 2 40.090
90 393 25 44.340
91 1365 52 80.762
92 245 10 1.674
93 532 31 83.195
94 1171 51 89.995
95 1025 1 7.996
96 82 5 32.256
97 1320 41 23.741
98 1221 44 75.484
99 511 7 41.764
100 1114 22 73.105
101 723 53 12.079
102 80 46 84.097
103 571 26 78.751
104 431 24 49.975
105 908 45 55.532
106 378 39 5.512
107 427 37 95.504
108 785 15 94.830
109 1005 3 14.593
110 92 32 56.884
111 764 7 18.829
112 600 2 77.065
113 44 56 78.522
114 497 13 89.505
115 873 58 21.105
116 573 54 88.989
117 56 7 52.315
118 1022 29 78.196
119 1178 53 59.718
120 242 48 23.424
121 1230 52 19.595
122 677 5 29.027
123 930 11 73.746
124 277 6 82.267
125 135 57 94.104
126 252 12 81.750
127 979 24 78.809
128 240 8 78.218
129 1122 23 89.131
130 657 2 39.964
131 397 56 11.224
132 397 56 53.468
133 699 53 85.931
134 576 24 51.290
135 1190 57 73.957
136 1208 1 41.306
137 1220 58 1.293
138 220 26 77.632
139 1374 57 0.716
140 1250 4 52.198
141 1262 46 32.545
142 635 2 53.941
143 939 50 96.769
144 491 23 83.869
145 317 54 8.601
146 129 55 99.184
147 672 1 18.763
148 1216 52 82.864
149 383 58 15.532
150 786 39 6.763