150
1 408 43 13.877
2 534 14 95.076
3 1161 36 56.371
4 960 44 51.387
5 767 37 95.999
6 1425 32 85.068
7 102 6 32.053
8 538 15 16.908
9 29 54 24.413
10 1438 31 2.092
11 1227 56 98.963
12 1402 28 7.178
13 158 33 10.152
14 1382 21 80.278
15 489 45 70.043
16 1184 28 57.527
17 975 40 59.008
18 621 3 8.856
19 431 19 54.110
20 1256 55 98.863
21 436 45 84.365
22 320 37 4.148
23 1189 3 56.524
24 1415 55 80.304
25 451 17 55.138
26 603 3 77.484
27 1346 22 11.753
28 224 57 97.377
29 1356 18 14.297
30 317 36 92.592
31 855 31 70.731
32 603 53 92.306
33 1245 20 33.590
34 629 45 34.186
35 1360 17 73.759
36 1404 16 63.824
37 1068 49 91.104
38 362 16 16.353
39 10 27 48.071
40 566 56 63.580
41 75 17 79.956
42 621 15 17.995
43 399 34 56.461
44 656 45 77.218
45 590 14 55.927
46 20 9 34.111
47 1118 54 88.232
48 204 49 9.220
49 848 19 0.801
50 1253 34 47.528
51 521 44 39.614
52 122 3 18.147
53 615 52 0.014
54 373 42 98.873
55 5 38 6.169
56 1439 29 1.336
57 240 4 8.671
58 991 2 75.977
59 938 37 89.210
60 684 6 12.684
61 1270 57 16.269
62 1217 7 96.101
63 649 58 29.502
64 72 1 6.817
65 697 12 13.933
66 1190 18 41.227
67 1236 6 75.637
68 1056 29 93.827
69 566 6 87.754
70 1203 50 54.882
71 1250 8 56.044
72 215 35 42.158
73 1293 11 93.034
74 1391 13 65.653
75 1083 4 57.361
76 1440 51 5.572
77 1048 48 68.557
78 351 9 16.666
79 1402 46 35.370
80 119 10 44.854
81 700 2 62.098
82 655 16 30.783
83 788 56 55.585
84 793 35 89.658
85 606 22 87.173
86 1048 18 45.661
87 430 26 2.801
88 977 56 86.895
89 1002 39 5.528
90 524 45 58.659
91 586 3 56.309
92 546 39 41.446
93 1309 57 51.498
94 1293 18 72.515
95 1006 33 32.276
96 575 28 87.431
97 795 5 37.800
98 634 45 97.569
99 952 57 34.139
100 915 4 61.829
101 528 55 26.980
102 426 12 21.867
103 878 25 15.722
104 917 7 38.216
105 1011 7 42.046
106 131 16 57.145
107 1395 42 85.137
108 1061 5 42.998
109 1342 15 31.824
110 847 60 6.392
111 185 27 29.147
112 1146 9 43.440
113 861 52 9.390
114 1238 44 35.962
115 270 37 17.529
116 284 25 0.209
117 627 25 8.232
118 396 29 99.644
119 1063 7 69.947
120 561 43 53.253
121 276 20 13.420
122 604 28 54.159
123 1123 35 29.549
124 256 43 41.941
125 1144 10 29.057
126 393 55 44.410
127 92 11 55.820
128 188 29 6.069
129 971 46 14.758
130 603 39 44.551
131 545 11 49.237
132 171 52 53.302
133 92 42 83.690
134 1189 1 59.112
135 479 23 75.180
136 355 53 24.039
137 1144 18 28.981
138 84 30 16.741
139 975 24 98.645
140 542 1 91.437
141 1276 46 36.132
142 966 1 44.408
143 678 34 10.352
144 215 1 57.997
145 602 52 27.666
146 667 36 96.921
147 1324 31 33.455
148 883 33 11.895
149 449 26 36.642
150 288 10 16.045