150
1 128 35 24.609
2 268 8 6.479
3 83 26 31.452
4 656 36 2.131
5 120 38 33.076
6 656 12 99.920
7 1331 22 43.814
8 1262 15 26.013
9 772 21 93.878
10 594 15 49.424
11 367 28 64.188
12 212 25 74.518
13 1231 28 39.758
14 1102 19 33.247
15 1349 2 84.549
16 1174 49 25.580
17 1351 27 69.076
18 643 60 58.218
19 823 8 12.115
20 550 42 52.472
21 442 1 24.699
22 155 6 22.198
23 713 14 58.951
24 1100 2 15.291
25 1245 32 44.031
26 731 10 34.108
27 636 36 26.288
28 859 39 53.486
29 825 38 7.781
30 351 28 85.865
31 299 15 26.946
32 441 7 10.771
33 224 31 49.206
34 486 49 2.061
35 825 48 79.925
36 621 52 50.160
37 1293 29 99.976
38 1180 18 65.127
39 1087 24 6.508
40 5 33 60.397
41 470 36 69.605
42 1111 12 89.509
43 905 23 29.545
44 1401 28 59.112
45 544 20 77.090
46 208 5 88.261
47 794 58 0.796
48 526 15 95.757
49 445 45 34.407
50 577 45 5.669
51 1233 56 95.670
52 62 1 11.365
53 135 4 83.754
54 1079 36 0.771
55 604 54 86.583
56 109 38 83.106
57 546 47 57.984
58 1233 9 13.605
59 136 16 70.806
60 1152 20 84.595
61 58 4 25.844
62 369 24 6.433
63 1053 11 9.952
64 1344 34 71.710
65 941 25 64.264
66 1308 25 39.370
67 1175 31 1.302
68 1225 33 8.736
69 1142 7 94.248
70 906 22 93.066
71 1272 20 92.493
72 132 10 18.217
73 12 12 46.687
74 524 49 69.926
75 914 39 87.749
76 38 20 86.005
77 76 41 47.260
78 1 16 56.154
79 67 27 85.582
80 723 34 78.863
81 615 5 93.910
82 1184 7 79.131
83 242 59 0.345
84 1426 32 45.490
85 83 27 93.820
86 1129 51 9.620
87 588 22 5.479
88 134 41 1.163
89 988 33 56.742
90 1410 12 90.106
91 822 10 24.419
92 1073 3 39.479
93 452 43 96.882
94 682 34 21.329
95 1352 43 0.240
96 1201 55 60.799
97 87 55 57.920
98 1368 50 86.387
99 705 41 89.430
100 47 31 61.251
101 769 14 78.262
102 275 46 71.228
103 423 44 10.668
104 1316 32 82.510
105 1279 2 61.690
106 718 41 26.186
107 589 26 95.827
108 769 44 70.257
109 1376 49 26.022
110 754 51 83.592
111 680 44 2.917
112 1403 53 31.433
113 1138 36 2.326
114 578 41 71.724
115 1231 46 75.449
116 1397 58 65.488
117 1401 5 59.877
118 94 46 99.988
119 905 10 68.925
120 491 54 91.259
121 107 54 40.414
122 254 43 7.499
123 681 29 60.959
124 460 52 68.594
125 745 6 5.979
126 1025 56 65.562
127 943 20 99.518
128 88 33 25.375
129 305 18 65.309
130 711 54 42.754
131 390 58 86.274
132 501 30 66.768
133 832 11 38.750
134 1177 60 58.767
135 703 25 92.867
136 276 3 73.830
137 251 45 6.307
138 296 46 27.276
139 1102 42 11.185
140 583 21 2.263
141 328 47 45.342
142 1377 12 18.072
143 495 15 79.687
144 1382 53 46.763
145 445 13 81.663
146 593 5 91.375
147 731 29 16.908
148 509 5 63.330
149 836 51 1.503
150 962 9 55.937