150
1 668 42 18.357
2 249 52 32.186
3 86 2 97.168
4 572 32 26.527
5 1084 20 3.265
6 20 25 8.168
7 249 34 42.367
8 248 15 42.784
9 328 29 22.506
10 751 12 94.870
11 1378 42 66.677
12 780 21 71.470
13 64 17 73.322
14 47 27 49.292
15 947 55 37.271
16 1266 2 26.237
17 761 16 47.839
18 100 54 83.466
19 470 19 55.543
20 527 57 42.842
21 279 11 88.145
22 254 31 91.537
23 998 51 45.367
24 1060 3 98.060
25 200 30 95.738
26 1217 22 74.959
27 1302 48 16.781
28 197 51 17.392
29 1099 36 19.415
30 1184 19 30.750
31 1419 13 94.220
32 1121 37 3.223
33 914 51 70.666
34 978 11 30.858
35 1405 23 51.424
36 880 52 52.739
37 824 47 81.916
38 747 53 64.775
39 83 26 53.181
40 218 49 54.486
41 414 13 14.810
42 317 27 64.481
43 205 11 62.404
44 55 40 67.066
45 1316 55 29.224
46 338 9 98.080
47 1386 49 69.235
48 251 21 25.433
49 452 9 93.891
50 266 59 71.526
51 1 54 36.220
52 1170 28 82.201
53 650 21 71.995
54 1104 44 44.733
55 991 46 16.588
56 1163 3 57.026
57 1199 16 8.204
58 489 34 9.292
59 966 36 48.925
60 910 9 96.152
61 268 53 59.973
62 557 38 26.918
63 455 29 72.786
64 426 33 59.815
65 1282 2 76.858
66 839 39 78.774
67 554 24 45.079
68 1437 6 85.943
69 828 30 62.216
70 24 20 23.812
71 550 54 81.450
72 77 35 30.307
73 954 33 78.786
74 1412 3 12.383
75 910 59 80.744
76 300 9 4.207
77 133 1 36.123
78 174 7 96.301
79 640 42 90.242
80 681 1 19.573
81 1043 47 24.511
82 1137 24 1.540
83 200 60 64.101
84 1041 41 99.567
85 1314 44 88.230
86 1309 47 87.737
87 1111 29 83.032
88 274 60 13.053
89 308 6 68.443
90 1266 57 92.063
91 762 14 6.714
92 1236 26 57.497
93 980 18 76.138
94 132 41 92.822
95 1286 39 21.818
96 857 17 89.904
97 1262 54 74.766
98 498 49 20.083
99 778 23 28.013
100 1071 10 45.849
101 281 7 47.817
102 976 31 30.943
103 9 1 34.730
104 919 1 31.468
105 373 32 7.356
106 57 49 11.421
107 964 37 52.165
108 1389 33 71.102
109 955 6 39.804
110 55 31 18.506
111 488 43 97.741
112 1049 42 16.002
113 881 40 45.618
114 805 8 92.332
115 1151 36 17.239
116 1404 51 61.019
117 914 35 73.376
118 443 27 38.795
119 1259 29 23.859
120 254 15 6.080
121 683 28 55.406
122 302 19 79.900
123 1260 42 5.484
124 1163 42 79.117
125 858 11 44.572
126 1268 17 45.319
127 1378 33 9.432
128 1216 3 98.126
129 331 22 0.444
130 1314 35 42.184
131 1 48 71.737
132 1316 37 58.020
133 1417 16 13.941
134 331 27 40.556
135 627 42 68.334
136 845 54 26.583
137 1211 10 90.239
138 1396 57 65.037
139 313 56 38.644
140 685 15 47.292
141 235 43 68.563
142 592 2 60.894
143 1125 44 52.584
144 781 11 57.786
145 282 47 38.646
146 691 7 75.131
147 981 31 77.454
148 677 1 57.195
149 102 15 63.757
150 1383 3 76.879