150
1 549 37 28.336
2 49 58 75.439
3 108 32 48.116
4 1118 11 37.266
5 1101 55 63.380
6 968 1 55.473
7 342 57 63.055
8 1131 13 30.764
9 1298 9 48.367
10 634 35 6.935
11 1428 27 5.873
12 709 55 89.351
13 1079 2 23.054
14 791 45 56.635
15 220 3 1.326
16 358 5 10.396
17 1108 49 32.480
18 295 32 76.960
19 709 27 50.940
20 203 29 59.044
21 1403 10 72.576
22 934 30 93.526
23 1013 46 87.542
24 574 12 30.180
25 1201 48 79.365
26 899 57 99.426
27 947 58 52.441
28 53 52 55.219
29 229 30 17.826
30 221 55 3.377
31 893 13 19.955
32 1371 11 45.199
33 1369 17 58.271
34 829 59 41.690
35 777 8 95.461
36 100 46 23.257
37 163 55 49.970
38 566 28 22.223
39 889 46 29.707
40 1402 31 66.504
41 607 28 99.781
42 1248 22 32.818
43 270 50 73.162
44 1036 25 11.944
45 27 36 83.351
46 306 15 44.165
47 1125 55 24.882
48 790 45 44.353
49 101 9 44.280
50 274 38 12.624
51 1236 46 33.352
52 748 42 41.017
53 778 9 6.118
54 1424 46 65.948
55 618 6 52.585
56 967 60 2.632
57 900 26 27.176
58 891 22 50.988
59 460 59 28.341
60 356 60 59.310
61 87 50 58.639
62 197 55 62.615
63 584 45 55.450
64 550 31 99.189
65 153 13 23.859
66 1089 29 43.327
67 578 14 74.168
68 235 48 33.438
69 509 43 29.950
70 23 2 47.131
71 866 25 64.604
72 1120 57 96.671
73 381 25 52.104
74 584 33 78.533
75 722 7 51.035
76 64 52 12.042
77 1287 54 51.523
78 1155 1 95.221
79 147 42 67.794
80 1400 10 86.571
81 1000 15 56.405
82 1209 1 41.632
83 1235 56 82.386
84 662 27 70.080
85 480 50 92.690
86 1295 2 54.234
87 101 3 95.493
88 838 15 32.493
89 1152 41 64.930
90 1266 43 15.394
91 1382 36 82.706
92 1223 48 67.284
93 1292 12 67.197
94 643 50 85.368
95 33 23 78.023
96 482 26 38.099
97 505 3 99.965
98 1079 34 47.083
99 1421 12 80.867
100 60 2 32.537
101 376 24 67.365
102 621 13 17.004
103 862 26 90.978
104 79 16 25.160
105 1225 55 98.800
106 1314 51 41.874
107 431 3 86.929
108 1133 1 94.692
109 1239 9 74.319
110 327 43 5.131
111 677 60 8.497
112 1395 26 46.255
113 994 56 37.645
114 971 55 47.312
115 573 53 43.865
116 522 53 25.825
117 233 50 26.786
118 454 26 78.526
119 419 15 72.953
120 198 5 40.927
121 529 41 27.793
122 949 4 71.121
123 293 49 66.182
124 493 5 62.663
125 290 8 20.846
126 745 34 64.902
127 86 52 57.662
128 1312 23 61.133
129 633 10 16.041
130 1433 52 26.416
131 171 53 47.879
132 503 33 69.956
133 492 28 83.242
134 1163 35 64.785
135 1311 35 74.201
136 379 52 24.778
137 962 29 15.823
138 610 57 10.327
139 199 31 57.786
140 1265 20 92.607
141 1433 58 83.209
142 344 18 55.820
143 216 15 72.739
144 1292 37 57.680
145 981 56 12.856
146 136 22 8.590
147 751 29 31.406
148 1361 58 28.364
149 584 23 0.063
150 917 41 17.509