150
1 1276 19 89.092
2 483 40 47.175
3 1437 15 26.081
4 1034 35 4.397
5 279 38 74.890
6 1378 16 28.353
7 955 1 28.291
8 78 13 89.502
9 230 44 66.946
10 575 4 12.977
11 678 58 11.145
12 232 52 25.383
13 974 43 46.048
14 98 59 54.917
15 1203 38 18.090
16 489 5 49.315
17 114 7 16.535
18 175 55 84.934
19 262 25 68.670
20 308 43 89.210
21 1163 15 46.382
22 138 36 77.179
23 213 5 65.289
24 1273 40 33.999
25 1219 56 53.293
26 1424 22 16.863
27 819 35 89.075
28 463 23 79.105
29 1009 35 7.975
30 688 29 72.304
31 1346 2 90.786
32 430 42 72.370
33 1359 33 6.820
34 251 49 65.755
35 192 36 0.541
36 657 13 97.873
37 1377 37 72.031
38 876 32 55.319
39 2 17 88.341
40 108 32 98.904
41 998 39 34.670
42 56 32 65.616
43 799 4 62.937
44 1059 15 26.286
45 194 32 48.805
46 442 25 8.686
47 1133 9 84.449
48 1103 11 13.237
49 255 39 18.344
50 268 39 85.914
51 1044 25 53.271
52 534 57 57.499
53 1025 24 13.208
54 154 14 78.366
55 161 47 65.875
56 694 51 8.479
57 76 12 33.464
58 870 37 62.758
59 696 41 90.470
60 158 30 24.161
61 190 5 31.632
62 1355 1 34.033
63 140 25 81.071
64 582 23 16.922
65 1376 59 56.751
66 258 35 96.541
67 1438 9 45.722
68 1037 41 98.555
69 670 24 12.556
70 588 41 60.729
71 1426 26 41.180
72 829 57 76.763
73 1133 50 86.806
74 1013 24 19.554
75 848 48 74.066
76 618 60 80.945
77 1412 20 51.333
78 522 34 13.730
79 814 55 5.293
80 1169 26 63.308
81 849 43 80.077
82 1045 50 4.574
83 1068 60 8.125
84 1353 1 99.744
85 313 48 64.177
86 241 11 34.810
87 1157 29 26.863
88 1012 58 47.518
89 489 21 85.728
90 1188 11 75.125
91 730 15 7.862
92 1082 53 93.633
93 907 55 83.905
94 1327 20 63.928
95 167 59 38.463
96 977 37 67.836
97 243 40 83.190
98 235 37 9.038
99 595 39 0.530
100 1373 40 56.534
101 738 40 75.030
102 671 41 94.074
103 180 11 53.893
104 249 17 77.677
105 117 46 32.741
106 559 9 52.067
107 1079 55 34.085
108 773 42 55.847
109 139 25 96.728
110 111 18 10.175
111 348 38 66.849
112 1341 42 17.819
113 1073 15 40.661
114 733 41 23.235
115 218 27 23.565
116 364 25 29.808
117 1177 30 60.247
118 1148 2 67.061
119 1031 4 34.283
120 1280 9 61.802
121 211 23 27.376
122 532 3 79.425
123 810 16 62.653
124 1142 56 43.502
125 364 45 22.665
126 1404 32 51.138
127 293 34 68.005
128 744 36 76.731
129 45 32 89.811
130 1204 7 32.840
131 549 13 58.487
132 1311 58 76.364
133 415 56 59.069
134 805 28 4.227
135 579 34 68.444
136 810 38 15.353
137 365 12 51.335
138 1399 41 39.101
139 633 29 99.495
140 557 16 42.044
141 1255 56 55.002
142 1091 7 55.900
143 191 55 83.378
144 358 29 37.358
145 294 36 77.375
146 361 42 63.149
147 801 23 20.323
148 1247 56 74.230
149 1011 60 81.913
150 697 56 32.091