150
1 313 15 25.783
2 1377 57 68.412
3 356 22 96.457
4 416 26 94.762
5 491 21 78.720
6 1062 41 24.641
7 858 14 46.395
8 16 42 94.306
9 592 2 76.030
10 773 9 0.881
11 809 40 68.536
12 689 46 45.517
13 1117 21 2.462
14 1328 55 62.624
15 1186 35 47.218
16 911 37 68.551
17 162 6 87.234
18 457 5 44.851
19 577 36 43.116
20 471 43 19.490
21 305 56 0.419
22 699 27 5.273
23 552 14 91.790
24 701 5 51.183
25 1161 20 7.999
26 944 54 89.358
27 350 26 42.267
28 169 5 44.772
29 613 54 88.740
30 1301 23 74.690
31 105 4 42.013
32 581 16 60.998
33 1408 7 60.623
34 406 35 89.136
35 446 34 95.899
36 667 42 95.767
37 848 60 72.188
38 107 54 43.398
39 1042 16 64.188
40 675 7 48.691
41 1432 43 84.365
42 229 55 12.728
43 1200 35 54.079
44 1134 10 49.004
45 325 31 24.250
46 1424 24 72.863
47 985 30 67.013
48 1235 22 97.050
49 42 43 45.260
50 840 60 31.108
51 71 60 57.877
52 1205 40 97.469
53 1375 41 97.078
54 750 9 36.187
55 67 11 51.320
56 413 52 95.491
57 265 24 36.510
58 1050 22 22.678
59 1196 1 88.287
60 910 28 73.109
61 611 4 16.931
62 1127 40 32.610
63 471 56 44.339
64 767 44 44.376
65 1150 23 43.082
66 942 59 24.372
67 365 4 86.104
68 1049 33 91.663
69 1348 43 49.270
70 428 34 66.928
71 159 47 84.171
72 1361 10 94.315
73 1401 32 85.822
74 780 50 13.822
75 798 15 87.971
76 1358 53 31.506
77 92 23 25.876
78 357 4 34.238
79 757 17 94.326
80 1345 26 89.852
81 260 56 22.475
82 1405 4 33.483
83 839 28 14.033
84 529 39 45.760
85 650 23 77.765
86 526 29 88.310
87 301 54 70.603
88 819 19 21.368
89 310 60 98.108
90 936 17 41.084
91 1217 58 50.555
92 706 38 95.615
93 443 53 54.106
94 428 2 53.249
95 799 8 79.451
96 427 27 17.921
97 568 16 86.347
98 952 7 4.531
99 895 19 49.568
100 561 50 61.926
101 733 48 7.039
102 386 7 64.255
103 295 50 97.112
104 1091 3 9.925
105 1078 15 52.866
106 880 12 64.476
107 595 36 69.921
108 572 40 96.803
109 116 28 29.734
110 664 4 26.892
111 1115 7 66.315
112 635 46 64.067
113 725 14 7.924
114 1241 46 42.443
115 1130 7 31.821
116 1259 12 78.875
117 531 48 71.361
118 533 35 22.347
119 1060 56 25.336
120 1079 17 39.987
121 531 33 4.282
122 738 3 60.273
123 1311 39 62.179
124 1040 31 38.474
125 1382 39 0.110
126 135 47 83.020
127 55 49 73.871
128 1382 35 95.501
129 634 9 1.619
130 620 48 88.139
131 1066 32 41.469
132 1213 49 80.040
133 900 43 98.250
134 808 10 72.766
135 721 32 54.320
136 133 50 26.367
137 1119 1 30.458
138 186 30 35.155
139 775 39 20.419
140 902 18 26.435
141 1180 19 46.518
142 1184 53 32.238
143 586 23 93.310
144 1237 51 1.668
145 1124 54 60.880
146 118 47 21.386
147 541 23 1.835
148 623 50 66.358
149 1238 10 79.858
150 1219 8 46.513