150
1 467 7 69.192
2 1351 42 34.179
3 699 27 12.349
4 194 12 54.243
5 1212 60 31.779
6 679 44 76.233
7 354 20 65.553
8 1034 57 37.558
9 1158 22 83.261
10 1085 35 9.622
11 483 3 60.617
12 501 60 54.907
13 853 9 61.700
14 274 52 21.725
15 475 31 65.261
16 187 28 31.785
17 965 53 70.102
18 331 11 9.257
19 1126 40 2.312
20 185 3 55.614
21 1285 43 94.794
22 47 1 13.610
23 191 34 29.330
24 1202 50 8.170
25 154 5 45.734
26 886 46 82.664
27 48 12 3.723
28 793 30 16.670
29 1202 9 21.533
30 859 38 86.032
31 1124 7 49.387
32 688 33 92.370
33 324 6 29.248
34 1377 39 91.559
35 402 25 55.339
36 497 46 46.552
37 68 21 88.629
38 270 32 24.866
39 412 28 70.429
40 237 19 17.211
41 1280 26 54.127
42 1161 39 65.848
43 523 14 64.052
44 694 45 45.832
45 929 28 55.365
46 980 34 65.753
47 703 40 18.806
48 277 7 47.691
49 759 57 90.136
50 697 21 59.060
51 388 10 15.541
52 1290 23 31.462
53 268 33 53.398
54 785 46 17.289
55 860 33 80.367
56 806 38 50.755
57 244 7 82.249
58 456 54 80.751
59 171 49 19.355
60 1427 33 90.067
61 3 27 61.421
62 1157 25 12.189
63 1002 2 5.952
64 1402 10 86.944
65 118 25 83.413
66 458 49 73.517
67 1251 3 54.162
68 720 51 10.631
69 469 2 80.721
70 1097 15 97.621
71 1238 18 45.684
72 621 23 74.150
73 692 17 31.739
74 109 14 82.026
75 1117 30 4.868
76 753 8 56.196
77 1226 53 72.440
78 249 11 15.971
79 112 2 39.958
80 300 12 99.284
81 773 1 37.760
82 306 20 31.330
83 597 42 37.605
84 1138 49 76.469
85 1000 1 20.418
86 509 39 62.212
87 1026 23 52.077
88 1003 40 59.426
89 109 44 16.390
90 906 58 2.771
91 1438 25 25.872
92 972 23 94.243
93 895 43 8.485
94 1274 55 74.551
95 945 57 29.801
96 1132 32 41.997
97 91 7 72.660
98 1052 59 52.498
99 595 15 42.508
100 281 34 59.092
101 375 55 65.858
102 425 13 58.616
103 283 27 2.411
104 575 41 56.940
105 351 40 30.451
106 85 49 83.267
107 929 4 90.298
108 989 49 58.656
109 1066 1 10.934
110 612 47 58.726
111 311 29 54.034
112 118 18 82.736
113 1134 6 17.039
114 436 26 37.155
115 1357 3 5.598
116 25 6 35.885
117 717 57 90.421
118 1200 47 47.402
119 455 8 2.981
120 503 13 50.439
121 226 46 22.251
122 366 58 60.011
123 627 35 73.040
124 623 5 9.586
125 326 20 38.368
126 32 42 41.363
127 83 56 26.635
128 58 36 46.681
129 523 53 81.987
130 1371 38 7.628
131 360 9 27.445
132 670 25 63.581
133 471 35 58.935
134 387 1 39.916
135 726 55 21.188
136 86 41 10.518
137 1211 13 49.027
138 296 53 68.660
139 923 12 85.750
140 646 5 23.141
141 38 53 54.699
142 1438 21 98.890
143 1316 48 66.275
144 978 56 88.304
145 530 34 73.900
146 971 2 12.091
147 457 10 0.970
148 222 21 62.232
149 86 54 61.041
150 1277 42 86.816