150
1 1191 29 52.824
2 366 47 99.233
3 1230 50 20.717
4 9 20 85.950
5 1391 20 34.283
6 645 24 80.919
7 1137 37 81.174
8 1233 38 97.794
9 507 39 32.837
10 706 52 56.748
11 580 14 21.421
12 48 37 69.389
13 751 36 54.107
14 145 23 57.816
15 530 50 58.884
16 1340 60 31.911
17 1179 24 29.068
18 352 46 0.056
19 605 14 9.411
20 503 13 71.783
21 1419 40 44.766
22 203 38 47.222
23 1268 14 71.077
24 1171 17 79.130
25 1002 42 91.336
26 328 5 89.936
27 524 56 45.648
28 640 15 61.573
29 1288 24 33.372
30 1015 47 25.476
31 453 43 6.720
32 1051 52 72.907
33 1113 29 12.769
34 1214 20 37.510
35 406 44 70.430
36 20 37 97.352
37 1002 56 15.535
38 1153 39 63.477
39 1420 13 73.753
40 536 17 71.053
41 646 26 76.076
42 966 27 21.552
43 1301 34 0.116
44 560 47 98.773
45 1114 6 48.535
46 1028 57 37.116
47 697 26 97.121
48 816 47 13.672
49 397 50 18.140
50 674 32 65.733
51 975 18 2.003
52 1188 49 99.105
53 1045 40 57.439
54 361 51 28.475
55 560 36 28.780
56 1254 50 11.739
57 660 32 21.871
58 350 3 74.758
59 326 4 67.805
60 1198 56 5.617
61 1053 35 74.216
62 867 52 83.733
63 1438 20 80.267
64 1013 9 46.573
65 41 45 97.185
66 1410 50 47.966
67 119 38 81.365
68 990 15 6.526
69 723 33 39.361
70 1024 35 67.126
71 1345 55 28.305
72 145 25 17.749
73 1134 52 49.787
74 506 17 54.169
75 1440 15 48.086
76 1097 19 3.279
77 178 47 19.120
78 1267 13 70.729
79 1293 44 70.380
80 518 22 39.255
81 1088 44 97.565
82 276 14 85.866
83 307 56 55.754
84 935 26 75.779
85 26 41 42.719
86 1302 33 40.433
87 902 46 98.452
88 944 1 16.831
89 1123 5 49.150
90 587 17 83.541
91 1407 14 16.156
92 37 37 82.365
93 946 13 23.348
94 444 33 39.632
95 1353 46 14.311
96 677 13 71.195
97 1037 18 7.639
98 258 23 16.963
99 60 1 2.846
100 46 32 68.947
101 276 30 86.621
102 686 46 85.644
103 183 39 54.989
104 220 21 88.693
105 501 19 63.858
106 474 36 7.520
107 339 29 27.985
108 693 48 21.282
109 811 15 8.234
110 1270 9 72.998
111 1044 32 33.459
112 381 31 34.629
113 338 27 45.047
114 14 4 65.307
115 270 13 40.988
116 671 30 14.815
117 692 8 54.371
118 718 2 19.210
119 1093 12 66.601
120 1291 27 16.277
121 1280 29 73.851
122 1169 37 21.568
123 370 50 77.390
124 1362 24 69.157
125 461 31 52.744
126 1117 24 70.174
127 429 41 51.639
128 875 48 18.028
129 1102 17 73.436
130 1377 41 57.607
131 278 8 49.854
132 1215 55 16.098
133 46 38 35.948
134 353 22 7.636
135 543 48 37.149
136 750 15 96.432
137 1231 52 16.932
138 1029 39 32.649
139 243 37 63.713
140 460 56 74.204
141 1174 47 38.802
142 1244 17 71.243
143 486 60 91.071
144 932 59 17.234
145 907 24 23.307
146 1308 41 39.104
147 737 5 30.863
148 1375 40 23.821
149 1291 35 88.301
150 770 22 46.948