150
1 841 52 18.303
2 700 18 56.127
3 306 14 37.918
4 465 29 75.386
5 903 18 79.755
6 398 2 36.968
7 199 58 47.381
8 1179 1 37.868
9 724 59 7.021
10 602 5 71.736
11 236 26 0.785
12 331 32 88.464
13 647 29 29.690
14 554 37 27.106
15 905 12 95.212
16 761 28 52.705
17 1027 14 28.405
18 1349 39 12.837
19 56 23 82.803
20 550 25 86.531
21 668 13 66.351
22 1361 31 46.659
23 902 12 61.924
24 1286 34 31.076
25 730 5 2.351
26 369 30 37.112
27 443 54 66.513
28 1118 27 10.418
29 884 41 38.717
30 524 17 64.985
31 1317 23 62.311
32 16 32 97.660
33 1347 39 25.817
34 981 53 62.458
35 1291 47 98.198
36 388 35 41.450
37 924 19 81.803
38 689 27 73.325
39 678 16 4.792
40 938 19 75.734
41 1338 19 96.684
42 797 48 41.293
43 567 15 70.947
44 42 51 8.712
45 128 42 84.823
46 1120 31 35.963
47 104 12 29.432
48 513 41 46.542
49 251 1 71.416
50 745 29 0.011
51 293 48 62.807
52 853 15 10.672
53 977 56 42.571
54 1168 10 95.765
55 100 43 30.385
56 1080 42 10.255
57 858 33 25.030
58 34 50 9.673
59 349 22 48.265
60 628 2 65.193
61 1092 36 10.623
62 595 56 65.695
63 336 27 80.224
64 170 32 67.042
65 1169 58 77.427
66 1098 57 88.488
67 1037 42 38.945
68 233 9 45.163
69 873 46 65.463
70 191 32 13.401
71 626 15 81.537
72 484 43 23.307
73 1146 51 72.105
74 1203 47 95.671
75 730 38 40.016
76 11 8 18.229
77 1060 4 86.178
78 638 23 31.889
79 368 57 77.955
80 617 4 57.547
81 287 38 92.684
82 1120 27 33.330
83 32 39 44.716
84 952 26 58.003
85 360 38 43.381
86 293 9 2.597
87 42 38 56.077
88 1243 53 22.119
89 434 20 83.951
90 615 56 40.854
91 1122 60 90.551
92 1416 51 80.244
93 843 10 82.915
94 1307 16 43.148
95 1009 12 62.076
96 268 10 38.379
97 1274 15 47.421
98 1332 56 6.098
99 1185 26 27.814
100 875 24 66.462
101 1157 36 84.187
102 226 10 52.422
103 569 17 96.876
104 228 46 36.083
105 276 25 85.195
106 649 33 94.323
107 969 33 99.954
108 526 34 73.059
109 1017 55 83.624
110 612 43 19.369
111 892 39 23.166
112 717 3 12.497
113 681 31 74.245
114 1270 20 3.391
115 1052 53 76.055
116 1146 49 94.356
117 343 16 73.250
118 905 15 29.657
119 1031 19 10.810
120 943 53 55.061
121 52 54 1.014
122 794 2 13.793
123 616 1 91.379
124 457 6 16.969
125 293 13 94.891
126 1298 38 9.569
127 445 15 5.486
128 955 24 46.938
129 551 5 55.658
130 288 55 69.203
131 1268 33 24.138
132 1268 25 76.869
133 1392 54 40.972
134 1058 42 37.977
135 1001 13 31.840
136 756 17 66.471
137 320 43 92.643
138 1153 51 47.572
139 22 36 93.037
140 1284 48 35.063
141 1265 45 53.807
142 662 18 87.525
143 1053 18 34.161
144 1088 12 70.184
145 104 23 33.185
146 1122 25 87.309
147 378 10 82.858
148 1218 26 40.671
149 64 28 97.053
150 20 4 49.460