150
1 232 29 31.149
2 1156 55 89.875
3 641 32 19.691
4 1389 15 87.728
5 1104 36 91.289
6 1039 15 36.120
7 1300 44 2.518
8 1020 52 14.036
9 131 20 79.318
10 662 25 7.705
11 87 52 10.129
12 313 52 45.320
13 379 7 80.946
14 929 34 3.178
15 1142 24 36.198
16 74 23 93.042
17 848 18 5.415
18 120 45 36.338
19 829 52 73.640
20 1352 16 35.222
21 875 34 4.031
22 1435 27 58.860
23 719 48 41.179
24 22 7 7.259
25 3 11 35.565
26 111 25 73.050
27 716 52 86.163
28 475 16 14.483
29 126 13 24.210
30 1238 12 76.948
31 420 13 92.907
32 339 42 65.996
33 57 17 73.236
34 1333 47 17.617
35 1429 13 99.270
36 841 14 92.775
37 351 30 91.142
38 1287 8 92.771
39 1105 43 10.893
40 1065 35 78.751
41 779 32 44.780
42 1000 37 18.962
43 1433 11 43.255
44 706 7 74.528
45 344 17 59.105
46 1280 48 21.309
47 1141 20 85.229
48 338 25 91.466
49 88 12 5.596
50 498 52 5.923
51 422 7 65.208
52 1288 21 36.732
53 302 4 49.684
54 328 36 86.338
55 788 26 72.950
56 851 16 40.665
57 751 3 83.749
58 1150 50 6.803
59 1263 59 47.042
60 495 37 69.797
61 676 45 14.754
62 831 43 29.686
63 131 5 56.980
64 84 23 43.712
65 167 53 29.997
66 1419 15 29.122
67 103 38 54.045
68 529 48 20.246
69 1429 24 3.194
70 940 7 46.623
71 715 1 26.923
72 1255 31 0.590
73 1422 48 4.832
74 1191 44 66.570
75 1130 40 74.882
76 1337 4 59.443
77 990 42 34.995
78 128 32 67.030
79 595 4 22.790
80 977 11 31.257
81 1321 18 14.266
82 661 57 28.015
83 1255 37 29.895
84 951 25 40.115
85 401 13 69.705
86 317 16 26.446
87 1009 17 57.799
88 802 5 13.344
89 1194 56 12.336
90 1343 29 36.578
91 125 13 81.389
92 500 16 69.491
93 186 57 45.213
94 525 13 12.930
95 959 35 18.235
96 725 21 46.379
97 287 13 37.387
98 866 20 8.238
99 891 53 18.953
100 634 24 98.811
101 441 31 80.351
102 634 46 2.350
103 32 39 84.434
104 605 9 22.639
105 167 49 19.840
106 1422 2 70.045
107 648 40 63.762
108 62 8 90.286
109 81 14 55.527
110 1377 34 60.162
111 62 48 79.869
112 421 39 62.103
113 1041 5 32.720
114 138 49 40.710
115 572 45 64.175
116 69 14 14.324
117 247 2 53.236
118 15 60 64.169
119 180 54 18.909
120 855 7 29.446
121 436 40 5.773
122 957 11 34.579
123 950 6 61.336
124 1185 2 53.134
125 339 41 18.489
126 1019 60 76.539
127 1164 8 77.567
128 89 53 79.203
129 246 11 7.999
130 900 36 87.687
131 935 47 23.416
132 177 19 51.733
133 534 54 3.799
134 317 49 32.002
135 670 1 73.846
136 1120 49 24.532
137 1291 23 98.683
138 384 1 69.664
139 1111 39 59.395
140 110 26 5.121
141 1286 57 46.192
142 1122 54 83.951
143 996 26 30.743
144 965 32 48.413
145 119 16 83.248
146 236 19 79.503
147 955 17 15.443
148 88 47 93.059
149 271 51 16.737
150 237 49 48.596