150
1 1226 7 3.219
2 1097 22 27.038
3 492 26 34.371
4 488 46 82.605
5 1224 26 37.507
6 95 20 79.343
7 280 44 28.454
8 914 44 36.006
9 640 40 42.608
10 479 57 61.889
11 1285 19 39.654
12 49 5 66.410
13 481 24 15.330
14 969 54 21.654
15 533 40 64.303
16 176 43 26.857
17 181 35 41.666
18 460 54 1.450
19 952 25 6.528
20 381 12 9.770
21 790 34 88.396
22 1377 29 13.193
23 1421 36 6.490
24 542 34 51.191
25 1024 55 41.684
26 406 34 0.299
27 103 36 59.873
28 411 59 71.003
29 1349 51 59.074
30 1251 36 61.959
31 930 54 7.730
32 815 8 97.118
33 1141 10 91.229
34 447 44 53.111
35 1062 58 90.727
36 595 54 48.572
37 1334 46 11.888
38 374 18 43.137
39 1151 22 67.337
40 678 59 56.395
41 808 43 60.674
42 829 50 8.423
43 1103 45 45.981
44 499 24 87.937
45 1162 34 82.314
46 188 32 4.137
47 1157 2 97.013
48 1092 14 45.625
49 104 55 2.352
50 201 22 3.585
51 604 3 9.506
52 349 47 71.589
53 753 11 28.292
54 578 8 11.974
55 858 28 61.570
56 167 38 23.759
57 469 50 44.903
58 1436 29 31.795
59 52 41 9.862
60 939 29 2.973
61 1295 51 7.535
62 1168 34 80.613
63 672 37 39.168
64 577 52 30.556
65 1269 55 21.203
66 677 39 8.882
67 279 29 28.787
68 518 31 19.214
69 1320 10 18.780
70 806 9 56.377
71 1127 19 26.094
72 645 45 71.732
73 806 39 56.428
74 733 17 0.383
75 1149 24 87.882
76 1368 20 19.222
77 893 36 80.413
78 504 6 7.511
79 722 51 30.892
80 1440 32 69.660
81 1271 41 78.959
82 409 36 48.550
83 1109 21 74.299
84 970 58 88.817
85 891 19 74.384
86 431 54 27.948
87 44 12 99.845
88 215 44 58.772
89 1137 28 80.413
90 902 40 23.057
91 142 26 38.427
92 1086 3 55.466
93 834 39 31.179
94 779 10 66.311
95 490 16 11.384
96 1010 31 96.784
97 1337 27 73.780
98 918 9 97.565
99 46 15 63.699
100 317 6 73.742
101 67 32 6.988
102 99 1 14.762
103 1321 24 99.763
104 385 48 74.798
105 516 5 69.815
106 690 43 14.568
107 559 31 15.332
108 348 55 87.358
109 275 29 58.077
110 213 27 0.886
111 252 56 71.999
112 833 46 90.682
113 441 5 31.991
114 1192 45 26.829
115 212 31 61.147
116 1170 50 85.866
117 489 21 14.815
118 358 45 96.463
119 559 20 47.917
120 510 13 41.343
121 1095 20 63.334
122 839 32 16.043
123 1229 56 22.076
124 611 41 96.315
125 458 4 1.233
126 963 14 45.855
127 301 51 24.290
128 319 51 4.555
129 1243 26 96.918
130 1204 9 25.661
131 1187 22 24.886
132 1148 40 41.771
133 468 6 27.562
134 490 14 94.137
135 1320 29 84.564
136 1231 26 36.222
137 1185 55 20.130
138 776 8 50.669
139 319 40 22.651
140 945 18 13.069
141 1046 23 36.832
142 1392 6 40.158
143 651 5 70.608
144 234 36 44.111
145 932 34 60.409
146 204 18 47.116
147 227 34 11.524
148 705 6 69.815
149 68 16 15.782
150 1023 50 17.626