150
1 158 43 41.662
2 22 22 34.001
3 1163 40 60.798
4 1261 47 10.027
5 875 22 29.332
6 1381 51 60.427
7 907 7 85.495
8 414 60 68.186
9 1210 15 0.262
10 946 19 67.274
11 700 34 0.451
12 346 41 46.759
13 1014 15 90.989
14 480 42 47.311
15 1054 12 24.306
16 1433 55 87.734
17 456 40 87.195
18 1160 43 61.154
19 787 37 58.797
20 180 41 16.030
21 1375 3 24.813
22 1096 43 31.126
23 50 10 62.084
24 1045 54 87.264
25 1022 48 96.406
26 1320 55 48.162
27 1293 33 62.021
28 142 43 60.725
29 93 3 32.463
30 383 34 86.411
31 408 15 29.389
32 1386 7 16.209
33 1327 46 25.153
34 1363 51 0.303
35 618 18 20.080
36 149 1 23.826
37 264 1 56.399
38 34 21 73.126
39 507 34 46.980
40 805 44 98.377
41 512 13 81.538
42 752 44 93.804
43 896 25 17.117
44 651 11 48.759
45 1336 43 33.677
46 1072 56 80.993
47 257 45 53.023
48 1044 29 7.372
49 430 21 82.404
50 954 22 64.354
51 469 20 70.098
52 1298 14 69.110
53 388 20 72.120
54 892 3 18.230
55 617 36 82.576
56 463 6 85.775
57 546 10 89.552
58 469 9 8.903
59 226 8 75.500
60 858 50 42.905
61 480 16 66.339
62 1439 10 65.569
63 659 27 47.886
64 776 36 55.940
65 277 48 48.672
66 92 51 92.833
67 508 34 84.899
68 1234 54 34.677
69 123 4 57.871
70 945 37 1.072
71 1194 37 34.181
72 503 27 52.107
73 640 34 61.862
74 1434 27 38.803
75 873 25 52.074
76 35 57 52.760
77 171 20 46.955
78 1373 3 0.435
79 465 48 87.405
80 825 7 12.510
81 1027 1 77.110
82 630 32 4.840
83 1315 13 78.463
84 569 9 33.389
85 1312 55 22.895
86 130 19 28.251
87 85 30 38.760
88 1160 59 63.741
89 220 48 19.728
90 1140 8 27.376
91 554 2 33.140
92 1313 55 54.972
93 48 49 57.960
94 686 47 72.912
95 1333 55 7.208
96 1156 33 37.967
97 1316 58 73.827
98 323 35 66.837
99 394 51 98.214
100 1090 47 71.161
101 768 54 43.605
102 12 46 76.972
103 1248 53 65.535
104 321 10 85.933
105 61 26 17.602
106 1352 22 37.168
107 208 42 52.550
108 1070 18 23.593
109 959 60 65.058
110 533 29 11.696
111 855 11 53.909
112 1060 42 59.379
113 577 15 52.993
114 247 48 55.223
115 298 40 17.336
116 61 40 14.979
117 866 15 99.833
118 974 41 39.538
119 1160 41 56.833
120 584 1 14.610
121 584 2 65.797
122 1165 49 96.598
123 1203 26 74.146
124 217 36 58.862
125 1043 57 5.754
126 949 8 19.142
127 716 60 78.754
128 637 2 99.670
129 79 44 99.688
130 1423 4 41.703
131 512 6 58.913
132 245 47 26.118
133 124 49 97.394
134 1222 8 26.864
135 1381 8 48.754
136 661 41 30.378
137 302 22 30.122
138 1124 3 97.525
139 466 21 48.566
140 872 58 53.672
141 222 1 29.830
142 212 43 41.112
143 132 12 71.754
144 611 53 92.945
145 396 8 97.484
146 882 1 82.044
147 21 19 4.698
148 997 58 35.665
149 650 22 77.296
150 1236 49 70.908