150
1 463 51 29.848
2 1353 39 75.321
3 314 7 40.367
4 363 2 9.251
5 775 15 48.243
6 1149 20 10.657
7 1103 41 70.045
8 762 47 11.719
9 239 51 16.313
10 478 8 74.771
11 452 17 96.569
12 1382 13 31.705
13 830 35 18.627
14 1014 35 25.672
15 336 6 35.785
16 1373 44 66.171
17 994 15 38.376
18 671 11 3.678
19 1115 24 43.025
20 462 51 1.073
21 1373 28 57.090
22 281 40 96.937
23 664 15 11.643
24 771 10 7.355
25 47 41 6.056
26 1438 34 93.179
27 915 16 42.055
28 1058 2 35.462
29 418 52 61.333
30 517 32 20.236
31 1227 16 49.871
32 1324 25 97.297
33 1331 44 81.190
34 416 2 47.361
35 1242 22 92.108
36 308 9 99.695
37 266 15 15.569
38 786 50 80.551
39 399 50 43.502
40 908 57 88.685
41 316 42 89.915
42 323 37 26.299
43 883 16 62.410
44 724 43 58.182
45 162 6 5.516
46 1146 36 62.534
47 477 14 28.953
48 781 23 80.472
49 1219 24 99.602
50 1142 42 54.908
51 897 13 13.893
52 100 34 40.203
53 1297 42 65.425
54 1261 10 51.242
55 182 38 16.401
56 1098 16 98.071
57 401 55 94.928
58 141 51 16.580
59 816 44 6.432
60 697 44 57.605
61 93 16 46.796
62 1119 2 11.501
63 268 22 28.281
64 33 6 75.847
65 133 49 18.022
66 1388 11 53.252
67 1236 58 11.589
68 888 2 16.572
69 722 13 0.036
70 1323 42 97.252
71 1121 34 30.899
72 56 5 28.905
73 324 21 51.456
74 311 28 76.608
75 336 25 97.842
76 1275 58 15.577
77 511 15 60.328
78 819 32 87.798
79 719 24 24.455
80 1053 44 70.121
81 1126 21 18.122
82 684 15 91.528
83 649 2 4.514
84 190 15 77.581
85 787 26 46.546
86 963 55 68.102
87 568 56 93.509
88 219 35 78.422
89 1132 49 98.298
90 442 53 83.658
91 779 15 95.227
92 737 16 85.820
93 1328 36 22.823
94 155 49 73.958
95 1393 42 39.809
96 1355 21 74.523
97 1395 5 17.274
98 62 30 32.906
99 1323 10 34.208
100 734 11 33.915
101 959 53 63.847
102 1396 32 44.210
103 774 20 42.531
104 1183 6 71.500
105 188 45 7.199
106 1235 7 74.612
107 1412 44 97.022
108 515 17 57.338
109 389 56 71.275
110 391 60 5.691
111 773 32 84.088
112 214 19 53.910
113 1118 11 26.447
114 174 46 74.940
115 968 36 57.230
116 1147 59 8.489
117 796 42 16.964
118 34 49 29.571
119 43 41 53.860
120 1044 46 38.280
121 588 5 88.442
122 1427 7 82.327
123 547 18 21.258
124 760 35 34.650
125 1228 43 73.671
126 1237 22 60.003
127 25 14 42.772
128 466 3 99.541
129 398 37 39.436
130 1213 31 88.152
131 1049 12 13.655
132 1099 31 77.803
133 444 39 16.224
134 1310 19 64.881
135 826 55 56.011
136 928 38 31.080
137 1084 27 37.672
138 484 22 99.160
139 1112 58 6.085
140 714 35 19.825
141 1072 57 60.462
142 479 15 60.467
143 1299 53 89.222
144 107 31 78.341
145 858 1 92.594
146 560 49 89.681
147 1392 21 5.624
148 480 28 4.939
149 1009 19 22.368
150 819 14 85.075