150
1 961 60 78.031
2 283 44 50.284
3 960 45 83.564
4 634 7 91.752
5 1400 29 96.824
6 1100 21 74.026
7 1170 42 48.784
8 337 29 89.643
9 426 55 60.227
10 607 48 45.504
11 302 6 60.116
12 600 7 56.245
13 610 52 50.490
14 1373 11 81.305
15 1343 10 81.970
16 1119 29 45.533
17 1166 33 22.434
18 627 52 59.278
19 581 18 53.056
20 1376 27 70.960
21 298 1 76.592
22 808 2 67.296
23 549 43 65.775
24 755 31 26.691
25 1269 55 52.739
26 144 8 44.204
27 1288 60 37.609
28 419 27 58.053
29 176 8 82.398
30 31 49 18.885
31 1363 9 86.344
32 1034 48 6.858
33 417 13 0.723
34 1313 17 42.502
35 635 13 24.652
36 997 26 88.167
37 1267 60 44.279
38 851 19 7.195
39 1436 42 47.864
40 1409 40 52.581
41 1176 17 57.556
42 188 42 67.914
43 1437 33 95.586
44 821 31 64.953
45 1296 53 34.401
46 938 25 69.801
47 933 27 77.859
48 1437 30 88.213
49 706 40 3.169
50 251 38 1.600
51 223 50 28.064
52 1270 48 82.090
53 590 22 9.798
54 1385 56 93.687
55 587 31 55.563
56 797 35 99.822
57 473 39 65.277
58 266 24 53.793
59 1398 38 29.961
60 1344 58 47.820
61 92 56 5.998
62 796 17 63.512
63 215 1 93.202
64 537 11 68.914
65 639 3 87.283
66 843 15 16.934
67 663 29 34.935
68 1211 35 81.810
69 261 23 69.462
70 589 35 96.263
71 955 28 62.556
72 544 56 36.462
73 1370 23 67.697
74 362 9 0.852
75 1299 2 14.313
76 306 19 38.958
77 382 16 31.099
78 409 20 29.221
79 567 8 1.311
80 898 48 76.759
81 1328 6 82.433
82 306 25 30.193
83 356 19 56.882
84 34 35 53.249
85 377 54 54.445
86 255 44 98.491
87 1353 18 69.519
88 605 28 9.183
89 840 30 13.652
90 424 50 4.478
91 310 53 14.717
92 879 44 66.860
93 76 38 56.277
94 181 55 74.687
95 1272 30 51.819
96 220 42 80.892
97 783 56 38.834
98 62 55 22.355
99 1359 59 22.703
100 466 8 25.992
101 129 48 18.531
102 50 20 11.870
103 355 53 83.514
104 369 21 13.004
105 1420 9 4.653
106 845 45 52.095
107 61 5 33.433
108 273 1 35.225
109 607 46 90.666
110 386 9 74.252
111 136 44 88.184
112 573 9 62.547
113 1389 35 9.396
114 848 30 32.894
115 1251 53 20.922
116 350 57 72.437
117 861 22 87.523
118 1094 55 22.465
119 1377 20 45.032
120 629 42 43.068
121 182 13 88.720
122 794 43 70.276
123 260 29 51.018
124 1012 31 31.186
125 785 57 20.776
126 1061 41 96.298
127 1011 32 61.869
128 543 23 63.083
129 383 25 79.703
130 297 1 25.189
131 312 11 8.791
132 275 48 38.238
133 955 46 35.383
134 1045 1 50.100
135 1334 55 96.846
136 401 53 95.280
137 1355 30 42.402
138 18 22 85.764
139 1058 3 27.115
140 960 21 99.426
141 705 4 38.149
142 267 13 71.257
143 1296 36 14.784
144 254 1 10.871
145 320 59 31.308
146 698 54 11.165
147 122 53 46.459
148 529 24 53.664
149 1042 36 91.375
150 1171 9 19.416