150
1 597 11 52.297
2 105 11 31.149
3 1315 40 83.194
4 895 44 75.129
5 718 44 1.230
6 771 22 41.374
7 225 21 98.092
8 200 6 88.939
9 736 18 49.541
10 1320 50 30.039
11 691 51 98.888
12 316 57 71.323
13 175 47 40.949
14 525 31 19.054
15 924 6 49.092
16 476 9 90.671
17 1027 8 82.408
18 888 2 88.620
19 448 16 58.366
20 618 29 64.333
21 457 29 64.929
22 989 9 90.119
23 1186 33 39.070
24 225 13 60.730
25 256 53 54.293
26 1438 34 25.949
27 773 8 77.823
28 1256 40 19.007
29 1312 57 79.717
30 1407 45 38.112
31 1124 25 63.590
32 215 8 18.304
33 433 45 0.966
34 1390 2 15.804
35 1008 32 41.885
36 190 31 26.924
37 902 15 76.254
38 1069 18 92.568
39 942 30 85.548
40 990 49 80.047
41 948 49 65.549
42 335 9 41.381
43 975 33 7.130
44 900 1 98.237
45 578 3 46.309
46 1248 19 44.019
47 274 2 37.094
48 1284 27 67.025
49 912 36 37.530
50 820 42 76.010
51 893 35 5.309
52 692 39 10.633
53 880 24 1.480
54 982 22 65.124
55 648 42 77.333
56 1240 49 58.902
57 475 15 60.284
58 869 35 85.903
59 202 52 59.908
60 1294 48 3.574
61 1216 15 68.861
62 568 22 62.793
63 980 49 5.282
64 978 29 38.458
65 1020 32 9.390
66 336 60 66.289
67 544 53 88.728
68 1289 7 68.562
69 264 15 31.463
70 446 27 66.339
71 596 38 8.925
72 56 13 92.168
73 1393 49 98.948
74 913 27 48.339
75 795 57 82.891
76 1076 37 22.485
77 1375 16 82.904
78 392 32 51.524
79 503 60 36.551
80 958 6 80.889
81 741 47 56.450
82 1252 33 18.108
83 305 46 12.508
84 1212 13 78.192
85 1413 38 29.446
86 409 7 80.072
87 190 4 29.870
88 146 34 97.523
89 361 33 13.741
90 686 42 58.389
91 445 18 79.538
92 914 57 79.005
93 1146 60 7.500
94 642 9 76.375
95 65 42 44.010
96 677 29 34.749
97 1055 52 13.242
98 463 57 21.280
99 1403 53 54.902
100 1296 52 63.537
101 689 54 66.431
102 165 58 82.917
103 752 26 76.564
104 295 44 68.231
105 836 21 57.017
106 705 3 6.603
107 790 2 25.865
108 628 42 85.804
109 242 8 23.813
110 798 15 52.945
111 933 40 96.830
112 510 19 57.129
113 250 18 41.015
114 38 40 84.800
115 613 49 79.637
116 820 14 11.178
117 1070 12 34.923
118 1404 40 83.147
119 361 38 48.374
120 833 33 98.567
121 633 11 83.247
122 1248 27 59.749
123 1016 41 44.146
124 809 43 58.673
125 655 45 35.549
126 676 52 13.224
127 410 2 22.656
128 138 6 42.817
129 332 14 19.726
130 236 31 68.987
131 900 60 23.850
132 55 24 65.566
133 88 31 81.296
134 232 42 69.329
135 1001 54 4.387
136 1170 12 28.620
137 477 32 73.926
138 118 16 4.925
139 355 38 36.894
140 161 43 79.772
141 410 38 1.120
142 39 55 13.815
143 936 7 91.964
144 309 19 56.421
145 912 13 4.924
146 866 2 66.229
147 629 27 10.733
148 610 15 13.199
149 885 9 39.118
150 186 59 26.494