150
1 871 42 3.831
2 299 13 38.889
3 633 4 38.911
4 206 12 8.721
5 1267 8 56.157
6 139 32 73.072
7 1084 23 89.632
8 152 52 46.360
9 1169 46 49.763
10 163 60 79.469
11 1015 49 54.925
12 550 52 32.749
13 1114 38 46.762
14 529 2 53.409
15 629 43 36.813
16 444 44 64.938
17 853 49 91.597
18 418 1 15.910
19 1332 56 94.479
20 1106 21 60.535
21 1290 44 49.721
22 968 40 65.211
23 468 44 33.532
24 1129 40 72.890
25 628 38 77.810
26 1022 31 11.788
27 209 26 29.759
28 527 57 57.957
29 191 32 9.630
30 786 28 93.601
31 908 50 37.303
32 194 16 32.940
33 894 17 32.077
34 260 24 40.804
35 171 20 63.799
36 405 10 93.371
37 196 25 75.843
38 1289 30 72.349
39 668 39 83.283
40 813 43 66.138
41 1103 32 15.335
42 162 32 11.548
43 1201 28 50.670
44 306 28 87.633
45 13 56 69.977
46 815 44 27.859
47 72 53 38.080
48 1014 2 85.222
49 633 46 79.561
50 272 27 5.655
51 917 22 93.476
52 812 11 31.950
53 952 14 9.099
54 406 29 68.140
55 910 8 85.773
56 16 51 93.964
57 170 37 1.530
58 1429 40 73.322
59 950 43 76.188
60 606 17 88.825
61 663 28 13.153
62 1221 39 2.592
63 1230 5 16.726
64 1320 13 17.759
65 903 13 82.569
66 659 57 47.471
67 1374 58 53.665
68 1371 38 66.448
69 834 45 74.193
70 10 60 94.089
71 248 56 88.837
72 921 31 23.130
73 207 39 77.501
74 235 52 67.310
75 715 52 97.404
76 942 20 23.539
77 1117 54 33.238
78 297 25 64.415
79 925 58 94.720
80 145 29 99.732
81 1266 2 86.140
82 1027 49 79.202
83 456 33 17.227
84 935 33 54.141
85 996 1 87.453
86 474 27 13.379
87 1290 58 54.699
88 854 57 45.858
89 872 57 24.016
90 821 2 77.890
91 1364 31 43.447
92 825 31 11.192
93 1295 19 38.305
94 1426 1 64.156
95 1020 13 86.519
96 362 20 42.345
97 316 58 65.071
98 339 37 59.074
99 581 7 93.097
100 1124 48 7.342
101 1405 17 96.691
102 1021 2 99.459
103 784 25 3.812
104 203 37 62.215
105 257 15 49.378
106 392 27 89.978
107 218 10 29.520
108 1136 42 3.654
109 1324 28 37.276
110 453 21 45.198
111 742 57 27.474
112 909 27 13.968
113 1065 5 34.448
114 1243 60 58.611
115 242 34 1.012
116 284 9 66.825
117 1083 6 95.711
118 952 42 99.934
119 39 11 62.988
120 508 23 57.585
121 1288 18 58.038
122 1408 23 88.678
123 1080 20 44.163
124 480 47 43.721
125 1253 7 8.798
126 849 20 26.857
127 82 60 82.542
128 534 53 61.184
129 180 60 29.776
130 1301 48 67.973
131 544 48 40.877
132 1248 52 3.694
133 1422 52 13.636
134 633 54 81.366
135 1033 33 47.992
136 414 58 8.997
137 1079 20 13.035
138 560 5 44.385
139 529 60 18.034
140 1105 10 81.634
141 398 2 71.282
142 216 34 71.550
143 1173 45 73.335
144 545 12 41.020
145 427 41 26.599
146 1425 41 64.165
147 938 18 99.692
148 1105 22 39.056
149 702 53 18.653
150 391 54 9.289