150
1 958 6 15.325
2 196 23 70.174
3 149 3 39.918
4 736 1 20.503
5 552 40 92.514
6 968 29 49.445
7 1199 14 51.939
8 1095 47 65.035
9 1315 15 98.128
10 449 22 60.865
11 302 38 7.890
12 72 28 1.718
13 1315 44 14.678
14 1283 9 77.373
15 693 56 57.873
16 445 7 57.409
17 1335 34 3.176
18 1034 26 20.870
19 647 3 79.417
20 542 52 6.626
21 853 50 8.751
22 1014 1 63.741
23 483 7 6.975
24 610 41 36.161
25 534 17 2.034
26 770 40 72.722
27 691 41 73.419
28 1155 43 22.572
29 390 33 61.871
30 1030 58 38.128
31 596 47 25.747
32 1307 12 52.479
33 360 21 36.534
34 120 38 9.201
35 373 30 67.635
36 193 39 24.321
37 687 9 57.509
38 1309 59 33.852
39 268 44 30.553
40 1189 24 99.364
41 187 41 10.610
42 829 56 79.857
43 1305 29 66.883
44 1414 24 46.188
45 968 24 98.679
46 458 42 43.239
47 367 2 54.089
48 1230 50 95.308
49 1086 45 15.250
50 882 23 64.731
51 175 41 34.269
52 1217 52 64.961
53 1211 38 88.460
54 314 45 7.844
55 990 54 89.584
56 988 11 24.895
57 1133 36 74.516
58 734 57 86.066
59 951 54 45.440
60 1135 29 77.102
61 520 59 10.989
62 1360 43 62.175
63 868 33 66.372
64 111 15 33.850
65 86 43 65.120
66 819 52 94.958
67 546 45 25.561
68 1249 37 21.712
69 337 37 87.850
70 1128 44 30.166
71 510 39 40.217
72 921 28 9.692
73 76 19 18.959
74 272 29 82.530
75 336 22 87.000
76 370 19 44.718
77 1110 12 29.701
78 1118 34 40.861
79 69 49 21.109
80 172 10 65.770
81 112 41 10.463
82 989 16 20.138
83 530 10 7.469
84 226 56 40.781
85 1247 16 91.573
86 67 30 5.155
87 1404 59 40.102
88 276 58 25.599
89 999 14 49.805
90 1039 40 53.797
91 1391 57 36.022
92 54 7 54.133
93 920 41 13.697
94 1424 43 30.786
95 1003 36 74.918
96 1049 34 47.105
97 1184 20 31.672
98 688 40 86.605
99 162 60 97.608
100 588 48 18.204
101 1128 30 52.813
102 895 20 33.355
103 1221 33 94.718
104 4 12 30.654
105 1433 50 99.167
106 1161 58 9.469
107 50 4 46.453
108 531 53 78.111
109 1154 14 57.773
110 287 9 48.378
111 657 47 90.395
112 501 17 96.174
113 277 4 62.012
114 659 36 69.587
115 371 7 48.342
116 608 30 74.213
117 87 30 47.535
118 1016 20 22.431
119 150 45 66.590
120 746 28 48.512
121 665 52 82.192
122 1147 39 68.501
123 1374 37 80.548
124 292 34 27.503
125 619 38 18.083
126 1059 30 50.904
127 453 53 88.262
128 1098 38 67.536
129 158 36 3.265
130 351 44 18.366
131 1167 21 32.775
132 201 30 95.998
133 1019 35 44.230
134 789 44 25.650
135 1203 2 64.948
136 1296 8 6.361
137 722 53 9.320
138 3 3 43.848
139 976 5 55.974
140 387 6 18.247
141 1344 53 83.420
142 1089 51 85.435
143 1161 20 5.486
144 404 40 70.265
145 1119 22 9.645
146 1425 35 59.150
147 434 28 22.169
148 554 43 6.053
149 1375 18 13.842
150 387 4 74.155