150
1 1421 4 49.527
2 1319 32 57.728
3 81 9 59.046
4 864 30 80.872
5 255 12 43.217
6 296 45 32.148
7 154 58 74.663
8 144 49 31.512
9 171 6 54.587
10 1311 26 86.947
11 859 39 77.392
12 68 40 81.417
13 1018 6 18.654
14 435 46 53.955
15 8 52 49.533
16 1334 53 49.139
17 1291 26 88.047
18 5 43 36.353
19 102 6 74.419
20 1213 17 39.550
21 937 44 76.459
22 1294 45 60.516
23 780 28 73.616
24 599 15 31.962
25 335 22 63.105
26 1433 4 40.528
27 174 44 20.750
28 1417 53 30.669
29 360 30 74.619
30 970 55 21.578
31 651 6 6.531
32 1247 50 46.403
33 367 8 55.459
34 242 13 39.781
35 1065 33 75.103
36 1305 13 80.805
37 677 50 71.477
38 1265 13 31.154
39 1168 52 82.247
40 472 50 20.814
41 135 22 95.386
42 268 25 5.590
43 1240 58 14.120
44 418 55 11.318
45 466 38 26.865
46 620 26 27.783
47 3 33 74.965
48 933 38 25.764
49 891 44 18.485
50 258 44 36.902
51 1339 4 48.677
52 182 41 92.691
53 1428 56 90.737
54 1126 32 6.904
55 376 29 19.128
56 1437 39 74.907
57 481 22 51.297
58 1400 51 17.529
59 177 60 47.776
60 448 27 47.852
61 1357 35 87.520
62 365 14 1.564
63 446 55 9.803
64 104 1 10.195
65 926 11 2.946
66 715 60 10.911
67 563 15 39.172
68 713 57 85.498
69 1158 39 95.278
70 924 48 49.026
71 1289 14 76.593
72 615 23 40.351
73 538 44 3.686
74 231 6 30.902
75 638 41 45.330
76 554 52 6.104
77 25 10 63.155
78 35 43 14.461
79 1078 42 96.640
80 551 16 75.761
81 1014 30 0.824
82 1295 2 96.420
83 657 14 25.763
84 769 58 29.118
85 482 22 97.919
86 804 42 46.424
87 99 24 90.723
88 326 8 25.626
89 856 2 17.441
90 883 33 57.734
91 1274 26 81.075
92 950 36 89.007
93 360 46 62.218
94 388 4 91.677
95 804 11 55.676
96 566 37 56.791
97 413 28 8.924
98 379 17 61.169
99 1240 18 45.786
100 1312 18 99.820
101 183 11 79.402
102 318 21 59.066
103 1066 38 31.628
104 874 58 88.933
105 513 4 26.417
106 1178 34 91.991
107 1437 44 8.854
108 1070 53 96.581
109 590 5 0.804
110 1263 23 68.408
111 604 33 82.572
112 109 2 97.171
113 285 14 63.326
114 403 21 23.266
115 1188 23 4.618
116 917 18 29.556
117 320 33 43.989
118 698 42 5.354
119 970 8 4.736
120 684 56 26.009
121 57 28 29.110
122 247 6 6.719
123 1070 7 99.913
124 1007 29 72.563
125 607 43 96.277
126 1046 26 6.913
127 631 11 64.976
128 1293 26 7.483
129 33 31 69.255
130 570 34 30.287
131 1044 22 2.519
132 1025 19 62.449
133 1199 16 96.956
134 721 58 70.610
135 528 50 56.452
136 259 36 12.896
137 129 15 33.636
138 202 34 29.809
139 730 12 95.382
140 1325 37 88.065
141 673 11 95.140
142 836 16 94.848
143 845 8 71.388
144 825 13 70.471
145 1329 8 89.543
146 927 5 85.493
147 1187 10 29.361
148 13 57 55.199
149 950 46 30.091
150 223 27 90.028