150
1 801 27 58.390
2 1298 24 24.976
3 984 59 89.199
4 823 57 20.694
5 269 33 67.440
6 727 18 43.645
7 1382 32 53.757
8 963 51 17.622
9 224 4 17.396
10 971 36 48.543
11 1323 37 64.607
12 1226 22 29.151
13 1312 25 34.232
14 1365 13 19.264
15 10 28 82.183
16 1170 8 48.680
17 722 28 11.663
18 232 1 16.216
19 1329 9 78.543
20 1198 3 96.059
21 632 22 1.076
22 182 40 59.708
23 658 7 60.991
24 605 4 0.127
25 1141 44 40.916
26 1297 55 7.816
27 473 1 13.217
28 1215 13 98.822
29 1047 16 93.874
30 961 29 14.361
31 342 32 7.842
32 527 24 94.365
33 1364 30 26.144
34 1220 19 43.532
35 1103 34 9.139
36 334 42 75.889
37 707 25 55.475
38 677 38 9.591
39 1044 25 48.206
40 762 52 65.616
41 397 20 32.342
42 591 33 49.935
43 936 54 29.850
44 737 36 92.422
45 814 8 42.783
46 550 47 75.041
47 904 5 82.025
48 1336 47 32.792
49 506 36 98.695
50 1183 45 12.519
51 1225 27 17.771
52 111 56 45.433
53 365 46 50.282
54 1411 18 30.085
55 339 1 36.883
56 1343 10 53.619
57 252 38 91.719
58 152 7 66.987
59 548 22 15.579
60 254 30 21.197
61 125 26 50.796
62 798 45 4.049
63 718 30 23.619
64 1425 54 16.124
65 713 12 41.223
66 21 16 19.674
67 941 22 68.096
68 931 18 49.643
69 1154 57 34.150
70 602 17 87.365
71 535 35 62.972
72 1313 25 63.113
73 246 54 82.925
74 636 48 14.307
75 1048 50 72.661
76 347 26 29.174
77 1054 10 17.369
78 1432 23 36.692
79 396 40 90.259
80 186 29 45.983
81 1364 51 42.387
82 1241 4 83.087
83 467 51 41.156
84 385 12 77.667
85 470 50 99.045
86 1138 29 76.055
87 370 43 82.320
88 1355 30 69.717
89 1115 15 80.617
90 785 44 37.874
91 271 51 17.649
92 1305 32 34.133
93 1296 1 77.345
94 166 17 29.908
95 790 39 63.653
96 67 34 49.185
97 1239 6 51.651
98 1106 59 67.478
99 1309 3 44.834
100 1050 39 27.669
101 553 14 65.270
102 1195 54 7.371
103 187 10 14.137
104 407 6 97.619
105 636 10 81.694
106 84 5 38.364
107 1032 58 93.550
108 838 23 94.505
109 202 12 8.376
110 100 39 50.966
111 1256 54 97.858
112 682 7 62.232
113 350 37 23.948
114 532 30 27.568
115 1369 58 22.344
116 860 6 26.313
117 1414 1 66.731
118 673 37 13.603
119 363 29 83.829
120 1398 24 46.834
121 250 15 95.877
122 508 40 38.008
123 1069 16 10.038
124 676 1 92.157
125 857 18 27.585
126 633 33 94.849
127 233 59 11.220
128 1410 3 42.439
129 1092 59 94.412
130 1379 43 21.064
131 1102 14 46.147
132 549 25 78.649
133 674 60 92.858
134 9 6 28.019
135 1268 28 94.335
136 1178 58 96.837
137 89 26 38.115
138 926 3 44.360
139 483 19 97.762
140 1068 29 57.340
141 101 56 49.079
142 206 4 54.672
143 1035 16 81.970
144 1027 11 0.283
145 1367 27 91.351
146 262 46 36.110
147 1025 16 54.253
148 1370 2 10.508
149 847 5 84.014
150 1072 53 27.022