150
1 481 10 34.344
2 187 18 0.989
3 189 57 59.771
4 30 26 37.889
5 1010 25 28.595
6 1247 38 13.632
7 1168 9 56.249
8 874 10 44.604
9 176 24 93.002
10 1403 7 43.545
11 1065 2 37.456
12 297 50 66.145
13 646 55 75.390
14 937 14 52.522
15 356 51 39.188
16 84 47 92.613
17 1064 17 65.019
18 831 25 85.030
19 983 42 76.327
20 436 47 17.277
21 249 16 50.562
22 680 52 48.571
23 445 1 24.800
24 1071 32 13.223
25 535 48 71.771
26 1359 32 95.877
27 293 35 69.991
28 562 52 57.475
29 316 50 96.881
30 977 6 71.886
31 849 38 72.214
32 82 27 40.453
33 1106 33 96.016
34 536 51 87.632
35 1070 40 16.385
36 604 32 71.453
37 1423 40 99.008
38 1008 44 28.809
39 675 59 25.385
40 240 10 65.951
41 855 1 4.063
42 1430 1 6.614
43 348 53 5.014
44 46 10 9.885
45 996 59 6.989
46 1071 7 32.713
47 234 14 19.206
48 655 8 71.189
49 185 24 41.840
50 678 2 83.016
51 626 37 39.299
52 296 42 1.719
53 1429 19 76.906
54 449 55 96.797
55 301 32 33.449
56 99 59 80.087
57 1280 44 74.492
58 643 43 94.510
59 968 14 25.707
60 813 17 7.504
61 1107 3 37.886
62 1096 45 39.394
63 1164 3 48.100
64 233 43 75.648
65 1435 15 33.038
66 712 6 72.424
67 671 9 50.750
68 1313 54 52.766
69 907 32 2.462
70 459 22 47.196
71 217 42 98.150
72 1 54 31.885
73 209 55 13.259
74 811 21 68.624
75 44 27 31.763
76 1079 25 27.292
77 104 24 30.880
78 83 20 80.518
79 573 14 89.004
80 1373 43 64.347
81 291 39 1.784
82 343 50 83.639
83 1373 4 10.706
84 1105 42 2.397
85 497 53 39.815
86 1084 59 54.377
87 74 41 18.950
88 1291 7 56.399
89 329 6 82.009
90 1303 59 69.871
91 715 49 37.626
92 656 50 21.456
93 906 14 0.703
94 773 44 29.643
95 632 34 49.718
96 537 20 56.319
97 921 45 61.932
98 277 22 45.897
99 695 37 18.837
100 306 36 31.423
101 132 12 66.406
102 871 28 56.192
103 792 23 55.134
104 857 17 52.747
105 898 9 49.577
106 1366 7 42.326
107 278 57 73.264
108 1352 28 66.825
109 1278 37 1.283
110 914 11 64.031
111 292 10 66.667
112 249 39 95.694
113 321 2 30.070
114 289 42 85.727
115 118 24 56.596
116 276 1 18.509
117 1224 15 76.623
118 221 10 79.290
119 195 32 76.091
120 1440 16 22.778
121 101 7 42.353
122 597 37 7.590
123 71 42 8.589
124 763 24 59.810
125 68 56 9.889
126 943 39 52.321
127 1438 57 1.560
128 1167 50 71.793
129 485 18 53.334
130 141 9 80.147
131 666 44 96.930
132 1357 42 40.426
133 543 16 46.674
134 1106 45 2.851
135 1243 56 12.685
136 437 54 17.956
137 804 39 33.812
138 583 31 58.710
139 1089 40 75.412
140 1399 22 59.071
141 317 39 29.762
142 21 9 18.219
143 49 57 19.389
144 1175 36 98.463
145 883 52 73.501
146 1141 19 5.732
147 1084 35 59.228
148 569 56 39.484
149 886 45 52.190
150 711 24 78.364