150
1 90 22 33.838
2 870 13 46.373
3 538 30 48.567
4 620 59 67.871
5 1412 8 84.726
6 1076 48 48.148
7 409 14 36.388
8 128 13 63.377
9 531 32 28.800
10 223 33 88.634
11 953 48 48.229
12 46 14 55.886
13 1209 33 55.370
14 811 5 61.687
15 761 38 94.415
16 982 34 2.476
17 35 6 27.428
18 1008 27 71.707
19 287 8 32.442
20 670 38 26.726
21 412 43 33.376
22 986 52 63.556
23 404 8 73.029
24 1178 17 45.232
25 1155 50 39.040
26 1078 9 16.633
27 1392 35 20.344
28 503 12 58.190
29 442 24 36.982
30 449 3 16.900
31 1155 52 26.906
32 229 40 12.281
33 1290 59 25.839
34 1182 52 93.623
35 524 22 33.366
36 391 25 64.838
37 339 14 27.423
38 1390 22 56.959
39 266 28 23.861
40 821 32 10.131
41 1156 24 71.615
42 67 33 38.644
43 841 5 73.388
44 264 18 99.453
45 931 55 38.522
46 1163 3 70.161
47 1001 56 50.018
48 175 52 50.632
49 1133 10 11.514
50 739 55 8.476
51 561 1 43.782
52 992 33 88.341
53 629 27 67.081
54 295 25 96.906
55 1295 27 11.309
56 408 40 57.699
57 263 25 38.306
58 612 41 48.130
59 745 9 40.342
60 1372 11 60.204
61 1055 55 9.654
62 1387 16 4.084
63 715 43 67.788
64 1278 25 75.582
65 1344 27 1.419
66 541 9 91.052
67 1043 59 61.293
68 196 33 96.536
69 929 52 5.907
70 855 27 75.820
71 11 45 5.878
72 1394 28 64.631
73 937 46 55.129
74 683 59 67.787
75 152 50 39.541
76 845 2 53.527
77 316 18 73.984
78 491 59 41.723
79 790 32 66.153
80 229 35 18.573
81 620 21 92.411
82 81 48 31.683
83 118 6 30.988
84 368 29 8.678
85 634 27 83.525
86 1102 19 83.296
87 914 10 27.141
88 344 7 83.207
89 459 1 12.649
90 611 37 57.332
91 1109 48 98.986
92 1199 10 72.334
93 475 5 68.784
94 938 27 98.269
95 193 46 49.281
96 373 5 27.359
97 292 35 12.222
98 330 36 3.007
99 841 16 20.177
100 611 46 72.985
101 693 56 24.050
102 276 23 0.850
103 527 53 88.150
104 1338 27 44.512
105 840 9 26.623
106 1353 60 13.972
107 596 3 24.289
108 1017 49 34.784
109 1305 45 64.396
110 311 14 99.896
111 60 40 31.748
112 326 57 0.090
113 1184 39 82.659
114 567 29 80.510
115 424 38 15.684
116 1189 21 19.911
117 316 56 65.942
118 184 46 58.266
119 523 41 25.223
120 227 23 88.644
121 741 5 83.542
122 50 31 54.625
123 1169 21 41.027
124 1260 43 54.668
125 580 9 21.221
126 125 3 35.579
127 504 5 88.550
128 1151 30 55.131
129 680 14 86.276
130 1030 54 74.828
131 1206 8 91.643
132 863 43 11.710
133 1240 13 16.442
134 240 17 76.850
135 1383 46 22.610
136 541 37 20.362
137 824 59 97.969
138 1063 37 89.845
139 1426 60 33.150
140 788 24 90.415
141 555 24 43.534
142 1232 57 0.133
143 278 5 38.873
144 556 22 82.877
145 1359 1 74.225
146 908 31 51.623
147 85 48 75.764
148 875 55 54.865
149 617 34 49.231
150 1049 46 70.360