150
1 764 32 1.484
2 280 14 38.491
3 250 50 17.805
4 267 5 28.534
5 968 38 63.446
6 117 12 17.818
7 144 35 85.960
8 408 39 67.087
9 1116 60 96.802
10 845 43 88.754
11 298 22 11.913
12 741 26 65.700
13 332 58 12.396
14 1058 54 91.726
15 1200 55 89.840
16 1159 39 32.223
17 492 41 20.323
18 1324 15 66.233
19 1274 12 94.271
20 378 4 56.783
21 1411 50 85.190
22 610 46 47.634
23 1130 25 57.131
24 504 19 5.156
25 1409 26 8.836
26 172 40 27.203
27 921 9 37.457
28 975 60 66.650
29 843 41 4.824
30 1275 56 70.432
31 368 32 66.560
32 54 52 60.262
33 832 44 94.781
34 801 56 69.432
35 1048 57 12.657
36 1108 43 46.367
37 1090 31 49.972
38 1069 9 66.919
39 1380 28 22.370
40 601 37 51.059
41 1165 28 43.566
42 1415 35 38.234
43 431 46 29.599
44 1044 22 35.338
45 215 34 15.173
46 1007 53 74.433
47 358 4 78.643
48 631 2 80.759
49 1132 55 17.633
50 736 19 23.910
51 4 4 29.453
52 1429 47 91.700
53 335 21 40.509
54 95 53 58.442
55 1 16 27.652
56 443 40 59.683
57 480 45 36.977
58 535 33 29.009
59 622 19 36.695
60 791 25 34.945
61 1316 51 29.077
62 899 5 0.378
63 234 25 57.278
64 1438 55 13.682
65 394 37 28.383
66 410 20 62.132
67 30 10 19.864
68 449 27 18.699
69 363 2 70.084
70 915 18 45.674
71 418 45 35.361
72 1076 39 69.329
73 946 50 28.703
74 610 25 44.678
75 1421 36 88.346
76 562 5 8.978
77 243 60 69.070
78 721 29 57.930
79 152 2 55.132
80 274 24 97.629
81 621 57 1.517
82 26 38 84.113
83 646 50 66.507
84 1134 48 4.177
85 534 27 96.705
86 1296 9 45.561
87 1402 26 74.549
88 1150 59 51.833
89 796 8 52.859
90 164 8 23.040
91 93 21 1.857
92 223 28 37.709
93 101 51 67.822
94 993 18 52.855
95 714 39 26.901
96 645 25 5.321
97 626 8 69.209
98 1159 43 78.590
99 648 45 37.765
100 362 37 51.368
101 509 59 42.786
102 272 5 23.390
103 448 5 28.130
104 760 16 42.892
105 1422 41 66.737
106 493 40 38.814
107 594 10 50.724
108 451 50 33.737
109 501 10 71.899
110 602 36 28.518
111 1314 53 24.587
112 278 27 48.995
113 348 39 39.144
114 947 18 24.866
115 627 59 5.718
116 1322 53 10.582
117 64 46 10.591
118 624 37 34.371
119 607 21 26.374
120 548 36 58.921
121 168 54 73.695
122 321 13 67.454
123 435 4 12.729
124 429 50 41.055
125 475 27 29.464
126 159 2 54.903
127 1059 35 74.449
128 1068 10 48.919
129 1006 56 18.100
130 1402 23 37.973
131 1173 59 45.862
132 607 52 94.542
133 416 35 33.304
134 212 30 96.344
135 215 12 95.618
136 296 24 75.234
137 1029 27 86.210
138 384 14 90.217
139 1012 11 98.294
140 228 5 24.928
141 1160 32 40.766
142 1345 14 79.672
143 258 4 69.650
144 484 58 93.608
145 812 18 63.660
146 652 23 93.756
147 1315 48 40.695
148 583 48 21.387
149 1073 3 51.406
150 299 8 62.865