150
1 316 14 1.390
2 463 33 11.994
3 603 47 61.021
4 682 39 18.012
5 590 20 57.718
6 479 16 64.187
7 494 54 41.110
8 295 27 24.124
9 1171 16 55.444
10 367 57 31.132
11 246 7 19.004
12 91 51 94.212
13 1405 1 48.230
14 1391 36 13.949
15 1378 35 49.598
16 1332 22 7.330
17 1015 41 99.056
18 1181 55 28.347
19 493 18 29.853
20 18 10 34.354
21 184 56 85.273
22 111 12 10.757
23 803 11 74.563
24 1428 41 9.777
25 678 55 42.440
26 1294 8 63.356
27 730 8 65.805
28 8 59 90.817
29 1205 50 58.681
30 831 27 52.722
31 1203 23 99.305
32 1035 17 74.134
33 1420 53 42.961
34 1057 58 47.615
35 1198 19 2.421
36 629 24 81.658
37 1315 57 75.446
38 954 4 52.423
39 1144 39 22.763
40 80 6 18.284
41 665 22 95.902
42 1212 29 73.447
43 310 24 57.785
44 167 53 13.260
45 214 28 39.380
46 579 12 84.446
47 982 3 24.630
48 456 11 11.608
49 5 19 91.868
50 834 37 8.284
51 1138 51 73.436
52 495 8 48.068
53 1436 4 36.295
54 704 18 32.865
55 695 48 35.091
56 521 31 8.856
57 491 8 42.738
58 143 38 39.756
59 1416 49 25.800
60 938 34 18.354
61 1286 18 40.531
62 132 25 40.613
63 1102 19 48.555
64 698 38 9.612
65 312 40 31.703
66 116 59 70.885
67 1344 52 6.616
68 268 15 99.018
69 549 28 75.880
70 632 4 1.606
71 998 34 61.471
72 1053 29 85.126
73 1140 60 6.481
74 1412 34 7.215
75 1147 16 45.101
76 166 54 77.819
77 230 39 28.922
78 582 37 32.429
79 525 34 15.976
80 1000 56 37.388
81 584 40 3.531
82 664 48 42.023
83 369 26 24.904
84 1226 20 39.848
85 969 29 76.386
86 1249 58 99.275
87 1123 56 19.354
88 939 33 95.186
89 713 47 12.042
90 917 29 62.921
91 164 54 53.823
92 835 52 7.251
93 1238 46 31.014
94 698 18 56.924
95 668 41 53.581
96 448 1 42.705
97 571 60 67.239
98 37 37 10.547
99 930 26 32.818
100 1369 15 50.911
101 1292 8 31.572
102 613 57 23.332
103 1418 50 58.814
104 1167 12 63.985
105 1001 39 68.492
106 26 7 57.884
107 828 24 32.123
108 228 39 59.615
109 534 13 92.649
110 69 6 64.456
111 660 48 74.703
112 447 26 48.101
113 506 9 49.149
114 687 7 87.982
115 807 4 38.273
116 110 59 41.469
117 560 28 61.010
118 928 6 94.281
119 818 22 60.051
120 1041 21 32.531
121 353 37 90.635
122 212 23 28.894
123 1377 34 84.521
124 9 52 2.368
125 26 45 82.359
126 141 58 54.027
127 1294 55 90.905
128 902 15 48.748
129 1158 26 98.174
130 754 6 44.569
131 82 49 53.182
132 1208 17 79.079
133 997 54 98.219
134 916 7 3.543
135 8 37 79.271
136 6 16 34.719
137 285 58 39.114
138 808 43 4.421
139 433 29 77.418
140 366 47 66.249
141 56 46 41.375
142 955 23 28.974
143 1267 40 36.588
144 298 25 89.839
145 173 28 13.021
146 778 26 4.487
147 867 54 21.673
148 1331 14 32.738
149 289 26 43.517
150 975 30 34.318