150
1 24 52 66.863
2 392 26 19.967
3 758 2 93.257
4 645 60 1.145
5 800 25 63.763
6 1241 21 44.740
7 103 19 28.264
8 69 60 94.889
9 525 18 54.536
10 834 12 32.364
11 363 29 43.439
12 1421 54 58.690
13 1381 16 41.679
14 1365 8 27.287
15 32 48 20.420
16 175 46 30.174
17 385 41 67.684
18 1339 25 69.255
19 677 1 11.827
20 287 13 22.985
21 1246 17 77.231
22 1208 3 94.255
23 226 58 29.529
24 256 47 13.963
25 768 55 61.656
26 481 28 11.816
27 1204 52 29.113
28 42 1 31.216
29 52 40 67.883
30 1352 32 58.511
31 849 26 72.574
32 315 42 68.617
33 179 54 27.788
34 118 34 59.605
35 832 49 33.504
36 960 6 17.326
37 175 21 57.619
38 721 41 17.681
39 154 26 70.485
40 1268 10 94.072
41 1246 46 4.707
42 925 7 8.137
43 597 46 69.913
44 440 15 9.970
45 972 4 77.826
46 1059 6 65.459
47 329 53 64.361
48 1088 21 8.609
49 944 33 45.165
50 512 58 4.511
51 450 26 29.941
52 689 16 23.057
53 337 17 46.158
54 911 24 63.484
55 1160 6 27.467
56 830 15 28.462
57 557 40 79.474
58 379 58 14.370
59 1129 29 11.092
60 152 55 91.594
61 32 37 9.843
62 1110 43 42.840
63 248 55 1.527
64 891 13 45.343
65 934 58 7.435
66 565 56 71.988
67 280 8 57.999
68 1423 29 92.405
69 227 31 78.031
70 868 5 46.193
71 729 6 57.459
72 1014 29 20.317
73 843 3 94.856
74 969 1 51.544
75 414 38 7.002
76 666 13 62.322
77 872 5 17.197
78 921 42 7.772
79 1069 57 68.267
80 1211 14 44.350
81 1013 41 57.238
82 527 20 17.272
83 1144 45 9.410
84 922 40 40.329
85 105 40 0.217
86 1077 3 57.449
87 992 54 9.992
88 95 55 31.795
89 881 19 39.165
90 1039 38 69.070
91 570 50 84.964
92 923 32 28.061
93 1176 26 96.500
94 1252 14 49.391
95 413 19 47.048
96 1254 9 29.385
97 370 15 9.952
98 90 15 3.664
99 254 14 16.967
100 753 2 57.178
101 1407 43 24.121
102 827 45 55.858
103 958 24 92.402
104 1283 46 20.285
105 867 20 96.985
106 236 54 14.985
107 143 48 2.768
108 1110 17 30.886
109 1028 42 82.440
110 460 17 12.299
111 1101 17 74.390
112 1121 21 45.406
113 1102 44 99.513
114 248 12 98.857
115 54 16 37.774
116 248 14 87.197
117 1049 28 68.398
118 1281 53 57.769
119 602 58 73.530
120 849 15 22.935
121 1414 5 41.353
122 265 44 38.997
123 607 18 87.562
124 391 45 88.930
125 877 42 39.997
126 180 55 44.530
127 191 51 52.708
128 700 44 93.715
129 429 44 94.194
130 487 3 91.631
131 7 9 57.273
132 629 7 6.756
133 670 45 81.448
134 1195 29 41.700
135 1213 9 62.431
136 672 30 34.070
137 561 15 23.341
138 1382 4 91.425
139 1212 25 59.421
140 343 60 57.556
141 906 55 25.787
142 792 40 6.098
143 518 43 45.418
144 1221 12 95.672
145 1421 43 84.127
146 712 60 54.937
147 303 1 90.483
148 180 24 56.650
149 1030 25 30.160
150 1139 20 29.050