150
1 55 50 77.382
2 914 14 1.945
3 1157 37 81.503
4 386 52 24.169
5 1048 38 32.417
6 98 36 7.151
7 84 46 26.628
8 781 11 37.619
9 823 21 3.408
10 285 44 68.385
11 1057 50 96.539
12 961 7 38.512
13 949 37 82.107
14 11 16 49.285
15 1191 58 83.394
16 905 3 33.963
17 1301 40 71.400
18 717 14 96.765
19 470 58 56.251
20 55 21 86.155
21 71 59 4.129
22 911 53 84.670
23 154 44 12.743
24 1377 43 10.120
25 228 1 25.548
26 694 5 64.183
27 196 43 82.052
28 72 13 32.438
29 1141 5 51.878
30 998 12 90.834
31 1063 22 30.164
32 1294 3 25.444
33 1172 39 98.326
34 578 45 12.291
35 1312 53 57.694
36 333 37 53.751
37 1005 1 52.753
38 1094 54 24.827
39 58 41 67.580
40 435 16 75.214
41 260 46 11.108
42 1416 26 44.001
43 74 18 11.126
44 393 46 63.094
45 1035 24 42.176
46 1390 35 93.738
47 437 33 57.064
48 1434 32 97.904
49 153 14 18.211
50 528 31 15.978
51 1288 16 80.193
52 127 8 10.602
53 1284 51 47.634
54 795 35 62.451
55 1261 18 0.896
56 9 37 3.609
57 750 47 75.454
58 637 44 56.732
59 727 29 96.814
60 764 56 39.444
61 702 8 76.366
62 544 2 5.506
63 1143 52 9.659
64 887 59 22.730
65 1080 25 2.360
66 1380 5 36.553
67 425 25 78.912
68 1370 43 89.143
69 957 20 39.350
70 150 22 83.710
71 1119 8 55.361
72 138 32 1.760
73 1229 19 3.496
74 1046 49 34.035
75 1076 16 83.660
76 931 36 99.160
77 1403 46 44.574
78 143 22 72.534
79 764 40 53.444
80 808 47 18.861
81 755 42 53.316
82 464 35 40.397
83 324 57 6.801
84 112 23 43.089
85 1294 11 26.339
86 359 50 84.314
87 1062 42 28.784
88 757 55 8.247
89 707 52 70.769
90 536 52 72.679
91 694 57 2.485
92 138 56 66.696
93 910 23 52.149
94 1327 2 75.477
95 1051 59 37.279
96 1042 28 84.385
97 960 24 90.326
98 1374 2 17.437
99 441 41 44.972
100 792 10 59.165
101 1018 55 7.574
102 1185 33 30.497
103 687 9 58.859
104 929 26 89.838
105 968 7 78.076
106 824 23 91.162
107 1417 6 81.313
108 541 48 98.189
109 708 59 98.041
110 468 6 13.531
111 1270 54 50.853
112 736 58 53.302
113 786 29 98.087
114 318 35 62.223
115 85 59 22.467
116 1267 33 83.449
117 816 53 34.837
118 1093 13 45.521
119 912 44 6.992
120 467 10 55.074
121 418 11 73.103
122 490 43 99.054
123 1419 35 41.624
124 599 21 68.081
125 431 41 43.169
126 1112 11 51.220
127 932 40 77.141
128 334 24 40.544
129 679 8 29.701
130 981 31 32.857
131 697 44 32.364
132 467 7 79.378
133 1290 19 8.086
134 909 50 35.124
135 907 21 84.855
136 17 46 31.007
137 1325 56 87.804
138 1275 40 17.273
139 709 20 3.402
140 294 45 27.615
141 127 52 6.863
142 1066 4 34.762
143 1287 19 84.655
144 1071 10 9.068
145 638 3 81.690
146 789 50 10.737
147 506 11 89.221
148 647 37 15.611
149 345 51 9.183
150 1028 17 93.049