150
1 980 11 67.426
2 224 33 48.718
3 1424 27 86.273
4 1135 37 69.506
5 331 29 29.973
6 158 49 30.645
7 1214 55 10.963
8 209 51 57.515
9 651 32 13.713
10 484 37 93.226
11 707 37 79.785
12 18 9 26.374
13 1361 15 34.953
14 1373 17 87.917
15 355 43 40.014
16 1178 55 68.476
17 108 47 18.417
18 771 17 42.675
19 945 12 85.249
20 299 29 56.400
21 863 5 99.604
22 414 27 57.930
23 858 16 75.564
24 1358 34 98.862
25 1029 3 66.187
26 1169 59 54.768
27 543 4 19.894
28 1064 13 45.459
29 127 32 35.595
30 1314 53 97.333
31 41 26 23.152
32 92 29 91.803
33 69 21 35.864
34 1440 14 64.410
35 1249 51 95.250
36 623 37 6.800
37 71 39 77.979
38 1439 50 73.707
39 533 23 31.187
40 1002 3 39.907
41 1394 34 31.605
42 382 8 82.289
43 71 2 75.854
44 675 24 85.003
45 325 5 85.507
46 257 56 89.321
47 92 24 68.024
48 1260 35 56.520
49 328 55 29.904
50 219 5 90.162
51 58 14 47.579
52 1276 13 96.229
53 603 13 79.455
54 484 55 20.832
55 862 33 3.594
56 764 33 85.406
57 516 60 72.404
58 1021 6 98.651
59 695 44 62.996
60 69 32 85.374
61 636 43 35.802
62 491 46 76.038
63 418 38 29.157
64 625 22 26.110
65 104 10 95.108
66 1341 2 42.039
67 697 26 31.392
68 421 8 31.122
69 876 23 26.339
70 436 41 23.327
71 1129 39 33.410
72 1133 17 16.441
73 78 52 12.664
74 1316 1 35.495
75 1359 31 72.621
76 472 22 90.897
77 34 54 75.528
78 958 24 19.994
79 583 50 27.008
80 1177 40 78.704
81 725 2 60.749
82 463 8 69.240
83 773 59 25.754
84 1394 56 54.170
85 639 35 76.358
86 1245 38 98.863
87 1409 52 23.570
88 622 32 29.630
89 400 18 80.696
90 295 58 32.949
91 980 9 15.770
92 860 12 41.292
93 246 13 85.646
94 360 12 33.086
95 179 59 68.573
96 867 59 87.948
97 1381 49 35.671
98 985 23 1.192
99 1200 1 24.342
100 616 60 68.690
101 1127 30 40.184
102 616 37 81.256
103 795 53 41.680
104 1439 49 5.867
105 1364 11 89.085
106 1140 13 1.304
107 570 31 79.673
108 3 45 16.629
109 1411 32 90.819
110 215 22 66.775
111 231 36 78.849
112 479 27 98.464
113 168 22 32.536
114 1013 48 33.894
115 162 51 18.610
116 88 60 25.781
117 847 13 61.715
118 1150 24 91.185
119 873 43 32.387
120 454 3 10.050
121 1325 58 73.900
122 678 34 54.981
123 863 14 59.124
124 1173 57 21.507
125 986 28 45.439
126 1133 45 40.167
127 302 15 43.269
128 66 45 37.766
129 353 23 68.279
130 862 36 63.128
131 1037 7 79.792
132 1146 26 53.157
133 302 50 71.362
134 614 53 78.157
135 961 38 61.634
136 1370 45 1.154
137 1032 39 61.650
138 1172 29 17.917
139 789 29 81.674
140 625 28 3.740
141 429 20 76.977
142 1084 29 85.899
143 1087 57 4.111
144 641 29 83.761
145 582 31 11.770
146 1282 40 48.882
147 1326 57 3.004
148 6 60 19.137
149 827 45 54.736
150 973 16 92.525