150
1 1259 10 23.859
2 1410 60 1.739
3 180 4 86.975
4 891 28 29.164
5 446 42 65.906
6 1197 12 27.037
7 749 50 12.331
8 484 51 73.901
9 1118 48 61.105
10 539 58 67.830
11 1258 15 3.721
12 21 55 99.237
13 1031 54 69.510
14 178 20 66.818
15 511 19 16.313
16 77 24 24.929
17 777 42 75.647
18 749 25 18.412
19 294 59 93.272
20 1434 5 59.640
21 343 28 70.405
22 566 13 50.173
23 231 39 19.194
24 403 17 11.342
25 1287 52 51.558
26 309 7 73.352
27 30 11 37.001
28 90 2 41.603
29 734 14 96.116
30 409 36 90.749
31 456 37 49.565
32 752 37 51.958
33 1413 11 42.465
34 540 11 27.369
35 23 42 71.562
36 1176 16 95.404
37 139 23 2.278
38 526 24 34.329
39 81 9 9.715
40 1057 14 27.463
41 939 21 1.360
42 799 28 4.322
43 1025 45 82.206
44 607 18 30.675
45 1248 7 72.747
46 96 17 76.791
47 253 34 10.935
48 1203 35 88.794
49 940 10 50.878
50 947 6 0.917
51 1256 60 90.393
52 480 38 76.759
53 523 29 58.047
54 1350 52 3.213
55 517 41 92.535
56 636 1 66.860
57 1022 36 50.440
58 218 5 30.339
59 219 36 58.953
60 698 18 26.461
61 533 54 11.964
62 760 19 97.316
63 1237 60 37.588
64 412 45 4.539
65 39 10 72.151
66 771 17 92.004
67 1407 50 59.353
68 1235 55 66.885
69 1058 9 53.870
70 536 27 49.312
71 298 9 47.809
72 157 33 53.481
73 466 26 51.810
74 238 22 56.043
75 20 58 47.476
76 821 13 58.037
77 1087 29 77.319
78 890 3 30.479
79 502 51 64.955
80 1166 35 26.704
81 97 1 1.147
82 775 50 38.601
83 1219 46 37.926
84 1229 60 75.556
85 1408 5 51.401
86 1400 51 98.027
87 18 51 48.627
88 279 36 80.850
89 1044 13 17.420
90 1302 24 14.536
91 890 1 38.348
92 47 3 12.565
93 306 1 61.472
94 183 39 96.122
95 1175 11 16.489
96 435 25 68.161
97 789 48 65.567
98 980 53 59.221
99 650 57 13.587
100 740 2 38.609
101 208 52 28.354
102 1347 23 99.004
103 131 7 57.237
104 685 13 2.597
105 613 53 52.522
106 355 38 36.817
107 331 23 70.247
108 1371 58 44.701
109 150 10 77.169
110 69 2 20.329
111 599 1 0.228
112 454 12 38.575
113 138 33 26.703
114 1426 42 65.623
115 1432 29 6.430
116 138 53 92.705
117 444 4 50.991
118 14 42 39.156
119 780 22 42.017
120 11 7 0.112
121 997 33 17.842
122 426 52 72.495
123 1405 49 4.265
124 1132 40 46.060
125 1067 4 96.173
126 310 59 12.062
127 46 53 81.816
128 146 33 45.500
129 1349 59 13.466
130 1300 27 17.483
131 858 52 59.223
132 472 20 20.636
133 179 41 65.957
134 474 53 60.793
135 654 37 83.390
136 35 25 87.319
137 581 53 55.927
138 1222 20 23.386
139 669 12 42.457
140 1270 17 88.326
141 1093 30 40.475
142 788 21 53.358
143 1014 24 25.902
144 1296 19 97.522
145 1293 13 51.370
146 1142 24 16.591
147 1243 22 92.439
148 1402 15 2.970
149 371 49 69.388
150 528 52 41.406