150
1 917 54 37.656
2 76 36 85.205
3 622 16 62.627
4 596 51 31.490
5 223 28 8.574
6 1396 35 85.679
7 737 25 61.198
8 986 49 4.697
9 174 35 9.056
10 40 19 40.573
11 727 24 37.497
12 403 35 93.403
13 1173 34 36.526
14 1309 25 24.162
15 631 51 81.936
16 1143 49 43.797
17 792 52 94.961
18 164 41 92.429
19 1242 26 22.480
20 1438 43 74.962
21 366 39 70.081
22 222 59 15.934
23 414 58 45.381
24 441 38 8.819
25 795 40 43.895
26 381 30 15.999
27 1344 5 18.456
28 1112 41 65.465
29 154 53 36.255
30 337 37 74.451
31 759 55 29.730
32 681 34 89.153
33 255 36 12.154
34 1004 59 91.851
35 1413 21 36.765
36 443 30 0.220
37 769 49 64.569
38 1282 48 13.660
39 956 8 28.175
40 553 20 40.366
41 1098 44 43.624
42 473 24 91.393
43 918 50 19.508
44 261 49 71.208
45 444 39 95.282
46 682 3 91.722
47 1113 58 2.274
48 915 56 18.538
49 1262 3 40.681
50 514 52 41.198
51 114 22 51.553
52 1411 44 91.464
53 731 31 74.574
54 892 37 60.303
55 767 18 35.633
56 955 31 55.974
57 71 43 47.797
58 1277 38 43.926
59 454 27 19.703
60 436 27 39.200
61 1421 17 86.263
62 891 34 36.233
63 339 17 78.793
64 83 30 15.718
65 278 8 91.388
66 201 10 21.269
67 857 26 23.983
68 1406 36 18.829
69 646 38 47.402
70 302 27 9.771
71 305 36 85.804
72 222 31 59.628
73 163 19 43.687
74 1146 52 6.866
75 300 13 5.656
76 914 2 50.539
77 170 59 75.192
78 433 9 39.298
79 774 14 69.002
80 260 27 42.489
81 972 26 75.214
82 862 29 49.602
83 34 22 78.244
84 509 35 96.027
85 666 56 69.397
86 967 12 24.734
87 531 58 72.947
88 331 45 21.674
89 1303 30 58.188
90 620 38 40.345
91 33 37 60.448
92 636 9 10.729
93 1190 32 37.759
94 638 28 93.901
95 370 49 46.776
96 858 50 47.531
97 151 3 48.806
98 13 56 92.251
99 618 20 88.496
100 177 13 91.171
101 209 39 44.460
102 109 28 70.931
103 240 46 41.169
104 651 53 36.350
105 689 26 88.969
106 326 42 38.336
107 1080 20 29.530
108 1197 9 10.743
109 141 52 39.956
110 1009 3 73.983
111 181 33 26.426
112 1196 44 80.935
113 1424 57 77.717
114 444 39 59.272
115 697 58 36.358
116 351 9 54.753
117 969 14 39.952
118 300 8 0.003
119 1404 28 27.611
120 320 31 71.504
121 452 20 67.594
122 289 36 93.479
123 1369 45 82.978
124 271 3 72.307
125 914 17 92.494
126 1172 32 55.507
127 569 23 48.811
128 380 33 0.005
129 1185 52 19.811
130 1281 22 39.642
131 691 56 52.929
132 1300 2 7.626
133 37 12 9.124
134 1183 12 57.930
135 1170 13 30.566
136 760 8 69.851
137 1181 50 55.124
138 73 56 89.036
139 342 18 82.990
140 892 51 45.580
141 1270 15 80.303
142 829 17 54.606
143 844 22 38.692
144 1247 20 78.348
145 326 22 63.080
146 1429 55 35.395
147 959 58 96.056
148 980 53 5.939
149 107 34 5.645
150 1175 29 97.921