150
1 1183 58 8.136
2 981 44 73.580
3 1391 1 15.309
4 1253 2 54.273
5 698 59 73.590
6 265 49 3.050
7 256 44 97.854
8 1257 53 16.791
9 227 20 91.079
10 818 50 6.736
11 771 8 24.224
12 606 26 21.177
13 384 41 74.835
14 1395 36 6.922
15 1393 27 37.343
16 422 20 10.156
17 519 54 48.617
18 1062 2 33.734
19 931 31 62.585
20 426 18 30.955
21 496 33 73.612
22 1016 51 89.192
23 389 9 71.415
24 569 43 10.882
25 469 43 5.493
26 582 26 89.744
27 1427 59 73.352
28 1055 59 57.924
29 575 3 52.008
30 1146 59 17.508
31 107 27 26.062
32 867 40 86.737
33 1350 33 83.579
34 1307 16 60.263
35 347 42 24.564
36 896 42 26.473
37 544 24 10.755
38 473 46 31.792
39 202 40 68.102
40 986 20 61.192
41 59 38 8.223
42 523 5 62.559
43 551 47 99.577
44 894 5 31.070
45 374 2 29.291
46 572 58 21.713
47 169 2 32.912
48 650 53 13.888
49 222 20 87.318
50 888 39 43.508
51 298 58 56.815
52 1231 54 42.352
53 708 6 67.016
54 1060 16 89.541
55 343 55 75.809
56 345 17 0.923
57 1183 13 75.914
58 552 31 31.744
59 116 35 94.507
60 280 39 85.051
61 1429 54 81.040
62 1086 58 61.616
63 1199 22 16.592
64 203 13 37.646
65 1246 20 77.406
66 931 46 27.746
67 1079 12 64.935
68 1290 54 79.654
69 1025 20 81.798
70 1348 53 34.087
71 431 42 40.765
72 1229 49 91.949
73 949 34 72.949
74 1255 29 87.277
75 1152 34 52.868
76 1224 8 57.324
77 818 25 46.546
78 201 1 12.485
79 602 44 54.650
80 314 56 19.574
81 612 60 23.500
82 1016 33 77.211
83 1242 33 19.594
84 773 37 59.616
85 666 42 82.387
86 952 41 30.341
87 1169 14 24.474
88 1419 1 42.282
89 920 19 44.293
90 239 20 5.236
91 959 49 5.699
92 117 3 71.692
93 836 12 55.161
94 593 43 69.340
95 384 12 33.035
96 230 53 9.376
97 378 47 72.176
98 493 26 40.153
99 1065 22 43.709
100 1295 44 6.849
101 425 29 72.985
102 323 30 26.596
103 353 54 18.218
104 667 52 94.156
105 1037 45 67.408
106 1424 2 61.303
107 1313 45 72.857
108 967 32 41.604
109 1138 12 65.561
110 803 12 85.010
111 1354 59 54.572
112 594 48 38.907
113 153 15 42.960
114 193 18 86.962
115 1419 14 13.306
116 1266 34 31.959
117 1174 30 26.935
118 1350 15 82.280
119 14 11 59.385
120 1019 41 60.717
121 1432 19 80.009
122 532 15 55.020
123 943 33 23.401
124 1199 37 21.638
125 514 59 65.608
126 87 59 37.311
127 242 14 49.728
128 1402 34 86.304
129 298 58 22.090
130 825 43 51.242
131 771 11 74.535
132 690 59 43.207
133 643 18 36.727
134 616 4 54.550
135 376 45 15.404
136 1118 50 33.882
137 352 24 49.698
138 1300 37 32.256
139 779 20 33.067
140 529 6 41.401
141 308 27 86.129
142 748 17 37.859
143 761 56 0.940
144 1286 38 95.686
145 1249 44 46.661
146 104 57 65.909
147 330 40 47.753
148 1096 21 32.148
149 483 22 3.177
150 190 42 55.630