150
1 628 34 74.990
2 958 45 6.922
3 1104 4 77.890
4 123 27 36.521
5 398 59 41.108
6 312 54 44.808
7 443 25 31.765
8 176 18 59.296
9 658 55 81.950
10 1011 45 30.982
11 90 6 28.230
12 45 58 31.905
13 755 33 94.540
14 580 26 90.963
15 239 19 0.658
16 43 59 67.564
17 596 19 57.128
18 1407 43 73.907
19 879 8 16.982
20 515 46 73.625
21 1255 23 88.966
22 1345 29 14.998
23 3 7 51.558
24 530 23 63.605
25 760 37 5.204
26 113 40 11.564
27 274 35 36.022
28 173 50 45.968
29 1389 53 68.868
30 262 27 69.723
31 784 48 98.611
32 1204 7 46.271
33 889 55 86.805
34 1036 48 93.822
35 1027 56 32.306
36 608 32 2.309
37 316 4 59.614
38 11 47 22.740
39 49 28 12.981
40 1095 40 60.316
41 568 39 16.705
42 909 20 18.632
43 509 33 35.283
44 887 38 24.892
45 689 59 52.306
46 1294 25 82.398
47 498 12 77.583
48 1036 22 35.903
49 1432 1 21.575
50 1004 55 31.453
51 1012 18 53.366
52 1355 28 71.898
53 1291 49 86.706
54 730 6 39.572
55 620 36 74.682
56 1427 26 61.491
57 738 39 46.616
58 312 56 22.996
59 956 25 5.783
60 470 26 3.302
61 337 23 5.771
62 1000 40 78.058
63 288 4 56.304
64 1255 28 69.831
65 1391 45 77.143
66 4 21 26.983
67 784 18 47.828
68 164 23 89.540
69 401 14 92.237
70 279 37 20.112
71 50 59 13.099
72 1403 55 4.806
73 907 21 74.533
74 782 55 37.162
75 1071 47 20.157
76 635 13 3.152
77 1106 54 18.027
78 694 40 48.573
79 527 32 80.704
80 871 5 2.238
81 336 46 70.396
82 635 38 52.665
83 653 5 30.747
84 1001 6 46.133
85 493 50 13.368
86 117 19 76.054
87 493 46 25.630
88 101 26 86.342
89 1248 12 34.585
90 801 32 73.315
91 892 13 76.439
92 491 47 64.364
93 455 17 52.711
94 910 43 29.568
95 1150 52 22.224
96 1044 54 50.381
97 720 37 98.940
98 750 54 1.880
99 1398 35 45.941
100 268 58 5.713
101 1313 58 31.737
102 24 27 89.451
103 48 8 34.944
104 971 21 53.430
105 566 1 76.018
106 157 39 86.517
107 526 57 80.444
108 421 51 0.112
109 208 30 89.003
110 819 3 1.190
111 467 57 60.084
112 18 56 20.161
113 649 4 38.710
114 819 8 4.993
115 530 59 80.921
116 840 37 0.514
117 1334 33 83.429
118 281 27 76.740
119 1422 30 84.092
120 1349 2 61.823
121 324 15 69.143
122 799 20 0.061
123 319 44 61.217
124 579 29 62.847
125 1354 12 13.610
126 522 53 35.508
127 1413 19 45.192
128 808 33 39.923
129 1185 5 33.442
130 423 12 10.972
131 365 5 35.241
132 85 51 46.253
133 151 13 43.019
134 235 7 3.468
135 676 3 69.874
136 206 42 13.086
137 1370 15 55.086
138 289 32 43.774
139 534 26 17.997
140 668 12 27.208
141 535 28 52.026
142 366 8 24.334
143 801 15 73.416
144 817 23 88.357
145 562 21 73.648
146 1279 37 72.080
147 438 48 18.340
148 1415 55 16.749
149 85 47 41.202
150 924 44 13.536