150
1 190 28 2.483
2 1311 38 52.778
3 757 13 31.828
4 1315 24 7.734
5 590 38 8.165
6 386 10 93.722
7 494 32 51.280
8 200 36 63.964
9 45 34 63.342
10 1393 19 20.607
11 1095 25 48.303
12 412 52 19.485
13 1367 1 18.216
14 1281 18 65.697
15 893 20 84.379
16 1389 46 37.214
17 1255 16 24.548
18 1280 4 63.175
19 848 40 83.416
20 922 37 72.407
21 1317 44 60.794
22 533 50 48.903
23 101 33 26.395
24 433 31 8.206
25 447 38 12.766
26 1152 10 61.988
27 148 49 29.348
28 659 28 22.237
29 65 42 12.824
30 1032 26 12.415
31 914 59 48.575
32 658 38 86.762
33 499 24 63.507
34 986 2 30.935
35 243 58 31.961
36 1102 15 4.177
37 379 46 12.852
38 160 20 4.118
39 1405 39 28.096
40 350 30 18.919
41 118 24 41.623
42 47 41 46.967
43 449 24 0.270
44 855 28 39.764
45 930 15 20.686
46 909 3 24.809
47 472 42 91.445
48 1416 25 59.291
49 1266 20 7.784
50 1307 4 49.620
51 1327 6 12.876
52 1370 11 79.597
53 1032 20 17.730
54 453 42 64.263
55 1377 9 33.990
56 1204 57 26.790
57 1223 58 90.055
58 481 47 44.641
59 999 42 98.232
60 379 32 93.135
61 120 53 97.522
62 199 22 57.515
63 207 22 41.452
64 17 3 23.479
65 296 8 79.880
66 383 1 67.373
67 1096 22 10.809
68 131 13 54.390
69 1009 35 61.303
70 640 20 52.393
71 1331 16 72.533
72 665 30 80.535
73 1181 45 85.574
74 895 14 45.298
75 672 21 27.896
76 1235 1 10.406
77 610 20 43.316
78 1141 45 62.668
79 1078 31 60.447
80 502 51 67.217
81 1157 9 70.943
82 500 25 70.618
83 1165 31 90.884
84 552 9 69.389
85 474 4 64.393
86 755 38 15.525
87 125 14 15.956
88 858 1 98.264
89 275 42 80.413
90 884 29 87.882
91 78 28 44.092
92 614 43 95.358
93 1361 60 29.276
94 717 11 6.176
95 1248 20 95.848
96 1293 52 38.667
97 1127 37 72.724
98 732 36 71.229
99 327 23 5.119
100 242 13 29.144
101 492 58 56.354
102 987 35 46.282
103 1099 10 70.661
104 256 9 37.691
105 1436 56 33.118
106 72 20 82.065
107 530 46 3.426
108 1293 27 6.716
109 63 34 68.686
110 83 38 88.390
111 885 34 86.925
112 552 52 74.555
113 1167 16 75.673
114 617 49 56.277
115 1154 16 55.178
116 759 8 6.051
117 1010 31 83.442
118 470 48 14.891
119 1215 58 23.687
120 682 51 66.391
121 1231 38 50.748
122 149 29 10.342
123 11 58 94.741
124 414 39 42.297
125 637 58 33.302
126 543 26 12.754
127 1387 13 7.341
128 1050 28 15.377
129 1164 48 97.924
130 1336 8 35.957
131 717 39 22.535
132 123 39 63.364
133 434 16 41.415
134 941 37 12.847
135 978 35 92.892
136 204 24 55.135
137 605 52 8.190
138 973 29 50.768
139 182 46 91.764
140 1336 47 37.539
141 928 39 89.099
142 1081 30 25.794
143 1259 54 83.772
144 299 1 65.801
145 701 20 42.531
146 859 5 43.634
147 167 34 50.991
148 1378 15 45.339
149 1146 43 97.667
150 1108 8 12.526