150
1 35 15 37.911
2 386 18 20.157
3 213 21 41.162
4 1156 13 25.195
5 421 40 12.035
6 140 24 79.118
7 1063 3 26.643
8 57 51 2.659
9 86 10 79.854
10 1283 48 99.918
11 1284 26 70.943
12 1040 15 20.106
13 763 36 72.412
14 95 3 11.555
15 1140 52 80.263
16 823 30 60.990
17 96 8 1.057
18 726 53 57.854
19 1006 40 55.264
20 363 5 20.486
21 837 10 9.119
22 829 26 43.130
23 379 1 13.769
24 337 9 72.547
25 160 34 32.264
26 896 17 78.971
27 1427 7 0.023
28 1053 16 68.657
29 1074 7 15.714
30 515 32 26.347
31 931 47 37.365
32 340 19 28.879
33 1293 47 7.192
34 60 32 62.168
35 285 13 44.228
36 867 35 74.820
37 403 17 84.416
38 1035 26 11.393
39 581 4 30.080
40 1158 20 13.473
41 631 24 50.902
42 715 30 77.675
43 1061 43 49.761
44 990 44 58.647
45 181 35 27.195
46 86 13 53.677
47 772 13 11.726
48 645 32 58.894
49 587 41 17.923
50 1403 4 97.139
51 496 24 97.754
52 20 46 47.964
53 1070 18 87.654
54 578 15 97.219
55 1256 22 87.446
56 1237 19 46.481
57 727 29 80.353
58 235 35 61.342
59 1339 30 47.919
60 1116 57 54.828
61 409 13 47.271
62 788 45 83.201
63 437 48 67.023
64 882 7 44.580
65 835 50 30.363
66 11 50 22.085
67 1046 24 84.699
68 2 60 29.454
69 304 43 71.457
70 237 54 31.374
71 520 55 7.059
72 61 16 78.352
73 1261 20 73.475
74 736 18 94.737
75 1250 39 68.659
76 1066 2 69.605
77 810 32 89.502
78 312 31 52.429
79 761 44 74.274
80 328 49 28.951
81 1206 45 60.558
82 612 59 87.322
83 1378 33 69.414
84 944 2 97.684
85 1093 34 0.279
86 460 12 81.631
87 295 6 39.746
88 374 53 86.252
89 481 13 49.210
90 838 30 69.408
91 1194 60 95.287
92 944 24 66.195
93 1084 52 50.584
94 1289 44 98.189
95 1032 46 50.484
96 920 11 31.843
97 923 3 31.318
98 203 54 48.332
99 456 24 87.970
100 132 47 46.270
101 691 40 30.499
102 1237 26 53.600
103 960 5 70.157
104 735 4 26.482
105 762 8 44.642
106 922 2 60.913
107 484 25 55.393
108 37 50 54.440
109 1027 9 63.918
110 710 57 21.897
111 1395 44 58.832
112 1292 45 49.659
113 1359 16 8.082
114 1030 16 42.050
115 1147 5 52.353
116 249 59 57.474
117 987 28 66.496
118 326 57 97.438
119 332 10 78.360
120 122 54 5.986
121 943 50 70.345
122 131 60 32.669
123 1222 15 33.532
124 171 47 9.972
125 1102 40 42.463
126 934 10 19.003
127 144 15 13.433
128 34 5 19.321
129 1320 19 69.973
130 830 42 49.250
131 1079 27 28.511
132 1363 30 5.187
133 1063 26 49.077
134 881 52 44.509
135 99 6 92.678
136 1252 36 50.904
137 1323 55 7.415
138 1024 3 43.800
139 1207 33 20.159
140 874 41 25.148
141 628 17 38.387
142 823 24 23.403
143 893 32 4.456
144 1012 4 41.521
145 753 54 23.890
146 581 50 86.239
147 302 57 16.439
148 50 16 80.501
149 1300 25 56.501
150 103 32 16.264