150
1 853 15 62.923
2 1063 36 82.725
3 1125 31 51.689
4 435 31 9.969
5 316 19 58.714
6 96 32 93.643
7 754 11 76.914
8 775 8 61.523
9 1286 49 69.985
10 486 27 51.034
11 1070 4 58.601
12 361 46 18.468
13 65 49 65.923
14 786 6 16.735
15 1167 38 11.947
16 627 49 14.080
17 637 57 45.386
18 951 14 40.132
19 325 26 35.371
20 1033 55 18.040
21 391 47 87.272
22 309 35 41.441
23 909 23 82.640
24 457 6 85.619
25 611 28 10.530
26 116 22 93.147
27 1285 36 99.857
28 646 25 99.510
29 341 16 47.782
30 21 9 56.213
31 559 54 72.836
32 372 54 84.705
33 1028 40 90.660
34 487 46 52.722
35 441 49 43.904
36 431 31 57.471
37 1313 21 48.337
38 445 2 97.149
39 411 32 78.000
40 378 49 92.363
41 512 43 3.917
42 144 4 70.847
43 1227 24 4.240
44 529 53 3.063
45 1084 39 54.958
46 829 21 56.688
47 46 19 78.922
48 449 26 45.256
49 486 48 13.962
50 1081 11 72.523
51 499 11 47.967
52 1336 16 27.814
53 888 28 73.289
54 262 12 46.408
55 446 8 76.225
56 931 1 26.104
57 391 47 4.092
58 1292 39 44.635
59 1329 51 15.681
60 865 43 49.430
61 1393 16 37.160
62 1236 12 45.913
63 322 11 46.749
64 1237 10 53.905
65 27 54 12.296
66 579 20 74.485
67 436 10 36.395
68 509 24 89.699
69 1313 46 19.619
70 1140 19 48.789
71 50 49 86.042
72 1200 43 62.348
73 49 51 50.930
74 464 14 36.675
75 769 46 71.112
76 1175 31 14.570
77 1377 53 98.570
78 157 35 90.229
79 846 57 21.773
80 575 55 72.130
81 36 6 6.131
82 1298 5 16.566
83 921 57 86.762
84 857 31 40.428
85 550 13 27.897
86 1185 15 39.419
87 1325 9 17.194
88 1211 32 65.400
89 877 44 19.560
90 420 7 82.159
91 550 39 23.394
92 1014 50 97.402
93 1113 37 95.325
94 1288 48 41.367
95 633 10 28.145
96 164 22 26.123
97 9 30 9.516
98 343 47 85.948
99 631 38 31.981
100 970 48 76.762
101 885 10 28.039
102 197 52 54.055
103 790 49 95.337
104 846 22 80.336
105 822 26 48.811
106 853 30 45.639
107 773 13 66.504
108 179 35 5.543
109 644 15 20.267
110 641 2 34.869
111 1433 26 20.584
112 179 50 87.165
113 1218 8 68.195
114 1431 11 23.251
115 905 47 46.796
116 627 49 64.902
117 118 38 17.019
118 1253 57 45.068
119 1433 32 57.363
120 1381 58 42.638
121 832 8 96.595
122 366 35 39.496
123 530 53 37.718
124 188 38 0.234
125 287 7 35.342
126 951 57 95.332
127 1003 11 75.709
128 1039 51 78.396
129 1403 2 12.749
130 452 52 33.809
131 204 58 18.136
132 760 3 58.013
133 1366 1 65.545
134 27 33 86.660
135 1342 6 57.219
136 689 29 6.709
137 868 8 75.187
138 1264 21 55.684
139 1005 25 5.747
140 1185 22 84.386
141 107 40 18.928
142 126 13 48.937
143 482 59 49.102
144 23 33 68.806
145 1026 24 75.092
146 1200 17 29.865
147 256 48 37.702
148 1416 39 10.502
149 1397 5 88.924
150 1290 5 6.293