150
1 726 58 66.027
2 585 16 2.079
3 747 37 12.012
4 479 38 69.539
5 496 19 87.369
6 563 43 71.396
7 800 33 12.414
8 658 9 55.249
9 909 50 10.598
10 279 24 87.800
11 115 48 79.708
12 69 56 46.475
13 673 19 44.525
14 1050 38 8.557
15 1171 55 62.519
16 79 35 64.600
17 1421 12 63.908
18 1229 17 39.950
19 585 2 42.054
20 202 24 21.559
21 468 47 55.148
22 458 28 34.785
23 446 59 59.015
24 822 44 65.843
25 1203 41 73.231
26 999 48 43.772
27 870 8 64.475
28 1234 21 66.551
29 237 23 34.579
30 702 12 65.631
31 703 39 55.932
32 415 47 96.720
33 981 29 4.669
34 412 13 43.546
35 224 19 82.920
36 72 32 32.855
37 801 8 5.352
38 415 44 62.108
39 119 26 85.574
40 128 13 67.574
41 953 33 33.960
42 46 19 28.181
43 237 39 14.544
44 717 44 16.338
45 398 7 89.098
46 795 16 89.522
47 1385 57 98.894
48 389 53 27.489
49 1078 15 80.576
50 120 15 17.351
51 1252 45 95.611
52 1284 14 94.869
53 1259 34 65.316
54 680 59 70.296
55 1377 16 26.951
56 461 28 11.489
57 973 34 49.931
58 1111 6 73.017
59 616 55 62.526
60 588 40 3.145
61 1104 38 33.645
62 1416 56 62.159
63 381 1 7.147
64 350 54 38.570
65 1018 24 23.402
66 639 37 76.849
67 930 40 68.284
68 1221 15 83.270
69 5 56 1.526
70 88 8 25.583
71 673 55 29.527
72 1161 17 19.225
73 1327 11 77.979
74 426 20 65.289
75 1218 21 99.717
76 1358 31 35.641
77 1104 45 53.264
78 320 60 89.652
79 599 36 3.627
80 826 31 26.479
81 209 24 79.907
82 610 55 74.872
83 1398 2 58.342
84 1369 43 17.033
85 1389 12 11.010
86 96 34 79.816
87 1175 18 4.086
88 1335 3 66.642
89 1257 43 34.046
90 514 60 27.721
91 128 56 33.374
92 198 35 36.837
93 871 59 40.208
94 394 22 95.549
95 1081 30 90.136
96 828 20 93.750
97 189 21 96.393
98 568 15 37.066
99 499 55 90.046
100 89 58 97.727
101 1216 41 77.201
102 1424 35 83.886
103 1172 51 93.516
104 1075 49 70.683
105 368 24 49.903
106 994 49 63.073
107 751 41 26.234
108 549 17 85.412
109 768 18 88.748
110 817 6 25.048
111 961 15 36.246
112 137 14 50.574
113 1284 44 1.840
114 1280 59 65.743
115 1063 7 8.599
116 537 29 78.872
117 1160 28 82.868
118 321 48 52.959
119 224 21 50.454
120 39 46 12.333
121 79 31 47.265
122 540 3 94.202
123 91 7 36.907
124 152 30 27.817
125 1253 58 50.972
126 842 24 91.319
127 951 24 4.829
128 1215 9 35.589
129 489 38 3.798
130 902 53 98.485
131 25 37 44.674
132 348 11 61.069
133 1096 21 44.720
134 691 21 63.171
135 972 54 41.493
136 973 47 64.809
137 748 18 16.533
138 728 49 91.332
139 358 15 64.993
140 167 34 88.121
141 1125 15 86.265
142 1236 9 60.269
143 1022 29 95.229
144 598 54 41.515
145 506 54 16.330
146 883 17 21.982
147 1280 24 30.245
148 909 59 87.393
149 505 26 65.829
150 701 57 98.731