150
1 953 46 30.967
2 1205 8 58.195
3 674 4 49.683
4 135 8 39.637
5 508 36 91.711
6 305 2 42.945
7 645 11 34.608
8 835 52 91.318
9 316 31 30.260
10 665 25 63.783
11 762 51 19.182
12 268 60 94.274
13 629 56 10.936
14 294 1 10.651
15 173 49 63.999
16 744 50 24.334
17 551 6 60.911
18 885 60 84.307
19 1102 3 89.004
20 983 59 89.211
21 603 50 53.625
22 1067 24 11.659
23 73 6 38.524
24 260 47 0.724
25 465 45 63.098
26 1028 45 82.563
27 1304 54 93.941
28 1199 36 12.296
29 259 44 63.989
30 1240 39 28.958
31 126 49 79.922
32 1342 15 51.188
33 429 18 6.942
34 741 32 32.485
35 347 43 87.910
36 33 21 74.076
37 252 57 55.008
38 927 60 7.516
39 495 39 11.269
40 35 37 6.801
41 1303 5 69.119
42 1062 9 66.902
43 1430 49 97.887
44 199 50 58.157
45 915 40 8.339
46 1070 34 50.112
47 215 28 67.510
48 873 12 57.242
49 638 2 87.952
50 880 21 54.384
51 257 2 17.703
52 68 28 57.548
53 677 58 61.929
54 371 40 2.455
55 300 12 64.321
56 1167 39 20.256
57 605 57 73.509
58 820 7 19.270
59 132 2 76.181
60 1266 10 36.784
61 988 39 27.855
62 836 3 33.909
63 1434 46 85.955
64 221 29 63.518
65 277 54 67.164
66 1012 30 32.218
67 1357 54 49.374
68 205 51 70.457
69 1025 33 28.301
70 637 19 0.595
71 1271 11 30.338
72 1085 7 95.463
73 748 37 18.141
74 429 59 55.575
75 576 36 1.720
76 959 13 59.776
77 1356 55 54.687
78 113 50 62.879
79 992 37 49.075
80 957 55 80.551
81 124 52 25.188
82 1105 40 99.385
83 1025 19 4.288
84 186 5 60.801
85 899 21 75.556
86 805 49 6.531
87 902 20 14.982
88 352 23 42.534
89 181 59 34.598
90 1140 31 34.447
91 815 14 9.108
92 669 8 98.470
93 392 8 7.318
94 346 21 66.756
95 993 9 92.896
96 424 55 70.066
97 493 11 27.190
98 615 5 66.199
99 480 47 37.556
100 302 10 60.008
101 336 26 55.031
102 487 38 91.724
103 126 3 0.581
104 101 41 64.783
105 883 49 31.841
106 915 45 88.429
107 618 1 30.467
108 1046 47 46.685
109 293 38 66.934
110 862 4 95.792
111 458 40 78.799
112 493 58 30.767
113 1106 22 33.205
114 1112 48 34.593
115 302 16 69.437
116 1032 42 3.669
117 1104 55 39.990
118 1275 32 56.476
119 933 12 71.471
120 1157 1 88.123
121 864 30 95.204
122 1040 36 42.127
123 1206 35 6.862
124 344 49 33.906
125 665 40 97.196
126 646 60 68.288
127 172 49 82.409
128 699 29 99.926
129 1005 45 50.744
130 608 53 94.111
131 15 25 79.392
132 467 10 89.458
133 385 17 80.850
134 776 28 25.515
135 1065 3 17.695
136 966 8 82.726
137 843 38 33.826
138 839 14 1.365
139 455 10 50.613
140 863 30 19.775
141 1104 15 27.123
142 717 3 15.314
143 1293 45 49.518
144 648 50 72.172
145 1354 58 99.246
146 560 7 40.031
147 785 28 51.480
148 611 22 46.336
149 541 56 61.277
150 553 2 45.180