150
1 498 17 34.061
2 820 32 20.289
3 328 32 2.827
4 591 50 40.428
5 1225 20 15.745
6 1254 23 25.430
7 510 48 56.812
8 1364 34 8.549
9 341 57 95.497
10 994 45 40.647
11 314 4 30.963
12 1064 30 6.841
13 53 2 82.719
14 475 19 17.431
15 392 52 31.775
16 1148 32 16.406
17 1289 58 14.831
18 1161 47 79.492
19 22 54 17.391
20 1108 11 4.605
21 937 29 45.933
22 534 6 3.172
23 1020 12 86.045
24 985 3 62.575
25 309 5 15.613
26 228 46 53.222
27 249 33 67.640
28 1252 47 85.407
29 1004 2 10.289
30 236 15 75.092
31 646 30 81.205
32 260 18 22.495
33 831 36 34.333
34 1099 39 93.357
35 745 52 73.398
36 1016 9 64.622
37 1207 36 30.860
38 64 14 57.699
39 768 26 41.023
40 377 55 28.184
41 1289 19 28.463
42 621 43 35.174
43 998 45 99.173
44 1286 18 89.564
45 815 32 41.387
46 483 20 71.838
47 535 37 86.582
48 998 46 25.036
49 310 28 58.523
50 250 9 13.761
51 1033 51 28.336
52 1265 60 48.381
53 1145 54 45.867
54 773 46 27.328
55 430 12 67.777
56 656 22 4.410
57 502 28 96.791
58 1331 17 93.627
59 723 57 7.929
60 489 5 26.902
61 783 6 29.737
62 830 28 22.067
63 808 10 98.379
64 135 58 62.757
65 817 36 69.392
66 1101 53 50.999
67 612 13 44.887
68 1027 32 84.159
69 1166 15 95.942
70 465 21 1.567
71 880 33 27.612
72 1173 51 54.974
73 327 48 65.569
74 449 24 89.236
75 757 7 50.716
76 398 58 49.609
77 1167 11 31.080
78 175 17 16.775
79 169 11 32.626
80 920 4 32.711
81 296 5 60.457
82 1169 22 55.627
83 624 29 79.479
84 552 49 52.254
85 1274 13 6.587
86 652 51 27.152
87 352 46 62.474
88 973 54 9.537
89 433 2 94.956
90 660 21 98.122
91 1370 40 41.300
92 14 43 81.395
93 1328 28 43.549
94 548 32 14.778
95 388 57 29.388
96 605 38 18.181
97 34 36 99.768
98 251 55 98.785
99 411 16 63.333
100 1396 31 86.807
101 1041 48 68.828
102 683 43 40.544
103 998 7 29.914
104 1125 36 22.526
105 13 22 92.305
106 711 56 28.463
107 1190 30 43.915
108 1042 49 71.974
109 414 41 51.483
110 670 27 19.451
111 296 41 67.091
112 613 50 34.818
113 1121 47 92.799
114 974 8 63.887
115 886 48 13.062
116 994 19 20.006
117 638 11 93.413
118 625 26 8.470
119 338 47 88.188
120 1196 24 62.606
121 66 36 58.649
122 761 34 93.178
123 738 59 96.219
124 34 18 90.143
125 1138 43 34.651
126 7 5 64.714
127 1235 53 39.653
128 288 27 28.686
129 615 8 93.631
130 1078 7 19.690
131 1017 52 92.094
132 739 5 1.826
133 829 13 12.354
134 472 39 79.970
135 1365 4 98.913
136 193 1 65.442
137 692 59 46.385
138 1008 8 50.379
139 883 60 77.756
140 707 54 66.277
141 447 2 65.374
142 424 9 51.056
143 957 59 82.870
144 1430 52 20.252
145 995 22 73.819
146 1308 15 95.082
147 1099 36 21.070
148 595 22 12.823
149 1260 49 24.263
150 603 34 20.064