150
1 749 30 76.827
2 534 59 32.009
3 928 47 90.245
4 588 28 31.523
5 1321 30 32.672
6 789 51 54.225
7 840 7 94.753
8 161 25 12.120
9 1113 10 16.906
10 974 31 82.808
11 209 42 17.304
12 548 40 38.414
13 721 27 28.754
14 1275 20 68.579
15 964 4 4.719
16 550 41 9.704
17 809 13 13.979
18 682 7 90.740
19 451 33 83.647
20 1176 12 25.878
21 1232 52 40.800
22 458 52 98.782
23 1086 44 56.829
24 1138 22 66.925
25 688 25 94.069
26 1038 1 93.397
27 180 29 44.454
28 132 20 16.845
29 915 38 1.358
30 967 33 71.647
31 1421 18 10.585
32 67 44 41.262
33 628 25 78.617
34 1341 50 66.359
35 1184 40 99.544
36 641 43 20.826
37 1023 18 77.959
38 49 29 43.725
39 937 19 55.547
40 1370 57 78.856
41 60 18 59.179
42 1288 27 33.336
43 1057 25 17.820
44 616 37 31.068
45 376 50 33.490
46 1261 7 97.653
47 583 45 0.385
48 304 45 11.777
49 901 4 66.180
50 640 27 76.142
51 1394 57 92.602
52 17 12 40.483
53 751 37 86.847
54 595 57 46.086
55 286 12 81.010
56 1163 9 10.448
57 601 15 81.417
58 85 38 83.219
59 413 21 13.477
60 957 11 23.413
61 210 14 84.903
62 475 14 64.958
63 1207 5 78.805
64 904 8 4.925
65 1440 57 50.408
66 171 13 92.769
67 1228 38 0.216
68 556 18 35.631
69 1315 23 23.978
70 167 44 1.703
71 581 40 72.628
72 526 31 80.282
73 1415 19 80.677
74 327 3 53.742
75 795 4 92.653
76 349 6 37.514
77 503 6 65.752
78 412 15 61.078
79 1230 3 60.504
80 811 50 40.152
81 1050 12 65.574
82 702 35 46.729
83 671 59 52.314
84 107 37 33.801
85 986 6 54.127
86 1 8 68.775
87 1223 48 15.335
88 1141 55 80.098
89 78 14 68.085
90 282 36 68.268
91 299 28 0.692
92 869 29 59.805
93 115 49 81.635
94 781 41 95.612
95 297 15 84.811
96 1215 46 44.969
97 1027 17 38.243
98 846 19 73.652
99 244 45 18.949
100 287 54 94.898
101 737 7 7.869
102 922 57 0.558
103 473 55 56.073
104 250 13 29.913
105 161 49 3.616
106 312 19 31.804
107 502 48 74.942
108 343 11 87.514
109 256 10 80.913
110 1072 24 94.172
111 517 28 18.079
112 898 55 98.384
113 430 13 46.281
114 896 29 83.857
115 616 52 94.228
116 768 39 65.502
117 152 33 59.015
118 851 51 57.072
119 242 45 34.986
120 1277 54 25.231
121 1414 32 53.219
122 40 6 10.931
123 1108 18 62.875
124 1123 3 29.409
125 836 43 80.279
126 653 37 64.082
127 1341 39 33.167
128 620 46 82.664
129 971 44 54.180
130 91 18 97.962
131 484 31 92.263
132 87 20 2.936
133 222 57 98.979
134 1233 23 61.009
135 1188 28 98.122
136 21 23 66.879
137 1195 36 38.976
138 1253 54 81.318
139 1157 53 10.180
140 1019 52 89.542
141 1164 29 40.064
142 197 26 61.699
143 298 60 56.877
144 113 30 7.863
145 581 41 55.237
146 1064 11 90.768
147 990 52 97.354
148 744 54 4.780
149 1162 18 35.270
150 1300 13 9.944