150
1 470 58 33.654
2 918 18 21.350
3 18 54 56.776
4 511 26 20.871
5 185 31 76.740
6 1235 34 88.934
7 234 37 72.087
8 445 38 73.723
9 1153 10 95.311
10 1008 16 48.176
11 65 36 19.367
12 1242 45 48.880
13 77 6 34.644
14 164 22 52.372
15 938 29 19.827
16 295 41 65.115
17 532 40 38.291
18 1324 6 53.225
19 214 22 1.848
20 453 53 77.994
21 521 20 35.062
22 34 37 78.377
23 1312 56 10.476
24 1152 4 4.309
25 1190 44 78.050
26 752 10 61.496
27 317 13 86.365
28 405 17 69.207
29 93 15 92.043
30 1235 6 63.054
31 692 19 52.602
32 221 21 71.970
33 276 10 64.145
34 1173 39 22.910
35 1072 43 25.678
36 1223 55 99.302
37 732 44 14.451
38 1029 2 54.685
39 524 3 17.567
40 1386 41 14.001
41 1317 4 1.251
42 114 12 63.612
43 149 45 79.816
44 312 25 3.467
45 498 3 63.046
46 683 1 31.746
47 1174 38 91.059
48 1207 13 63.105
49 1402 53 21.211
50 282 34 84.487
51 381 52 24.539
52 806 28 61.059
53 1193 53 22.789
54 88 40 12.252
55 1248 15 40.857
56 579 27 80.266
57 594 20 70.654
58 120 14 93.214
59 731 59 1.932
60 1274 3 82.885
61 984 34 11.728
62 1204 44 35.703
63 28 24 85.797
64 873 30 88.716
65 74 19 51.069
66 313 15 62.647
67 1275 44 65.815
68 700 16 58.965
69 170 26 93.435
70 298 24 71.312
71 40 33 65.705
72 1311 24 32.445
73 514 59 63.000
74 188 59 68.137
75 722 35 36.908
76 32 48 43.444
77 687 3 11.763
78 257 45 14.142
79 1037 4 28.230
80 819 60 54.001
81 430 30 44.607
82 1333 16 44.852
83 334 43 87.929
84 24 54 63.576
85 983 7 71.110
86 392 52 47.054
87 621 49 24.562
88 1196 54 76.764
89 705 53 82.136
90 817 34 98.431
91 102 60 70.652
92 313 22 41.034
93 786 55 34.720
94 1225 39 39.789
95 543 48 92.749
96 1173 36 64.472
97 805 33 59.774
98 578 3 6.453
99 1209 46 13.437
100 1320 40 60.134
101 220 59 7.226
102 239 17 79.688
103 782 52 55.720
104 289 8 50.372
105 1145 36 64.879
106 1337 13 9.942
107 481 15 48.708
108 530 2 61.867
109 1261 21 61.510
110 1368 40 80.128
111 749 47 81.957
112 230 16 39.960
113 291 33 50.534
114 811 24 94.059
115 1078 14 2.309
116 458 34 71.657
117 53 12 41.181
118 506 25 10.256
119 597 7 9.417
120 576 14 17.227
121 461 60 79.816
122 1159 8 2.697
123 1030 4 23.559
124 733 60 95.846
125 1218 13 44.400
126 783 41 40.527
127 1153 40 87.700
128 826 17 75.200
129 1052 56 67.690
130 1063 39 1.224
131 910 54 83.233
132 1156 28 3.297
133 492 21 19.916
134 1322 53 60.344
135 377 54 88.541
136 1227 5 56.746
137 1262 30 96.652
138 1437 42 5.146
139 592 59 97.563
140 45 44 50.166
141 218 13 37.644
142 1075 30 87.609
143 427 9 14.553
144 1319 12 66.099
145 1294 58 71.954
146 1169 42 78.510
147 500 42 78.568
148 384 30 46.898
149 1366 49 41.234
150 685 45 28.697