150
1 402 24 67.304
2 1389 45 23.211
3 260 40 45.779
4 34 6 10.258
5 478 43 39.585
6 325 55 33.005
7 1012 49 51.103
8 1118 27 30.911
9 1218 17 56.868
10 913 26 56.268
11 1393 12 97.036
12 1368 11 96.363
13 49 7 86.707
14 137 40 65.293
15 955 37 45.607
16 1083 27 27.903
17 395 14 7.748
18 922 21 6.591
19 267 32 80.422
20 11 49 23.868
21 133 2 89.369
22 706 41 73.724
23 356 24 39.050
24 915 29 57.679
25 1395 32 23.126
26 39 50 22.320
27 617 58 45.855
28 1088 18 44.405
29 449 14 9.432
30 298 24 56.467
31 1387 46 15.977
32 32 31 72.790
33 870 46 63.816
34 601 46 21.853
35 359 38 72.103
36 1089 53 7.944
37 993 25 9.983
38 455 58 1.671
39 666 25 61.888
40 461 48 33.763
41 61 3 15.704
42 1040 21 3.991
43 746 7 80.160
44 35 33 44.167
45 1257 22 47.312
46 1093 44 52.111
47 366 58 65.719
48 238 4 27.410
49 419 37 94.046
50 642 39 77.112
51 1300 7 90.015
52 73 49 7.622
53 756 36 26.812
54 448 54 19.401
55 1397 57 69.144
56 982 19 82.576
57 943 13 50.476
58 224 23 52.164
59 15 41 71.837
60 743 43 36.409
61 1109 12 72.366
62 954 55 80.136
63 391 9 24.708
64 559 39 89.023
65 90 42 31.130
66 208 2 62.880
67 210 5 24.979
68 239 17 12.696
69 778 44 63.991
70 1099 47 82.669
71 608 48 19.229
72 616 53 74.461
73 6 60 92.806
74 615 6 25.586
75 1283 37 1.087
76 170 37 2.275
77 1311 1 97.416
78 744 32 85.720
79 1299 37 30.993
80 481 10 1.201
81 1253 54 64.154
82 630 49 22.088
83 765 3 27.302
84 1379 28 14.512
85 465 55 14.821
86 1426 50 81.718
87 342 25 76.834
88 1319 25 99.485
89 1230 28 78.325
90 1193 1 82.845
91 1057 30 3.534
92 337 37 76.129
93 272 32 7.796
94 765 49 16.230
95 1316 17 36.395
96 503 41 58.446
97 242 57 22.255
98 671 13 21.426
99 255 30 10.851
100 795 58 6.544
101 946 31 72.151
102 760 14 80.936
103 777 12 59.021
104 1293 20 1.890
105 1399 44 60.236
106 199 24 23.166
107 371 58 67.120
108 1055 46 17.717
109 729 21 29.951
110 1185 32 44.711
111 1123 55 74.318
112 931 57 77.609
113 878 8 7.486
114 564 25 39.454
115 1338 50 20.707
116 533 8 0.876
117 947 49 74.321
118 543 42 37.789
119 372 7 16.550
120 80 20 84.917
121 547 58 64.858
122 357 49 39.793
123 1269 54 87.678
124 117 53 67.357
125 669 33 0.170
126 308 5 99.639
127 81 47 73.827
128 1440 21 26.686
129 1414 32 28.017
130 379 37 74.807
131 158 8 52.475
132 524 12 68.191
133 1326 30 57.676
134 533 8 28.452
135 1318 33 60.462
136 211 57 69.879
137 290 44 61.549
138 1253 48 0.684
139 1039 37 57.971
140 423 34 27.912
141 709 33 82.626
142 846 30 8.281
143 1433 26 60.794
144 788 27 34.730
145 495 8 10.569
146 710 53 65.917
147 630 26 42.430
148 399 14 1.759
149 126 39 60.657
150 588 55 55.294