150
1 730 48 31.799
2 72 54 1.098
3 1128 21 56.201
4 1360 32 3.070
5 220 52 85.350
6 313 51 68.565
7 407 20 30.297
8 1290 21 77.775
9 716 55 65.054
10 165 50 90.356
11 17 23 49.107
12 1137 41 97.112
13 1078 15 88.934
14 1031 13 59.138
15 566 15 46.495
16 1035 33 3.192
17 502 48 31.816
18 167 49 85.655
19 814 12 78.133
20 1344 39 64.026
21 900 48 32.637
22 516 25 25.549
23 44 20 0.848
24 659 13 92.631
25 398 43 36.367
26 952 58 90.819
27 1031 41 32.547
28 1243 1 42.851
29 246 32 67.571
30 374 37 16.573
31 1285 42 8.368
32 1254 32 86.852
33 632 34 90.159
34 769 45 7.769
35 185 9 89.294
36 379 40 61.991
37 1154 59 97.484
38 878 6 68.092
39 912 32 80.943
40 1265 48 69.504
41 649 42 48.565
42 728 56 67.001
43 1119 47 57.692
44 584 17 84.227
45 773 54 59.280
46 73 37 86.132
47 1102 37 35.017
48 237 24 25.494
49 161 15 50.655
50 297 60 45.094
51 1255 34 14.838
52 1397 41 98.697
53 218 48 48.532
54 1241 50 40.638
55 570 10 39.367
56 1029 5 17.207
57 480 21 43.440
58 1078 26 83.384
59 1264 25 77.996
60 1293 8 20.973
61 802 29 87.611
62 1409 5 67.455
63 840 58 53.637
64 787 36 1.670
65 2 44 84.063
66 803 20 5.668
67 673 46 43.776
68 22 39 8.622
69 647 24 38.490
70 891 16 27.313
71 407 9 47.755
72 409 40 48.683
73 574 47 49.923
74 82 16 74.744
75 1207 12 42.730
76 37 29 31.448
77 764 32 97.045
78 1046 43 8.013
79 1088 1 34.419
80 1380 55 67.405
81 188 53 48.425
82 51 40 65.375
83 581 53 96.978
84 1335 2 12.616
85 595 30 11.384
86 833 58 92.848
87 1230 3 4.049
88 1340 1 70.864
89 313 42 76.186
90 396 22 53.147
91 833 9 16.234
92 538 8 59.043
93 270 43 93.895
94 646 60 95.104
95 458 39 49.304
96 742 45 1.494
97 774 26 31.211
98 145 18 91.393
99 721 40 90.929
100 286 34 16.613
101 1105 7 73.733
102 880 53 30.159
103 38 5 21.373
104 90 49 70.611
105 752 32 17.365
106 1230 12 31.836
107 1035 19 78.582
108 451 4 66.332
109 593 56 65.236
110 965 55 8.383
111 1357 10 1.066
112 1102 59 23.037
113 1348 59 92.598
114 186 2 27.050
115 999 16 44.022
116 1419 11 0.618
117 392 15 89.342
118 1092 47 97.551
119 1077 30 81.116
120 924 1 57.938
121 1192 17 11.420
122 599 41 23.891
123 1054 44 31.044
124 126 37 71.143
125 1192 16 88.431
126 1203 29 84.458
127 32 13 73.253
128 1092 24 11.377
129 1106 50 64.105
130 101 17 49.281
131 449 26 85.487
132 133 50 24.178
133 734 22 96.942
134 1255 47 95.942
135 1327 35 38.093
136 695 2 36.402
137 1204 47 43.506
138 2 34 82.278
139 1324 58 18.014
140 554 25 8.602
141 594 42 22.645
142 1439 60 6.630
143 1392 36 11.371
144 253 42 5.141
145 716 48 15.221
146 398 46 85.570
147 732 10 30.021
148 1070 14 68.789
149 418 4 13.908
150 1425 22 97.861