150
1 1435 4 40.719
2 1105 34 23.932
3 452 34 6.294
4 134 48 86.853
5 1370 14 86.581
6 1112 17 60.254
7 727 29 42.904
8 342 34 94.076
9 292 36 48.696
10 1058 30 64.245
11 528 15 49.374
12 120 18 82.428
13 956 25 31.821
14 1311 60 20.417
15 1165 40 73.584
16 996 60 16.984
17 380 38 57.471
18 606 35 86.618
19 1107 20 26.124
20 956 43 40.474
21 333 20 17.464
22 1037 40 15.207
23 25 24 38.442
24 655 17 84.345
25 367 17 80.039
26 763 7 38.976
27 1166 38 56.305
28 473 45 90.253
29 1308 8 7.672
30 643 44 94.259
31 1069 33 37.324
32 865 17 44.642
33 71 22 42.997
34 1218 22 57.713
35 147 53 86.858
36 1276 6 63.383
37 1126 50 85.817
38 893 36 97.224
39 656 35 63.073
40 917 21 55.928
41 223 57 5.115
42 757 37 32.108
43 136 23 18.174
44 467 8 42.734
45 1427 5 95.557
46 830 22 80.152
47 527 16 87.762
48 861 38 1.500
49 877 26 89.129
50 1403 39 65.628
51 328 13 93.421
52 1075 9 51.712
53 883 49 90.478
54 1125 5 13.664
55 1372 51 19.138
56 368 54 65.924
57 955 47 22.254
58 1261 31 15.447
59 810 19 66.224
60 623 4 58.569
61 1142 43 67.950
62 50 24 56.429
63 625 15 54.099
64 1385 10 62.403
65 972 54 27.056
66 575 15 93.544
67 1129 45 63.621
68 1330 49 72.479
69 1340 60 59.031
70 1377 55 49.607
71 199 40 76.843
72 235 59 99.854
73 568 47 40.297
74 937 38 1.490
75 283 11 38.879
76 320 55 99.673
77 879 50 27.556
78 1196 27 50.212
79 191 56 23.738
80 747 29 66.369
81 698 58 23.927
82 1098 34 39.850
83 355 9 1.872
84 921 57 74.190
85 427 44 94.331
86 1039 12 94.571
87 915 51 80.515
88 280 8 79.191
89 90 59 68.633
90 1178 13 41.343
91 58 37 2.285
92 734 30 65.384
93 1097 25 14.641
94 897 10 62.481
95 1172 35 68.285
96 1146 14 60.518
97 525 16 8.851
98 432 57 19.659
99 1020 15 77.430
100 42 34 22.664
101 913 16 92.666
102 1395 27 61.434
103 325 41 9.334
104 508 56 8.963
105 906 23 13.888
106 1222 40 68.105
107 1438 20 10.748
108 116 33 20.807
109 1219 7 56.960
110 206 24 96.299
111 782 6 1.137
112 421 59 49.871
113 1376 37 15.194
114 894 26 70.131
115 1322 32 14.225
116 468 5 31.592
117 270 16 5.372
118 1070 17 99.449
119 116 40 51.312
120 790 27 24.290
121 824 58 28.754
122 33 60 58.478
123 822 18 46.615
124 151 60 4.494
125 960 4 51.773
126 341 58 67.882
127 611 54 48.189
128 126 43 77.571
129 873 26 3.175
130 1074 10 46.325
131 798 19 33.401
132 872 29 71.508
133 875 11 86.021
134 1129 21 91.139
135 355 40 48.837
136 328 18 51.100
137 17 21 72.221
138 1292 59 90.722
139 1172 44 41.147
140 1408 51 18.709
141 712 32 14.986
142 809 38 16.341
143 123 28 25.740
144 318 25 84.205
145 1187 45 52.650
146 445 58 4.256
147 568 32 84.206
148 333 16 82.600
149 285 41 65.205
150 6 54 76.713