150
1 905 17 97.647
2 176 20 15.102
3 898 8 21.530
4 140 43 49.761
5 1154 40 45.448
6 592 28 99.336
7 919 40 96.222
8 841 46 5.229
9 26 29 99.842
10 1013 58 2.534
11 858 28 34.316
12 519 48 90.071
13 1153 23 23.609
14 1305 55 13.059
15 1329 30 11.104
16 902 50 39.126
17 410 1 28.037
18 934 60 66.362
19 394 32 65.198
20 930 16 25.048
21 197 41 9.582
22 1440 4 79.296
23 265 38 45.254
24 1402 14 59.605
25 928 12 8.939
26 1132 27 14.900
27 963 14 48.189
28 374 18 79.290
29 1272 40 41.483
30 813 57 31.996
31 151 49 18.301
32 947 48 89.508
33 312 33 31.699
34 45 23 56.083
35 628 52 79.561
36 95 38 47.285
37 1326 36 4.605
38 253 17 18.325
39 247 38 51.489
40 1385 6 45.671
41 144 20 71.905
42 516 20 20.054
43 1278 23 17.307
44 1409 26 46.724
45 362 53 54.079
46 1427 37 38.293
47 1292 47 7.320
48 108 13 52.701
49 534 49 26.738
50 1410 46 42.694
51 751 19 9.670
52 1239 34 79.756
53 1112 7 40.508
54 1283 51 76.581
55 919 44 58.901
56 1339 22 82.932
57 431 38 91.190
58 388 38 39.138
59 1232 35 31.402
60 989 37 91.840
61 1144 38 9.250
62 482 34 24.913
63 688 5 1.652
64 628 18 93.334
65 1370 10 1.775
66 872 53 5.163
67 585 36 26.854
68 968 57 33.311
69 1084 10 52.549
70 273 45 43.557
71 1335 50 50.315
72 1361 34 58.969
73 1340 38 15.757
74 93 8 49.179
75 642 19 18.229
76 1293 32 29.719
77 1111 17 14.764
78 80 8 96.449
79 308 55 83.415
80 217 56 68.943
81 548 3 64.325
82 566 20 77.567
83 1238 9 7.317
84 271 41 88.565
85 1298 31 1.170
86 124 3 68.594
87 176 16 25.512
88 1423 6 9.324
89 370 1 38.309
90 206 35 2.241
91 416 39 73.277
92 439 37 81.246
93 1118 42 35.772
94 560 37 42.592
95 1119 14 97.695
96 463 12 14.828
97 1143 40 53.130
98 573 15 20.374
99 1056 34 7.464
100 782 32 22.028
101 768 32 68.760
102 683 54 75.515
103 870 56 62.740
104 772 54 29.092
105 418 2 71.999
106 1188 10 20.968
107 269 49 37.897
108 389 4 26.753
109 445 44 63.372
110 211 58 62.840
111 928 58 21.585
112 22 26 81.692
113 781 46 35.430
114 1075 39 50.125
115 49 13 16.681
116 455 39 31.031
117 109 39 1.743
118 1122 10 38.268
119 250 2 91.755
120 1002 13 78.851
121 7 30 95.310
122 154 46 34.964
123 787 55 55.554
124 420 6 42.705
125 106 51 61.953
126 434 18 55.745
127 204 46 29.994
128 386 44 19.610
129 1038 17 74.621
130 316 27 86.840
131 1323 38 81.135
132 1193 11 49.721
133 17 27 61.242
134 809 52 78.490
135 160 3 35.034
136 1160 6 81.740
137 435 33 56.303
138 1195 32 97.796
139 760 37 10.954
140 1262 17 15.488
141 22 22 37.319
142 104 37 78.417
143 602 30 71.849
144 1008 1 42.338
145 1403 36 33.446
146 414 60 85.023
147 147 36 26.371
148 1171 56 68.701
149 970 60 27.613
150 153 15 28.156