150
1 1148 9 1.508
2 1084 11 27.616
3 858 55 18.148
4 1199 26 14.320
5 913 53 81.777
6 1395 41 54.324
7 176 10 26.281
8 1274 39 83.504
9 249 19 93.968
10 183 5 23.871
11 18 43 40.087
12 290 37 52.786
13 1283 40 34.298
14 1305 9 28.802
15 970 31 6.092
16 1062 51 41.292
17 95 39 45.011
18 441 41 84.134
19 516 12 21.290
20 936 57 22.066
21 791 32 46.927
22 973 17 41.284
23 374 55 94.124
24 156 2 1.812
25 491 22 30.089
26 896 26 22.304
27 712 17 54.928
28 1166 38 68.610
29 431 45 47.931
30 823 41 21.057
31 818 16 89.967
32 139 49 51.908
33 164 20 78.283
34 1347 3 49.895
35 695 11 22.280
36 129 60 47.548
37 525 32 5.021
38 534 27 54.921
39 160 8 43.770
40 373 47 31.910
41 268 44 3.752
42 68 11 74.703
43 347 7 72.371
44 1287 27 22.088
45 38 13 88.286
46 1287 26 66.335
47 476 33 61.431
48 810 29 15.126
49 280 16 65.413
50 454 25 17.827
51 628 46 82.077
52 841 59 83.961
53 121 48 67.470
54 57 27 0.923
55 501 19 2.696
56 667 2 29.123
57 885 56 49.056
58 726 7 46.397
59 766 41 86.646
60 1124 18 40.805
61 791 41 17.185
62 634 29 48.886
63 702 5 42.922
64 630 47 46.144
65 307 27 42.518
66 632 27 27.629
67 1404 39 92.091
68 1030 54 2.778
69 655 52 44.055
70 450 4 57.299
71 85 48 32.328
72 1355 15 6.319
73 744 52 18.202
74 1167 13 67.108
75 633 21 90.961
76 1270 3 89.529
77 1439 2 51.988
78 1364 34 65.505
79 578 12 30.755
80 1135 42 35.767
81 1192 6 91.406
82 518 2 99.859
83 578 26 53.198
84 883 43 31.935
85 907 37 84.436
86 1435 22 19.941
87 693 46 37.677
88 1008 8 57.711
89 507 6 68.834
90 1220 7 10.673
91 100 4 84.668
92 241 51 64.912
93 690 23 63.248
94 1416 2 38.009
95 954 42 63.990
96 155 25 78.317
97 176 58 55.259
98 55 57 53.182
99 802 59 76.066
100 584 1 53.638
101 152 47 0.049
102 1406 40 90.753
103 112 46 13.490
104 726 29 26.256
105 990 41 57.657
106 824 14 0.822
107 725 20 45.005
108 334 59 11.271
109 1387 13 6.271
110 109 32 54.234
111 1090 57 14.569
112 751 44 34.656
113 484 38 25.259
114 91 12 85.906
115 89 24 62.531
116 801 21 79.758
117 768 6 60.969
118 1006 50 83.952
119 1353 31 42.308
120 1381 28 77.293
121 436 18 52.268
122 615 50 44.958
123 352 16 44.171
124 514 36 57.901
125 37 11 22.177
126 329 52 60.161
127 830 6 16.834
128 133 20 7.802
129 1077 9 69.634
130 354 36 11.542
131 7 28 19.808
132 125 12 30.598
133 165 10 97.164
134 207 36 73.882
135 1276 18 22.551
136 1362 24 25.757
137 1159 35 92.529
138 548 48 75.126
139 1356 24 11.921
140 1148 3 41.383
141 88 40 11.608
142 342 20 44.573
143 471 35 71.878
144 938 7 14.533
145 452 38 70.948
146 1212 3 20.700
147 157 41 12.509
148 946 32 19.482
149 208 7 57.295
150 867 52 80.768