150
1 724 12 74.957
2 1308 5 88.834
3 1273 47 26.821
4 994 54 31.533
5 1368 53 26.315
6 572 42 41.977
7 674 37 40.237
8 311 57 30.093
9 786 33 72.035
10 1135 59 47.651
11 11 38 80.127
12 921 31 61.139
13 343 27 74.715
14 204 4 82.074
15 1248 21 8.438
16 1171 53 48.980
17 146 50 55.575
18 330 33 16.462
19 282 56 36.547
20 875 31 39.994
21 1289 49 15.263
22 973 5 23.335
23 1004 58 45.397
24 356 2 90.595
25 350 24 45.590
26 1156 31 70.269
27 1234 3 97.885
28 869 50 16.574
29 702 40 19.076
30 566 8 35.065
31 1041 46 10.460
32 221 14 4.853
33 755 13 4.087
34 634 55 59.488
35 1433 42 74.439
36 743 15 28.844
37 815 25 84.963
38 733 42 23.940
39 679 45 7.519
40 1271 38 77.943
41 507 32 24.312
42 1194 41 5.924
43 843 3 3.338
44 928 46 27.800
45 554 40 75.355
46 1345 15 39.467
47 752 3 94.571
48 1293 25 93.913
49 931 11 8.632
50 1352 32 36.334
51 245 40 35.028
52 709 42 1.691
53 436 53 61.576
54 431 60 5.035
55 500 56 26.530
56 297 54 43.226
57 1159 3 71.575
58 637 9 94.811
59 1133 18 60.005
60 449 40 9.454
61 584 30 88.734
62 1397 1 80.940
63 443 24 76.330
64 572 18 34.713
65 982 38 54.418
66 844 26 91.889
67 1331 8 55.313
68 1370 31 82.441
69 175 49 68.582
70 635 41 4.283
71 1215 21 49.659
72 975 24 46.262
73 393 44 68.591
74 759 34 2.091
75 190 40 93.310
76 420 2 16.998
77 181 27 45.346
78 1285 27 61.725
79 921 17 8.758
80 44 56 68.680
81 1177 53 39.101
82 965 21 51.050
83 971 10 28.306
84 224 13 90.330
85 872 44 85.297
86 744 45 73.838
87 160 43 95.006
88 998 54 2.256
89 907 41 71.007
90 116 51 5.539
91 730 24 99.401
92 560 44 32.323
93 103 47 14.464
94 1028 6 67.312
95 482 37 24.483
96 1380 43 12.367
97 1313 43 84.527
98 996 12 97.597
99 806 48 32.590
100 544 2 79.827
101 878 37 20.005
102 1312 14 92.561
103 1380 57 4.173
104 285 25 94.323
105 1117 40 50.064
106 1134 36 62.259
107 498 20 79.659
108 817 9 72.939
109 1014 31 30.932
110 147 49 79.573
111 1434 30 99.122
112 198 17 55.727
113 275 22 86.539
114 593 7 50.347
115 1269 53 3.306
116 416 46 30.868
117 879 6 5.328
118 919 2 37.891
119 879 50 21.700
120 66 37 39.724
121 546 29 30.123
122 47 35 64.760
123 148 29 61.523
124 203 52 51.944
125 493 16 85.829
126 1033 48 54.905
127 850 43 1.154
128 918 16 34.546
129 70 51 97.869
130 1262 24 7.189
131 20 43 72.132
132 1204 29 45.690
133 22 28 87.258
134 1002 33 65.802
135 1143 37 59.613
136 888 18 30.108
137 136 37 47.562
138 1122 12 87.474
139 1116 52 4.133
140 726 32 4.646
141 355 35 72.866
142 900 59 24.210
143 433 10 61.870
144 586 49 52.390
145 1165 52 30.642
146 1357 48 19.549
147 1372 44 15.109
148 854 43 3.349
149 1156 16 15.834
150 1100 38 55.862