150
1 1292 15 32.694
2 547 11 91.478
3 899 17 39.697
4 441 35 58.738
5 429 52 41.859
6 642 49 56.179
7 14 32 65.958
8 1247 13 14.182
9 769 51 22.340
10 739 10 78.023
11 1204 38 62.901
12 1122 23 30.453
13 281 5 37.678
14 228 17 22.151
15 967 22 94.884
16 1002 59 54.090
17 611 23 15.203
18 712 36 97.776
19 284 24 37.762
20 359 26 95.983
21 1075 59 62.821
22 117 38 22.908
23 1035 27 10.745
24 1170 47 5.162
25 1275 7 90.326
26 332 18 88.169
27 1139 12 23.633
28 538 56 44.499
29 539 6 4.400
30 232 54 47.011
31 733 46 75.846
32 463 55 11.143
33 73 33 77.649
34 745 48 54.296
35 526 20 14.453
36 1317 6 92.308
37 878 53 81.407
38 119 15 16.805
39 793 60 61.959
40 123 17 33.272
41 671 11 97.057
42 411 4 24.981
43 628 1 17.650
44 104 31 80.296
45 55 18 65.640
46 816 1 34.956
47 127 41 92.214
48 1074 46 57.949
49 623 58 67.245
50 598 32 9.738
51 929 35 15.610
52 1393 19 29.962
53 326 34 98.663
54 1281 52 78.110
55 959 43 30.341
56 954 58 59.696
57 1052 29 32.741
58 218 33 16.191
59 1025 25 50.853
60 659 49 65.758
61 895 42 85.575
62 1018 48 7.045
63 607 23 18.669
64 548 1 90.159
65 1207 23 63.501
66 1028 7 39.437
67 1368 8 61.264
68 1165 17 27.915
69 144 26 29.802
70 865 2 94.381
71 493 25 90.516
72 1132 9 62.136
73 1233 28 20.792
74 762 10 89.528
75 1138 31 79.455
76 552 22 77.091
77 460 22 0.807
78 272 50 93.566
79 784 42 63.813
80 937 54 86.973
81 1147 53 19.273
82 856 34 18.740
83 1043 18 79.981
84 121 15 78.714
85 946 13 58.055
86 272 41 99.925
87 1180 46 21.474
88 25 28 90.204
89 1380 31 31.857
90 1420 50 72.016
91 1261 26 8.643
92 15 20 4.741
93 323 42 51.216
94 167 24 10.514
95 1225 59 98.941
96 43 30 25.471
97 1129 27 7.175
98 542 41 85.257
99 806 44 0.112
100 792 28 16.586
101 144 13 46.496
102 268 43 0.299
103 574 5 60.277
104 149 34 1.466
105 579 30 7.472
106 961 14 61.759
107 1049 53 76.566
108 808 28 16.949
109 504 53 39.081
110 834 12 92.076
111 601 20 19.691
112 1350 40 99.774
113 451 14 78.823
114 814 18 58.136
115 826 47 51.607
116 1401 55 84.300
117 931 19 59.136
118 707 60 31.692
119 710 56 64.192
120 45 38 3.527
121 1029 51 92.303
122 1206 46 99.506
123 392 12 7.154
124 613 15 94.807
125 1350 16 75.481
126 116 40 92.034
127 63 49 51.990
128 235 32 40.656
129 669 10 70.360
130 1045 33 4.672
131 828 10 87.438
132 191 52 40.896
133 1053 1 27.795
134 821 4 91.373
135 1210 24 93.311
136 1316 16 50.177
137 1203 30 29.210
138 113 46 21.154
139 978 36 12.737
140 1170 6 37.766
141 390 11 48.169
142 214 29 58.998
143 42 37 75.920
144 1088 32 94.494
145 1174 17 90.593
146 1024 50 93.256
147 282 14 79.607
148 381 34 43.749
149 430 55 30.743
150 123 35 52.095