150
1 287 4 67.425
2 968 45 12.187
3 1183 19 59.274
4 964 10 29.402
5 1259 2 61.100
6 170 20 2.241
7 533 24 72.697
8 314 47 71.563
9 932 24 69.509
10 587 49 71.801
11 3 40 85.213
12 867 18 49.077
13 688 31 18.528
14 1324 3 76.123
15 1390 42 81.818
16 529 14 64.674
17 1152 54 65.070
18 1339 19 43.685
19 355 15 51.886
20 1420 49 11.732
21 1031 37 89.708
22 436 35 7.179
23 545 15 98.155
24 717 53 53.827
25 711 54 12.949
26 114 54 62.019
27 701 58 92.907
28 613 8 35.148
29 254 8 8.006
30 586 3 52.919
31 370 50 18.896
32 610 34 29.498
33 1277 50 2.294
34 894 6 60.449
35 776 47 87.552
36 246 44 91.544
37 421 46 98.891
38 1280 35 31.461
39 814 57 79.227
40 1404 20 18.149
41 1045 58 86.608
42 811 22 60.425
43 1110 2 31.261
44 295 6 73.171
45 1388 49 24.820
46 1419 1 10.816
47 148 9 54.043
48 657 21 6.019
49 15 12 64.125
50 768 13 70.582
51 221 3 85.727
52 797 32 96.827
53 312 12 89.967
54 435 44 4.953
55 1363 59 4.955
56 705 41 17.224
57 1104 4 74.685
58 1366 56 81.914
59 425 3 37.501
60 1090 22 21.801
61 1382 1 64.905
62 1060 23 23.194
63 1333 26 20.655
64 942 15 65.944
65 199 19 98.862
66 980 30 24.591
67 1075 7 57.233
68 625 56 59.652
69 1319 56 80.511
70 911 3 75.104
71 1066 35 17.923
72 616 17 9.887
73 100 14 94.654
74 1216 58 95.660
75 885 6 50.265
76 805 25 47.703
77 759 15 44.128
78 592 18 56.115
79 232 58 97.157
80 606 18 84.127
81 491 41 0.912
82 1375 34 92.477
83 887 24 42.821
84 663 51 63.830
85 990 60 23.509
86 542 23 12.777
87 1233 44 32.132
88 507 47 53.920
89 843 4 76.497
90 548 15 63.480
91 1439 57 52.041
92 1223 10 27.237
93 791 21 40.545
94 732 19 68.716
95 355 23 24.726
96 541 8 43.992
97 766 44 17.881
98 1206 7 43.265
99 871 57 74.412
100 683 59 50.508
101 340 2 72.189
102 125 30 65.977
103 559 26 1.479
104 583 40 14.096
105 1411 57 44.512
106 327 9 4.885
107 1350 14 93.672
108 594 7 61.183
109 77 7 44.698
110 416 1 65.873
111 1278 25 60.982
112 113 54 62.077
113 685 44 16.116
114 1171 44 97.663
115 548 50 16.278
116 221 47 30.018
117 530 35 20.392
118 1315 45 22.982
119 887 54 35.585
120 1349 3 92.460
121 808 9 52.284
122 641 52 78.406
123 504 15 14.039
124 1211 19 95.975
125 732 9 23.518
126 165 9 23.500
127 1366 1 73.685
128 1346 52 34.295
129 260 28 78.819
130 1228 46 77.915
131 1240 13 78.601
132 523 42 6.000
133 284 20 23.356
134 771 10 63.827
135 1394 55 2.153
136 507 20 78.319
137 100 16 16.821
138 1281 3 41.260
139 429 56 15.764
140 265 7 28.842
141 103 53 52.439
142 483 8 47.629
143 668 41 84.355
144 491 40 35.542
145 1191 39 89.456
146 420 9 86.233
147 1426 34 77.276
148 692 22 34.623
149 966 5 53.863
150 855 45 55.492