150
1 1285 24 15.226
2 812 53 83.527
3 1344 34 35.262
4 67 34 33.738
5 536 54 13.996
6 10 50 81.924
7 289 48 90.251
8 2 21 76.101
9 355 16 98.422
10 1359 31 80.624
11 767 21 91.226
12 30 29 38.138
13 943 34 46.038
14 1338 50 49.135
15 1241 47 52.280
16 692 34 75.507
17 206 6 74.676
18 588 50 71.707
19 390 50 57.148
20 523 5 49.329
21 821 17 97.003
22 1249 35 67.503
23 359 13 53.466
24 1000 26 58.316
25 1145 15 68.274
26 1021 55 49.946
27 526 54 41.875
28 1204 27 36.648
29 1410 12 92.217
30 402 45 22.928
31 892 31 59.239
32 895 18 8.752
33 278 9 41.343
34 450 8 31.643
35 953 46 65.953
36 216 41 30.378
37 109 57 39.613
38 576 51 43.695
39 481 31 67.538
40 718 50 52.079
41 189 31 97.607
42 179 35 72.377
43 66 33 81.643
44 1187 37 54.992
45 1375 16 70.812
46 783 3 68.004
47 676 9 53.428
48 418 44 63.474
49 647 51 5.093
50 1268 15 97.954
51 868 2 18.147
52 828 6 10.198
53 1239 50 33.422
54 1243 53 27.893
55 887 5 9.591
56 669 1 86.452
57 889 59 9.822
58 71 36 60.564
59 1117 45 80.380
60 115 26 60.255
61 1030 31 66.248
62 465 37 12.005
63 15 60 41.882
64 458 21 11.349
65 925 36 59.536
66 396 59 8.575
67 1188 43 35.404
68 144 44 72.364
69 834 58 31.847
70 842 50 85.814
71 670 9 91.992
72 487 31 2.613
73 253 38 23.847
74 1352 27 51.487
75 1256 45 71.493
76 413 17 67.859
77 1046 37 62.173
78 976 22 69.794
79 178 24 26.207
80 898 23 92.718
81 401 40 55.428
82 1016 6 72.303
83 859 52 18.426
84 970 51 45.527
85 1205 18 72.602
86 618 39 70.483
87 151 50 35.598
88 1077 13 22.013
89 381 22 9.178
90 936 27 24.980
91 811 21 65.127
92 861 7 64.018
93 92 6 36.034
94 632 59 73.468
95 223 4 29.639
96 564 20 12.228
97 1118 1 77.184
98 397 45 34.600
99 169 17 58.456
100 1367 9 64.637
101 671 7 61.146
102 1369 5 59.066
103 897 44 42.724
104 1100 37 49.689
105 713 32 59.141
106 455 9 22.026
107 954 47 59.791
108 1339 49 4.164
109 1296 10 8.581
110 228 7 74.109
111 1252 47 57.517
112 456 46 7.405
113 148 53 26.203
114 1073 36 7.283
115 394 18 95.557
116 665 8 78.048
117 643 25 99.847
118 1127 20 55.564
119 477 42 69.831
120 214 10 88.155
121 1026 58 28.899
122 413 30 48.788
123 1365 42 76.021
124 1387 22 0.989
125 1243 52 66.400
126 1356 7 89.983
127 996 30 46.792
128 1083 36 46.091
129 378 59 27.890
130 1170 24 75.319
131 47 16 61.003
132 898 19 13.326
133 930 54 61.201
134 417 34 40.289
135 1147 5 98.396
136 527 11 36.341
137 496 20 71.948
138 106 33 29.801
139 436 35 92.986
140 82 25 49.759
141 1410 50 21.059
142 773 4 42.320
143 1210 33 42.504
144 1284 32 65.177
145 35 28 42.817
146 207 54 23.689
147 755 22 31.873
148 633 25 77.855
149 193 36 92.216
150 694 22 51.881