150
1 131 28 48.218
2 43 20 11.440
3 1405 59 57.652
4 93 30 64.357
5 623 4 67.460
6 421 9 44.787
7 184 37 93.498
8 761 13 64.021
9 1359 24 51.527
10 662 17 15.617
11 658 20 71.726
12 849 6 88.136
13 620 10 28.932
14 496 2 86.232
15 1344 27 56.713
16 1252 1 54.005
17 137 25 3.551
18 619 59 65.397
19 1330 49 36.168
20 1128 52 25.507
21 176 19 85.227
22 496 38 12.628
23 101 39 98.233
24 1316 58 12.620
25 810 35 43.809
26 1413 34 14.446
27 195 51 51.257
28 419 48 14.812
29 172 13 8.331
30 1363 50 34.501
31 173 26 58.698
32 388 4 93.428
33 775 47 91.992
34 1372 38 25.909
35 815 27 57.056
36 773 38 84.206
37 809 49 75.001
38 978 7 39.475
39 280 50 36.978
40 1154 41 23.071
41 674 41 54.499
42 852 1 54.323
43 929 12 88.730
44 304 12 69.528
45 786 56 36.250
46 570 33 76.163
47 210 28 40.233
48 1254 54 64.437
49 1321 8 86.616
50 832 55 5.643
51 443 14 91.282
52 509 13 54.954
53 1216 16 35.441
54 655 57 18.402
55 143 19 16.080
56 897 30 2.819
57 1045 37 49.225
58 1387 52 73.924
59 92 31 96.021
60 897 1 17.021
61 1050 35 51.488
62 499 43 91.719
63 888 22 85.634
64 478 50 17.785
65 1218 51 26.353
66 1174 9 4.165
67 1068 42 39.869
68 492 42 9.092
69 73 26 85.088
70 430 20 71.554
71 86 31 40.117
72 1196 28 35.745
73 1189 51 54.517
74 475 46 53.069
75 175 5 47.724
76 532 48 16.149
77 835 3 99.210
78 1009 37 46.823
79 1067 37 60.009
80 884 9 56.733
81 1422 47 23.192
82 654 36 38.438
83 930 53 10.827
84 987 52 93.246
85 682 10 82.692
86 326 25 81.304
87 297 19 4.505
88 290 48 77.620
89 1055 20 68.623
90 318 10 7.573
91 1151 13 31.351
92 986 36 82.493
93 28 7 31.295
94 409 37 38.439
95 328 49 6.762
96 1064 39 64.435
97 566 39 56.346
98 904 56 65.723
99 922 25 2.012
100 698 56 29.557
101 658 39 49.662
102 1282 37 50.508
103 1132 16 51.120
104 1299 51 53.762
105 952 37 52.875
106 874 55 73.394
107 69 51 32.368
108 1416 32 63.867
109 137 16 60.328
110 632 32 3.248
111 739 4 58.606
112 1343 26 72.340
113 532 46 71.643
114 68 39 88.810
115 553 39 43.959
116 1123 10 8.430
117 541 53 85.251
118 1034 15 42.102
119 82 49 2.075
120 1033 60 17.730
121 726 22 27.157
122 1034 18 80.427
123 761 19 4.879
124 806 32 22.847
125 84 29 38.889
126 839 22 99.438
127 1278 49 41.639
128 733 55 56.839
129 1290 24 59.228
130 1111 11 65.921
131 6 22 36.715
132 1263 50 41.639
133 1200 52 81.890
134 687 52 75.777
135 152 30 72.833
136 900 49 66.628
137 1246 6 81.332
138 976 17 48.593
139 1024 32 9.468
140 1068 37 80.161
141 624 47 83.555
142 48 51 63.912
143 1001 27 46.543
144 425 23 98.345
145 618 59 25.159
146 172 5 29.988
147 243 12 16.373
148 1281 3 84.947
149 129 58 29.394
150 982 1 29.193