150
1 972 59 12.152
2 789 30 53.147
3 1177 3 4.811
4 1209 29 6.140
5 620 28 34.305
6 76 9 81.792
7 447 11 56.303
8 1141 25 84.747
9 97 42 97.468
10 583 50 11.460
11 420 35 21.184
12 716 28 92.302
13 964 4 93.642
14 84 55 23.928
15 684 3 7.230
16 1283 26 53.110
17 402 41 73.875
18 503 12 35.005
19 1140 35 6.615
20 400 15 5.122
21 693 51 29.945
22 1239 1 50.234
23 991 3 84.633
24 599 11 83.266
25 839 52 29.119
26 951 13 78.736
27 50 18 71.651
28 802 9 91.053
29 533 29 62.820
30 462 48 86.273
31 458 42 99.263
32 1048 12 83.265
33 764 19 1.629
34 892 5 70.649
35 371 1 54.300
36 974 30 43.092
37 895 5 85.103
38 734 48 82.669
39 243 25 54.702
40 11 5 64.982
41 1139 56 4.791
42 572 29 38.447
43 1298 33 45.874
44 1267 9 53.040
45 1247 24 95.046
46 508 32 19.198
47 441 35 46.609
48 1315 5 47.698
49 596 15 77.433
50 1235 8 19.680
51 1075 9 90.943
52 15 52 63.098
53 1321 36 58.571
54 1437 18 51.391
55 396 47 90.913
56 258 38 83.016
57 493 23 25.961
58 1241 40 98.122
59 302 53 51.327
60 868 19 31.677
61 646 54 81.554
62 337 56 91.714
63 114 47 58.721
64 886 34 98.028
65 1123 18 66.260
66 101 49 17.161
67 138 29 52.242
68 993 1 32.492
69 1408 11 81.311
70 245 40 37.651
71 734 24 49.729
72 17 47 39.240
73 612 8 88.436
74 1220 8 66.627
75 744 14 24.668
76 562 42 57.357
77 263 28 48.259
78 112 51 97.974
79 795 17 22.356
80 1033 60 21.608
81 113 55 86.363
82 572 3 49.196
83 415 36 15.297
84 1173 50 99.699
85 1161 34 26.456
86 366 19 71.820
87 186 24 81.645
88 326 24 23.806
89 1045 31 99.267
90 922 59 26.698
91 996 16 83.805
92 1109 51 98.852
93 1234 1 90.161
94 385 35 54.409
95 431 60 43.988
96 28 11 73.135
97 1138 58 44.152
98 266 55 23.379
99 1426 40 57.745
100 651 44 56.337
101 1110 7 59.188
102 1438 13 15.860
103 521 54 73.151
104 576 49 39.115
105 618 28 5.519
106 378 20 50.298
107 729 32 67.814
108 49 33 0.564
109 15 33 14.483
110 898 44 34.957
111 1393 58 17.813
112 813 33 7.901
113 555 8 32.438
114 414 19 27.196
115 941 42 96.546
116 85 51 36.856
117 1347 28 97.917
118 160 29 77.520
119 511 40 9.188
120 460 24 28.087
121 810 35 11.948
122 217 6 26.846
123 183 48 22.485
124 308 18 49.898
125 949 10 74.437
126 700 2 84.048
127 1002 17 82.273
128 12 5 76.513
129 1077 24 52.910
130 532 31 43.108
131 1272 10 74.738
132 1329 54 93.307
133 241 11 27.019
134 564 32 69.936
135 140 15 22.165
136 941 18 10.679
137 839 4 6.836
138 1212 8 37.873
139 229 14 98.874
140 1227 21 71.947
141 681 45 63.312
142 978 26 76.458
143 758 8 5.860
144 1160 10 39.927
145 1115 25 9.174
146 24 21 89.300
147 167 57 61.239
148 331 22 41.614
149 539 17 70.312
150 878 15 96.668