150
1 698 4 12.762
2 952 20 79.397
3 1112 44 61.958
4 424 12 64.116
5 939 1 23.224
6 348 25 99.501
7 804 26 25.523
8 1226 40 64.094
9 1282 3 26.360
10 657 13 37.465
11 1262 59 44.786
12 1425 3 93.926
13 559 39 38.199
14 587 5 43.925
15 1419 9 87.345
16 952 9 31.722
17 294 56 67.262
18 1002 11 59.692
19 425 43 40.580
20 340 19 44.412
21 90 20 82.064
22 313 31 36.961
23 430 10 75.099
24 1361 22 25.400
25 760 38 61.673
26 597 8 47.107
27 1039 23 65.587
28 192 18 39.261
29 269 41 48.083
30 234 59 19.652
31 1115 13 26.938
32 1050 23 94.511
33 666 58 72.293
34 1064 31 24.484
35 179 35 68.204
36 961 7 8.187
37 1346 52 9.345
38 547 17 53.413
39 979 36 72.338
40 1184 59 34.951
41 334 11 45.138
42 1383 54 71.841
43 226 32 81.631
44 704 50 71.162
45 756 1 41.657
46 1146 38 13.767
47 1202 53 90.022
48 1128 37 98.106
49 446 33 7.111
50 1236 8 45.251
51 1015 57 52.471
52 841 10 58.176
53 902 13 29.930
54 1204 32 48.678
55 416 16 35.575
56 213 33 32.373
57 592 11 81.854
58 673 37 90.048
59 474 54 8.018
60 539 33 15.052
61 279 49 60.559
62 957 46 15.159
63 850 13 63.478
64 638 53 2.406
65 308 19 29.620
66 1160 31 65.109
67 289 37 15.691
68 1159 1 30.348
69 858 58 61.930
70 928 53 30.489
71 396 59 95.616
72 1390 33 41.633
73 352 31 74.626
74 1035 28 85.267
75 592 56 64.032
76 631 28 98.050
77 515 29 42.725
78 1423 45 45.166
79 1279 2 75.642
80 97 58 19.425
81 586 50 92.382
82 426 54 78.770
83 810 9 76.064
84 109 28 17.391
85 1437 60 64.101
86 1336 28 5.827
87 968 26 56.956
88 40 15 91.542
89 1440 5 97.997
90 725 38 99.384
91 337 16 10.286
92 154 10 37.648
93 1357 57 6.689
94 691 46 72.732
95 848 32 89.936
96 897 7 13.621
97 651 33 2.967
98 136 20 55.481
99 189 9 0.390
100 1067 33 99.412
101 110 34 14.364
102 874 1 87.894
103 6 22 46.015
104 1333 53 25.485
105 1320 11 33.487
106 466 1 37.026
107 994 26 62.405
108 1105 8 38.290
109 266 43 70.467
110 971 4 86.533
111 790 49 86.472
112 533 24 72.845
113 346 42 94.124
114 411 25 97.375
115 914 57 75.240
116 15 37 23.717
117 209 18 8.191
118 844 56 87.879
119 681 1 93.609
120 749 19 12.354
121 751 5 6.326
122 80 58 88.719
123 670 47 61.645
124 523 7 44.965
125 466 26 64.090
126 358 60 17.886
127 951 30 1.366
128 561 12 30.448
129 582 57 86.478
130 1120 20 84.349
131 1088 55 78.693
132 46 21 24.735
133 56 17 70.882
134 57 46 84.096
135 1363 15 49.014
136 1238 19 90.307
137 70 18 76.378
138 1371 21 21.853
139 196 3 37.069
140 1389 24 27.334
141 1260 28 3.182
142 631 35 46.344
143 1282 7 58.716
144 1355 55 10.474
145 167 31 63.684
146 1111 12 19.856
147 1228 34 95.590
148 661 18 98.286
149 805 38 82.851
150 1050 3 28.375