150
1 1432 50 53.521
2 448 11 71.622
3 1353 45 74.784
4 352 12 51.895
5 941 40 60.547
6 1296 34 99.228
7 823 32 18.457
8 1322 17 84.162
9 1120 18 81.040
10 631 38 42.654
11 641 8 98.092
12 1248 12 61.474
13 1128 35 14.118
14 1247 32 5.531
15 607 39 96.844
16 43 38 61.590
17 55 50 55.929
18 234 43 24.918
19 373 15 14.190
20 1330 52 75.017
21 1343 23 9.346
22 244 14 10.010
23 1132 2 15.992
24 101 21 17.353
25 449 19 67.108
26 570 30 79.177
27 127 30 77.414
28 190 42 65.049
29 218 48 57.719
30 218 10 86.294
31 1143 57 66.245
32 1100 1 96.739
33 177 37 15.200
34 730 33 79.549
35 868 49 76.314
36 824 8 6.022
37 1198 26 54.932
38 1341 41 23.159
39 968 33 0.154
40 895 55 14.035
41 961 13 99.139
42 389 19 44.717
43 1105 6 58.257
44 1332 55 1.045
45 1407 27 1.527
46 1235 31 89.633
47 1189 47 22.432
48 1310 34 51.087
49 1279 17 67.486
50 925 59 79.085
51 471 50 3.422
52 893 39 61.344
53 67 10 86.445
54 849 35 48.757
55 233 40 17.104
56 975 17 7.534
57 1118 25 45.919
58 1406 7 94.458
59 928 20 50.586
60 508 12 7.721
61 63 27 32.400
62 813 19 19.893
63 335 18 80.991
64 507 26 64.545
65 800 22 74.077
66 1403 55 78.397
67 878 46 39.605
68 476 40 42.520
69 396 48 7.667
70 341 59 44.303
71 288 22 38.057
72 1383 54 75.160
73 858 5 59.012
74 624 38 82.301
75 859 46 93.222
76 201 11 65.710
77 1361 9 16.898
78 162 41 55.346
79 341 23 88.297
80 1411 48 10.262
81 1203 10 19.616
82 211 13 51.018
83 1110 11 32.560
84 577 33 14.099
85 699 21 43.852
86 1251 32 36.703
87 1096 4 76.393
88 1283 55 88.245
89 37 23 45.610
90 1120 45 15.923
91 1294 45 9.696
92 941 60 12.162
93 440 49 51.656
94 827 28 3.309
95 1422 19 37.898
96 1221 33 43.404
97 761 1 70.648
98 176 57 35.402
99 699 3 16.389
100 582 16 36.881
101 956 35 79.635
102 716 44 61.498
103 366 12 95.658
104 892 18 94.093
105 22 37 38.989
106 987 9 3.049
107 495 56 96.948
108 996 1 22.663
109 538 15 39.391
110 1298 4 54.646
111 103 20 1.526
112 1024 21 17.678
113 1430 17 47.702
114 1104 9 66.926
115 572 38 20.235
116 56 12 91.941
117 1065 30 92.241
118 1138 51 91.412
119 607 54 29.237
120 625 31 64.457
121 1317 2 95.048
122 1357 16 58.131
123 1135 46 94.321
124 22 60 89.722
125 999 11 5.382
126 1134 30 44.759
127 152 58 11.191
128 1344 56 86.451
129 652 14 5.903
130 124 39 91.328
131 414 54 85.946
132 1049 12 90.186
133 63 22 71.211
134 673 32 2.579
135 794 43 21.343
136 76 8 36.998
137 607 52 60.603
138 944 13 88.128
139 842 17 44.659
140 719 57 46.197
141 809 10 99.251
142 218 60 62.316
143 263 39 80.928
144 802 38 36.307
145 895 18 84.028
146 578 60 81.879
147 646 23 7.087
148 879 13 95.597
149 399 44 66.903
150 842 18 72.489