150
1 194 13 38.342
2 533 12 40.040
3 1227 53 99.759
4 458 39 82.320
5 1080 19 70.565
6 1243 36 38.757
7 1133 27 45.859
8 261 27 31.283
9 569 39 2.522
10 1154 53 34.707
11 76 14 23.889
12 1336 28 93.740
13 868 44 68.326
14 571 21 68.061
15 118 8 2.181
16 1350 60 61.731
17 197 11 62.667
18 1170 51 12.142
19 893 49 49.128
20 904 31 39.829
21 953 59 22.669
22 595 14 31.408
23 404 37 89.134
24 20 43 68.750
25 898 10 29.423
26 833 47 27.033
27 135 7 71.215
28 1108 43 32.692
29 1398 42 94.045
30 688 6 36.090
31 85 44 93.294
32 243 37 60.614
33 1169 21 83.675
34 1000 44 86.081
35 357 19 78.174
36 1432 32 60.916
37 1367 60 56.379
38 1087 1 48.987
39 596 45 68.325
40 189 8 30.062
41 1101 51 36.346
42 968 41 35.622
43 1269 29 2.007
44 602 21 32.364
45 1406 25 57.077
46 639 39 36.720
47 790 44 56.524
48 669 4 46.417
49 1259 17 35.621
50 296 8 9.308
51 1015 6 46.130
52 1292 56 24.433
53 595 26 4.342
54 1061 45 16.639
55 501 58 98.066
56 45 25 92.847
57 762 33 39.469
58 1044 57 14.493
59 765 4 3.907
60 59 5 95.926
61 162 20 96.229
62 513 10 22.837
63 755 57 78.149
64 383 58 20.117
65 888 17 62.490
66 1019 32 89.035
67 894 21 78.909
68 935 48 5.851
69 833 22 25.015
70 294 44 4.175
71 1348 48 35.870
72 418 52 52.631
73 627 25 37.990
74 1260 28 42.565
75 1007 50 54.152
76 573 52 32.392
77 997 48 73.377
78 31 11 45.403
79 978 53 56.220
80 1400 21 14.632
81 514 59 17.586
82 1133 51 88.052
83 1341 35 59.762
84 73 35 35.149
85 854 38 21.127
86 1273 27 59.074
87 960 15 74.385
88 621 11 19.200
89 183 16 77.550
90 1310 56 59.944
91 575 20 68.539
92 491 25 39.477
93 1017 2 61.614
94 726 47 58.068
95 1116 10 5.851
96 249 1 45.513
97 845 14 68.592
98 335 29 12.465
99 950 20 71.479
100 963 60 12.183
101 1172 21 39.172
102 973 1 92.370
103 173 17 62.129
104 1176 15 48.264
105 1061 5 85.772
106 476 22 64.063
107 1153 25 13.566
108 954 39 41.874
109 201 29 17.054
110 42 5 57.184
111 1291 4 5.813
112 313 1 27.453
113 569 25 32.105
114 111 26 90.395
115 1220 38 66.994
116 994 42 15.867
117 1099 31 68.548
118 696 1 60.528
119 278 8 19.581
120 29 33 16.176
121 1209 48 86.242
122 242 29 85.664
123 1210 39 88.594
124 1329 9 81.046
125 145 7 40.253
126 680 34 23.235
127 295 4 39.854
128 1418 13 20.171
129 1176 7 56.551
130 1340 34 68.185
131 1359 35 68.243
132 114 49 14.481
133 140 55 22.095
134 1109 1 60.112
135 861 9 46.544
136 392 51 36.815
137 289 30 96.769
138 921 20 2.499
139 351 49 62.751
140 698 38 46.119
141 806 11 50.913
142 1329 37 67.139
143 1142 27 93.783
144 1308 22 15.857
145 275 29 33.376
146 1029 54 47.893
147 1244 57 83.716
148 1229 46 62.345
149 224 13 22.502
150 982 36 43.834