150
1 660 30 17.518
2 884 17 61.964
3 1342 27 34.838
4 849 41 68.746
5 312 40 29.952
6 905 48 75.020
7 1153 25 64.606
8 794 16 71.000
9 1284 22 53.146
10 1400 59 57.496
11 582 24 64.049
12 744 10 44.840
13 1205 27 44.661
14 208 60 36.385
15 125 16 68.062
16 226 24 71.156
17 1131 44 37.398
18 1381 15 1.126
19 37 58 94.957
20 196 45 71.379
21 505 25 53.777
22 207 35 21.649
23 1076 27 98.521
24 131 12 57.731
25 748 52 47.621
26 509 57 24.046
27 685 21 14.763
28 154 58 8.273
29 6 16 63.255
30 1187 49 40.276
31 921 36 53.922
32 183 45 57.460
33 222 11 42.477
34 350 36 44.681
35 780 49 47.743
36 720 30 54.792
37 52 51 43.403
38 897 30 56.072
39 393 19 16.511
40 1015 40 54.957
41 1335 7 71.886
42 1046 27 76.582
43 258 4 69.114
44 889 19 30.966
45 649 35 65.999
46 780 31 83.193
47 850 28 71.329
48 842 50 85.967
49 800 6 48.621
50 724 12 7.952
51 1355 31 9.185
52 1065 32 45.341
53 410 17 2.870
54 44 38 66.838
55 590 32 61.521
56 595 18 18.041
57 303 43 85.186
58 1189 4 18.543
59 1347 23 86.491
60 70 9 79.559
61 914 14 6.454
62 263 33 67.759
63 514 44 2.535
64 1311 50 64.321
65 996 58 88.171
66 1175 53 17.977
67 1264 43 95.768
68 853 49 25.605
69 1207 1 29.012
70 1130 34 15.866
71 700 4 49.672
72 1280 2 81.651
73 304 39 44.478
74 918 3 52.590
75 605 11 79.401
76 757 60 56.233
77 1276 58 34.911
78 609 46 95.496
79 1323 8 25.909
80 1222 28 46.581
81 1079 30 42.387
82 1379 29 27.774
83 512 40 90.218
84 1280 29 42.486
85 411 21 26.153
86 290 8 73.921
87 900 49 32.181
88 1406 59 49.939
89 1104 34 3.175
90 1432 27 64.857
91 948 44 42.580
92 382 28 36.345
93 437 14 81.056
94 829 37 0.996
95 1164 45 14.476
96 876 33 76.935
97 751 47 52.028
98 1365 25 75.945
99 308 2 92.463
100 1377 55 58.631
101 221 25 60.089
102 575 56 91.097
103 1313 44 98.966
104 655 49 90.337
105 452 51 1.684
106 912 11 65.045
107 1040 36 45.601
108 821 56 83.049
109 573 20 58.877
110 33 59 9.438
111 241 60 96.072
112 766 53 69.648
113 317 12 51.847
114 1004 48 10.601
115 589 21 81.531
116 977 6 76.766
117 1035 27 60.465
118 644 17 38.797
119 1043 17 19.764
120 281 43 33.163
121 313 52 51.439
122 1051 39 15.397
123 1016 39 57.094
124 831 32 27.419
125 1239 31 16.568
126 91 60 79.283
127 316 55 63.333
128 974 23 75.043
129 1049 60 59.333
130 953 34 24.236
131 819 13 22.812
132 183 26 40.447
133 206 30 91.242
134 1014 8 64.757
135 1137 34 33.492
136 1283 41 40.224
137 255 53 24.738
138 997 40 88.806
139 971 32 25.979
140 437 40 74.346
141 976 17 63.044
142 403 5 19.386
143 729 27 33.666
144 1176 11 38.772
145 1042 4 22.643
146 327 33 32.541
147 728 33 26.842
148 129 56 39.689
149 417 4 13.086
150 983 6 43.765