150
1 158 18 53.397
2 494 30 36.866
3 135 3 78.448
4 521 41 22.821
5 589 52 64.844
6 1114 4 60.165
7 347 27 1.660
8 659 9 14.671
9 396 8 82.052
10 124 55 55.809
11 1399 2 0.381
12 779 46 47.586
13 298 25 69.775
14 693 18 72.050
15 1258 51 62.387
16 588 23 33.710
17 561 35 97.656
18 916 48 44.958
19 797 3 47.794
20 366 40 21.419
21 685 39 14.301
22 1269 33 9.757
23 1265 14 62.704
24 345 25 96.208
25 153 14 34.837
26 1049 48 46.085
27 454 21 75.421
28 828 57 52.039
29 34 51 32.585
30 1060 24 0.559
31 556 56 70.886
32 1174 58 22.895
33 520 35 54.614
34 779 11 58.040
35 280 51 78.104
36 976 40 93.567
37 877 8 3.572
38 83 39 46.386
39 1238 30 44.910
40 1000 38 74.643
41 428 15 12.166
42 928 28 74.181
43 315 53 54.319
44 177 48 52.342
45 992 34 87.296
46 905 38 54.651
47 639 34 90.108
48 846 59 2.420
49 454 53 48.831
50 737 26 84.264
51 1281 42 17.655
52 1083 44 42.052
53 1365 46 2.647
54 1255 29 65.180
55 1186 23 47.433
56 911 38 84.036
57 230 46 49.077
58 1288 15 31.981
59 974 53 44.119
60 104 50 27.657
61 255 29 50.970
62 641 53 62.674
63 1208 17 87.391
64 509 38 52.300
65 142 25 87.886
66 828 1 70.413
67 615 39 71.283
68 1316 13 18.642
69 1162 44 72.899
70 1246 17 12.994
71 1084 44 29.870
72 636 17 88.417
73 982 33 92.490
74 267 16 40.752
75 217 1 44.338
76 371 59 77.981
77 723 15 51.120
78 1301 14 78.753
79 285 10 81.689
80 826 42 31.028
81 250 39 10.771
82 519 2 30.661
83 471 21 70.012
84 979 16 95.661
85 264 23 21.267
86 1014 15 99.529
87 808 14 39.071
88 957 29 76.057
89 121 46 59.398
90 348 42 85.798
91 841 21 37.046
92 1230 22 57.576
93 544 29 4.857
94 893 2 33.920
95 35 25 80.905
96 329 54 67.751
97 287 42 60.616
98 1027 8 14.399
99 660 18 53.541
100 357 46 4.556
101 145 22 30.214
102 837 20 58.678
103 289 18 80.293
104 856 59 47.534
105 529 42 4.730
106 716 52 72.024
107 1308 7 59.898
108 439 21 36.416
109 150 30 76.710
110 863 18 55.475
111 63 49 8.224
112 267 55 79.685
113 545 1 58.280
114 984 6 76.386
115 198 55 60.181
116 1203 7 47.129
117 411 53 75.377
118 162 21 20.997
119 901 38 17.774
120 1226 31 4.664
121 10 60 69.278
122 75 31 85.449
123 51 29 25.578
124 200 8 24.408
125 947 9 46.462
126 102 25 12.548
127 1377 54 94.155
128 1324 33 64.449
129 482 39 58.449
130 961 36 42.049
131 1209 9 6.585
132 601 43 4.465
133 1028 28 65.694
134 1359 4 67.236
135 900 40 67.470
136 702 58 61.397
137 1147 44 89.114
138 1010 4 46.579
139 679 17 38.118
140 970 9 16.018
141 165 39 2.538
142 60 44 76.926
143 919 45 34.416
144 635 17 60.594
145 482 24 64.415
146 295 47 87.804
147 182 26 92.750
148 1400 19 91.911
149 790 8 35.944
150 41 18 86.326