150
1 1113 34 94.959
2 1111 55 19.746
3 1439 32 60.870
4 638 22 79.155
5 926 32 36.535
6 578 45 98.012
7 1356 53 32.896
8 1222 56 50.038
9 1264 20 29.294
10 1343 50 47.920
11 981 10 12.566
12 668 34 33.193
13 964 16 47.776
14 1214 60 34.636
15 242 2 96.633
16 328 35 63.465
17 864 4 64.145
18 1352 23 50.723
19 1018 14 6.222
20 756 28 40.664
21 137 58 11.863
22 505 42 57.447
23 360 17 70.212
24 1371 10 50.734
25 754 5 79.239
26 430 12 43.523
27 198 51 69.396
28 598 60 40.736
29 854 49 25.784
30 8 46 31.820
31 465 30 69.812
32 1379 53 64.569
33 1386 16 68.441
34 20 25 36.022
35 647 19 97.408
36 159 8 25.826
37 20 49 36.878
38 1026 28 49.735
39 116 50 95.109
40 1312 4 63.480
41 1108 2 14.409
42 1410 37 12.577
43 632 14 77.098
44 658 47 41.503
45 465 19 23.817
46 185 39 28.510
47 1316 23 68.593
48 1325 48 99.684
49 1022 23 5.332
50 548 57 76.508
51 440 8 29.414
52 1245 17 86.468
53 624 42 74.817
54 321 21 3.550
55 221 34 63.098
56 1078 7 45.079
57 528 18 14.477
58 967 48 59.686
59 637 27 0.999
60 309 35 70.306
61 898 50 91.017
62 980 6 60.511
63 1162 1 6.820
64 903 17 13.972
65 583 54 92.729
66 1307 37 7.727
67 938 21 46.920
68 271 41 30.286
69 1000 14 68.213
70 1306 33 68.123
71 448 8 99.519
72 676 1 92.261
73 802 27 48.492
74 1068 58 90.455
75 513 11 92.591
76 468 19 87.327
77 259 5 54.418
78 179 49 4.383
79 1225 54 82.779
80 665 18 28.720
81 393 8 48.518
82 1201 44 99.318
83 712 9 26.448
84 911 24 1.821
85 1339 21 57.831
86 1317 15 73.112
87 85 21 34.316
88 1423 6 13.990
89 593 35 66.343
90 1422 43 44.818
91 39 30 44.306
92 671 10 53.482
93 507 2 94.892
94 915 47 67.990
95 143 47 64.739
96 287 6 15.858
97 72 17 24.225
98 1304 59 21.927
99 814 34 37.638
100 473 7 92.010
101 1257 43 49.919
102 791 15 91.028
103 130 41 63.677
104 748 45 86.440
105 681 13 26.763
106 139 42 72.252
107 271 19 47.776
108 1421 37 32.498
109 1298 18 67.937
110 126 29 38.382
111 734 19 22.646
112 518 1 29.830
113 703 54 13.673
114 784 11 89.198
115 1086 52 0.566
116 1331 37 83.650
117 552 25 7.447
118 546 41 43.297
119 1146 34 34.003
120 864 41 74.718
121 350 34 6.591
122 997 15 96.514
123 594 30 4.870
124 23 15 81.403
125 972 32 30.870
126 314 15 11.766
127 1398 7 48.128
128 674 41 66.315
129 586 56 22.495
130 749 41 17.995
131 741 41 0.375
132 1218 38 6.587
133 1405 27 56.856
134 897 32 10.744
135 807 3 21.276
136 592 7 74.468
137 581 8 65.431
138 599 46 96.230
139 97 22 56.805
140 918 51 33.504
141 882 18 18.830
142 1231 49 23.723
143 56 21 48.454
144 1371 14 75.092
145 1195 7 34.498
146 247 9 96.198
147 1103 37 96.352
148 712 32 3.912
149 113 55 44.521
150 110 8 38.205