150
1 1248 32 53.211
2 352 14 97.998
3 276 49 46.954
4 725 19 25.166
5 75 49 99.731
6 528 57 97.864
7 690 6 1.972
8 985 20 40.101
9 906 9 95.014
10 940 56 78.698
11 1018 17 60.379
12 1346 3 64.297
13 107 12 18.290
14 1255 20 87.715
15 486 32 68.222
16 1370 2 51.545
17 80 49 43.500
18 1051 57 74.610
19 968 34 99.161
20 169 12 18.860
21 1433 35 98.602
22 810 59 53.734
23 451 53 67.964
24 291 43 9.808
25 341 5 48.040
26 658 6 85.293
27 816 29 7.959
28 1166 45 52.110
29 307 15 56.236
30 654 31 0.539
31 432 2 32.464
32 182 47 21.592
33 610 34 87.642
34 12 1 66.139
35 115 13 4.331
36 406 21 67.432
37 404 38 92.253
38 618 26 26.954
39 284 25 76.902
40 517 1 26.906
41 116 14 34.000
42 69 6 55.240
43 765 8 88.332
44 1037 31 24.775
45 975 51 35.393
46 340 28 53.674
47 1432 6 98.326
48 1032 37 16.389
49 844 51 16.650
50 1348 1 82.034
51 549 28 40.236
52 918 21 30.123
53 834 27 69.706
54 979 23 54.468
55 731 11 40.775
56 1117 14 74.353
57 1163 11 55.950
58 1133 22 99.308
59 1009 38 86.215
60 602 45 75.419
61 1066 42 3.540
62 72 45 72.073
63 463 51 59.489
64 970 40 44.820
65 426 7 20.133
66 375 54 56.341
67 367 10 84.776
68 277 24 60.738
69 489 29 29.551
70 376 12 22.841
71 1115 58 93.546
72 701 6 7.796
73 507 34 85.544
74 1223 47 66.083
75 578 57 46.470
76 864 33 59.618
77 909 3 20.146
78 482 25 7.839
79 930 20 28.800
80 107 7 36.169
81 753 21 36.147
82 725 58 78.681
83 526 54 69.759
84 1243 26 62.961
85 1265 31 56.327
86 555 40 62.648
87 1083 43 54.251
88 1079 11 96.547
89 295 59 34.801
90 408 12 66.636
91 1327 48 88.303
92 1019 2 20.398
93 678 24 78.491
94 724 15 85.232
95 652 60 22.658
96 49 55 77.402
97 1239 54 69.158
98 126 57 45.899
99 231 59 57.943
100 241 16 20.002
101 1202 32 23.276
102 1036 5 40.601
103 909 16 47.375
104 465 48 67.429
105 469 56 51.304
106 1191 12 10.425
107 21 17 57.755
108 71 17 29.922
109 1215 16 11.294
110 316 35 41.657
111 1428 53 43.071
112 802 23 8.405
113 513 2 26.106
114 1095 22 75.751
115 1090 39 95.787
116 751 32 19.683
117 1051 7 81.891
118 270 45 66.412
119 90 16 53.851
120 41 24 72.566
121 467 20 42.941
122 477 43 0.924
123 583 12 8.018
124 223 15 48.330
125 674 50 45.046
126 179 35 2.797
127 671 34 80.738
128 131 13 44.810
129 400 27 41.370
130 307 32 37.251
131 969 47 66.895
132 662 38 55.357
133 1282 19 4.775
134 607 57 59.911
135 460 42 79.017
136 921 22 75.179
137 816 20 72.210
138 711 33 13.949
139 503 59 29.409
140 1146 25 3.717
141 573 55 45.897
142 348 23 82.138
143 490 8 76.118
144 659 50 22.494
145 190 26 59.658
146 84 20 32.828
147 430 1 55.745
148 697 22 40.147
149 756 47 56.673
150 1008 42 92.015