150
1 418 52 76.384
2 1021 18 87.524
3 1220 21 90.471
4 380 14 68.237
5 813 52 88.691
6 497 43 82.821
7 691 43 48.137
8 266 43 34.802
9 735 37 29.049
10 1408 47 0.887
11 1049 5 98.570
12 1358 24 40.742
13 719 49 18.736
14 1188 38 68.499
15 447 44 51.934
16 1063 21 48.366
17 993 39 93.654
18 1048 49 8.102
19 109 31 61.945
20 1081 31 54.225
21 1035 18 52.456
22 392 56 9.659
23 1129 34 63.944
24 477 45 3.894
25 856 15 87.728
26 474 23 81.781
27 297 36 62.545
28 349 3 50.328
29 783 4 2.811
30 1080 42 80.575
31 1257 14 2.097
32 1189 35 67.266
33 770 19 7.143
34 421 39 62.316
35 884 50 42.626
36 553 41 85.997
37 249 39 8.320
38 1403 4 15.375
39 197 11 71.761
40 1412 1 27.229
41 1328 45 0.448
42 981 29 35.661
43 1283 27 8.524
44 40 18 11.962
45 484 48 66.254
46 1368 35 74.084
47 1190 1 19.341
48 840 16 20.094
49 326 42 81.060
50 117 12 19.982
51 1156 25 59.782
52 8 15 58.010
53 1014 47 77.260
54 452 34 32.008
55 217 23 56.231
56 944 56 32.275
57 113 40 65.249
58 376 10 57.555
59 402 23 17.143
60 467 22 60.879
61 888 5 28.015
62 186 16 23.674
63 256 4 21.188
64 965 7 68.061
65 1275 40 62.360
66 558 2 90.160
67 1223 43 45.551
68 1209 26 56.521
69 1053 35 80.751
70 285 33 91.278
71 255 3 65.441
72 915 1 68.949
73 401 14 47.960
74 385 5 65.541
75 1155 25 48.132
76 1383 33 26.220
77 1340 11 69.836
78 254 20 27.946
79 827 40 45.990
80 237 59 52.193
81 611 11 44.101
82 1081 60 64.950
83 373 53 18.300
84 497 56 9.387
85 400 55 85.813
86 143 60 55.596
87 268 31 35.559
88 609 41 44.716
89 751 41 66.211
90 907 7 28.732
91 536 42 80.159
92 578 49 75.631
93 1164 27 5.043
94 440 57 4.930
95 1218 44 71.286
96 587 21 73.473
97 1352 40 32.224
98 582 31 20.481
99 514 7 92.582
100 751 53 89.426
101 259 50 38.220
102 1001 44 74.042
103 1083 38 57.890
104 93 38 11.839
105 821 31 87.324
106 1345 24 84.019
107 641 25 20.518
108 174 54 64.228
109 302 57 45.431
110 1391 6 62.252
111 215 49 63.082
112 404 31 25.897
113 1183 54 5.814
114 1028 19 98.168
115 1287 17 57.092
116 1173 38 24.205
117 680 4 47.555
118 141 58 50.468
119 625 56 80.261
120 118 58 53.985
121 1432 13 12.935
122 1019 43 72.963
123 721 42 31.415
124 460 19 79.313
125 1262 53 86.710
126 1307 29 14.795
127 970 29 83.664
128 1019 26 58.142
129 587 43 86.169
130 876 23 37.537
131 200 23 99.747
132 1377 20 36.945
133 633 9 77.587
134 1267 6 72.474
135 1321 18 46.843
136 970 58 33.999
137 629 39 45.550
138 333 37 17.896
139 1424 50 5.057
140 1435 21 98.959
141 271 45 39.884
142 56 29 51.727
143 502 54 76.023
144 977 45 62.119
145 684 48 96.744
146 298 58 33.800
147 1169 45 31.514
148 817 23 74.497
149 301 16 98.384
150 619 5 4.564