150
1 408 41 95.803
2 1424 31 53.252
3 393 19 37.874
4 584 7 99.539
5 994 34 95.278
6 1209 49 41.571
7 441 32 19.151
8 964 47 71.981
9 336 34 79.013
10 281 52 68.254
11 102 55 6.941
12 635 6 86.072
13 707 11 41.462
14 787 5 14.279
15 168 16 25.842
16 704 36 36.572
17 991 31 8.005
18 1198 49 13.947
19 835 43 93.668
20 526 34 1.077
21 1344 46 92.327
22 548 50 69.308
23 790 47 96.251
24 393 3 93.943
25 169 34 46.705
26 909 1 58.808
27 680 21 19.674
28 1377 32 45.832
29 481 37 4.821
30 676 55 41.784
31 1293 53 20.425
32 323 60 23.931
33 1424 54 29.455
34 609 28 67.229
35 733 40 9.730
36 421 60 41.164
37 296 21 1.015
38 939 28 54.162
39 1268 21 34.630
40 822 1 13.437
41 1207 22 27.593
42 1187 54 48.076
43 1342 27 53.808
44 1281 26 19.848
45 85 23 59.943
46 379 47 63.548
47 297 2 79.863
48 1380 1 0.582
49 144 30 88.265
50 325 60 20.830
51 488 40 46.392
52 1067 15 12.773
53 1421 21 14.672
54 510 43 58.455
55 308 39 67.644
56 542 11 24.450
57 1177 58 26.523
58 772 33 73.574
59 311 46 9.973
60 58 50 19.653
61 695 32 38.007
62 961 17 11.902
63 31 43 60.867
64 1320 24 55.114
65 1406 16 27.700
66 912 4 1.004
67 1236 35 76.593
68 217 51 65.774
69 961 53 26.503
70 1336 46 63.147
71 289 15 85.403
72 102 39 14.459
73 92 2 27.369
74 1052 33 74.850
75 431 49 78.512
76 815 55 18.007
77 7 42 5.974
78 310 33 35.379
79 410 12 42.235
80 168 57 59.985
81 347 14 41.644
82 913 21 44.877
83 347 59 33.851
84 393 18 57.986
85 856 35 41.227
86 588 28 0.686
87 1130 3 32.299
88 687 38 94.088
89 74 27 59.871
90 1348 35 60.753
91 1240 51 96.190
92 83 2 63.811
93 399 8 30.034
94 786 31 81.707
95 679 31 78.578
96 858 15 60.956
97 337 49 44.087
98 1102 40 54.422
99 650 21 93.880
100 874 32 56.915
101 1020 54 29.127
102 937 38 67.526
103 558 39 3.691
104 1410 49 83.902
105 165 53 75.215
106 1358 6 43.677
107 694 2 30.459
108 1322 30 90.136
109 259 9 52.447
110 314 16 70.495
111 899 60 60.518
112 351 20 67.772
113 1042 12 18.614
114 813 14 20.643
115 703 39 74.391
116 544 10 77.369
117 1416 10 36.510
118 1195 7 15.424
119 1335 35 53.195
120 1208 60 85.649
121 827 24 88.232
122 233 41 20.396
123 645 6 8.860
124 149 26 25.375
125 1249 36 25.411
126 22 23 72.738
127 434 23 79.590
128 1234 12 68.096
129 403 40 5.104
130 641 12 65.308
131 412 12 19.467
132 1007 21 28.652
133 18 31 70.106
134 682 34 80.568
135 896 41 46.137
136 304 34 97.619
137 680 23 42.138
138 105 43 85.560
139 1187 31 13.683
140 168 15 79.940
141 402 52 91.842
142 492 34 46.629
143 1404 12 68.770
144 888 38 76.856
145 680 25 51.299
146 501 26 71.308
147 1281 50 9.138
148 416 53 0.761
149 448 47 93.096
150 1170 25 62.782