150
1 194 31 55.513
2 971 28 11.979
3 15 30 17.917
4 1024 11 95.861
5 9 39 47.843
6 110 41 72.813
7 836 41 53.901
8 600 19 50.878
9 343 39 98.511
10 1001 40 33.120
11 50 30 74.418
12 1423 52 93.360
13 284 16 78.782
14 856 40 2.063
15 379 48 37.527
16 328 14 31.661
17 550 12 86.146
18 125 18 83.439
19 1268 16 18.388
20 800 58 33.874
21 124 6 45.021
22 1103 46 64.111
23 1357 52 23.386
24 119 15 34.498
25 1323 29 76.009
26 1013 21 41.110
27 562 14 18.920
28 1276 1 98.293
29 812 49 60.202
30 167 37 77.113
31 1046 57 33.741
32 874 26 5.141
33 690 37 17.201
34 1246 49 98.489
35 566 54 67.733
36 872 43 99.999
37 1176 18 4.403
38 433 33 20.410
39 1278 13 20.077
40 390 19 69.565
41 242 42 74.852
42 378 8 24.309
43 1035 8 34.131
44 1061 49 54.298
45 288 51 94.014
46 735 27 80.510
47 649 14 17.614
48 959 15 1.781
49 536 18 12.333
50 407 12 11.892
51 841 10 57.824
52 471 42 31.932
53 595 30 88.769
54 1183 1 82.543
55 1064 23 82.515
56 690 29 63.249
57 626 29 82.910
58 432 55 62.471
59 924 59 85.024
60 938 20 11.674
61 369 1 4.531
62 620 44 45.163
63 420 29 77.677
64 3 40 3.011
65 1256 3 13.421
66 1403 39 71.546
67 963 32 92.156
68 759 29 57.045
69 395 52 17.547
70 231 3 44.959
71 1183 49 88.898
72 990 37 58.919
73 687 6 78.101
74 1388 60 65.598
75 179 37 23.456
76 254 23 48.138
77 1321 59 55.496
78 477 37 13.094
79 399 37 7.882
80 629 43 12.088
81 187 27 23.090
82 45 10 30.611
83 1292 7 66.980
84 158 52 75.927
85 857 34 23.896
86 782 23 94.032
87 519 39 32.786
88 466 55 95.957
89 285 12 9.672
90 285 56 13.569
91 1155 20 82.761
92 957 41 11.699
93 153 50 57.050
94 558 20 49.548
95 186 28 7.475
96 688 30 54.416
97 786 5 14.711
98 645 49 82.257
99 1096 9 64.938
100 975 32 3.876
101 1095 25 50.616
102 484 11 66.602
103 657 52 47.017
104 85 60 85.767
105 832 3 36.864
106 727 40 57.879
107 1194 22 81.954
108 557 7 92.255
109 1188 29 8.392
110 30 42 81.766
111 939 41 2.620
112 1358 15 92.044
113 56 3 75.471
114 236 6 5.962
115 421 60 2.196
116 381 50 97.488
117 16 14 31.240
118 1036 17 50.723
119 458 59 90.886
120 915 35 0.134
121 25 57 73.237
122 86 17 5.595
123 1268 10 28.113
124 908 32 23.643
125 363 30 45.264
126 1404 58 37.040
127 544 28 17.046
128 494 10 77.911
129 117 37 38.781
130 703 31 4.906
131 1176 7 93.626
132 1199 33 31.662
133 603 30 36.332
134 427 34 35.968
135 610 33 97.594
136 1335 15 21.537
137 355 22 45.459
138 1344 51 57.586
139 953 12 81.234
140 1039 33 92.811
141 330 41 93.274
142 118 43 1.916
143 424 40 88.436
144 327 58 38.645
145 737 49 89.498
146 1097 5 71.346
147 262 41 5.873
148 892 7 64.787
149 620 35 87.396
150 1218 27 6.668