150
1 777 38 13.715
2 225 24 33.579
3 1220 32 91.028
4 1253 47 69.205
5 1261 24 87.982
6 1349 6 87.435
7 690 1 18.464
8 1129 24 90.172
9 213 30 71.854
10 746 17 76.456
11 768 30 59.531
12 1375 60 95.439
13 1109 49 32.039
14 1071 49 44.088
15 1374 42 71.024
16 1025 22 94.922
17 1036 58 15.700
18 225 46 8.308
19 927 42 13.475
20 462 2 57.659
21 880 50 19.099
22 4 18 58.633
23 222 54 96.922
24 622 54 70.699
25 1026 35 34.416
26 55 33 46.651
27 1207 23 22.590
28 1 41 69.980
29 1075 14 49.469
30 1231 27 52.115
31 390 43 58.081
32 274 30 54.900
33 1285 36 71.178
34 266 48 86.762
35 856 13 6.144
36 1058 6 63.854
37 1304 38 3.351
38 1072 34 31.272
39 1435 27 85.687
40 297 26 43.063
41 960 7 22.882
42 1046 34 67.907
43 1120 3 80.664
44 454 29 45.924
45 1030 44 94.409
46 446 43 25.125
47 332 22 90.133
48 302 53 7.112
49 648 1 20.530
50 249 19 69.621
51 679 29 53.702
52 1379 21 40.326
53 242 53 56.911
54 1266 14 63.952
55 742 35 85.387
56 1218 30 67.465
57 1200 20 84.067
58 868 2 20.336
59 117 18 93.693
60 94 30 62.158
61 116 28 24.303
62 644 9 30.928
63 783 58 26.330
64 557 5 81.737
65 1274 33 26.363
66 1039 1 84.606
67 470 57 40.548
68 898 43 99.102
69 1287 58 29.027
70 556 48 44.483
71 608 4 74.203
72 1428 25 63.549
73 910 59 22.792
74 1106 3 31.152
75 658 55 49.384
76 1169 53 10.147
77 617 6 83.203
78 35 32 28.767
79 1388 9 20.211
80 74 44 3.149
81 1229 26 91.199
82 606 34 49.886
83 725 28 40.167
84 636 20 89.801
85 1183 26 92.365
86 570 55 41.358
87 279 60 6.453
88 695 33 16.024
89 499 54 80.186
90 676 24 99.588
91 630 37 87.375
92 449 55 30.532
93 155 19 75.423
94 788 28 49.058
95 821 30 38.825
96 486 59 87.199
97 1396 43 58.580
98 395 26 12.132
99 184 2 15.182
100 1292 30 50.075
101 349 42 34.934
102 41 41 30.218
103 266 28 26.028
104 176 10 39.049
105 971 52 38.369
106 1105 29 88.088
107 1112 16 85.362
108 1413 49 33.671
109 322 17 3.027
110 1003 6 21.085
111 1240 44 71.754
112 328 49 89.933
113 981 23 49.663
114 549 42 16.027
115 1372 56 2.728
116 823 22 96.791
117 972 45 87.978
118 24 4 81.265
119 861 23 11.724
120 930 3 10.938
121 137 30 49.475
122 288 10 47.024
123 1149 29 7.283
124 1429 1 87.431
125 476 45 58.256
126 608 32 8.878
127 480 32 4.137
128 1012 52 42.752
129 416 51 23.796
130 1406 55 71.787
131 32 5 77.181
132 465 35 84.321
133 591 60 40.737
134 1130 36 34.568
135 423 17 65.823
136 703 28 91.699
137 675 32 8.463
138 817 49 88.807
139 474 2 99.620
140 611 60 72.219
141 894 35 17.383
142 883 10 83.080
143 1235 50 73.641
144 907 49 70.611
145 782 28 33.521
146 542 34 97.837
147 1100 39 98.757
148 617 8 49.275
149 421 51 95.063
150 397 10 38.804