150
1 250 43 9.588
2 1120 48 67.591
3 1228 36 72.997
4 786 50 73.927
5 595 9 54.116
6 506 40 81.737
7 163 53 16.949
8 764 14 53.113
9 1192 31 87.205
10 1243 46 28.883
11 491 35 62.510
12 814 12 53.690
13 1327 46 38.836
14 845 38 22.440
15 2 54 40.455
16 1299 5 2.623
17 1265 53 39.370
18 1263 58 73.004
19 483 35 70.569
20 867 58 11.589
21 377 40 82.710
22 436 32 80.086
23 285 38 71.050
24 245 32 62.643
25 368 39 68.687
26 1229 10 38.409
27 506 55 95.545
28 1208 34 80.676
29 16 29 99.420
30 322 5 61.086
31 1348 23 74.339
32 1335 44 7.730
33 1203 58 85.341
34 496 33 47.856
35 723 40 62.232
36 814 31 15.388
37 1270 39 60.756
38 104 37 81.441
39 1209 11 23.078
40 119 37 14.509
41 1273 46 50.845
42 77 52 87.340
43 565 20 12.573
44 769 38 13.735
45 174 19 14.465
46 962 6 44.991
47 541 57 48.257
48 1246 35 35.416
49 967 42 44.619
50 540 57 7.327
51 1384 36 12.469
52 898 9 74.376
53 475 37 88.000
54 811 52 1.945
55 407 60 67.020
56 378 55 50.058
57 642 33 34.260
58 987 5 94.170
59 261 6 40.731
60 859 60 89.758
61 1295 53 39.835
62 631 56 27.870
63 1187 47 89.943
64 506 57 44.748
65 802 11 3.216
66 158 46 71.116
67 684 49 40.665
68 994 14 10.485
69 305 9 92.958
70 1426 45 86.228
71 1037 27 50.717
72 268 25 30.617
73 845 11 32.496
74 143 13 90.664
75 633 3 3.079
76 1015 18 40.526
77 1047 50 45.654
78 1240 54 23.575
79 207 31 96.449
80 722 44 57.263
81 806 40 12.810
82 34 32 51.449
83 634 47 62.353
84 1075 16 40.353
85 798 55 63.120
86 1183 35 80.707
87 333 3 28.017
88 1362 8 97.805
89 1095 2 46.410
90 1020 26 60.926
91 546 47 87.689
92 49 32 74.535
93 635 18 79.764
94 1264 57 25.540
95 674 42 66.242
96 1186 33 0.406
97 915 35 84.367
98 1372 41 6.343
99 916 6 34.542
100 114 42 95.086
101 891 19 28.589
102 1006 32 17.659
103 967 19 5.962
104 1352 33 86.723
105 565 56 41.800
106 414 18 36.500
107 633 17 7.981
108 782 22 28.533
109 9 45 25.318
110 906 31 60.970
111 1345 5 51.896
112 1154 24 30.910
113 800 11 50.359
114 352 51 87.718
115 1314 17 85.860
116 780 15 55.277
117 1039 42 69.040
118 248 20 52.316
119 869 26 71.384
120 853 8 4.072
121 446 39 88.286
122 815 33 89.560
123 1001 8 24.307
124 328 4 59.582
125 879 32 89.722
126 1391 13 14.960
127 764 49 62.331
128 1329 52 29.801
129 713 46 80.670
130 1114 12 85.348
131 784 42 23.950
132 1252 54 91.366
133 1189 15 16.235
134 151 17 51.236
135 1189 53 59.208
136 1388 19 81.150
137 249 36 98.353
138 18 27 60.420
139 1267 45 45.299
140 597 16 51.147
141 1049 21 10.289
142 240 2 52.616
143 1391 45 33.915
144 463 27 79.690
145 1241 14 75.253
146 681 3 0.833
147 851 30 0.331
148 369 42 75.354
149 1122 38 43.244
150 649 9 95.379