150
1 439 39 71.810
2 1306 24 69.443
3 56 6 38.983
4 137 32 70.101
5 266 15 80.481
6 1436 40 87.156
7 424 16 4.392
8 481 4 12.774
9 1430 36 69.416
10 500 37 97.380
11 334 29 91.436
12 312 60 5.533
13 181 25 47.141
14 1116 27 95.109
15 1170 7 69.211
16 96 44 16.299
17 619 10 64.052
18 1247 57 95.986
19 1410 15 4.133
20 732 39 95.757
21 606 40 76.114
22 71 24 37.351
23 536 55 37.214
24 1031 21 19.808
25 727 12 26.841
26 254 5 14.378
27 307 55 24.628
28 932 13 38.769
29 1021 31 46.883
30 472 5 72.334
31 844 58 28.680
32 295 45 10.087
33 250 5 60.789
34 533 33 75.106
35 268 37 53.565
36 1165 1 12.547
37 710 32 46.532
38 999 26 89.745
39 666 32 66.781
40 1030 53 97.974
41 1190 57 30.932
42 695 32 42.837
43 590 36 90.491
44 92 59 75.172
45 1186 18 47.733
46 522 25 39.932
47 66 3 16.783
48 475 7 11.904
49 485 22 47.838
50 794 14 9.315
51 1351 25 18.729
52 1225 52 39.462
53 1083 40 44.821
54 315 60 28.178
55 435 19 78.050
56 1242 39 63.806
57 1435 27 26.535
58 1021 27 17.262
59 763 10 84.529
60 440 29 96.377
61 1252 39 83.287
62 566 46 99.766
63 333 23 39.221
64 1155 35 72.023
65 54 25 14.597
66 842 52 74.558
67 279 23 32.170
68 10 21 27.370
69 1130 12 52.543
70 638 36 27.694
71 1015 7 22.154
72 267 5 28.884
73 499 3 83.795
74 384 16 23.971
75 1118 8 24.626
76 1341 28 93.331
77 491 29 20.089
78 1075 50 45.558
79 272 60 68.116
80 838 48 50.480
81 600 5 50.904
82 62 32 86.691
83 341 38 85.989
84 138 58 19.378
85 319 59 58.294
86 608 39 42.420
87 1148 14 48.618
88 897 53 62.496
89 107 11 3.780
90 1076 27 8.085
91 735 42 34.424
92 1350 60 29.747
93 135 2 80.466
94 1245 48 49.607
95 1112 16 92.528
96 474 34 93.920
97 52 32 30.966
98 1106 46 33.399
99 162 13 20.162
100 1400 35 16.034
101 779 47 23.595
102 719 56 5.555
103 1044 19 48.283
104 470 6 71.008
105 1351 24 98.701
106 222 5 79.220
107 48 25 75.191
108 207 45 61.567
109 195 12 31.141
110 307 42 62.738
111 1146 45 29.575
112 784 44 13.824
113 264 15 82.333
114 1402 53 55.001
115 206 4 0.737
116 703 51 46.476
117 177 52 81.951
118 1124 60 84.512
119 317 32 32.950
120 209 53 5.394
121 1281 16 80.047
122 1408 31 37.381
123 1173 24 29.545
124 1384 38 51.815
125 1122 23 3.192
126 241 13 41.523
127 216 51 42.611
128 650 54 83.817
129 249 40 12.652
130 1134 19 6.408
131 246 22 23.929
132 918 57 87.469
133 16 43 63.279
134 27 43 2.341
135 1395 25 72.344
136 1328 31 91.466
137 1319 10 51.083
138 817 34 30.425
139 941 31 70.255
140 308 30 0.502
141 1342 23 57.429
142 288 50 87.508
143 1147 12 6.706
144 1013 35 72.240
145 1284 46 18.270
146 375 21 77.450
147 274 3 19.692
148 514 57 19.752
149 980 24 31.442
150 886 38 9.070