150
1 949 45 23.880
2 1137 58 93.196
3 1213 31 4.231
4 834 27 23.957
5 661 60 9.152
6 988 35 35.272
7 556 14 47.685
8 749 45 11.466
9 412 55 52.757
10 487 34 2.866
11 1270 38 47.440
12 1166 27 86.681
13 323 43 95.416
14 678 60 19.556
15 605 18 97.584
16 227 4 16.869
17 820 59 7.481
18 486 8 80.269
19 1381 30 32.351
20 1188 2 54.562
21 1064 1 47.776
22 240 47 51.484
23 14 45 11.432
24 1367 60 31.143
25 1424 37 58.154
26 344 7 82.130
27 581 24 53.899
28 393 12 76.099
29 237 10 93.846
30 1036 32 12.193
31 25 55 92.021
32 178 49 53.459
33 931 10 46.613
34 690 41 80.326
35 1299 38 55.628
36 95 44 28.305
37 392 42 59.860
38 1276 43 17.222
39 705 23 70.634
40 699 34 21.931
41 410 21 20.449
42 707 47 14.285
43 655 1 62.941
44 810 39 61.563
45 1423 2 77.029
46 1326 1 10.551
47 1292 49 6.056
48 210 4 13.760
49 283 13 66.305
50 1248 3 19.411
51 195 39 9.955
52 564 46 21.354
53 922 47 78.076
54 1266 6 60.554
55 536 1 1.785
56 1238 34 31.533
57 868 19 18.817
58 1254 29 84.271
59 1168 34 40.583
60 407 21 6.948
61 152 56 30.410
62 1434 25 11.486
63 970 25 93.868
64 231 58 54.546
65 614 30 40.331
66 1152 23 65.255
67 1434 58 79.647
68 298 5 37.833
69 302 18 51.837
70 1026 6 64.615
71 476 37 81.982
72 595 54 97.496
73 487 47 26.687
74 43 5 93.090
75 1194 39 32.568
76 803 56 52.067
77 1297 3 60.115
78 628 30 25.782
79 355 7 20.688
80 1031 17 46.929
81 1300 30 45.809
82 471 58 18.921
83 341 14 68.168
84 49 55 99.050
85 976 17 94.323
86 1273 44 73.967
87 869 23 57.120
88 479 32 6.876
89 109 33 35.223
90 719 38 57.439
91 994 36 10.267
92 803 60 34.059
93 825 53 51.114
94 1343 56 78.829
95 740 49 95.280
96 1115 4 39.133
97 581 39 16.991
98 341 4 97.768
99 1345 7 46.099
100 1010 48 66.768
101 502 40 72.852
102 698 50 16.723
103 85 2 90.182
104 1158 35 17.162
105 921 47 70.358
106 1437 13 19.101
107 786 7 15.940
108 553 12 99.119
109 1202 15 54.972
110 161 52 67.856
111 191 53 2.621
112 153 54 77.371
113 104 44 71.928
114 902 29 1.790
115 724 21 92.337
116 1038 42 42.172
117 1105 44 83.493
118 346 16 77.318
119 914 14 91.810
120 824 28 84.895
121 313 17 39.314
122 765 42 40.643
123 462 9 1.940
124 708 14 63.511
125 53 38 66.672
126 377 47 25.039
127 564 50 98.577
128 852 19 17.133
129 711 56 52.693
130 1267 37 87.978
131 1147 50 73.064
132 575 56 14.841
133 853 10 66.798
134 235 20 89.834
135 574 27 47.961
136 1022 31 21.756
137 415 38 95.502
138 1027 40 39.250
139 575 21 64.179
140 334 52 27.905
141 780 57 83.284
142 513 57 52.555
143 889 8 72.174
144 29 22 61.795
145 329 45 64.247
146 942 19 61.483
147 296 46 21.371
148 619 4 53.367
149 1209 42 19.869
150 302 25 55.063