150
1 92 45 94.866
2 541 7 57.122
3 873 45 14.964
4 327 27 9.624
5 1025 44 42.034
6 733 39 40.214
7 478 36 18.785
8 333 53 13.422
9 228 26 68.043
10 154 38 9.557
11 204 49 85.468
12 418 30 77.934
13 312 9 67.119
14 238 55 13.502
15 1413 9 12.808
16 533 11 85.816
17 789 20 34.922
18 1172 36 50.209
19 656 38 4.984
20 155 11 65.832
21 235 60 11.276
22 535 7 64.785
23 221 34 24.870
24 321 58 27.417
25 1018 47 11.913
26 1378 21 62.332
27 843 42 54.803
28 1058 15 54.185
29 296 52 16.269
30 1051 27 13.085
31 134 57 30.941
32 502 23 6.656
33 187 9 5.784
34 172 32 85.236
35 21 14 83.339
36 205 55 58.095
37 456 58 83.786
38 818 22 80.508
39 761 5 99.994
40 495 46 55.776
41 1345 59 53.577
42 77 10 74.517
43 881 33 60.238
44 362 26 57.279
45 148 31 69.557
46 1363 42 89.303
47 1373 51 85.141
48 940 29 4.273
49 987 21 98.533
50 971 46 33.611
51 609 40 42.384
52 8 15 97.271
53 1076 27 46.378
54 1393 4 56.714
55 462 16 79.086
56 18 45 25.398
57 222 49 61.247
58 1368 42 40.122
59 243 1 2.438
60 107 38 69.486
61 584 29 14.839
62 601 25 56.759
63 745 22 7.755
64 344 4 36.434
65 1039 12 24.974
66 1271 52 43.817
67 1133 17 6.826
68 924 1 75.172
69 808 27 8.292
70 59 57 27.855
71 1419 39 83.045
72 1385 33 31.225
73 288 13 63.196
74 516 53 35.691
75 1141 7 33.140
76 916 59 5.013
77 780 30 44.838
78 1246 42 35.148
79 991 47 0.584
80 130 15 29.311
81 376 5 45.956
82 421 23 20.387
83 1436 41 2.778
84 983 21 96.599
85 314 46 99.016
86 1367 16 72.679
87 1415 6 73.972
88 1124 31 10.068
89 293 28 68.719
90 985 4 35.084
91 1374 13 75.934
92 11 13 14.143
93 1180 59 68.948
94 999 35 97.740
95 1116 58 3.648
96 566 52 71.384
97 354 42 47.003
98 792 41 64.229
99 250 53 70.799
100 1100 24 21.176
101 636 37 73.131
102 615 58 90.808
103 295 37 21.645
104 782 27 56.498
105 1191 20 4.992
106 228 30 62.187
107 347 32 46.465
108 1426 52 67.430
109 606 1 12.276
110 696 37 43.382
111 73 58 15.065
112 1011 50 30.545
113 1189 47 93.219
114 705 28 44.482
115 1030 29 76.362
116 1036 39 78.118
117 757 51 99.122
118 19 48 19.147
119 537 38 84.328
120 560 5 41.847
121 112 47 65.177
122 355 20 86.537
123 936 18 4.540
124 517 8 18.662
125 984 22 45.937
126 1347 12 41.946
127 1305 17 70.531
128 751 26 39.478
129 1398 58 96.379
130 225 39 25.707
131 515 18 22.127
132 1399 40 81.242
133 1347 14 77.534
134 860 47 45.519
135 51 10 4.887
136 955 37 43.298
137 1024 1 1.500
138 434 32 68.845
139 826 1 80.294
140 758 20 61.098
141 448 9 96.105
142 1221 26 51.949
143 680 12 37.817
144 248 7 21.355
145 1307 19 99.490
146 806 19 12.412
147 738 34 0.876
148 999 1 46.143
149 862 25 17.341
150 216 8 17.672