150
1 988 59 66.775
2 153 23 26.554
3 972 49 37.113
4 57 38 81.809
5 60 44 47.671
6 786 59 46.545
7 1333 29 33.582
8 217 3 22.588
9 441 42 66.178
10 328 16 52.803
11 865 51 43.934
12 582 52 15.708
13 845 6 88.095
14 168 34 23.559
15 631 56 1.619
16 488 56 85.788
17 567 38 49.867
18 438 24 25.577
19 491 35 49.388
20 985 11 61.205
21 85 38 34.558
22 1049 41 33.255
23 953 48 81.870
24 1159 50 12.495
25 1015 39 84.040
26 448 37 32.913
27 1312 21 64.278
28 632 28 16.196
29 556 47 40.765
30 263 26 79.732
31 347 44 62.295
32 1090 18 54.352
33 1388 23 60.370
34 1245 45 13.498
35 141 7 88.447
36 760 11 76.615
37 1245 45 41.543
38 825 26 86.373
39 325 35 63.670
40 720 29 88.240
41 1249 27 16.232
42 911 21 55.862
43 522 42 35.609
44 831 9 12.920
45 286 9 27.261
46 984 47 58.196
47 84 48 32.666
48 573 36 17.787
49 1035 18 17.178
50 640 40 21.143
51 874 4 81.237
52 1056 21 94.228
53 227 30 64.125
54 386 43 96.149
55 821 32 98.268
56 427 32 40.025
57 1395 51 97.458
58 531 2 61.349
59 878 46 14.995
60 1046 13 47.780
61 121 12 15.018
62 478 46 75.059
63 1055 39 21.971
64 920 42 53.801
65 941 18 29.759
66 280 35 70.370
67 218 46 89.086
68 1326 18 69.968
69 1147 60 2.695
70 1133 6 88.423
71 917 24 47.181
72 931 40 41.446
73 1413 33 31.293
74 164 38 24.087
75 1260 48 49.795
76 1318 17 34.519
77 178 2 3.407
78 873 10 69.610
79 193 9 79.500
80 680 52 84.414
81 228 5 30.160
82 732 5 54.879
83 693 4 25.726
84 747 21 2.535
85 1171 26 55.590
86 845 3 0.856
87 668 3 47.998
88 953 18 57.411
89 1174 21 60.319
90 737 26 3.185
91 1310 39 55.924
92 851 13 16.908
93 1418 57 34.801
94 439 21 79.012
95 332 59 36.432
96 1123 59 84.026
97 876 57 60.509
98 461 26 16.071
99 67 17 92.803
100 839 4 37.902
101 958 14 3.555
102 124 39 44.367
103 182 38 17.656
104 706 54 74.953
105 1238 40 4.729
106 1056 56 35.361
107 630 51 3.324
108 661 33 63.749
109 590 15 67.055
110 916 4 41.048
111 1095 53 66.678
112 373 33 91.681
113 1394 7 86.063
114 854 53 51.530
115 1260 14 1.424
116 378 41 56.819
117 75 60 20.094
118 480 38 92.019
119 1079 28 81.990
120 1024 16 95.586
121 318 10 1.035
122 17 2 98.842
123 1156 16 46.664
124 1050 22 26.061
125 1191 38 74.074
126 24 35 39.330
127 895 44 9.260
128 873 40 49.585
129 1124 24 44.048
130 1038 53 79.071
131 1189 51 78.965
132 76 42 67.046
133 1085 11 74.552
134 523 19 18.307
135 279 49 86.867
136 584 57 76.507
137 999 19 43.653
138 531 40 14.702
139 1032 49 36.057
140 1022 52 89.348
141 638 35 65.476
142 1387 21 24.231
143 231 34 63.975
144 170 13 86.482
145 1312 34 31.150
146 945 39 16.152
147 913 42 77.592
148 1002 12 81.852
149 623 35 99.570
150 1217 38 75.061