150
1 84 49 66.459
2 75 16 89.433
3 938 12 55.993
4 823 45 84.138
5 347 19 88.202
6 556 41 21.440
7 686 15 81.243
8 920 48 27.651
9 231 39 51.265
10 863 32 54.679
11 1355 33 73.638
12 519 51 77.937
13 70 12 51.542
14 69 34 77.168
15 940 45 27.129
16 1048 15 35.711
17 620 10 17.510
18 716 12 62.736
19 1282 31 3.898
20 896 37 66.339
21 81 47 60.325
22 1246 42 52.981
23 1036 44 6.547
24 394 55 94.911
25 932 4 58.126
26 1330 34 97.394
27 910 21 96.281
28 219 36 23.060
29 535 59 8.897
30 715 49 56.770
31 291 13 91.731
32 794 17 98.306
33 1160 12 77.072
34 469 24 32.098
35 1066 20 83.528
36 106 20 65.100
37 1390 7 80.480
38 764 19 1.195
39 398 54 33.497
40 878 43 0.621
41 961 4 95.244
42 252 45 54.886
43 381 1 21.294
44 1298 50 50.152
45 73 2 51.675
46 589 14 65.313
47 302 37 40.376
48 603 53 89.732
49 1278 36 55.806
50 1223 1 55.281
51 1133 58 82.811
52 381 12 16.090
53 343 28 48.226
54 277 16 57.042
55 1342 32 33.793
56 121 22 70.755
57 704 20 77.801
58 1116 18 25.318
59 193 34 34.132
60 920 9 70.215
61 702 40 63.195
62 1220 57 55.084
63 900 16 80.109
64 11 22 3.540
65 570 11 33.326
66 1000 17 32.478
67 1349 55 8.634
68 1263 10 96.118
69 1142 24 30.403
70 367 20 38.793
71 1138 14 48.638
72 668 47 85.929
73 1 27 8.041
74 149 2 79.944
75 354 32 42.931
76 1269 46 64.527
77 806 51 32.079
78 97 38 40.084
79 968 56 6.077
80 1281 29 64.583
81 1146 14 33.976
82 43 49 6.040
83 897 55 17.253
84 203 18 37.865
85 1039 53 64.110
86 192 16 77.385
87 325 58 72.183
88 662 15 58.613
89 1272 30 49.320
90 461 37 4.387
91 190 24 90.474
92 735 18 84.005
93 1129 27 83.132
94 776 24 40.796
95 1028 34 18.356
96 992 26 59.423
97 551 44 91.525
98 1109 5 34.272
99 751 10 46.428
100 327 39 79.565
101 689 12 67.745
102 882 58 61.046
103 565 56 42.185
104 590 2 76.984
105 987 21 18.177
106 1417 35 51.400
107 308 6 89.116
108 1288 6 50.417
109 654 43 28.945
110 973 32 14.602
111 306 41 23.442
112 615 17 86.053
113 328 32 84.902
114 1160 51 96.283
115 41 48 44.406
116 371 36 51.288
117 861 39 3.406
118 74 30 62.822
119 1083 32 44.471
120 853 57 26.780
121 330 44 99.683
122 147 27 49.050
123 215 41 50.039
124 776 58 66.809
125 353 28 95.904
126 1044 34 81.494
127 892 20 32.677
128 1022 12 76.196
129 281 53 42.163
130 813 11 52.721
131 1327 32 37.680
132 168 18 52.274
133 776 34 47.014
134 784 45 60.396
135 688 11 62.375
136 133 54 77.729
137 922 39 51.663
138 553 41 76.080
139 238 24 71.575
140 682 59 81.971
141 672 9 42.223
142 751 44 36.796
143 134 24 98.179
144 830 33 33.016
145 593 53 49.308
146 175 48 46.177
147 741 39 78.938
148 1424 56 35.732
149 922 47 38.956
150 939 16 45.329