150
1 1033 43 71.412
2 550 6 0.139
3 1276 5 36.594
4 806 30 51.347
5 529 5 47.789
6 1026 14 65.051
7 695 24 57.658
8 676 35 35.469
9 227 32 85.625
10 591 48 3.456
11 428 23 60.213
12 1256 16 86.348
13 1192 30 14.158
14 1184 2 91.465
15 584 31 46.655
16 368 18 55.537
17 626 31 92.361
18 859 16 16.593
19 174 2 17.222
20 281 25 37.147
21 559 3 12.060
22 1258 40 76.433
23 54 13 36.824
24 620 52 52.835
25 703 25 55.421
26 203 27 10.885
27 332 20 28.919
28 652 37 72.127
29 316 60 67.765
30 1253 35 35.777
31 561 1 89.771
32 599 45 1.893
33 253 16 48.636
34 822 57 56.139
35 430 36 8.912
36 705 18 9.855
37 522 21 2.686
38 1213 26 94.804
39 377 1 48.507
40 208 27 66.850
41 422 49 99.790
42 527 60 44.994
43 738 14 44.565
44 857 3 50.184
45 559 49 39.192
46 728 36 42.073
47 1314 22 14.785
48 209 6 73.235
49 604 56 26.376
50 1338 51 75.975
51 679 57 48.620
52 121 35 40.417
53 328 28 73.806
54 752 49 37.549
55 528 32 80.375
56 530 33 11.760
57 422 22 9.406
58 1220 30 69.299
59 1082 28 37.347
60 614 51 88.858
61 1309 10 90.844
62 1360 25 35.309
63 308 29 33.810
64 668 9 62.883
65 358 34 89.938
66 638 8 40.027
67 1275 19 71.054
68 142 4 30.058
69 789 21 35.557
70 283 7 58.297
71 912 25 89.602
72 357 13 81.259
73 1435 48 61.230
74 624 24 18.459
75 849 1 19.229
76 226 55 90.013
77 911 5 88.340
78 174 35 62.521
79 1200 12 93.358
80 707 28 89.812
81 897 59 58.266
82 418 1 74.148
83 375 23 16.470
84 565 15 37.164
85 1438 37 64.263
86 910 3 25.055
87 515 45 62.919
88 1242 34 82.896
89 1275 59 47.904
90 1068 60 64.205
91 1173 28 90.116
92 351 37 46.219
93 367 6 68.502
94 686 11 36.544
95 768 25 62.269
96 647 58 61.862
97 1345 1 47.426
98 472 3 64.006
99 621 58 89.438
100 779 51 21.499
101 1139 30 0.582
102 692 43 30.150
103 143 31 60.905
104 1254 38 48.088
105 525 13 48.569
106 367 16 37.357
107 358 34 51.546
108 176 23 13.381
109 499 20 59.004
110 1370 7 58.680
111 37 36 78.993
112 569 54 5.592
113 1367 30 97.228
114 364 29 15.238
115 726 48 9.134
116 27 37 88.113
117 783 17 95.164
118 73 29 53.026
119 443 27 54.089
120 228 25 38.849
121 1209 3 61.580
122 706 48 74.712
123 486 57 75.949
124 26 5 60.873
125 1135 3 44.729
126 906 50 8.751
127 285 28 12.965
128 1003 57 56.389
129 1303 43 81.635
130 808 2 24.508
131 701 40 93.633
132 412 6 7.998
133 761 56 80.580
134 443 17 80.771
135 181 48 10.750
136 778 34 31.800
137 349 14 73.178
138 1064 6 14.827
139 1303 6 87.451
140 1019 20 72.922
141 732 31 43.135
142 1021 35 99.247
143 1118 10 46.051
144 811 32 39.681
145 582 51 42.338
146 814 15 27.339
147 1318 20 10.042
148 82 54 62.908
149 905 28 90.814
150 435 15 18.298