150
1 657 11 45.082
2 817 1 0.384
3 1353 18 39.701
4 1384 5 64.213
5 1234 8 54.405
6 474 39 11.159
7 278 28 14.931
8 1214 20 68.802
9 1343 28 40.942
10 283 58 83.615
11 321 32 39.577
12 834 24 8.236
13 1040 22 98.639
14 99 5 21.045
15 1045 5 33.415
16 780 13 1.931
17 1398 8 3.471
18 1030 5 21.221
19 852 48 28.048
20 1182 32 81.342
21 1036 57 27.958
22 736 4 86.248
23 300 2 96.746
24 799 24 81.979
25 969 43 48.818
26 1162 54 59.661
27 446 56 40.563
28 578 45 81.333
29 706 24 32.863
30 276 36 25.364
31 403 27 75.803
32 558 50 97.627
33 225 52 77.964
34 152 11 62.496
35 934 57 40.469
36 186 30 66.241
37 1372 53 89.678
38 701 36 7.543
39 747 23 10.046
40 1174 5 34.611
41 71 10 79.982
42 1085 54 69.875
43 1038 48 81.245
44 1439 10 92.140
45 1381 54 78.922
46 1193 5 92.731
47 567 10 12.584
48 1197 7 34.054
49 120 32 98.436
50 745 11 39.575
51 789 29 52.309
52 250 4 61.055
53 963 9 38.244
54 876 22 86.837
55 108 4 26.145
56 1412 32 48.022
57 1073 58 40.171
58 465 34 5.918
59 1074 54 41.412
60 1107 26 4.589
61 347 24 24.703
62 1012 52 3.640
63 1376 43 24.941
64 356 29 86.639
65 793 36 90.857
66 117 33 52.908
67 816 58 4.438
68 897 52 13.556
69 594 60 29.038
70 775 23 99.366
71 848 6 51.535
72 1008 33 94.228
73 482 13 91.216
74 1233 50 69.317
75 671 9 89.843
76 36 38 80.566
77 1021 2 35.881
78 145 25 49.319
79 6 35 97.833
80 1193 8 66.520
81 1260 57 52.262
82 438 48 13.631
83 122 45 22.441
84 1052 56 49.613
85 952 3 11.297
86 974 22 86.338
87 780 13 57.254
88 101 23 80.383
89 1350 60 74.200
90 1119 30 96.260
91 1334 3 89.998
92 1282 35 55.826
93 205 20 10.051
94 822 16 21.148
95 994 3 47.190
96 1282 51 13.342
97 600 2 62.077
98 1007 9 52.429
99 854 58 78.899
100 731 1 39.250
101 988 22 67.154
102 1322 40 51.134
103 1253 8 99.490
104 34 35 97.821
105 975 21 64.789
106 952 12 51.444
107 1137 54 3.446
108 773 37 67.967
109 792 17 37.471
110 263 43 13.333
111 171 30 99.695
112 1054 21 37.190
113 857 9 45.823
114 394 6 97.105
115 819 10 21.848
116 204 4 36.113
117 132 40 10.873
118 265 14 58.006
119 743 34 26.083
120 756 18 97.016
121 451 31 36.642
122 1125 60 3.985
123 581 54 92.492
124 1239 21 9.150
125 1344 51 58.737
126 190 51 35.164
127 730 46 14.437
128 1178 51 91.238
129 549 43 16.752
130 198 15 91.242
131 236 26 59.659
132 14 16 21.451
133 1428 20 92.280
134 585 13 11.661
135 446 40 5.967
136 1198 15 42.410
137 744 13 56.366
138 95 46 65.108
139 759 50 23.834
140 1074 34 75.577
141 708 50 51.112
142 1174 48 36.247
143 588 10 42.279
144 704 49 63.694
145 509 15 56.654
146 1187 21 46.840
147 404 23 55.304
148 115 43 0.105
149 240 8 23.004
150 110 34 98.932