150
1 388 30 23.377
2 1079 32 33.782
3 568 44 10.321
4 597 19 53.740
5 1091 53 84.299
6 1085 45 92.026
7 391 24 5.317
8 797 50 10.249
9 1145 1 79.172
10 120 28 21.336
11 728 34 44.240
12 81 34 74.896
13 190 7 74.879
14 811 60 9.603
15 187 34 93.320
16 356 52 73.960
17 1392 43 83.507
18 203 25 59.669
19 263 45 24.586
20 30 12 68.146
21 1205 40 0.584
22 1234 8 29.318
23 85 51 19.642
24 319 21 80.712
25 88 17 21.347
26 1276 51 34.333
27 606 10 53.612
28 353 6 85.645
29 143 29 94.211
30 1437 11 85.094
31 123 54 8.758
32 152 14 16.478
33 12 48 84.265
34 101 18 47.992
35 392 34 17.363
36 1194 27 5.606
37 666 45 69.622
38 142 57 82.527
39 123 49 5.404
40 590 21 5.204
41 793 26 15.316
42 481 10 92.089
43 83 49 65.094
44 35 33 32.588
45 592 37 6.615
46 874 28 33.344
47 238 22 80.705
48 203 13 44.160
49 985 53 33.838
50 1250 54 66.772
51 389 41 44.705
52 579 5 7.710
53 434 34 19.075
54 782 44 27.661
55 638 10 76.645
56 208 42 22.165
57 1298 25 38.041
58 811 58 81.797
59 692 7 10.024
60 568 44 21.460
61 389 59 50.375
62 266 22 98.604
63 1147 1 4.549
64 552 54 43.452
65 1345 40 30.917
66 30 59 44.467
67 116 59 45.543
68 27 46 79.570
69 1251 51 92.256
70 173 4 66.304
71 1326 47 87.192
72 599 29 25.030
73 527 41 70.110
74 1086 25 31.675
75 431 38 17.530
76 1061 37 39.774
77 962 35 29.386
78 559 43 49.975
79 548 17 51.411
80 370 28 97.586
81 12 18 48.892
82 1094 20 53.602
83 943 14 93.891
84 373 50 14.459
85 837 24 1.493
86 409 18 22.349
87 462 6 40.306
88 764 34 12.406
89 684 27 46.261
90 759 14 72.751
91 987 10 13.680
92 455 8 92.483
93 1372 50 47.876
94 1258 45 49.732
95 1001 18 43.326
96 251 36 16.656
97 1055 9 46.676
98 26 31 27.933
99 285 13 52.918
100 651 56 62.067
101 1101 60 54.290
102 834 24 91.775
103 1287 27 3.416
104 648 53 38.308
105 311 57 82.706
106 801 10 0.922
107 1412 21 90.578
108 749 7 78.977
109 593 7 85.409
110 817 9 12.810
111 903 51 18.063
112 886 13 16.278
113 1324 59 23.174
114 663 33 8.199
115 1068 42 14.938
116 813 33 19.195
117 166 6 69.493
118 1384 60 82.883
119 770 21 17.611
120 590 15 32.895
121 260 14 88.379
122 1305 7 38.995
123 419 14 62.090
124 930 49 24.984
125 948 8 24.637
126 1076 12 81.628
127 260 13 26.556
128 311 60 28.263
129 393 12 58.555
130 840 24 68.244
131 1136 59 67.579
132 687 17 77.755
133 816 14 89.344
134 1267 18 33.775
135 855 45 53.632
136 360 11 69.517
137 24 59 87.088
138 926 29 25.979
139 793 40 64.327
140 1001 9 60.345
141 435 10 66.190
142 927 45 93.181
143 601 44 98.986
144 314 45 30.600
145 1170 47 91.726
146 771 10 93.525
147 1353 43 76.580
148 1421 24 70.189
149 1413 4 55.712
150 1311 34 36.601