150
1 688 1 96.088
2 178 19 21.796
3 741 33 62.605
4 643 43 52.322
5 582 53 15.695
6 764 8 39.362
7 166 11 98.001
8 676 25 43.932
9 1145 3 49.463
10 1102 57 20.036
11 941 16 25.669
12 1054 53 16.536
13 755 27 50.735
14 444 59 57.303
15 1280 4 83.659
16 699 46 13.896
17 1256 11 7.772
18 350 43 69.459
19 1439 21 16.341
20 1416 45 15.064
21 640 34 96.831
22 644 33 2.391
23 161 57 19.672
24 746 47 28.390
25 299 35 15.742
26 1305 58 71.146
27 991 18 4.830
28 992 57 17.431
29 1027 48 75.156
30 943 10 96.042
31 133 13 91.806
32 557 25 36.458
33 432 23 87.115
34 157 54 50.855
35 1123 55 85.614
36 512 48 12.328
37 1000 10 44.933
38 1049 27 11.264
39 1099 33 12.241
40 1295 28 18.767
41 567 30 29.561
42 1118 8 30.497
43 768 13 88.277
44 763 54 84.096
45 357 8 94.283
46 915 40 74.776
47 1119 5 70.999
48 1348 27 10.171
49 385 54 53.503
50 1436 59 23.672
51 632 46 37.257
52 771 39 84.503
53 1417 25 96.678
54 271 29 6.832
55 1105 33 23.080
56 99 28 30.686
57 980 41 23.345
58 265 33 12.992
59 902 38 25.537
60 1330 55 94.528
61 227 12 40.145
62 965 34 70.159
63 749 18 56.485
64 1268 8 6.877
65 681 16 57.553
66 181 42 32.031
67 918 12 14.427
68 1151 18 14.373
69 1313 39 40.457
70 856 60 62.337
71 962 30 37.621
72 1409 10 73.386
73 388 9 16.504
74 695 41 62.877
75 16 12 66.349
76 167 34 18.651
77 239 37 68.441
78 1015 60 34.835
79 840 24 17.467
80 1029 4 19.528
81 804 53 3.357
82 887 34 41.189
83 676 44 14.451
84 1159 18 20.180
85 210 11 11.275
86 550 29 72.014
87 633 8 28.490
88 226 32 78.472
89 459 54 64.701
90 1422 28 50.216
91 876 54 27.671
92 7 16 25.812
93 1034 56 33.207
94 1002 33 82.158
95 1403 32 15.948
96 1224 33 79.666
97 755 47 10.597
98 125 23 36.081
99 411 49 11.641
100 1361 12 79.553
101 59 23 53.553
102 294 5 46.203
103 16 21 74.849
104 534 23 35.770
105 1318 14 46.723
106 828 9 22.898
107 1033 5 16.656
108 1237 16 55.747
109 1022 18 40.518
110 364 46 72.864
111 820 27 56.131
112 692 58 14.873
113 1416 7 26.248
114 476 36 14.778
115 83 11 32.778
116 451 40 9.295
117 863 29 3.086
118 299 34 88.703
119 1399 9 85.630
120 863 57 2.872
121 153 22 74.611
122 817 11 21.562
123 367 26 27.555
124 557 18 71.458
125 575 45 27.060
126 407 50 18.888
127 221 26 91.895
128 236 21 0.157
129 316 44 25.013
130 283 19 7.178
131 36 57 4.362
132 1102 22 75.264
133 349 13 43.505
134 666 59 3.708
135 321 52 26.959
136 1153 52 72.431
137 1141 50 43.860
138 97 8 30.681
139 1384 39 80.267
140 1118 18 59.418
141 1056 22 67.623
142 1096 37 23.541
143 726 45 33.836
144 48 5 61.670
145 976 22 17.107
146 308 7 23.785
147 122 33 32.932
148 87 55 66.464
149 182 41 47.003
150 215 9 8.379