150
1 851 50 46.590
2 294 11 46.012
3 51 45 90.889
4 37 7 74.523
5 242 28 89.203
6 583 26 8.644
7 1413 48 11.293
8 455 44 93.540
9 426 46 62.407
10 1160 4 9.566
11 900 5 53.993
12 54 55 40.586
13 612 55 72.132
14 1239 2 74.264
15 570 12 67.411
16 1240 39 61.855
17 209 13 18.091
18 1270 26 8.673
19 1189 57 2.969
20 222 14 57.254
21 1174 29 45.454
22 70 19 61.871
23 383 38 68.179
24 434 11 80.776
25 10 56 83.518
26 90 42 86.041
27 1120 41 43.956
28 1014 6 75.994
29 551 59 29.358
30 349 36 55.067
31 1267 59 52.678
32 601 45 5.105
33 782 3 6.592
34 255 11 74.042
35 878 52 3.899
36 966 5 27.297
37 720 59 49.293
38 448 9 42.038
39 1099 24 15.370
40 755 12 61.904
41 807 54 63.910
42 891 57 68.084
43 785 9 92.856
44 682 4 40.771
45 1045 30 63.833
46 967 30 24.993
47 1031 20 6.676
48 424 58 6.380
49 703 4 38.567
50 563 7 96.359
51 108 42 88.959
52 1083 56 68.621
53 898 37 52.390
54 1309 10 47.082
55 540 2 75.434
56 528 26 12.349
57 941 37 3.682
58 1353 47 29.482
59 773 6 43.121
60 24 40 97.374
61 988 17 27.252
62 1351 24 65.828
63 541 35 73.771
64 1146 19 69.984
65 1165 38 89.448
66 1050 57 73.607
67 1329 25 99.713
68 707 37 43.508
69 1438 12 21.070
70 918 47 33.095
71 1284 56 53.846
72 491 38 18.582
73 303 13 23.862
74 1 60 4.632
75 1067 59 31.960
76 695 57 11.304
77 182 1 42.866
78 1297 59 80.344
79 1210 32 18.299
80 121 49 62.479
81 1237 22 81.088
82 538 34 76.705
83 101 21 86.281
84 146 32 3.426
85 674 28 45.352
86 734 50 80.303
87 1271 39 44.568
88 1373 22 76.612
89 492 10 9.160
90 144 55 27.318
91 429 38 89.925
92 1177 1 48.504
93 969 55 43.170
94 307 35 19.826
95 1086 35 99.192
96 239 46 16.645
97 961 56 41.975
98 596 38 93.855
99 181 48 25.687
100 415 14 56.666
101 143 7 1.220
102 399 8 99.112
103 1388 60 38.034
104 1249 30 53.969
105 91 56 88.978
106 404 26 8.194
107 1287 19 66.312
108 334 10 27.617
109 594 35 87.570
110 815 6 29.725
111 998 48 67.765
112 579 41 13.396
113 333 18 87.625
114 1072 44 0.397
115 908 3 46.365
116 682 22 20.383
117 1222 59 14.292
118 591 39 43.556
119 792 14 66.804
120 1026 29 14.248
121 867 47 60.484
122 319 6 48.216
123 925 12 95.805
124 363 45 95.639
125 1028 47 57.137
126 125 43 82.946
127 1278 57 41.145
128 372 33 74.556
129 65 47 38.353
130 1369 18 53.459
131 159 14 81.137
132 1304 6 33.133
133 1244 11 40.361
134 1202 31 86.308
135 52 16 89.584
136 1022 38 50.588
137 773 26 98.132
138 1328 15 53.370
139 1306 25 87.957
140 751 18 42.681
141 614 46 74.459
142 1362 2 87.620
143 597 34 64.760
144 341 50 24.020
145 1243 58 15.239
146 1371 35 84.439
147 594 7 83.442
148 1346 54 63.888
149 1229 46 78.370
150 1266 22 28.066