150
1 791 43 2.349
2 320 23 79.513
3 614 46 83.856
4 988 21 22.979
5 213 60 70.749
6 365 34 52.066
7 43 14 60.195
8 751 55 1.796
9 714 13 84.341
10 430 45 59.427
11 1138 5 68.020
12 1389 22 84.130
13 1193 50 88.043
14 439 7 88.994
15 968 29 63.443
16 1330 49 51.358
17 1140 9 38.813
18 341 23 41.560
19 88 18 36.799
20 128 32 2.764
21 609 5 96.990
22 462 13 47.402
23 471 57 33.547
24 566 51 40.418
25 243 36 64.342
26 87 7 30.027
27 747 16 27.541
28 985 27 20.621
29 174 60 2.379
30 868 3 3.173
31 885 19 60.904
32 611 46 22.162
33 36 5 19.354
34 1023 28 9.996
35 1380 59 11.219
36 1041 12 30.985
37 1055 55 96.982
38 288 8 18.775
39 938 26 25.836
40 939 24 42.588
41 1434 28 79.970
42 1211 31 96.080
43 1108 49 60.738
44 214 59 93.360
45 1329 56 55.633
46 1088 41 79.782
47 115 6 46.280
48 372 44 94.829
49 513 32 95.665
50 147 17 48.238
51 239 23 57.563
52 151 26 31.021
53 824 42 10.058
54 80 32 36.719
55 1147 49 18.925
56 909 39 36.625
57 1398 56 75.547
58 193 1 60.349
59 178 43 33.079
60 902 8 44.876
61 456 3 71.876
62 874 46 95.898
63 37 59 96.702
64 19 20 24.947
65 670 8 61.704
66 1118 9 7.815
67 509 13 29.656
68 18 2 93.038
69 1057 7 43.747
70 794 46 88.701
71 722 34 60.466
72 125 60 16.569
73 958 59 4.261
74 338 4 15.478
75 387 8 24.040
76 1307 13 92.680
77 1146 13 86.827
78 30 6 59.610
79 563 56 74.398
80 1282 14 72.976
81 1129 3 30.668
82 1217 36 15.235
83 618 34 8.669
84 1003 37 71.977
85 1318 34 92.763
86 846 19 18.533
87 122 20 37.401
88 981 19 96.175
89 673 6 98.087
90 170 58 95.967
91 853 37 60.431
92 610 23 78.954
93 207 7 82.900
94 307 35 98.464
95 383 9 82.695
96 882 56 17.880
97 608 14 66.854
98 515 12 96.692
99 398 28 39.087
100 143 9 4.745
101 666 7 37.086
102 151 53 6.835
103 1289 34 78.700
104 856 42 56.697
105 338 12 64.253
106 352 7 58.492
107 968 29 97.707
108 1345 59 4.860
109 937 10 87.883
110 1117 4 11.473
111 489 11 22.335
112 461 1 8.507
113 1068 58 76.728
114 302 32 42.008
115 630 15 69.734
116 365 45 71.110
117 1376 29 74.179
118 1197 15 81.367
119 1129 22 72.865
120 1019 26 11.678
121 799 39 65.494
122 793 34 0.449
123 165 35 12.088
124 525 43 47.824
125 1233 60 65.802
126 1013 30 18.830
127 756 52 74.108
128 483 36 52.740
129 545 47 77.965
130 678 38 33.175
131 1372 7 12.447
132 500 37 64.324
133 1197 19 79.295
134 499 38 22.092
135 1423 22 31.281
136 1213 33 0.971
137 1415 35 85.406
138 941 52 34.688
139 1156 41 4.854
140 768 41 85.511
141 851 18 93.180
142 1423 37 12.206
143 890 22 14.072
144 1101 60 95.587
145 151 59 57.464
146 98 51 7.550
147 35 24 12.969
148 252 15 92.502
149 373 45 36.906
150 897 30 96.819