150
1 1214 33 18.367
2 826 57 59.235
3 878 45 74.009
4 1388 55 78.632
5 107 54 95.880
6 1139 8 63.846
7 164 53 77.963
8 1288 21 16.905
9 310 44 93.535
10 1076 32 2.369
11 451 60 17.746
12 407 41 61.055
13 1202 7 28.468
14 1323 46 0.991
15 41 14 50.574
16 532 2 99.274
17 90 13 98.463
18 644 22 76.138
19 1381 53 92.124
20 1344 34 82.714
21 241 46 49.577
22 1210 12 59.603
23 515 35 48.792
24 436 33 79.254
25 175 18 36.338
26 378 28 90.140
27 470 40 16.329
28 1189 46 75.115
29 127 32 8.801
30 568 38 32.631
31 207 35 0.034
32 1440 51 50.344
33 1153 31 83.877
34 875 30 99.342
35 588 32 59.533
36 1402 44 48.711
37 1051 45 7.571
38 348 14 68.552
39 446 20 72.899
40 488 32 15.221
41 1008 16 87.385
42 908 52 12.627
43 686 21 79.596
44 337 25 18.269
45 974 23 96.815
46 1103 31 40.840
47 1145 7 80.818
48 544 31 92.454
49 226 10 72.152
50 1126 23 85.211
51 628 41 77.833
52 1241 11 77.328
53 417 15 66.450
54 1436 41 57.174
55 1226 24 14.903
56 349 38 86.817
57 974 42 23.107
58 1406 20 3.979
59 374 14 16.897
60 1126 49 18.787
61 1191 11 6.589
62 295 8 56.920
63 137 9 42.982
64 926 45 15.845
65 24 56 81.704
66 647 35 8.932
67 337 59 64.276
68 48 55 89.523
69 779 6 7.557
70 758 60 10.167
71 460 31 90.379
72 1055 50 93.326
73 682 31 99.995
74 1027 48 35.935
75 192 50 32.868
76 1012 38 88.246
77 959 50 84.700
78 735 26 11.224
79 85 30 98.386
80 403 27 60.501
81 822 40 14.059
82 1210 59 79.176
83 1101 30 76.093
84 1062 28 42.154
85 767 43 12.658
86 1122 42 93.305
87 1319 20 59.960
88 199 56 99.527
89 211 1 48.353
90 1343 55 57.909
91 283 29 4.283
92 1075 56 48.601
93 1312 19 57.313
94 149 43 81.922
95 70 14 36.324
96 497 53 20.922
97 435 51 74.422
98 963 48 87.026
99 1191 45 39.021
100 66 41 84.598
101 379 2 58.512
102 475 43 81.287
103 307 12 48.525
104 988 55 45.761
105 839 31 9.912
106 785 20 29.318
107 386 35 36.611
108 401 48 92.626
109 30 54 29.835
110 1345 59 50.410
111 1153 60 72.430
112 373 33 24.891
113 129 41 88.052
114 31 11 40.859
115 1279 58 89.405
116 645 41 9.277
117 118 38 74.042
118 161 14 3.976
119 140 25 68.165
120 371 39 33.906
121 359 2 52.968
122 517 56 7.808
123 683 41 1.975
124 617 52 21.923
125 979 5 3.506
126 1313 24 37.578
127 1038 39 13.243
128 1181 12 23.815
129 659 4 73.191
130 1098 20 57.061
131 1069 16 11.468
132 325 51 44.417
133 583 54 2.889
134 623 59 9.249
135 647 38 2.678
136 1020 21 71.814
137 534 60 94.483
138 1255 60 90.370
139 446 10 77.766
140 939 1 22.250
141 316 18 85.139
142 339 34 27.380
143 810 13 3.860
144 4 1 65.695
145 268 13 96.119
146 68 25 51.317
147 37 3 70.440
148 777 31 90.804
149 845 52 53.188
150 597 5 36.792