150
1 414 19 35.792
2 1366 23 50.338
3 849 11 71.168
4 762 16 36.219
5 960 19 74.826
6 1169 19 49.276
7 787 13 83.035
8 467 19 88.935
9 9 11 19.028
10 531 49 42.591
11 223 5 59.881
12 254 44 97.090
13 113 37 62.407
14 1020 56 44.239
15 484 25 20.014
16 525 5 95.552
17 1055 50 8.619
18 373 52 45.175
19 166 10 62.422
20 1431 41 95.653
21 78 59 16.748
22 669 53 28.355
23 500 36 48.589
24 591 1 73.478
25 212 52 17.506
26 166 15 21.475
27 695 19 90.307
28 870 26 15.465
29 314 11 58.569
30 1013 41 82.906
31 359 15 94.451
32 76 20 15.128
33 758 60 38.184
34 437 42 78.264
35 442 49 63.821
36 524 12 91.980
37 301 56 80.280
38 273 9 59.131
39 306 16 57.175
40 1232 11 6.539
41 788 60 87.564
42 1227 30 42.997
43 1113 47 73.556
44 20 31 4.641
45 132 49 69.941
46 827 34 76.795
47 322 32 89.768
48 1121 2 87.297
49 578 40 91.188
50 979 40 75.790
51 788 16 60.845
52 500 29 64.871
53 974 11 71.567
54 764 59 28.451
55 1283 27 69.857
56 203 1 25.871
57 1192 5 37.373
58 1237 16 48.143
59 1155 9 7.388
60 722 13 81.617
61 547 41 56.134
62 499 27 18.539
63 931 2 66.577
64 1010 2 49.151
65 84 45 44.561
66 1379 2 37.885
67 1035 28 97.192
68 1389 2 61.237
69 1269 1 37.275
70 505 14 44.915
71 635 21 90.980
72 656 24 70.218
73 335 27 83.061
74 1133 39 25.968
75 966 17 83.852
76 551 26 57.735
77 164 60 63.912
78 807 2 5.975
79 143 33 42.422
80 679 54 75.038
81 1082 14 70.558
82 6 13 87.654
83 444 37 4.449
84 1280 21 14.042
85 812 23 49.795
86 1004 59 95.893
87 560 50 59.545
88 674 26 12.637
89 125 45 79.145
90 791 21 46.148
91 7 17 79.015
92 179 43 91.559
93 1184 14 95.581
94 728 54 28.922
95 300 50 25.272
96 1122 38 77.165
97 1168 46 32.666
98 658 49 55.137
99 1248 28 23.604
100 448 22 88.064
101 316 4 28.786
102 961 47 25.549
103 238 37 56.496
104 123 18 10.099
105 533 43 11.427
106 1037 56 11.174
107 13 5 91.569
108 800 53 11.956
109 271 5 85.712
110 953 3 22.533
111 1084 8 35.623
112 1048 55 63.886
113 823 12 12.811
114 353 3 17.763
115 1196 59 58.884
116 811 9 5.185
117 1264 23 51.721
118 1069 47 40.251
119 551 38 38.296
120 111 54 46.352
121 1210 49 13.630
122 1032 45 15.950
123 169 53 35.074
124 1117 57 41.326
125 1420 10 89.541
126 526 20 83.060
127 547 54 3.198
128 595 39 25.449
129 63 60 56.846
130 614 33 70.335
131 1204 52 56.802
132 465 18 50.976
133 999 58 38.359
134 366 3 39.182
135 935 41 39.890
136 622 30 18.362
137 781 19 82.172
138 728 9 15.024
139 203 54 43.950
140 16 37 78.899
141 597 25 64.474
142 375 17 12.731
143 616 29 27.247
144 729 50 8.503
145 1434 38 78.174
146 881 32 34.964
147 754 16 65.989
148 873 55 24.664
149 895 8 56.490
150 1340 40 71.902