150
1 361 16 38.510
2 1220 16 25.813
3 899 43 60.953
4 1022 57 41.043
5 1086 21 75.585
6 1268 27 68.472
7 225 20 71.272
8 1262 16 97.957
9 199 42 63.707
10 83 22 65.586
11 347 11 46.207
12 1188 56 40.414
13 1047 21 70.301
14 1414 39 72.694
15 130 34 17.399
16 1421 5 91.903
17 1356 60 11.720
18 707 18 41.870
19 1420 5 36.241
20 664 51 51.725
21 149 27 52.058
22 114 6 66.815
23 953 33 41.121
24 792 3 67.381
25 861 13 73.628
26 1006 18 0.880
27 359 21 40.368
28 131 37 37.230
29 584 46 42.665
30 148 42 45.156
31 490 9 39.003
32 650 57 35.939
33 390 33 17.010
34 571 25 65.900
35 1081 55 44.952
36 359 24 54.622
37 1015 45 59.668
38 1334 5 63.199
39 337 47 54.367
40 1391 17 61.242
41 1289 3 60.607
42 658 52 50.284
43 1035 43 52.536
44 182 48 69.290
45 371 39 79.600
46 237 40 78.787
47 467 48 71.631
48 607 57 97.684
49 1185 53 68.602
50 893 54 45.864
51 548 28 36.863
52 922 57 24.207
53 18 52 41.334
54 338 2 19.959
55 317 24 0.085
56 876 59 10.919
57 134 26 9.860
58 1078 30 51.647
59 402 52 57.948
60 204 22 83.377
61 939 47 80.131
62 256 50 89.310
63 1427 19 11.027
64 505 9 41.667
65 153 20 12.209
66 1159 16 87.251
67 1162 50 14.130
68 595 9 31.803
69 1191 60 73.303
70 306 17 62.740
71 723 59 62.006
72 1149 40 68.795
73 141 42 24.571
74 1416 23 61.997
75 697 9 88.159
76 164 10 63.725
77 137 33 60.825
78 844 51 80.799
79 903 2 34.886
80 784 7 62.706
81 865 17 15.395
82 425 25 72.374
83 992 33 78.054
84 1211 52 95.921
85 89 35 12.717
86 196 42 20.600
87 603 13 54.604
88 1102 60 50.319
89 1107 35 94.658
90 723 3 99.259
91 835 43 60.329
92 1233 24 39.353
93 760 32 73.643
94 6 54 96.319
95 1087 39 95.878
96 1180 57 81.263
97 169 48 60.361
98 724 35 25.521
99 660 39 38.015
100 372 48 90.471
101 1321 24 34.580
102 618 39 59.712
103 609 24 45.474
104 1401 34 86.563
105 357 53 34.997
106 812 47 29.569
107 437 45 61.471
108 449 36 43.224
109 30 24 28.465
110 72 22 12.321
111 208 52 4.893
112 1219 26 44.848
113 109 59 52.925
114 148 7 27.344
115 727 23 7.914
116 1408 46 9.752
117 1339 58 51.584
118 997 8 86.307
119 1037 48 57.002
120 1390 45 59.754
121 503 27 89.379
122 871 15 79.014
123 142 21 39.303
124 947 51 71.057
125 1310 35 8.464
126 250 30 37.492
127 512 42 79.607
128 836 36 10.472
129 575 23 27.058
130 3 13 72.471
131 995 41 89.423
132 238 26 22.989
133 341 45 78.948
134 1211 15 44.592
135 1031 55 41.344
136 903 3 77.220
137 42 45 47.223
138 140 9 43.235
139 426 55 77.722
140 588 50 78.562
141 1171 58 42.234
142 1172 12 10.643
143 1279 26 20.522
144 855 44 41.972
145 142 34 8.289
146 1413 44 80.286
147 1013 33 61.371
148 1131 53 91.914
149 765 22 70.866
150 32 4 99.823