150
1 1236 57 36.642
2 930 5 52.370
3 990 31 29.046
4 355 17 30.845
5 652 35 58.070
6 307 52 99.401
7 1365 14 56.874
8 261 6 7.479
9 667 43 71.447
10 1019 54 0.464
11 213 34 47.729
12 271 6 13.796
13 177 54 72.517
14 1031 1 65.000
15 1094 57 21.878
16 1101 58 48.424
17 1148 55 2.590
18 242 28 12.261
19 961 47 97.799
20 708 9 71.820
21 23 8 40.894
22 1178 58 68.257
23 300 24 21.119
24 953 5 24.391
25 448 22 47.058
26 340 43 43.412
27 227 46 47.273
28 1316 18 21.922
29 736 39 7.449
30 449 58 53.461
31 641 36 4.096
32 421 31 68.519
33 1282 11 99.453
34 303 50 11.396
35 1413 16 80.985
36 924 30 72.488
37 901 10 8.782
38 1270 42 70.853
39 749 39 26.128
40 1174 31 81.959
41 1189 58 13.188
42 349 10 88.704
43 896 55 88.061
44 899 36 32.664
45 672 57 57.237
46 361 33 22.635
47 1170 29 21.059
48 1249 35 72.608
49 1264 28 44.361
50 458 4 78.982
51 256 30 39.876
52 1002 37 70.367
53 43 13 1.659
54 970 20 29.533
55 774 39 44.061
56 177 55 11.710
57 249 57 91.141
58 901 27 74.376
59 754 44 4.606
60 955 56 60.695
61 32 21 4.244
62 667 21 71.945
63 135 60 31.111
64 924 5 12.684
65 705 6 92.646
66 481 55 15.102
67 879 1 34.651
68 1308 19 21.483
69 963 47 95.074
70 977 34 1.830
71 611 5 18.262
72 39 60 61.104
73 145 10 55.877
74 812 24 17.897
75 880 52 71.315
76 294 57 93.056
77 612 16 17.628
78 886 36 69.957
79 287 17 42.206
80 747 1 21.650
81 861 21 90.420
82 1091 56 51.451
83 165 47 0.624
84 868 20 0.380
85 906 27 4.815
86 391 53 64.156
87 1181 13 6.444
88 279 4 74.348
89 1382 4 30.349
90 689 15 86.668
91 626 38 76.483
92 719 14 98.710
93 188 20 45.553
94 1132 54 22.349
95 653 36 39.996
96 602 29 92.781
97 205 3 74.957
98 595 56 43.957
99 1105 60 20.453
100 128 7 26.559
101 1416 55 37.901
102 1269 33 10.557
103 787 42 56.965
104 982 60 83.580
105 1189 54 61.467
106 828 23 79.185
107 1193 34 72.530
108 431 13 41.387
109 1285 34 93.723
110 631 15 25.632
111 450 27 22.754
112 113 34 54.480
113 537 56 45.636
114 1087 56 7.702
115 895 35 35.498
116 1362 11 58.978
117 930 48 14.256
118 487 22 97.954
119 1046 47 89.681
120 670 27 64.710
121 206 47 26.006
122 137 11 0.382
123 28 9 44.795
124 1403 26 7.051
125 1209 5 31.299
126 323 43 46.610
127 1100 3 20.418
128 638 26 80.651
129 375 55 84.489
130 480 54 62.997
131 141 27 1.841
132 1294 47 41.378
133 732 40 9.571
134 217 41 54.973
135 685 50 1.000
136 92 46 0.805
137 501 38 80.572
138 655 20 50.633
139 1078 41 20.819
140 731 8 84.633
141 1287 36 5.403
142 1079 24 24.526
143 742 22 81.602
144 599 55 94.154
145 1341 30 38.130
146 150 5 84.558
147 159 30 81.806
148 921 33 6.428
149 513 34 28.390
150 280 41 77.023