150
1 631 13 6.432
2 849 15 60.559
3 3 26 38.683
4 361 20 89.456
5 816 8 22.692
6 1219 54 13.902
7 353 28 17.341
8 25 2 8.829
9 1130 31 85.308
10 546 3 36.482
11 304 57 83.429
12 379 27 49.203
13 1109 33 2.562
14 1111 16 34.729
15 60 50 18.758
16 239 9 70.469
17 1173 47 69.757
18 56 49 70.965
19 1255 47 53.896
20 114 50 98.250
21 1156 28 43.950
22 1263 9 66.655
23 534 28 14.054
24 1207 23 23.694
25 359 47 20.610
26 816 24 96.323
27 427 27 41.957
28 1377 59 27.349
29 1 5 98.525
30 176 57 89.939
31 564 36 28.657
32 1362 15 54.643
33 1337 7 78.318
34 1296 45 11.052
35 908 31 2.139
36 691 22 69.397
37 1379 12 14.224
38 138 43 74.782
39 450 41 56.394
40 362 21 41.882
41 856 33 29.581
42 935 4 75.346
43 427 17 58.935
44 19 1 65.374
45 824 6 81.754
46 883 43 55.902
47 529 52 0.604
48 348 10 29.003
49 1215 5 98.305
50 783 37 48.064
51 259 13 74.104
52 1401 9 44.441
53 1358 7 75.644
54 1292 51 34.531
55 913 29 79.443
56 520 22 6.768
57 1141 16 80.298
58 1412 21 61.409
59 1098 36 39.368
60 48 8 40.369
61 445 10 10.342
62 863 3 42.731
63 1261 12 11.253
64 395 10 96.656
65 947 12 44.871
66 988 40 72.647
67 28 15 47.050
68 1243 40 17.101
69 592 17 16.091
70 889 15 97.663
71 729 5 11.203
72 928 41 22.644
73 515 1 47.267
74 222 39 69.639
75 1438 23 88.021
76 835 47 16.366
77 1032 7 80.037
78 781 5 71.386
79 568 23 95.381
80 470 35 22.672
81 1147 53 33.990
82 577 55 60.771
83 1116 34 3.550
84 911 51 30.832
85 1278 12 69.443
86 1183 17 17.038
87 910 46 51.391
88 1118 37 88.463
89 1120 10 34.861
90 770 21 85.670
91 1067 26 57.632
92 1178 59 59.485
93 1141 39 3.083
94 1238 14 52.135
95 1430 15 93.341
96 716 55 56.171
97 395 25 35.131
98 687 25 32.994
99 993 59 38.261
100 1045 53 30.281
101 248 56 81.125
102 987 33 8.089
103 636 7 58.303
104 346 27 12.848
105 671 34 5.447
106 796 16 83.071
107 954 37 7.613
108 705 1 24.338
109 22 52 94.763
110 1033 21 95.488
111 602 29 89.173
112 1008 59 40.439
113 240 28 24.977
114 1191 22 76.823
115 207 42 42.907
116 111 35 63.236
117 460 44 48.754
118 949 43 35.857
119 1191 42 99.689
120 847 4 77.663
121 1392 27 47.886
122 654 51 31.508
123 752 28 23.511
124 1274 51 67.190
125 494 37 45.384
126 729 46 88.686
127 1099 34 82.881
128 272 14 12.545
129 924 10 74.531
130 1166 53 18.229
131 1094 40 77.502
132 1084 55 38.856
133 735 48 64.510
134 928 30 46.912
135 824 21 84.917
136 622 11 37.085
137 333 18 79.872
138 415 26 45.909
139 1364 8 26.575
140 1232 57 91.624
141 418 15 65.020
142 1090 41 95.007
143 1139 43 97.916
144 706 56 97.330
145 1263 56 88.355
146 88 36 56.017
147 906 23 23.615
148 639 31 60.732
149 389 53 66.854
150 1208 28 83.029