150
1 130 27 5.710
2 711 7 76.647
3 517 36 81.715
4 483 24 71.272
5 1128 20 28.912
6 820 21 18.030
7 442 29 16.587
8 344 1 21.771
9 469 7 38.956
10 631 11 53.642
11 853 23 25.368
12 1167 5 55.158
13 159 13 38.431
14 257 39 20.188
15 1162 23 43.446
16 1109 6 42.630
17 363 38 98.997
18 155 14 4.213
19 68 10 49.112
20 1250 51 99.663
21 1349 25 25.791
22 987 25 7.830
23 159 36 89.218
24 883 21 17.342
25 1258 10 92.641
26 693 21 23.852
27 480 39 34.778
28 208 33 24.670
29 723 32 66.718
30 417 8 7.945
31 859 16 10.285
32 652 26 3.287
33 622 34 74.369
34 904 37 54.871
35 949 57 86.065
36 851 29 56.452
37 623 7 47.225
38 1189 56 99.350
39 293 32 59.705
40 207 8 56.682
41 1308 18 22.928
42 1166 9 1.341
43 936 26 81.040
44 846 55 33.134
45 1410 30 2.091
46 1179 11 5.980
47 103 38 46.306
48 653 11 48.471
49 1067 15 57.550
50 282 37 68.286
51 842 37 72.073
52 1156 45 25.777
53 1229 50 62.542
54 669 59 24.194
55 1173 5 2.799
56 464 35 37.753
57 1228 18 68.616
58 454 35 0.537
59 1379 28 0.833
60 33 16 15.124
61 1009 43 2.552
62 890 50 40.054
63 1018 7 4.430
64 586 29 13.691
65 293 16 60.714
66 529 50 54.945
67 383 55 41.370
68 980 16 28.632
69 453 57 49.354
70 1213 59 25.477
71 137 16 24.391
72 7 12 27.867
73 627 51 61.693
74 545 58 33.986
75 13 52 88.784
76 152 47 81.295
77 1275 36 79.636
78 86 29 93.315
79 1265 20 16.449
80 1414 45 13.599
81 605 57 98.478
82 166 16 5.423
83 761 8 67.351
84 1115 12 43.532
85 1380 15 72.952
86 985 19 63.833
87 29 37 95.410
88 690 2 37.825
89 187 38 71.644
90 1423 8 65.834
91 1296 56 18.604
92 227 9 16.230
93 604 48 68.534
94 1303 6 29.538
95 1239 1 12.943
96 1329 33 26.048
97 1187 15 22.874
98 1021 12 30.785
99 41 39 21.458
100 411 51 81.601
101 720 54 33.745
102 392 37 6.200
103 1086 59 11.672
104 958 7 49.117
105 666 46 14.959
106 1132 1 72.147
107 885 46 10.182
108 733 49 84.427
109 261 59 98.694
110 545 17 39.340
111 131 39 64.985
112 142 41 89.664
113 278 53 77.436
114 61 26 17.365
115 1126 4 6.020
116 720 54 32.509
117 127 32 48.710
118 12 32 21.876
119 392 58 72.370
120 1108 29 61.376
121 1221 43 34.231
122 1332 53 55.631
123 432 55 86.149
124 376 51 18.114
125 1022 22 69.879
126 240 41 8.583
127 383 4 51.277
128 957 23 65.795
129 1341 19 53.513
130 486 5 87.512
131 1164 59 75.563
132 992 53 11.726
133 280 50 33.600
134 1023 25 37.559
135 884 54 5.383
136 1042 15 72.217
137 705 9 40.575
138 608 58 92.295
139 764 10 96.741
140 131 12 23.587
141 1051 10 67.385
142 1080 34 60.694
143 914 19 41.727
144 667 20 37.014
145 1411 35 57.008
146 790 29 35.950
147 264 12 99.361
148 1263 25 39.430
149 354 31 84.625
150 528 42 13.377