150
1 774 24 9.165
2 1201 6 22.566
3 76 53 89.927
4 697 45 59.003
5 262 2 13.741
6 1209 15 73.565
7 413 12 73.561
8 1412 43 66.749
9 176 4 55.735
10 548 22 60.707
11 137 25 34.728
12 667 32 58.208
13 986 3 55.651
14 669 40 20.956
15 734 30 52.525
16 1108 21 73.471
17 1349 19 79.044
18 1145 56 16.424
19 819 6 10.416
20 1086 38 93.885
21 1004 12 88.832
22 958 30 90.963
23 345 21 72.417
24 232 39 71.267
25 780 46 96.663
26 556 57 12.048
27 1180 29 46.906
28 850 58 51.004
29 1193 35 77.590
30 277 59 3.633
31 945 17 92.404
32 994 27 31.456
33 1214 50 5.020
34 1160 44 51.019
35 508 19 97.540
36 641 25 86.213
37 29 50 56.584
38 1302 36 43.409
39 290 52 22.156
40 901 29 48.773
41 126 3 3.596
42 112 5 0.396
43 1195 23 86.157
44 839 6 5.490
45 299 58 94.662
46 805 55 7.130
47 291 17 67.358
48 649 45 56.629
49 615 27 55.013
50 1292 40 37.209
51 1163 43 35.409
52 468 15 17.672
53 320 28 16.623
54 628 40 91.352
55 1038 49 9.481
56 377 32 68.046
57 486 2 80.578
58 466 24 70.315
59 806 11 22.221
60 305 59 22.030
61 153 56 40.939
62 1039 19 97.349
63 594 3 59.043
64 807 16 12.704
65 893 18 73.629
66 980 51 41.324
67 553 14 79.950
68 1368 25 94.228
69 391 44 17.450
70 915 36 6.976
71 267 20 74.285
72 1421 32 19.170
73 38 18 75.096
74 670 36 60.451
75 711 33 87.548
76 95 26 83.184
77 778 59 47.690
78 1111 11 62.000
79 879 23 50.938
80 79 25 64.498
81 411 51 97.208
82 566 6 82.156
83 725 54 65.562
84 961 24 39.418
85 167 56 17.617
86 57 2 18.148
87 1040 36 34.954
88 587 59 17.385
89 1137 23 33.685
90 31 24 16.747
91 1336 42 37.425
92 224 22 64.214
93 187 16 46.331
94 1437 9 51.533
95 1228 30 34.874
96 19 46 90.351
97 1065 50 56.142
98 810 11 52.003
99 520 39 52.926
100 349 40 0.412
101 1156 31 51.672
102 40 25 39.605
103 430 20 49.602
104 436 28 95.416
105 75 52 64.217
106 1277 22 59.164
107 1103 32 17.908
108 1329 47 37.229
109 902 37 5.298
110 913 14 57.042
111 133 43 38.596
112 914 49 75.929
113 787 8 43.436
114 200 40 46.890
115 694 43 81.279
116 412 49 19.211
117 294 5 20.881
118 428 56 19.036
119 1 56 29.231
120 110 18 4.950
121 1372 39 44.065
122 733 50 89.103
123 1432 37 72.731
124 706 44 32.927
125 1405 52 95.435
126 52 13 79.658
127 326 10 59.312
128 1048 2 26.480
129 687 60 4.320
130 1093 22 37.634
131 163 57 29.849
132 157 29 70.484
133 181 3 57.128
134 918 44 87.714
135 953 42 29.937
136 139 45 79.138
137 619 27 83.329
138 36 28 15.322
139 1111 6 48.865
140 1290 19 9.300
141 1021 49 39.652
142 66 8 99.703
143 522 2 73.302
144 1116 48 48.957
145 921 58 88.010
146 397 4 94.803
147 1027 55 50.328
148 1143 25 72.781
149 20 46 71.181
150 613 54 61.103