150
1 1394 44 66.184
2 882 47 87.528
3 176 1 6.782
4 522 9 45.421
5 214 23 69.286
6 1433 39 96.934
7 992 6 56.797
8 576 35 43.522
9 912 12 58.809
10 1053 46 94.987
11 974 36 21.942
12 1043 24 41.311
13 214 51 99.164
14 764 36 93.662
15 816 2 78.416
16 1102 10 82.708
17 778 21 57.791
18 628 9 24.312
19 890 51 62.212
20 767 30 59.037
21 307 25 88.266
22 1066 11 18.780
23 362 49 42.599
24 948 46 65.883
25 726 57 45.525
26 1161 40 8.834
27 62 37 77.447
28 1112 43 50.099
29 1316 38 55.278
30 404 6 34.786
31 963 25 13.387
32 1201 26 30.812
33 135 28 69.931
34 1087 48 15.295
35 6 10 52.311
36 474 27 28.428
37 1271 42 43.841
38 1374 9 76.214
39 601 60 31.207
40 817 53 4.462
41 646 39 58.838
42 257 37 59.025
43 662 24 60.066
44 759 53 5.828
45 1167 51 5.388
46 1082 43 18.643
47 1428 29 85.976
48 676 57 30.988
49 430 26 75.424
50 146 6 76.396
51 994 60 80.773
52 244 9 63.174
53 1042 29 10.932
54 140 34 45.625
55 1127 53 29.074
56 559 31 84.094
57 1322 52 58.647
58 74 8 63.478
59 875 45 21.698
60 1016 42 52.497
61 806 39 76.906
62 913 21 36.795
63 892 8 48.941
64 1367 28 33.155
65 954 11 22.511
66 31 45 62.247
67 1042 16 81.086
68 423 43 62.732
69 231 9 71.723
70 1332 1 49.769
71 845 29 66.337
72 1112 59 11.484
73 751 11 26.227
74 291 23 15.038
75 870 25 96.205
76 1223 49 78.421
77 539 22 54.433
78 1250 9 30.792
79 938 60 22.398
80 147 44 2.107
81 336 28 88.978
82 1274 44 84.206
83 569 60 1.674
84 1144 45 9.967
85 1204 54 55.682
86 189 14 95.934
87 1327 14 98.474
88 691 11 88.329
89 517 48 71.223
90 1018 39 95.672
91 1162 55 50.582
92 612 21 44.725
93 1210 60 28.534
94 395 58 84.202
95 601 57 4.843
96 132 35 41.953
97 715 45 13.479
98 388 11 89.885
99 360 5 20.828
100 579 2 69.235
101 1205 17 58.165
102 145 12 8.924
103 3 29 86.029
104 709 16 71.980
105 936 41 7.542
106 1268 2 59.537
107 1153 59 96.603
108 750 56 20.958
109 250 55 11.038
110 984 54 80.385
111 739 33 8.002
112 748 8 32.243
113 1165 47 43.897
114 1429 49 60.880
115 306 53 88.705
116 316 9 43.265
117 275 34 30.505
118 882 41 52.741
119 801 28 42.807
120 550 17 32.889
121 605 22 73.897
122 258 29 59.726
123 453 29 3.022
124 13 27 76.417
125 24 23 25.249
126 634 4 61.926
127 806 13 67.750
128 55 3 96.761
129 1438 44 54.982
130 281 31 10.949
131 502 18 84.035
132 361 4 7.716
133 50 49 23.987
134 267 19 76.415
135 1067 27 22.050
136 733 14 24.971
137 193 2 61.167
138 438 24 91.859
139 12 52 58.140
140 1387 35 48.341
141 221 37 84.377
142 1090 43 6.875
143 727 49 74.848
144 324 17 30.761
145 756 48 89.940
146 1181 10 37.979
147 636 43 92.590
148 1050 26 83.979
149 1435 49 47.926
150 907 13 25.266