150
1 1230 20 2.385
2 441 13 77.919
3 1200 4 62.835
4 2 34 73.295
5 572 24 23.455
6 65 17 47.632
7 1038 25 42.078
8 696 21 30.662
9 543 2 31.147
10 678 52 30.266
11 762 42 14.279
12 69 9 66.649
13 567 32 64.431
14 975 27 25.744
15 1330 33 38.481
16 57 58 27.205
17 281 60 20.947
18 111 15 76.687
19 1185 6 17.801
20 1122 9 90.293
21 465 6 20.851
22 1085 58 28.095
23 187 51 57.572
24 760 13 22.587
25 486 4 57.528
26 1009 2 2.620
27 798 24 36.695
28 1258 35 14.432
29 1136 17 21.916
30 528 30 47.199
31 238 33 29.492
32 329 6 44.643
33 1046 42 52.455
34 761 49 57.500
35 1256 59 6.980
36 1415 53 89.978
37 774 56 90.187
38 741 7 24.965
39 80 33 38.011
40 872 60 80.267
41 153 40 76.480
42 1318 27 4.244
43 580 38 2.876
44 368 50 13.906
45 626 4 71.529
46 683 10 15.038
47 1428 25 24.750
48 717 41 55.168
49 1242 32 2.264
50 30 58 12.955
51 378 28 46.208
52 1020 12 11.902
53 725 41 74.877
54 1221 49 99.835
55 42 46 93.578
56 894 57 76.867
57 249 10 20.476
58 1024 26 46.165
59 1411 22 25.282
60 1232 13 78.626
61 950 24 74.290
62 62 58 43.858
63 510 5 59.440
64 1029 27 92.569
65 154 6 55.438
66 482 60 74.483
67 763 38 91.154
68 1096 12 58.651
69 788 46 6.013
70 440 56 29.617
71 396 27 1.504
72 1304 22 56.885
73 938 6 13.078
74 415 48 53.845
75 1316 16 31.917
76 221 10 44.424
77 553 56 47.926
78 1315 46 40.537
79 300 59 42.064
80 174 1 57.229
81 340 15 66.252
82 1174 24 64.547
83 1410 37 21.808
84 822 38 95.944
85 57 42 11.860
86 264 29 99.724
87 651 43 91.972
88 88 37 35.144
89 828 54 99.835
90 457 16 8.107
91 472 55 95.262
92 563 11 38.076
93 241 48 83.648
94 887 33 72.806
95 1189 40 39.068
96 971 43 69.503
97 1211 57 29.532
98 113 36 13.475
99 1396 11 94.105
100 22 48 7.586
101 1275 48 17.781
102 148 12 42.873
103 992 20 16.122
104 189 40 55.195
105 626 8 10.342
106 109 53 22.221
107 372 36 83.650
108 96 6 37.987
109 1437 23 11.237
110 1080 56 95.531
111 849 34 33.021
112 741 52 74.998
113 1098 20 1.712
114 1432 8 37.550
115 993 10 99.694
116 937 14 71.263
117 1428 13 55.601
118 491 28 42.382
119 101 6 34.960
120 389 3 80.013
121 73 20 62.249
122 1341 28 86.765
123 767 60 89.789
124 234 30 69.349
125 1027 38 14.371
126 162 16 18.843
127 3 21 59.012
128 891 26 53.283
129 1327 32 42.343
130 818 16 66.507
131 1072 18 61.182
132 815 15 58.419
133 1401 39 59.890
134 193 51 85.175
135 1195 11 57.200
136 1073 37 86.357
137 427 29 77.712
138 41 3 41.457
139 310 42 82.223
140 743 30 63.792
141 758 15 9.840
142 179 60 77.741
143 730 17 48.601
144 1356 10 75.916
145 3 58 26.336
146 1107 23 33.100
147 678 25 68.067
148 714 41 5.530
149 435 22 44.387
150 28 57 2.519