150
1 153 20 5.665
2 446 1 52.075
3 448 28 92.030
4 1035 12 66.910
5 1395 6 54.911
6 1373 28 71.962
7 1201 5 68.518
8 604 22 0.938
9 945 25 35.110
10 344 24 49.897
11 88 22 39.006
12 119 3 81.848
13 1019 22 11.255
14 382 2 36.499
15 939 7 32.237
16 308 1 44.532
17 736 31 85.829
18 1012 4 54.254
19 580 48 42.117
20 1138 22 0.924
21 782 32 41.852
22 261 5 67.322
23 1140 48 68.299
24 514 41 98.334
25 1360 49 79.051
26 668 56 18.121
27 871 27 32.838
28 1075 48 83.929
29 1254 3 68.541
30 28 59 3.906
31 203 16 85.394
32 869 16 85.483
33 970 51 41.985
34 1365 4 41.410
35 385 23 45.557
36 671 31 21.173
37 604 48 7.279
38 1253 46 82.867
39 977 4 61.349
40 1423 11 63.400
41 963 56 1.287
42 902 39 0.853
43 923 40 40.079
44 670 27 61.219
45 952 30 63.599
46 886 33 95.732
47 1149 51 11.207
48 156 37 73.806
49 1181 30 1.812
50 1277 48 81.712
51 45 52 69.448
52 989 12 63.108
53 971 39 64.637
54 356 43 3.047
55 1184 55 0.702
56 337 43 67.978
57 952 15 51.904
58 75 11 10.067
59 1052 1 20.523
60 1215 6 5.801
61 201 56 32.266
62 1167 58 72.526
63 1354 24 88.315
64 358 54 65.071
65 350 57 20.714
66 1435 11 63.612
67 314 55 34.047
68 657 52 82.548
69 123 22 28.334
70 110 26 17.602
71 586 51 8.291
72 1420 1 26.071
73 798 17 39.451
74 1322 50 5.906
75 1185 56 5.494
76 1337 18 46.619
77 87 43 35.180
78 163 42 37.818
79 1319 49 36.802
80 154 5 46.594
81 1229 55 20.808
82 1407 15 5.211
83 422 18 44.474
84 347 24 20.806
85 880 6 87.079
86 877 35 20.610
87 1053 52 11.994
88 712 48 66.354
89 838 43 36.909
90 192 13 73.292
91 470 38 32.319
92 1327 12 55.655
93 1063 4 6.988
94 408 10 49.553
95 247 51 58.547
96 1362 50 76.835
97 1296 34 58.417
98 1086 47 19.503
99 596 25 98.835
100 930 57 21.468
101 1040 10 60.133
102 1039 49 14.513
103 1113 50 88.231
104 762 53 36.903
105 673 40 19.706
106 773 38 94.281
107 368 33 88.042
108 62 52 90.320
109 868 7 12.438
110 379 57 8.607
111 792 24 71.230
112 670 24 98.671
113 978 26 95.222
114 95 19 1.418
115 978 13 84.746
116 871 29 98.569
117 822 19 22.583
118 806 57 29.849
119 614 22 19.201
120 439 36 35.513
121 522 19 14.881
122 1352 5 97.041
123 1404 49 31.675
124 346 21 72.885
125 492 38 57.584
126 982 36 4.858
127 779 7 92.496
128 1361 19 44.173
129 839 35 24.648
130 1140 55 41.922
131 338 31 60.979
132 50 33 6.535
133 1112 38 81.895
134 253 16 2.449
135 1038 18 25.185
136 963 54 21.513
137 619 34 42.036
138 623 31 76.793
139 689 34 69.620
140 452 19 55.230
141 439 24 53.030
142 996 5 2.821
143 7 12 76.744
144 368 46 21.933
145 96 59 64.433
146 1044 17 98.955
147 311 44 82.027
148 918 1 45.681
149 1258 14 52.705
150 938 5 16.891