150
1 126 43 35.112
2 1109 15 47.501
3 295 29 1.476
4 1402 43 12.270
5 1402 11 40.766
6 1423 30 46.556
7 1294 35 35.041
8 997 49 59.971
9 911 56 7.801
10 1145 19 31.036
11 495 28 73.164
12 893 6 29.890
13 531 26 27.200
14 250 36 15.056
15 1063 59 37.625
16 601 43 2.676
17 711 31 46.854
18 894 5 33.796
19 911 4 63.145
20 202 47 44.000
21 652 22 71.891
22 156 52 51.615
23 712 2 88.970
24 472 10 68.805
25 1296 12 54.147
26 597 52 99.569
27 1389 6 94.256
28 709 12 3.048
29 462 56 79.122
30 692 15 42.148
31 1115 13 86.689
32 174 5 67.968
33 685 13 1.186
34 166 20 57.559
35 778 36 54.872
36 1434 41 39.375
37 1173 58 30.498
38 992 18 98.330
39 618 41 49.176
40 1402 32 36.968
41 198 35 95.755
42 694 60 9.286
43 868 44 41.681
44 877 3 71.955
45 72 53 76.769
46 164 54 86.240
47 841 55 3.889
48 1436 25 28.864
49 679 58 43.611
50 81 9 78.230
51 1389 17 10.817
52 147 16 9.142
53 1036 10 43.410
54 1426 46 89.487
55 920 31 20.842
56 105 10 66.804
57 1115 42 17.208
58 1044 19 82.452
59 1339 34 41.971
60 715 46 64.696
61 1280 3 59.281
62 343 5 97.678
63 1293 41 16.388
64 727 36 49.109
65 1334 57 13.307
66 140 39 56.766
67 1073 39 93.686
68 461 13 13.276
69 1257 13 65.662
70 933 27 92.751
71 1234 11 6.704
72 647 49 81.615
73 676 50 54.997
74 1178 27 68.163
75 694 36 74.640
76 1173 53 52.925
77 575 46 80.015
78 291 51 28.865
79 1245 18 24.319
80 464 27 91.082
81 966 42 68.191
82 291 17 44.610
83 922 42 38.728
84 30 44 91.738
85 1322 38 45.063
86 160 23 33.300
87 463 49 12.544
88 681 58 57.400
89 1363 43 2.927
90 756 40 78.065
91 492 12 99.195
92 779 38 29.105
93 514 38 81.517
94 1041 34 57.633
95 1296 15 50.989
96 1174 18 33.363
97 1088 39 83.704
98 312 45 11.011
99 154 20 60.574
100 1034 56 6.890
101 781 42 73.453
102 1301 1 23.917
103 159 26 31.164
104 579 44 2.865
105 438 37 78.350
106 712 51 20.433
107 1116 26 88.835
108 1294 14 11.509
109 1273 23 87.626
110 845 29 86.228
111 690 43 28.574
112 699 52 10.379
113 193 42 16.336
114 785 15 73.775
115 1279 14 81.216
116 455 20 92.669
117 638 5 19.709
118 54 30 48.587
119 1233 15 11.877
120 760 52 93.942
121 972 22 38.664
122 91 28 39.530
123 857 45 98.769
124 489 59 20.035
125 319 2 31.930
126 274 58 61.356
127 97 31 35.435
128 185 2 14.974
129 166 23 48.922
130 1337 20 83.316
131 1053 25 7.184
132 1129 56 29.874
133 1089 42 99.607
134 1069 33 38.170
135 934 33 66.359
136 1194 8 20.015
137 973 38 78.167
138 454 47 14.169
139 1265 37 38.307
140 1028 22 64.605
141 1399 23 28.668
142 1351 10 10.019
143 720 21 54.011
144 1290 13 44.650
145 1086 58 97.625
146 381 9 43.690
147 1294 8 78.402
148 1166 30 83.676
149 155 43 68.972
150 363 51 26.841