150
1 1377 52 66.959
2 847 28 21.766
3 65 24 75.359
4 629 27 19.888
5 1125 21 23.209
6 228 46 88.565
7 574 39 32.837
8 634 46 0.345
9 1352 16 10.977
10 252 1 44.841
11 59 26 62.379
12 4 1 51.437
13 357 5 0.435
14 547 24 75.507
15 69 52 86.962
16 562 25 99.152
17 204 1 38.519
18 1371 1 92.514
19 299 59 83.750
20 584 46 40.786
21 1418 40 17.365
22 749 16 12.601
23 1311 28 35.845
24 53 59 83.763
25 1400 26 13.115
26 1138 23 2.198
27 271 41 63.421
28 65 28 93.269
29 591 34 33.862
30 1397 31 74.285
31 85 55 99.812
32 858 8 43.415
33 1432 37 89.835
34 916 16 11.408
35 1038 9 3.364
36 772 38 57.498
37 774 9 22.684
38 752 7 7.409
39 203 24 35.278
40 812 49 38.081
41 128 36 89.880
42 1036 57 69.129
43 581 45 21.377
44 468 38 54.442
45 907 9 62.585
46 1059 58 93.681
47 911 5 5.988
48 1174 31 90.956
49 358 40 68.077
50 1110 57 14.373
51 1049 40 51.037
52 887 37 40.681
53 1222 46 6.164
54 653 39 85.710
55 169 11 70.714
56 606 32 87.242
57 454 15 29.416
58 1337 23 41.432
59 237 44 65.953
60 1072 54 7.928
61 1160 46 55.967
62 577 5 97.134
63 1205 4 40.186
64 1433 12 73.902
65 30 14 32.535
66 628 21 9.378
67 1394 45 32.415
68 500 22 23.781
69 1111 23 17.886
70 650 30 61.399
71 1071 1 70.552
72 425 52 51.730
73 16 20 45.302
74 1207 52 37.353
75 185 16 47.584
76 1259 46 40.586
77 351 50 46.235
78 727 28 77.297
79 975 10 54.969
80 224 17 74.575
81 525 14 60.367
82 1105 37 10.849
83 1434 54 89.249
84 1140 13 60.159
85 1312 55 44.060
86 1008 44 32.029
87 1213 14 96.654
88 835 48 30.393
89 567 33 85.694
90 1132 1 3.359
91 576 38 87.551
92 288 59 25.933
93 1098 55 37.214
94 300 17 32.186
95 965 34 27.344
96 738 1 45.166
97 854 23 37.451
98 803 42 69.799
99 644 18 46.197
100 458 49 17.334
101 170 28 39.125
102 1282 21 2.124
103 1310 45 56.101
104 733 10 98.962
105 592 15 13.607
106 1036 60 57.569
107 1374 21 30.357
108 103 30 49.201
109 1420 1 99.437
110 1332 26 11.445
111 194 47 97.079
112 739 34 48.947
113 737 12 29.509
114 141 27 11.296
115 464 11 14.994
116 1067 50 27.941
117 220 55 18.226
118 993 17 8.698
119 6 7 74.954
120 324 1 53.680
121 186 39 98.811
122 260 2 11.401
123 573 1 94.548
124 567 33 21.517
125 775 60 28.630
126 1096 54 61.858
127 870 40 95.124
128 379 28 61.610
129 877 47 21.285
130 959 37 25.982
131 220 25 26.333
132 1156 18 61.078
133 303 51 98.946
134 890 35 41.818
135 1207 29 45.246
136 2 59 16.053
137 1132 43 9.777
138 605 31 17.227
139 1068 1 76.966
140 1426 14 41.009
141 498 59 98.576
142 962 52 0.377
143 113 7 78.291
144 1315 48 12.143
145 632 16 67.654
146 566 20 59.162
147 130 50 77.321
148 277 25 41.573
149 1120 44 75.640
150 340 45 95.717