150
1 36 46 23.203
2 1194 12 19.873
3 403 39 38.154
4 1024 51 14.261
5 265 12 81.621
6 632 22 64.448
7 1413 3 84.662
8 1009 55 6.253
9 431 12 22.858
10 125 5 52.297
11 1248 60 23.342
12 355 4 73.096
13 130 60 8.438
14 1226 37 32.997
15 1157 13 26.157
16 100 42 8.225
17 691 50 32.817
18 1131 43 84.985
19 1350 22 95.613
20 823 34 16.691
21 153 35 25.393
22 739 43 17.196
23 1400 42 10.304
24 515 52 5.912
25 629 53 93.323
26 804 36 44.914
27 1141 16 40.885
28 1406 33 79.594
29 994 60 74.520
30 150 17 72.067
31 657 23 46.017
32 12 58 94.187
33 718 25 78.263
34 257 11 41.891
35 565 39 94.378
36 1238 26 5.464
37 694 22 36.987
38 1014 54 23.216
39 904 55 69.064
40 1205 18 0.998
41 4 45 72.757
42 711 37 65.044
43 843 41 63.593
44 1203 22 26.311
45 1139 43 17.224
46 821 59 94.448
47 920 37 84.164
48 630 3 92.076
49 35 32 39.338
50 639 50 34.828
51 733 46 1.499
52 1377 30 90.517
53 1205 2 80.018
54 833 48 72.937
55 1132 40 74.349
56 170 25 11.874
57 1423 18 50.076
58 1148 38 71.550
59 609 46 10.793
60 1358 8 80.359
61 1243 24 61.625
62 8 15 90.377
63 444 10 97.775
64 358 30 20.243
65 1278 23 33.960
66 221 38 23.330
67 381 16 42.156
68 431 48 59.823
69 666 27 64.219
70 797 10 30.745
71 582 1 76.133
72 1229 4 60.154
73 772 16 11.459
74 550 11 25.785
75 1230 3 97.823
76 672 50 56.827
77 4 55 93.047
78 782 15 60.062
79 1146 3 25.724
80 343 11 39.815
81 1221 22 67.432
82 1194 60 17.827
83 251 36 61.485
84 1421 4 51.752
85 270 9 79.120
86 988 14 79.711
87 1200 41 23.539
88 67 13 67.842
89 604 46 5.599
90 887 10 46.447
91 1154 27 49.371
92 1173 21 64.390
93 830 29 87.829
94 688 43 70.892
95 1314 46 65.339
96 914 49 59.137
97 1091 53 95.485
98 787 58 21.721
99 318 43 5.316
100 494 44 51.427
101 1435 11 75.107
102 967 30 37.426
103 1200 18 62.976
104 1366 8 51.951
105 289 5 22.237
106 44 25 41.477
107 483 9 15.612
108 1306 5 75.498
109 995 21 10.102
110 1092 45 64.691
111 594 9 91.272
112 826 10 64.154
113 1270 28 10.582
114 684 51 72.405
115 493 44 73.060
116 835 17 2.448
117 850 43 62.383
118 395 31 47.143
119 990 14 97.400
120 648 15 63.133
121 442 59 64.384
122 399 22 39.175
123 885 41 61.129
124 506 45 35.182
125 936 28 46.982
126 981 22 3.241
127 1224 38 9.082
128 337 2 86.051
129 317 18 59.994
130 1043 13 74.066
131 407 10 20.263
132 181 15 5.642
133 734 35 93.807
134 1158 45 17.258
135 1166 15 8.887
136 310 30 8.385
137 972 37 51.363
138 475 42 46.531
139 1133 8 14.945
140 938 5 95.220
141 655 27 79.846
142 77 13 79.466
143 1408 58 37.265
144 1222 52 41.932
145 1016 12 69.762
146 1159 51 6.116
147 341 57 12.822
148 496 14 65.008
149 512 47 83.558
150 1083 26 15.163