150
1 858 39 74.988
2 1307 16 57.840
3 923 30 75.878
4 912 32 26.977
5 72 48 64.134
6 779 43 50.874
7 605 30 38.739
8 848 7 43.151
9 611 14 14.095
10 1207 26 60.198
11 538 19 17.570
12 631 46 47.053
13 1203 46 52.155
14 378 39 85.876
15 599 39 87.164
16 906 43 90.184
17 1425 40 31.805
18 727 1 28.665
19 1023 15 64.837
20 27 49 50.575
21 1412 9 40.135
22 490 54 94.928
23 289 38 96.580
24 411 33 84.659
25 1095 33 13.880
26 867 8 87.537
27 472 27 64.536
28 1111 30 34.994
29 763 27 40.511
30 192 11 39.163
31 1052 43 1.915
32 351 54 24.348
33 43 15 11.307
34 1189 48 64.576
35 476 26 51.615
36 562 7 73.121
37 583 52 61.353
38 499 19 53.561
39 234 1 91.193
40 886 26 15.377
41 1250 17 69.210
42 1168 28 15.696
43 1317 19 52.678
44 253 23 99.958
45 1377 25 40.288
46 441 26 45.950
47 786 25 44.115
48 646 28 85.907
49 1244 36 39.075
50 835 7 41.546
51 17 49 47.369
52 704 30 58.103
53 713 22 95.167
54 882 27 94.656
55 536 53 48.977
56 569 16 38.833
57 473 38 83.605
58 523 5 65.147
59 1372 37 47.710
60 706 30 67.186
61 1233 23 77.471
62 60 30 69.855
63 1083 4 87.856
64 860 55 29.774
65 886 50 16.497
66 589 15 63.781
67 402 60 32.990
68 368 48 80.706
69 254 29 96.171
70 781 3 18.204
71 25 1 12.270
72 911 2 22.483
73 184 6 56.592
74 1276 32 85.376
75 250 7 60.890
76 1201 24 89.214
77 114 20 9.170
78 426 4 93.966
79 688 50 22.989
80 1342 8 12.396
81 928 42 17.800
82 711 28 76.794
83 1174 22 7.054
84 124 31 94.271
85 726 30 46.015
86 1030 57 77.709
87 413 4 27.456
88 1426 9 29.980
89 661 57 3.584
90 1230 3 27.033
91 556 54 73.895
92 812 11 11.037
93 1344 43 74.881
94 1440 44 56.405
95 727 57 57.220
96 32 43 73.725
97 361 32 28.341
98 502 16 76.633
99 386 26 89.585
100 1116 35 96.406
101 1344 4 51.453
102 812 3 59.605
103 369 25 16.834
104 1434 22 8.751
105 1393 55 47.606
106 19 36 90.035
107 1135 26 73.756
108 973 34 37.654
109 1294 26 94.204
110 1135 1 95.513
111 142 32 45.321
112 91 23 25.389
113 128 32 72.274
114 890 28 46.008
115 243 51 84.522
116 1089 3 78.138
117 554 2 57.263
118 173 3 45.203
119 5 9 99.948
120 1175 5 33.335
121 315 31 20.198
122 676 50 31.338
123 1165 51 11.646
124 113 42 78.246
125 693 52 78.939
126 1048 26 8.407
127 760 58 78.366
128 915 31 82.559
129 186 3 32.525
130 218 49 36.016
131 312 14 89.122
132 392 12 88.395
133 654 26 47.668
134 906 31 75.538
135 357 56 9.172
136 106 16 94.225
137 274 47 30.726
138 1315 17 62.890
139 117 9 56.676
140 29 33 56.804
141 780 9 19.228
142 986 45 20.625
143 1271 59 33.913
144 736 32 38.139
145 973 60 18.485
146 722 8 87.814
147 628 29 38.998
148 1312 58 96.308
149 694 5 69.149
150 463 25 31.341