150
1 173 35 3.350
2 763 19 8.470
3 38 27 26.939
4 1102 23 9.458
5 717 13 62.224
6 672 34 62.983
7 362 16 31.411
8 134 20 92.101
9 308 6 82.477
10 1151 59 80.604
11 1294 15 57.573
12 802 38 1.733
13 1275 35 13.228
14 1198 9 29.937
15 1306 12 25.125
16 1388 3 64.333
17 1423 3 18.843
18 1053 48 35.858
19 565 22 75.370
20 1393 22 70.577
21 1336 28 13.943
22 1262 3 69.407
23 1290 31 81.229
24 823 56 1.077
25 175 41 10.638
26 1009 49 99.019
27 1061 42 36.361
28 202 60 56.820
29 691 4 30.504
30 1267 5 92.748
31 913 57 12.783
32 770 36 54.977
33 782 35 70.877
34 1092 22 79.257
35 380 29 32.504
36 371 4 50.947
37 1004 53 69.388
38 527 58 90.927
39 67 54 16.662
40 740 49 58.194
41 70 27 4.683
42 78 4 82.198
43 83 34 80.033
44 346 12 9.834
45 1268 55 52.208
46 750 32 62.016
47 343 49 38.255
48 1039 41 3.096
49 750 15 18.130
50 395 17 33.900
51 122 40 2.990
52 1103 59 91.958
53 848 56 23.244
54 1346 21 63.838
55 65 47 64.972
56 600 5 17.853
57 784 49 24.786
58 633 45 65.037
59 336 22 68.603
60 397 20 60.926
61 1322 44 14.828
62 689 27 77.396
63 320 58 81.572
64 532 2 22.361
65 893 33 43.645
66 733 43 6.214
67 594 10 5.964
68 9 8 69.780
69 1225 52 57.489
70 1070 1 53.136
71 1155 50 85.973
72 1024 31 79.100
73 1314 51 23.883
74 1234 13 67.177
75 1354 47 87.024
76 1017 27 16.616
77 1405 28 0.194
78 686 57 94.290
79 392 26 74.450
80 550 57 2.188
81 311 27 22.148
82 1261 28 40.103
83 1061 53 72.241
84 1139 34 45.239
85 925 41 90.982
86 801 39 95.951
87 729 12 49.797
88 341 44 14.651
89 365 58 34.034
90 1373 43 62.875
91 153 13 1.931
92 770 27 84.188
93 1006 17 61.305
94 484 45 49.076
95 7 22 49.696
96 1177 18 22.267
97 1432 53 73.661
98 705 31 23.174
99 1419 24 82.813
100 71 18 50.218
101 1310 4 60.797
102 780 5 16.720
103 723 60 66.326
104 1162 51 5.705
105 561 36 23.629
106 868 16 15.012
107 1240 21 67.605
108 12 51 95.275
109 354 21 7.167
110 1000 21 67.886
111 1313 47 43.621
112 610 9 88.782
113 564 52 4.667
114 497 27 21.473
115 806 36 73.386
116 1008 52 72.640
117 1282 57 13.899
118 295 11 1.008
119 1363 60 33.629
120 1394 37 64.908
121 799 25 25.193
122 384 35 41.787
123 536 47 58.199
124 1033 52 58.324
125 168 17 74.326
126 234 37 19.163
127 604 50 60.907
128 1385 43 44.240
129 379 45 77.413
130 881 52 51.018
131 908 37 12.159
132 1039 36 24.195
133 1139 30 58.508
134 560 5 23.838
135 416 35 21.418
136 907 30 53.117
137 792 32 84.786
138 158 37 76.582
139 604 37 2.068
140 1064 14 59.012
141 150 17 27.675
142 593 12 29.017
143 1092 9 42.309
144 638 38 91.137
145 452 2 77.298
146 313 52 0.824
147 1330 40 86.063
148 1136 50 96.365
149 1439 22 72.687
150 1280 31 71.741