150
1 1405 29 9.271
2 1274 10 8.474
3 287 17 50.269
4 199 51 84.853
5 32 36 9.729
6 602 9 16.833
7 183 33 37.625
8 44 16 84.920
9 30 32 21.196
10 646 12 55.372
11 714 27 62.955
12 1213 50 16.926
13 655 6 71.968
14 893 26 32.943
15 776 11 60.693
16 533 10 70.090
17 452 5 84.793
18 860 28 70.727
19 522 1 87.981
20 181 43 98.684
21 758 54 25.012
22 157 42 92.191
23 1415 55 27.213
24 492 18 19.466
25 1154 4 54.252
26 1244 30 29.526
27 422 28 4.913
28 822 35 86.609
29 663 28 91.072
30 123 12 72.797
31 572 15 57.844
32 232 52 0.513
33 499 33 20.355
34 148 32 56.133
35 180 14 56.277
36 1180 60 81.667
37 1299 49 78.162
38 1025 9 28.197
39 1069 15 33.975
40 796 29 69.942
41 141 35 83.124
42 301 32 60.775
43 859 53 39.766
44 541 50 74.669
45 442 23 3.750
46 800 42 17.769
47 156 42 96.876
48 823 41 92.202
49 1095 1 82.678
50 1380 29 1.809
51 935 7 41.472
52 373 18 86.577
53 401 47 37.204
54 392 24 95.300
55 488 7 77.752
56 1019 33 5.550
57 1017 30 32.934
58 393 30 86.909
59 779 23 80.190
60 83 20 97.904
61 284 54 69.613
62 1019 14 94.939
63 349 29 45.026
64 400 29 23.243
65 1084 47 63.880
66 1030 58 29.291
67 868 51 15.965
68 686 44 73.563
69 322 23 9.178
70 871 20 14.729
71 936 53 10.675
72 690 5 85.153
73 617 15 92.948
74 379 20 18.007
75 96 49 1.132
76 392 33 33.710
77 664 3 20.093
78 224 8 71.599
79 905 50 30.825
80 886 33 97.110
81 505 24 42.371
82 816 17 87.248
83 934 6 16.811
84 283 28 83.040
85 414 7 11.971
86 890 26 5.465
87 897 3 58.568
88 203 29 19.709
89 1017 51 69.952
90 296 36 26.737
91 1220 48 71.198
92 197 53 70.131
93 222 20 30.352
94 595 31 52.063
95 672 33 35.367
96 1174 36 23.766
97 827 52 65.560
98 722 5 60.977
99 1211 25 57.410
100 1070 38 39.744
101 633 41 64.509
102 180 16 81.517
103 95 38 59.432
104 689 36 43.015
105 62 16 13.210
106 173 4 27.620
107 1256 51 87.179
108 222 43 82.024
109 1101 51 88.692
110 1101 44 3.970
111 795 31 89.936
112 544 1 35.935
113 160 46 54.147
114 808 34 82.712
115 729 38 67.255
116 180 28 76.685
117 409 34 20.425
118 239 60 42.048
119 1391 19 35.337
120 606 40 16.979
121 1255 14 80.023
122 1212 44 13.238
123 508 56 2.553
124 178 3 35.715
125 890 20 95.471
126 576 43 80.550
127 729 38 83.966
128 360 7 8.197
129 1037 13 57.090
130 1097 42 25.465
131 578 1 74.924
132 702 43 95.385
133 759 35 93.340
134 677 13 24.437
135 232 24 71.473
136 853 9 16.918
137 674 2 59.687
138 126 21 19.188
139 1308 18 53.474
140 1291 39 94.384
141 1199 2 42.009
142 242 45 9.206
143 1189 52 66.625
144 811 19 99.583
145 324 54 78.351
146 1 45 71.678
147 445 33 53.733
148 1067 43 60.471
149 966 52 6.131
150 696 31 52.663