150
1 132 3 41.682
2 547 31 13.755
3 734 33 49.791
4 1049 60 6.535
5 1195 16 19.688
6 1210 56 99.810
7 721 24 55.622
8 645 25 94.472
9 661 14 52.782
10 901 32 20.815
11 202 44 69.260
12 273 22 41.768
13 53 27 20.222
14 858 55 75.209
15 476 36 35.138
16 996 35 77.276
17 1277 59 99.383
18 1127 34 77.310
19 479 24 6.373
20 590 11 19.680
21 978 54 33.948
22 62 44 89.387
23 955 46 34.361
24 747 44 49.309
25 159 34 36.835
26 476 44 92.481
27 718 26 89.176
28 17 27 67.397
29 608 40 40.670
30 659 42 45.521
31 1076 46 98.119
32 864 3 1.487
33 1073 56 68.457
34 258 33 65.172
35 171 39 79.205
36 42 31 10.503
37 520 5 78.903
38 373 23 21.773
39 793 9 81.161
40 656 26 11.497
41 717 30 42.517
42 730 2 34.240
43 1172 43 37.001
44 825 35 73.086
45 424 31 87.417
46 711 41 93.292
47 1127 45 54.729
48 145 8 0.389
49 1263 30 75.560
50 1127 35 1.266
51 1421 14 95.739
52 1033 21 0.969
53 237 3 33.208
54 1262 51 3.046
55 1146 51 40.965
56 62 1 18.024
57 1028 28 31.830
58 666 45 2.706
59 869 11 57.538
60 834 30 50.274
61 108 9 5.520
62 1351 7 67.024
63 426 27 82.861
64 148 42 13.405
65 1359 30 19.653
66 1264 19 12.424
67 1326 14 16.964
68 827 7 15.555
69 687 36 10.435
70 95 19 87.219
71 115 13 72.814
72 881 43 51.975
73 553 23 17.619
74 1056 27 67.977
75 861 47 61.293
76 980 48 4.489
77 16 22 16.145
78 1295 27 95.668
79 1258 46 13.206
80 1155 6 53.327
81 1264 10 7.435
82 252 19 67.524
83 682 55 46.739
84 1316 58 18.316
85 354 27 85.272
86 272 48 95.933
87 534 56 5.662
88 1016 19 4.131
89 1218 36 66.312
90 952 12 91.839
91 1380 25 54.963
92 1093 6 56.370
93 94 44 60.770
94 383 25 51.944
95 1180 41 52.837
96 1267 17 83.058
97 590 39 56.068
98 783 20 15.181
99 151 40 14.383
100 369 33 66.853
101 227 58 75.948
102 208 25 95.398
103 520 56 33.509
104 1010 41 58.412
105 457 57 70.208
106 414 55 40.882
107 912 14 15.794
108 211 53 69.728
109 904 50 65.414
110 3 34 9.701
111 746 38 6.226
112 1064 12 87.032
113 899 32 16.330
114 1108 34 77.444
115 25 52 90.150
116 1133 8 75.476
117 685 41 79.716
118 65 23 75.856
119 124 57 59.451
120 152 60 84.436
121 470 25 90.950
122 669 46 99.374
123 686 1 29.688
124 384 19 14.136
125 1389 59 1.850
126 182 57 95.084
127 833 4 66.976
128 1191 5 93.401
129 742 11 5.638
130 773 29 53.466
131 130 30 53.001
132 465 26 17.419
133 1223 5 36.122
134 185 28 81.006
135 528 17 48.620
136 1412 59 17.319
137 728 29 23.366
138 1279 51 40.355
139 1374 26 63.398
140 497 57 38.165
141 521 27 21.907
142 1132 13 53.409
143 1093 47 35.111
144 141 6 78.093
145 1026 46 79.061
146 955 43 91.676
147 765 50 78.150
148 748 4 97.646
149 1144 58 75.369
150 357 42 66.378