150
1 1081 57 37.094
2 888 51 46.385
3 845 43 62.134
4 77 24 95.466
5 937 18 68.333
6 891 35 68.655
7 390 54 25.228
8 583 38 81.324
9 516 27 87.157
10 1234 5 19.645
11 1130 52 62.615
12 1186 26 26.961
13 730 18 54.523
14 1079 21 51.760
15 577 40 62.260
16 114 44 19.454
17 1179 15 9.819
18 200 21 94.142
19 1166 55 32.978
20 128 12 55.209
21 36 28 15.435
22 1030 23 52.556
23 59 32 84.878
24 1374 50 20.525
25 1244 26 47.020
26 357 2 61.612
27 927 46 6.716
28 355 12 38.966
29 9 3 25.627
30 811 11 86.132
31 1114 7 18.165
32 510 21 52.193
33 117 18 34.010
34 1380 20 3.378
35 699 1 72.052
36 1160 31 29.504
37 1085 46 66.451
38 329 1 23.028
39 892 3 25.966
40 654 44 99.705
41 16 47 92.152
42 782 7 53.161
43 759 23 98.544
44 1134 48 80.376
45 1372 53 3.261
46 180 29 80.840
47 37 59 63.112
48 510 24 99.819
49 673 14 92.698
50 221 17 54.053
51 569 48 68.852
52 619 8 77.044
53 950 18 83.014
54 1144 35 73.674
55 769 17 64.498
56 631 20 71.575
57 357 41 70.900
58 685 12 9.340
59 1067 37 63.451
60 570 18 54.759
61 825 25 61.635
62 316 17 48.994
63 485 60 10.418
64 1236 35 5.873
65 1397 43 32.341
66 501 4 75.855
67 1064 13 60.972
68 426 27 16.945
69 857 51 65.448
70 1330 17 89.045
71 307 17 45.016
72 281 16 99.958
73 329 54 14.408
74 60 18 98.940
75 1429 36 46.710
76 1040 20 39.484
77 775 2 88.590
78 253 38 15.394
79 346 28 58.619
80 7 43 85.054
81 1020 34 51.489
82 898 42 81.006
83 819 28 21.443
84 774 29 76.477
85 987 36 67.878
86 46 23 0.912
87 1396 45 91.431
88 3 6 98.843
89 95 5 30.904
90 1156 33 1.821
91 463 58 38.640
92 1015 45 59.334
93 1257 13 46.660
94 397 6 41.481
95 1312 36 56.472
96 784 35 64.823
97 432 39 37.402
98 723 16 30.011
99 1069 59 18.928
100 77 43 21.621
101 775 24 38.353
102 107 10 34.765
103 437 19 18.361
104 814 44 72.380
105 1107 25 77.403
106 1117 2 22.684
107 786 14 25.512
108 1329 44 59.947
109 1004 5 15.632
110 469 16 43.974
111 1120 32 16.389
112 811 23 54.914
113 867 4 27.700
114 1404 21 74.556
115 493 56 96.442
116 918 4 42.360
117 160 46 64.889
118 356 42 1.981
119 200 44 42.259
120 168 50 74.431
121 822 8 34.366
122 1361 22 28.692
123 471 50 16.030
124 1024 1 29.393
125 695 15 77.331
126 938 39 97.199
127 968 53 32.192
128 544 29 1.258
129 814 47 90.368
130 892 1 71.096
131 801 37 58.311
132 205 55 77.681
133 227 9 36.392
134 382 8 90.539
135 502 52 11.577
136 793 47 95.947
137 1336 5 84.654
138 210 2 48.258
139 176 45 54.585
140 597 7 65.490
141 487 7 61.778
142 548 4 33.345
143 590 20 64.978
144 856 29 64.985
145 1095 3 28.021
146 875 31 6.229
147 813 13 28.317
148 493 3 16.470
149 78 30 62.960
150 267 55 10.317