150
1 986 39 28.207
2 206 37 16.462
3 341 58 34.029
4 402 32 37.064
5 221 22 85.295
6 513 17 55.134
7 9 50 94.536
8 910 35 2.186
9 471 6 64.715
10 23 60 76.635
11 189 24 56.837
12 254 29 9.540
13 517 34 23.563
14 1156 48 21.296
15 234 37 99.637
16 1195 18 89.766
17 1440 46 4.114
18 567 52 25.561
19 504 50 77.132
20 1253 28 81.394
21 1057 8 49.632
22 1351 47 49.537
23 523 51 19.570
24 388 13 34.508
25 866 33 85.562
26 1429 6 39.889
27 790 35 79.379
28 25 24 37.145
29 522 10 88.813
30 734 58 93.890
31 502 35 29.773
32 463 46 97.130
33 583 28 36.344
34 539 54 38.287
35 382 28 42.436
36 131 31 92.912
37 574 26 62.212
38 293 4 97.965
39 900 3 0.338
40 600 57 14.143
41 876 18 84.101
42 215 20 34.696
43 1123 23 65.610
44 525 11 80.517
45 349 58 28.028
46 1119 13 66.046
47 1396 36 41.458
48 136 47 0.339
49 187 48 39.679
50 859 25 25.291
51 1030 16 92.781
52 17 55 99.872
53 217 59 71.351
54 992 23 41.778
55 1282 32 23.962
56 529 30 49.739
57 418 11 74.154
58 852 3 18.473
59 1031 5 80.373
60 31 33 49.473
61 1165 6 32.941
62 1227 8 59.292
63 1184 50 64.646
64 232 51 38.672
65 706 42 97.592
66 982 10 0.643
67 1110 9 80.292
68 947 42 14.747
69 864 7 82.357
70 1057 47 53.573
71 1245 25 11.226
72 371 30 64.417
73 413 44 43.248
74 658 43 43.416
75 99 4 89.535
76 579 31 45.955
77 1370 5 72.554
78 928 8 20.431
79 468 55 43.204
80 775 14 15.975
81 1337 15 86.102
82 1138 27 43.600
83 778 30 16.995
84 582 31 43.121
85 323 41 98.128
86 1141 19 65.551
87 1291 37 85.176
88 1221 59 7.370
89 904 55 42.151
90 795 58 88.248
91 1018 21 39.913
92 646 3 15.374
93 1173 53 76.559
94 316 3 66.751
95 729 48 73.536
96 733 1 13.530
97 28 49 96.430
98 563 49 90.546
99 297 3 99.717
100 1160 50 31.275
101 461 34 21.402
102 891 45 4.271
103 325 48 81.742
104 540 48 91.204
105 452 37 18.862
106 682 59 96.326
107 562 30 19.168
108 1042 51 30.583
109 1086 8 70.856
110 810 36 18.222
111 1025 40 78.480
112 1210 34 36.967
113 672 31 18.952
114 1109 19 91.106
115 842 17 55.196
116 148 10 83.324
117 1068 13 27.286
118 308 36 8.881
119 1199 54 27.594
120 504 44 40.707
121 1330 60 9.611
122 1010 14 71.031
123 795 2 2.969
124 232 12 40.597
125 589 23 97.879
126 485 29 50.251
127 1110 30 61.953
128 606 26 6.372
129 798 60 12.840
130 1082 55 77.644
131 165 47 97.976
132 466 47 30.197
133 1116 39 49.273
134 1316 18 37.870
135 1348 42 77.737
136 1244 28 33.470
137 365 32 10.707
138 717 26 86.415
139 121 22 49.235
140 341 5 31.527
141 553 44 81.768
142 1307 13 1.025
143 485 32 27.629
144 507 35 33.140
145 1125 19 52.139
146 322 1 69.318
147 935 34 52.364
148 807 17 23.683
149 609 55 9.238
150 60 40 12.167