150
1 955 23 11.614
2 1195 58 2.620
3 667 54 77.822
4 626 4 65.639
5 935 41 44.508
6 646 41 78.843
7 249 52 25.205
8 25 55 87.960
9 650 48 53.964
10 443 11 50.870
11 1431 11 62.149
12 424 3 99.918
13 1059 49 69.483
14 1030 33 71.177
15 76 45 8.944
16 1244 47 2.730
17 328 2 96.016
18 718 30 6.581
19 951 53 57.083
20 767 19 74.402
21 122 55 24.292
22 210 12 73.522
23 798 56 23.500
24 504 48 47.496
25 101 59 12.877
26 151 18 27.772
27 397 5 96.708
28 119 31 29.451
29 1249 42 48.004
30 1365 58 27.520
31 202 19 59.433
32 1419 41 66.494
33 378 58 81.334
34 1167 43 82.710
35 461 19 61.101
36 1128 52 29.559
37 175 54 75.402
38 300 35 78.838
39 807 60 94.663
40 391 12 15.830
41 1210 54 86.734
42 523 36 29.722
43 552 5 57.011
44 26 53 33.260
45 1200 5 24.886
46 1117 55 84.689
47 1412 39 89.621
48 189 37 56.882
49 341 29 51.957
50 580 35 24.476
51 308 10 19.968
52 1409 35 61.475
53 551 27 42.268
54 714 60 29.669
55 578 13 33.420
56 1227 11 54.952
57 685 60 58.429
58 1090 10 68.365
59 1204 4 10.154
60 240 42 99.531
61 346 47 99.250
62 982 55 10.814
63 6 58 70.250
64 832 39 86.771
65 1044 21 87.504
66 101 49 81.862
67 412 31 88.322
68 470 31 63.903
69 718 11 97.932
70 840 43 48.079
71 597 55 10.633
72 173 48 95.658
73 1327 53 77.642
74 1319 15 85.173
75 275 12 22.252
76 528 42 72.021
77 908 39 98.281
78 195 52 96.747
79 839 56 31.547
80 895 26 58.671
81 941 9 31.566
82 1214 6 42.499
83 1261 60 4.987
84 621 52 39.265
85 1236 41 13.103
86 992 26 84.003
87 1037 52 94.719
88 399 30 25.665
89 704 44 90.634
90 291 33 39.169
91 782 6 21.412
92 296 6 57.962
93 873 43 3.932
94 893 8 5.950
95 444 22 56.620
96 307 48 28.538
97 614 46 89.289
98 672 32 53.245
99 39 53 54.208
100 1016 2 84.225
101 894 4 48.373
102 118 18 97.789
103 241 48 51.202
104 831 2 54.294
105 202 34 30.066
106 1177 54 24.586
107 911 7 44.900
108 1420 40 8.055
109 629 42 15.984
110 453 22 35.048
111 1320 39 74.485
112 487 35 62.176
113 1167 38 17.402
114 31 15 88.648
115 641 42 71.303
116 865 57 1.401
117 245 46 50.082
118 1178 18 6.070
119 1399 10 63.562
120 403 13 99.146
121 348 33 86.173
122 1376 11 56.525
123 788 35 59.548
124 1153 15 80.924
125 329 19 43.515
126 18 55 82.173
127 436 30 11.386
128 597 3 19.527
129 677 25 40.528
130 19 31 46.034
131 94 23 96.133
132 473 1 61.318
133 851 3 89.562
134 1082 49 26.870
135 1091 21 56.944
136 939 35 17.915
137 963 43 98.349
138 57 2 21.235
139 754 36 24.673
140 165 54 83.904
141 806 30 44.823
142 683 12 8.431
143 523 43 40.460
144 1436 26 53.380
145 1279 41 37.695
146 522 58 69.771
147 121 40 43.872
148 111 60 48.287
149 866 59 32.070
150 1207 47 61.964