150
1 304 52 48.586
2 1301 12 40.637
3 718 35 87.821
4 1296 22 11.007
5 893 20 75.497
6 405 4 11.346
7 266 29 47.121
8 622 2 38.047
9 805 12 27.279
10 438 2 23.690
11 1101 55 6.055
12 426 9 32.754
13 271 45 6.954
14 218 6 15.055
15 1 27 6.969
16 959 17 47.827
17 822 48 13.785
18 912 7 84.861
19 772 59 64.632
20 1407 32 60.888
21 1242 48 75.102
22 637 47 29.287
23 108 36 27.928
24 473 45 49.645
25 1199 20 40.852
26 227 41 18.477
27 577 7 88.669
28 215 42 36.490
29 1127 13 67.408
30 676 56 47.021
31 745 54 12.392
32 308 41 49.944
33 38 12 22.228
34 948 37 80.315
35 1340 30 85.981
36 626 6 56.688
37 766 52 27.139
38 1225 10 27.244
39 1053 2 50.971
40 39 23 87.890
41 459 30 63.099
42 222 47 74.660
43 68 60 53.946
44 403 25 39.401
45 1068 49 94.976
46 1040 49 70.539
47 1170 23 68.156
48 1271 9 81.285
49 1429 19 3.976
50 578 49 59.025
51 481 5 54.891
52 381 30 49.278
53 321 48 9.459
54 268 39 53.462
55 620 14 87.469
56 620 48 67.800
57 341 45 44.003
58 103 36 39.285
59 1309 35 63.346
60 1408 15 61.636
61 1302 52 52.372
62 1239 50 36.064
63 954 23 88.627
64 77 50 32.372
65 1034 51 89.460
66 951 47 82.015
67 7 25 72.399
68 724 8 44.323
69 387 34 12.484
70 1363 58 88.279
71 130 44 58.118
72 282 8 54.993
73 472 41 80.583
74 112 30 59.072
75 1096 60 98.062
76 744 4 48.126
77 888 60 56.741
78 224 56 88.360
79 938 10 8.109
80 642 39 40.901
81 1394 14 32.685
82 1080 8 10.550
83 571 18 7.930
84 665 56 35.798
85 502 12 17.213
86 1050 51 32.089
87 47 54 60.765
88 194 25 7.397
89 733 23 97.026
90 152 42 61.511
91 300 7 3.417
92 168 17 47.986
93 431 12 45.742
94 231 60 55.220
95 534 42 70.326
96 1242 49 36.329
97 739 50 8.815
98 688 15 84.793
99 1025 20 17.939
100 16 35 13.175
101 600 47 51.364
102 128 10 82.369
103 834 34 27.846
104 16 58 97.620
105 127 42 86.836
106 201 56 83.698
107 1082 24 99.433
108 1066 14 14.379
109 39 23 71.424
110 398 50 67.374
111 1136 24 83.260
112 1409 56 22.637
113 1040 37 74.164
114 442 48 19.299
115 765 33 48.030
116 532 20 67.121
117 408 37 21.577
118 585 49 34.306
119 1086 51 23.387
120 967 53 73.489
121 859 18 75.652
122 289 16 87.534
123 455 57 88.163
124 896 15 49.231
125 547 57 39.192
126 720 16 91.131
127 993 19 53.489
128 235 33 61.044
129 913 42 22.006
130 890 51 60.458
131 217 54 49.238
132 1096 60 36.527
133 380 1 26.332
134 1332 59 46.753
135 326 39 92.052
136 1258 15 10.508
137 213 60 23.414
138 1067 1 81.725
139 1434 21 24.030
140 216 48 39.122
141 1205 46 33.714
142 1006 30 52.321
143 1116 47 91.785
144 1223 7 81.524
145 10 38 10.570
146 657 29 31.941
147 1396 47 49.311
148 929 27 44.348
149 307 16 40.453
150 1321 48 84.825