150
1 409 44 69.484
2 469 40 45.263
3 800 4 53.784
4 683 26 47.300
5 722 45 11.731
6 986 42 62.320
7 545 53 34.666
8 804 31 96.435
9 1417 14 14.137
10 1188 48 6.947
11 1020 42 25.824
12 402 21 26.295
13 99 58 8.200
14 1384 35 56.324
15 627 57 38.756
16 217 11 62.152
17 977 3 59.963
18 537 39 18.911
19 1202 52 32.194
20 1254 60 64.848
21 528 42 51.761
22 820 43 22.013
23 676 47 61.521
24 268 11 53.947
25 302 41 73.290
26 863 60 68.498
27 246 4 65.994
28 1152 56 27.052
29 956 18 33.106
30 1124 36 19.689
31 1273 12 21.048
32 1329 39 92.234
33 956 9 8.063
34 1301 12 99.430
35 580 39 3.179
36 794 40 38.361
37 440 38 66.501
38 820 19 88.173
39 146 56 10.679
40 1172 53 50.214
41 1360 34 61.341
42 244 36 14.485
43 1113 22 17.269
44 580 17 5.497
45 664 22 59.662
46 522 14 63.719
47 313 41 42.611
48 1326 24 30.809
49 829 16 38.158
50 417 24 12.044
51 530 30 40.186
52 633 55 86.336
53 564 18 47.850
54 1371 45 19.336
55 346 42 77.355
56 1221 42 17.349
57 16 37 43.658
58 452 36 16.926
59 316 7 2.849
60 168 27 26.242
61 990 34 70.105
62 315 22 95.684
63 284 24 36.101
64 918 50 40.371
65 1303 38 61.005
66 1381 46 37.086
67 167 44 9.561
68 500 20 32.056
69 47 26 19.762
70 825 32 82.271
71 3 39 66.487
72 1108 6 52.786
73 1132 39 48.050
74 1081 51 8.811
75 1170 23 92.565
76 1160 50 59.486
77 969 38 22.099
78 1325 13 98.682
79 18 33 55.167
80 1183 13 84.732
81 391 24 33.049
82 108 60 50.995
83 1403 51 97.235
84 1247 10 95.963
85 612 9 18.166
86 1215 19 39.017
87 546 55 13.125
88 369 50 79.558
89 1365 46 87.810
90 255 8 34.903
91 601 47 74.840
92 422 55 75.169
93 122 1 76.342
94 137 24 67.971
95 1232 53 7.121
96 91 46 11.105
97 328 46 5.877
98 409 34 3.459
99 1114 42 15.444
100 562 42 81.508
101 1008 2 2.828
102 1084 53 55.642
103 583 24 44.743
104 242 45 5.316
105 994 16 31.465
106 409 11 66.138
107 1124 18 13.090
108 1187 7 89.616
109 798 23 40.593
110 677 45 39.226
111 1074 14 15.464
112 607 18 57.866
113 857 35 52.839
114 1330 40 88.366
115 610 49 11.399
116 554 40 23.623
117 68 41 63.024
118 996 16 36.933
119 600 23 67.139
120 270 15 50.921
121 188 14 28.792
122 518 51 95.430
123 582 18 36.603
124 672 7 92.028
125 1259 58 1.571
126 1317 14 24.593
127 888 45 19.868
128 24 28 54.639
129 962 45 78.299
130 1301 35 7.463
131 1222 58 91.396
132 477 21 84.824
133 458 57 60.843
134 1417 3 40.246
135 1265 51 75.140
136 39 17 30.817
137 660 19 63.883
138 323 23 72.071
139 264 25 37.024
140 954 25 91.115
141 850 8 70.299
142 870 54 23.410
143 498 53 27.279
144 32 10 13.637
145 233 26 72.552
146 641 49 54.447
147 513 38 74.615
148 1392 3 36.565
149 574 13 22.942
150 155 48 28.717