150
1 219 46 69.295
2 1118 35 86.048
3 419 37 77.916
4 571 29 47.098
5 619 43 13.750
6 968 15 43.113
7 1355 5 95.421
8 1299 44 27.550
9 1146 32 56.680
10 1116 8 23.883
11 1150 15 35.037
12 686 29 2.830
13 4 38 86.470
14 280 30 83.781
15 285 27 55.056
16 501 43 27.219
17 1305 13 55.986
18 666 25 95.892
19 1139 26 31.339
20 989 37 53.434
21 367 31 16.758
22 1113 12 85.296
23 518 37 37.856
24 1295 45 16.088
25 817 37 84.140
26 698 10 8.480
27 1137 4 25.563
28 1047 11 17.118
29 965 15 58.547
30 962 15 76.912
31 988 21 90.964
32 1135 43 2.559
33 435 23 23.663
34 787 23 59.593
35 117 23 38.099
36 1109 28 3.777
37 3 37 14.610
38 1330 52 36.365
39 1358 44 94.982
40 766 2 72.399
41 971 34 67.641
42 1116 48 39.925
43 81 49 83.528
44 1338 5 95.635
45 1411 51 65.459
46 760 55 20.585
47 793 20 41.966
48 1431 45 75.867
49 773 17 61.798
50 183 14 14.155
51 1279 54 14.527
52 1083 60 12.826
53 253 41 66.700
54 1176 26 91.750
55 5 14 25.843
56 259 36 15.278
57 123 42 28.506
58 753 24 72.734
59 231 41 24.442
60 1430 23 59.438
61 781 52 34.809
62 303 49 15.500
63 318 5 52.503
64 825 24 8.749
65 1233 33 43.693
66 1386 29 86.051
67 726 34 45.102
68 91 57 94.825
69 481 50 24.676
70 998 20 73.674
71 534 1 62.348
72 710 44 54.732
73 1019 5 92.198
74 954 27 80.477
75 617 12 31.431
76 614 51 19.523
77 1344 15 11.516
78 288 33 50.027
79 213 56 14.346
80 437 40 39.802
81 1392 46 20.342
82 435 7 18.718
83 1430 1 97.272
84 817 7 68.367
85 959 57 29.330
86 720 10 64.102
87 45 56 79.730
88 251 36 90.434
89 26 35 45.082
90 1122 30 41.334
91 295 40 90.170
92 342 44 51.696
93 173 43 15.555
94 783 35 94.025
95 1128 57 90.018
96 910 5 63.907
97 349 13 32.414
98 250 6 53.067
99 1199 55 4.197
100 951 30 68.463
101 53 37 97.490
102 1197 33 52.525
103 264 55 12.573
104 387 16 87.800
105 911 13 79.118
106 647 22 22.896
107 353 42 61.591
108 1198 35 64.585
109 1244 18 89.361
110 975 14 16.070
111 278 37 95.414
112 577 20 68.262
113 1257 12 47.012
114 1101 35 52.917
115 1062 42 74.097
116 1079 37 12.473
117 575 4 67.080
118 417 25 58.315
119 915 3 1.055
120 423 54 68.741
121 389 3 52.745
122 1437 17 36.789
123 1015 53 21.717
124 120 20 66.506
125 412 24 19.687
126 936 46 94.862
127 16 13 64.791
128 768 47 95.940
129 1003 23 92.596
130 577 33 7.811
131 788 26 4.301
132 231 16 44.519
133 1321 32 27.636
134 449 57 9.848
135 305 47 58.327
136 746 17 53.702
137 359 56 78.617
138 625 40 95.674
139 1170 52 70.210
140 283 26 64.032
141 232 5 57.076
142 1262 12 9.737
143 1261 23 98.604
144 506 26 84.489
145 270 44 9.341
146 1440 40 82.026
147 597 45 51.774
148 504 31 24.829
149 808 28 68.138
150 647 58 80.690