150
1 999 3 56.453
2 813 60 64.407
3 1055 41 32.401
4 265 8 58.662
5 1408 52 52.957
6 190 55 94.172
7 518 36 44.162
8 938 12 36.865
9 836 3 46.427
10 1350 15 71.460
11 880 27 78.351
12 687 44 75.306
13 478 56 83.776
14 1033 60 72.053
15 1078 45 55.175
16 165 30 65.729
17 326 38 66.028
18 1401 34 36.425
19 1092 59 81.341
20 1361 37 50.502
21 911 31 98.563
22 592 2 55.300
23 557 43 35.554
24 576 39 13.166
25 288 57 70.998
26 1325 14 81.739
27 1129 35 31.307
28 1181 50 72.393
29 907 42 27.466
30 128 41 48.061
31 1237 47 44.972
32 503 35 47.559
33 1319 41 37.782
34 1430 24 82.230
35 718 55 86.230
36 287 34 0.091
37 1383 24 24.798
38 830 54 40.446
39 908 40 72.107
40 842 30 58.727
41 834 34 39.829
42 1391 2 49.255
43 84 21 95.921
44 56 15 70.291
45 1326 29 60.420
46 602 14 41.786
47 1129 53 84.055
48 1103 58 23.276
49 923 55 63.461
50 17 20 89.502
51 445 22 35.768
52 32 45 31.000
53 741 28 89.325
54 1210 57 46.794
55 250 10 40.113
56 37 58 9.208
57 351 20 9.394
58 425 16 44.992
59 197 38 77.463
60 240 47 22.717
61 298 53 66.427
62 141 23 89.504
63 1298 48 57.958
64 1111 26 64.154
65 762 1 19.687
66 494 46 82.675
67 163 30 66.532
68 1140 39 13.175
69 269 41 42.055
70 862 54 72.817
71 48 28 54.809
72 991 25 54.019
73 1113 48 12.054
74 1272 10 83.140
75 517 30 29.519
76 334 56 10.653
77 1152 5 71.185
78 198 8 21.570
79 552 56 5.586
80 376 40 70.671
81 590 54 45.720
82 963 52 93.406
83 539 16 7.699
84 450 5 82.865
85 748 44 9.558
86 487 49 1.370
87 1000 42 63.359
88 1404 3 95.376
89 659 44 43.005
90 290 20 81.538
91 834 38 52.881
92 290 21 68.539
93 1298 30 72.052
94 492 28 41.335
95 1133 19 37.843
96 658 43 25.136
97 1412 32 95.197
98 224 21 57.744
99 200 23 63.492
100 1043 40 47.515
101 1125 44 78.541
102 399 16 46.728
103 387 3 96.032
104 210 32 44.367
105 615 21 10.593
106 1300 16 77.994
107 1053 58 3.030
108 284 23 84.174
109 986 52 8.441
110 804 8 79.911
111 428 37 89.222
112 897 55 71.592
113 160 31 42.591
114 865 23 34.594
115 403 40 96.956
116 753 7 23.364
117 1196 24 49.900
118 428 45 98.335
119 1403 60 90.343
120 1312 55 14.722
121 623 34 89.888
122 769 23 4.682
123 359 25 90.203
124 1408 56 83.367
125 924 5 28.431
126 921 38 19.136
127 448 14 17.183
128 267 7 98.086
129 392 39 90.355
130 744 34 61.163
131 272 9 89.255
132 851 42 62.471
133 1219 28 30.483
134 657 10 52.115
135 1105 38 61.018
136 1384 11 11.519
137 458 52 30.249
138 895 11 78.494
139 277 59 98.890
140 33 56 15.569
141 1279 31 73.308
142 245 38 85.291
143 954 18 43.420
144 321 46 62.585
145 615 21 9.722
146 1124 24 27.406
147 634 51 94.973
148 618 2 48.822
149 551 56 74.651
150 871 30 94.695