150
1 717 58 36.620
2 88 16 48.652
3 518 48 89.790
4 559 43 36.890
5 1387 60 55.092
6 815 42 91.365
7 263 60 30.897
8 855 45 49.098
9 1196 31 67.141
10 989 40 87.359
11 956 20 7.846
12 498 38 98.500
13 834 54 40.222
14 919 16 91.338
15 562 59 17.124
16 1236 60 61.403
17 1172 1 82.917
18 1205 31 12.713
19 1389 4 66.847
20 110 49 98.382
21 406 36 29.780
22 1399 10 61.910
23 562 59 90.968
24 1289 19 41.749
25 743 55 54.268
26 1417 45 30.369
27 447 51 62.303
28 889 21 67.447
29 76 34 92.713
30 218 4 14.997
31 1085 7 23.842
32 88 20 70.610
33 166 28 27.002
34 362 49 77.269
35 460 1 80.391
36 479 47 70.943
37 924 58 48.214
38 910 29 61.786
39 380 18 35.926
40 958 4 47.428
41 1119 56 73.308
42 442 21 91.958
43 1273 23 81.453
44 38 13 90.934
45 546 43 22.835
46 118 29 74.547
47 1260 16 99.026
48 206 53 69.301
49 715 12 24.752
50 84 53 89.012
51 803 46 98.863
52 1010 6 75.163
53 313 39 8.007
54 698 54 83.762
55 1382 52 65.015
56 1087 4 2.034
57 1164 56 29.506
58 292 45 4.940
59 892 59 89.973
60 223 2 21.362
61 894 51 4.064
62 637 26 89.378
63 531 2 30.465
64 185 49 19.526
65 682 34 45.317
66 1349 17 37.495
67 912 27 83.279
68 237 12 48.176
69 1210 39 16.964
70 10 40 77.583
71 335 24 72.268
72 721 15 75.082
73 1336 59 87.344
74 431 24 47.914
75 1104 47 37.911
76 802 26 41.525
77 1370 59 19.147
78 1358 20 58.185
79 859 11 8.894
80 239 5 65.293
81 495 28 68.250
82 492 51 25.749
83 761 50 96.536
84 122 39 51.732
85 701 57 55.879
86 986 34 12.102
87 1309 56 72.621
88 1065 24 91.619
89 312 31 8.803
90 1438 54 51.215
91 513 23 91.640
92 340 26 55.564
93 779 29 73.158
94 102 10 61.023
95 411 51 43.390
96 1039 27 23.628
97 1181 16 15.254
98 404 38 80.209
99 483 58 11.277
100 401 11 72.502
101 1175 18 66.654
102 1421 29 61.289
103 726 4 15.070
104 166 35 52.897
105 1184 8 82.473
106 610 29 48.100
107 451 14 85.303
108 433 58 87.348
109 1189 9 57.085
110 1154 50 4.185
111 828 52 36.134
112 596 12 2.454
113 264 51 34.514
114 1205 28 99.859
115 1186 48 51.994
116 30 13 77.238
117 741 45 66.452
118 691 52 97.765
119 1156 51 25.521
120 849 25 9.916
121 4 39 47.828
122 1222 44 3.391
123 21 59 58.362
124 239 49 58.812
125 1287 45 52.844
126 1423 25 2.153
127 760 39 32.283
128 992 51 90.472
129 1308 26 16.638
130 1058 56 3.481
131 1212 36 0.355
132 459 27 73.929
133 526 53 67.478
134 435 12 64.306
135 1101 53 25.483
136 805 57 7.131
137 133 59 13.471
138 54 33 77.088
139 1107 21 4.888
140 400 38 65.509
141 846 30 79.520
142 745 7 79.248
143 584 48 16.629
144 1358 6 67.771
145 750 58 35.004
146 57 44 62.231
147 585 58 35.330
148 435 20 17.094
149 139 45 31.638
150 453 2 51.147