150
1 236 11 51.360
2 1230 55 65.460
3 178 55 25.839
4 836 10 58.206
5 160 48 27.238
6 890 58 20.368
7 15 43 99.446
8 1010 24 88.987
9 383 57 48.423
10 929 3 71.657
11 443 25 77.360
12 478 39 22.721
13 18 5 9.670
14 617 44 15.905
15 351 31 50.669
16 1414 40 40.647
17 977 34 81.568
18 1063 25 29.439
19 934 20 40.441
20 973 32 27.004
21 232 53 17.700
22 66 27 37.244
23 456 34 54.605
24 1076 60 58.226
25 43 17 66.062
26 1417 29 34.382
27 1097 46 27.661
28 1109 29 56.436
29 1329 34 66.016
30 756 10 37.067
31 720 46 4.249
32 175 44 56.860
33 1275 8 24.581
34 656 43 68.793
35 527 58 72.647
36 386 16 89.109
37 1154 47 25.466
38 563 7 2.689
39 1411 31 72.960
40 1002 23 49.469
41 931 3 49.809
42 868 27 4.479
43 604 40 20.903
44 1378 28 98.009
45 1329 56 48.203
46 1233 12 28.683
47 382 27 86.279
48 730 60 68.490
49 311 38 64.536
50 1231 44 63.601
51 895 58 27.303
52 773 6 37.709
53 1236 25 12.501
54 731 22 21.793
55 1277 27 85.705
56 708 56 15.502
57 471 25 78.320
58 844 33 67.773
59 1085 37 19.416
60 629 47 7.885
61 602 4 33.631
62 51 44 41.439
63 696 1 41.449
64 895 6 22.904
65 762 30 10.001
66 4 11 75.962
67 934 18 69.316
68 481 31 2.899
69 749 1 49.204
70 795 38 60.628
71 1170 46 84.531
72 1395 20 31.507
73 108 20 87.429
74 1011 39 14.732
75 596 37 74.307
76 360 25 89.810
77 313 16 34.127
78 538 42 11.211
79 957 20 47.929
80 82 44 89.379
81 539 22 62.595
82 119 41 50.176
83 1225 30 17.502
84 87 25 93.235
85 1241 24 76.039
86 588 60 67.496
87 295 42 83.258
88 450 16 74.765
89 1154 9 29.846
90 400 8 72.590
91 1212 43 47.915
92 503 30 88.184
93 1172 40 32.715
94 950 7 14.167
95 322 47 14.540
96 792 26 98.393
97 999 16 56.166
98 1420 38 55.582
99 1199 47 45.468
100 10 28 59.242
101 398 27 93.562
102 1172 7 97.398
103 360 56 19.576
104 892 50 33.877
105 521 58 98.547
106 512 10 5.098
107 1439 10 92.269
108 534 36 68.683
109 441 15 95.579
110 1419 24 98.348
111 26 33 19.710
112 726 8 56.980
113 1050 43 11.530
114 296 32 84.249
115 1199 15 71.916
116 1403 58 5.654
117 949 45 44.422
118 1058 31 88.556
119 128 54 35.373
120 967 19 44.639
121 1095 15 94.694
122 672 59 0.683
123 818 46 78.469
124 518 55 99.503
125 504 11 76.967
126 1426 7 11.304
127 414 52 37.500
128 1409 41 97.799
129 592 23 15.802
130 529 22 56.338
131 834 1 63.517
132 183 5 47.788
133 1292 41 26.507
134 962 34 82.007
135 1366 12 16.123
136 519 16 22.852
137 551 60 43.939
138 1192 29 69.064
139 804 21 73.911
140 1421 25 52.143
141 1137 52 61.915
142 1060 39 5.188
143 1228 32 27.253
144 1150 52 75.468
145 409 33 64.544
146 1313 28 2.145
147 1344 8 4.471
148 111 13 55.302
149 1076 26 48.108
150 71 15 86.563