150
1 111 1 94.333
2 569 54 93.575
3 856 60 21.931
4 546 47 13.506
5 1255 48 42.663
6 865 55 62.834
7 991 1 20.467
8 194 15 4.019
9 592 57 25.632
10 864 39 45.330
11 1184 11 88.545
12 201 21 61.153
13 242 30 81.778
14 225 55 95.005
15 943 2 39.412
16 471 9 4.724
17 547 9 39.129
18 1206 43 88.125
19 677 31 82.097
20 1300 54 9.748
21 1199 54 12.829
22 746 33 43.689
23 1397 32 56.958
24 875 35 43.587
25 1430 10 40.774
26 1314 50 85.646
27 1180 40 69.245
28 1259 41 90.680
29 1433 50 70.374
30 823 53 57.472
31 565 44 55.412
32 80 10 86.543
33 1414 55 15.820
34 1109 47 39.626
35 1404 51 76.326
36 389 31 68.934
37 1147 8 15.493
38 1032 19 56.342
39 464 2 68.678
40 201 50 98.635
41 1166 53 49.647
42 666 15 18.515
43 258 21 64.593
44 463 13 99.805
45 123 28 75.842
46 1058 7 16.729
47 1279 42 99.300
48 801 11 73.957
49 412 32 34.906
50 884 25 2.745
51 1150 16 10.566
52 1302 42 97.019
53 785 46 14.782
54 1044 54 19.232
55 716 58 84.733
56 350 7 69.975
57 1385 40 59.827
58 617 31 26.023
59 881 2 54.151
60 1104 58 88.594
61 847 25 23.739
62 271 3 36.152
63 924 19 64.640
64 1097 23 84.879
65 201 15 57.981
66 192 53 22.946
67 8 27 40.728
68 484 44 41.296
69 561 39 28.629
70 630 52 70.110
71 1078 18 80.204
72 1025 37 69.006
73 924 19 81.438
74 72 21 49.945
75 1183 15 54.212
76 1188 14 77.632
77 884 3 44.048
78 535 4 44.533
79 343 49 73.740
80 1326 37 54.934
81 904 23 44.245
82 406 51 55.034
83 1066 5 57.560
84 311 21 74.663
85 222 39 48.901
86 281 7 1.200
87 140 32 11.087
88 150 50 1.751
89 1148 50 36.251
90 1130 31 92.433
91 1001 3 23.141
92 181 23 27.777
93 1135 30 23.307
94 130 40 60.317
95 598 19 26.037
96 511 55 20.408
97 613 23 79.199
98 1198 3 68.601
99 145 45 74.914
100 269 44 76.380
101 947 3 44.137
102 998 20 37.063
103 956 27 6.623
104 162 51 50.924
105 1399 31 53.710
106 705 40 69.448
107 195 53 77.239
108 1347 52 10.001
109 620 26 71.995
110 431 37 74.793
111 696 49 49.184
112 1080 41 73.527
113 36 10 81.666
114 1120 32 4.479
115 420 21 56.640
116 928 21 87.394
117 118 50 14.033
118 546 26 35.432
119 378 36 43.061
120 1331 23 52.137
121 659 22 90.010
122 524 10 99.804
123 377 46 97.683
124 1257 36 93.939
125 1037 36 45.923
126 1114 11 27.873
127 881 49 4.250
128 282 17 98.728
129 226 29 33.396
130 51 43 50.288
131 323 51 63.979
132 1303 44 0.584
133 1247 38 54.983
134 1395 14 74.660
135 254 4 64.687
136 81 16 21.073
137 850 56 27.701
138 305 30 1.310
139 1225 54 56.964
140 1113 27 56.152
141 1197 6 11.045
142 885 36 80.846
143 161 15 49.962
144 70 38 70.003
145 1042 21 59.554
146 597 45 7.404
147 1422 14 22.526
148 166 60 53.825
149 179 43 82.758
150 366 52 30.620