150
1 988 23 92.460
2 183 43 64.474
3 665 49 40.314
4 1072 16 16.338
5 778 37 26.203
6 1346 13 58.340
7 543 11 81.934
8 144 39 62.534
9 643 18 82.645
10 1260 34 67.121
11 1078 3 14.856
12 826 43 63.073
13 859 46 40.183
14 344 26 22.110
15 662 54 14.804
16 1051 27 65.151
17 773 10 95.368
18 281 24 25.945
19 228 46 42.732
20 469 13 92.205
21 1183 57 90.709
22 687 59 68.821
23 687 59 75.003
24 1377 34 92.945
25 747 13 21.366
26 312 48 9.813
27 1054 46 99.087
28 709 14 62.551
29 461 3 55.115
30 412 31 9.509
31 540 14 63.220
32 820 5 69.022
33 323 3 30.273
34 38 29 57.293
35 82 55 43.834
36 885 46 95.380
37 931 36 64.286
38 325 15 28.849
39 884 1 37.523
40 129 57 69.193
41 1068 17 22.736
42 509 4 83.013
43 1092 21 27.476
44 47 23 60.571
45 1338 47 76.248
46 725 5 56.956
47 975 50 79.064
48 1145 3 69.694
49 924 31 84.864
50 790 46 92.782
51 96 39 66.926
52 1219 51 38.475
53 1271 44 64.060
54 1275 29 44.174
55 1055 59 88.071
56 227 31 49.943
57 1338 33 57.025
58 856 54 44.250
59 572 22 89.666
60 94 35 53.700
61 1124 13 58.040
62 1197 57 29.774
63 836 50 45.828
64 602 50 34.714
65 644 18 41.704
66 339 26 7.866
67 397 16 19.073
68 447 28 55.076
69 138 30 98.951
70 662 23 86.650
71 1249 9 35.871
72 159 33 24.863
73 970 13 11.338
74 846 15 80.425
75 5 45 30.765
76 1080 15 58.874
77 38 50 42.587
78 1335 8 92.692
79 1133 45 57.452
80 290 18 63.282
81 993 3 13.329
82 1245 26 13.084
83 1006 28 60.424
84 316 22 64.717
85 1407 44 94.984
86 494 39 66.237
87 754 9 37.889
88 863 5 0.591
89 540 50 66.101
90 284 23 58.962
91 257 52 84.769
92 1440 38 70.433
93 1218 21 29.747
94 1205 42 26.923
95 455 21 86.175
96 1219 31 28.165
97 610 54 55.215
98 225 1 84.088
99 534 9 84.474
100 1018 31 60.828
101 31 48 59.660
102 476 56 29.379
103 377 52 27.079
104 968 59 88.602
105 275 14 36.045
106 1251 3 76.590
107 1351 54 34.794
108 1004 24 75.265
109 537 10 31.756
110 1012 4 60.343
111 1431 6 62.571
112 155 24 22.628
113 1125 35 9.235
114 638 37 49.406
115 161 13 33.804
116 422 27 72.769
117 1067 41 94.022
118 1115 25 85.920
119 104 26 50.970
120 1107 9 74.999
121 194 27 8.030
122 248 8 56.220
123 160 51 58.533
124 1264 14 11.007
125 28 37 8.659
126 1230 41 87.473
127 741 34 35.454
128 605 12 34.962
129 1397 48 33.382
130 1133 43 94.789
131 427 2 46.549
132 454 16 90.501
133 79 15 1.001
134 988 19 58.858
135 1048 57 68.859
136 371 59 19.258
137 1284 35 33.777
138 1372 49 4.594
139 324 17 17.163
140 1422 51 56.072
141 943 53 25.215
142 463 35 75.612
143 551 54 76.370
144 1330 53 5.984
145 971 31 23.561
146 1306 30 1.871
147 857 50 65.947
148 1401 31 69.787
149 620 60 40.007
150 324 18 94.141