150
1 128 34 45.990
2 960 49 62.355
3 1343 37 29.841
4 716 32 75.579
5 483 49 0.693
6 1136 17 35.046
7 350 12 43.830
8 1263 42 42.199
9 897 48 28.078
10 851 42 23.276
11 1202 3 93.942
12 403 43 29.880
13 753 11 40.211
14 625 40 28.347
15 521 34 36.821
16 559 29 93.414
17 1111 55 92.398
18 329 41 32.201
19 839 10 56.737
20 75 21 96.433
21 22 55 4.735
22 352 24 1.085
23 730 46 18.791
24 1245 7 35.104
25 1285 9 33.757
26 1032 44 36.538
27 1201 41 23.689
28 412 42 38.742
29 445 32 56.804
30 970 19 44.320
31 882 12 43.979
32 111 37 67.531
33 533 14 21.715
34 199 21 90.368
35 380 2 48.802
36 617 11 25.136
37 1174 31 94.343
38 3 9 60.436
39 176 15 80.399
40 1353 25 38.461
41 995 59 2.145
42 523 18 5.659
43 190 18 67.483
44 751 51 38.967
45 371 47 19.090
46 295 20 60.067
47 1110 20 64.417
48 1427 55 65.806
49 961 54 69.497
50 60 30 36.235
51 636 32 50.849
52 1278 14 6.653
53 1040 47 97.775
54 687 28 6.122
55 805 16 59.000
56 1259 59 91.761
57 832 32 76.394
58 149 53 35.547
59 1213 30 48.345
60 1091 7 69.998
61 1238 48 1.635
62 364 43 32.622
63 450 20 28.515
64 1071 60 63.583
65 152 6 46.096
66 985 25 46.957
67 1189 30 89.320
68 963 52 33.587
69 638 31 75.706
70 828 49 44.694
71 1118 17 65.735
72 379 33 89.929
73 350 13 23.695
74 295 60 19.687
75 204 15 20.898
76 348 50 77.407
77 1306 26 71.843
78 831 1 11.654
79 1307 13 0.676
80 1414 54 45.170
81 1174 23 39.269
82 751 21 94.901
83 473 19 69.661
84 1082 54 40.795
85 207 23 72.638
86 203 55 99.049
87 569 57 7.074
88 1240 32 53.419
89 1172 15 37.262
90 437 59 63.555
91 937 15 92.280
92 34 55 78.140
93 496 34 58.173
94 1209 36 64.415
95 1030 45 38.446
96 1261 13 98.041
97 682 43 76.671
98 1046 10 64.393
99 238 7 90.118
100 19 25 15.471
101 1100 17 11.337
102 1185 39 65.604
103 1189 51 38.808
104 612 34 74.685
105 330 12 86.712
106 48 53 50.212
107 175 9 44.547
108 824 29 2.111
109 560 53 61.882
110 1340 28 47.381
111 1210 39 60.420
112 826 57 26.893
113 352 9 30.677
114 591 17 84.426
115 190 14 59.131
116 913 52 60.081
117 307 20 56.643
118 472 54 54.919
119 741 18 17.093
120 115 54 71.866
121 720 24 52.230
122 1227 6 64.814
123 860 14 42.292
124 1182 36 89.111
125 321 13 51.919
126 1304 60 39.135
127 101 37 98.762
128 314 16 28.901
129 753 8 66.755
130 1360 22 51.548
131 327 39 72.893
132 1159 18 35.168
133 1147 54 78.103
134 627 54 17.382
135 571 4 22.628
136 472 35 62.449
137 735 20 47.824
138 125 9 61.387
139 1329 20 22.662
140 401 12 6.272
141 1043 27 38.044
142 1012 3 77.511
143 965 45 84.323
144 1354 24 90.909
145 869 39 53.062
146 535 5 10.934
147 955 2 4.438
148 343 15 42.394
149 1440 54 23.300
150 865 50 45.133