150
1 632 35 28.541
2 312 10 15.072
3 151 5 26.768
4 390 59 55.007
5 345 31 52.546
6 1297 40 2.810
7 1163 52 95.047
8 319 3 62.857
9 1435 58 23.765
10 659 12 31.800
11 1111 19 16.581
12 425 60 77.093
13 467 30 14.022
14 560 2 97.682
15 1120 44 46.652
16 1359 43 57.002
17 922 3 87.728
18 362 28 38.327
19 315 17 45.112
20 462 44 13.073
21 147 21 65.404
22 1120 12 84.694
23 1232 14 28.332
24 184 20 46.966
25 941 29 81.856
26 405 6 57.687
27 477 46 72.760
28 313 59 47.923
29 1246 40 77.574
30 666 38 87.177
31 1101 28 98.173
32 1083 1 70.773
33 1122 9 5.279
34 165 41 98.953
35 1159 31 34.925
36 580 9 81.506
37 1134 16 44.559
38 1198 20 6.259
39 858 7 78.958
40 822 37 11.887
41 117 25 33.134
42 407 26 68.347
43 165 50 4.516
44 1046 8 17.185
45 1081 31 96.301
46 174 1 41.809
47 323 7 86.828
48 1190 47 62.371
49 560 55 78.687
50 1033 57 56.314
51 342 34 58.618
52 224 27 45.589
53 695 60 68.096
54 1183 37 0.516
55 1315 52 88.908
56 720 25 52.016
57 867 48 18.185
58 1349 20 56.822
59 958 46 26.692
60 939 25 72.293
61 647 45 96.257
62 357 27 40.392
63 1197 42 49.033
64 249 6 46.421
65 772 3 71.248
66 932 19 18.046
67 1155 4 73.346
68 1052 42 72.598
69 5 25 80.714
70 1154 2 12.782
71 795 42 6.376
72 731 14 38.163
73 535 39 83.100
74 1278 49 3.284
75 1143 6 36.576
76 1362 22 25.646
77 1311 59 6.420
78 661 24 12.070
79 988 53 72.877
80 1238 39 46.076
81 977 10 90.412
82 485 53 85.959
83 10 31 19.492
84 71 7 93.723
85 669 19 20.185
86 111 16 5.366
87 824 52 50.887
88 982 52 22.851
89 942 36 26.843
90 936 31 78.843
91 223 9 24.720
92 1291 58 26.357
93 567 38 32.574
94 549 7 63.123
95 451 28 7.048
96 636 8 6.705
97 1187 55 89.464
98 927 41 50.975
99 938 14 88.069
100 813 28 70.533
101 1300 13 52.833
102 454 35 40.001
103 968 42 99.124
104 1409 43 45.905
105 1240 3 6.740
106 732 21 60.777
107 156 42 50.500
108 623 43 75.645
109 73 51 0.019
110 58 3 70.875
111 1278 55 48.473
112 984 57 21.535
113 133 29 58.604
114 960 46 25.579
115 683 10 50.757
116 1186 33 83.332
117 1415 11 65.409
118 297 31 99.495
119 435 36 85.630
120 1038 17 83.017
121 1076 22 71.706
122 772 40 62.932
123 350 23 99.104
124 1351 39 53.269
125 1396 46 85.948
126 510 11 35.713
127 701 25 50.925
128 547 56 57.708
129 1323 2 67.098
130 825 37 48.098
131 121 27 66.689
132 702 18 14.987
133 78 19 65.076
134 363 53 53.268
135 735 26 16.215
136 992 30 75.042
137 410 47 89.301
138 693 37 12.783
139 1234 55 73.043
140 317 7 37.236
141 1273 33 36.579
142 275 54 98.216
143 273 49 84.291
144 864 55 6.386
145 945 17 52.512
146 401 16 45.207
147 975 2 31.619
148 1023 17 67.542
149 276 42 86.880
150 1084 47 20.449