150
1 407 36 79.657
2 1018 38 48.022
3 789 45 68.315
4 1082 56 18.044
5 517 59 19.875
6 122 41 16.805
7 784 22 5.617
8 354 43 65.736
9 1396 39 14.854
10 176 17 60.298
11 496 51 88.533
12 227 57 68.570
13 155 13 29.271
14 235 43 2.662
15 478 13 45.153
16 85 37 49.208
17 1 53 99.102
18 201 50 99.689
19 642 4 79.977
20 118 1 4.755
21 633 39 1.824
22 292 4 69.948
23 939 47 9.525
24 195 49 57.376
25 316 6 5.239
26 344 26 32.028
27 1337 52 6.480
28 1011 54 78.381
29 868 15 88.549
30 1065 58 80.357
31 1253 52 16.263
32 261 38 3.416
33 131 58 61.644
34 173 38 96.290
35 97 51 65.012
36 1301 40 87.647
37 654 13 55.991
38 1203 4 56.803
39 1134 27 43.440
40 319 26 78.406
41 457 58 29.856
42 404 1 80.899
43 384 41 19.672
44 256 8 97.224
45 1013 2 74.078
46 1002 27 78.301
47 329 27 89.672
48 929 34 6.135
49 199 21 64.194
50 1422 59 26.343
51 1439 7 33.636
52 400 51 63.862
53 1343 13 52.609
54 852 37 12.402
55 1187 30 13.547
56 249 15 32.854
57 1165 55 93.553
58 980 46 4.356
59 1183 56 25.779
60 1269 44 23.798
61 600 46 55.252
62 1150 27 45.765
63 1 20 96.741
64 1417 47 59.500
65 865 8 43.965
66 820 31 86.917
67 72 35 58.042
68 140 48 68.418
69 775 7 42.283
70 173 4 52.315
71 313 36 75.674
72 393 12 33.524
73 802 11 1.154
74 752 9 33.788
75 1071 7 45.852
76 197 34 68.102
77 873 57 73.156
78 967 56 91.612
79 910 26 75.376
80 808 16 85.107
81 127 9 4.341
82 1123 38 18.727
83 1093 59 65.740
84 1285 2 1.924
85 941 19 94.077
86 409 19 5.900
87 788 41 98.017
88 726 17 55.435
89 126 37 47.304
90 659 19 69.286
91 824 20 59.177
92 466 47 45.068
93 779 47 93.692
94 172 60 44.630
95 1077 6 83.498
96 351 44 3.518
97 651 52 41.287
98 152 17 7.997
99 123 9 28.321
100 1421 40 69.363
101 723 41 89.566
102 745 2 24.438
103 527 5 53.341
104 1080 14 59.999
105 506 42 99.329
106 907 53 82.093
107 38 39 41.335
108 820 27 53.617
109 923 18 2.279
110 1242 13 17.448
111 107 26 25.531
112 313 2 76.830
113 347 52 92.673
114 184 36 99.757
115 1271 53 97.849
116 1052 44 20.421
117 634 26 52.155
118 453 41 70.241
119 989 31 9.285
120 606 9 21.807
121 435 40 26.293
122 79 36 90.858
123 479 14 22.397
124 236 37 40.270
125 951 46 58.600
126 375 10 44.406
127 776 18 13.540
128 540 20 82.915
129 1284 50 92.044
130 797 11 95.130
131 949 25 54.619
132 875 45 16.025
133 415 59 33.214
134 776 60 9.500
135 820 50 74.811
136 299 12 18.603
137 1077 22 18.567
138 679 38 2.684
139 184 8 56.453
140 1207 39 8.104
141 372 35 97.563
142 193 5 76.111
143 647 3 27.468
144 1225 28 49.381
145 119 27 71.957
146 479 42 13.040
147 223 28 59.306
148 1216 58 9.332
149 1140 60 64.917
150 962 1 16.128