150
1 710 40 96.208
2 330 52 34.288
3 46 20 76.207
4 541 31 76.930
5 963 39 1.958
6 669 22 96.068
7 1399 48 87.262
8 1052 43 51.937
9 728 35 21.273
10 368 16 11.751
11 243 47 52.476
12 924 46 70.348
13 829 56 20.102
14 109 37 22.719
15 660 13 11.043
16 966 1 43.839
17 666 15 91.476
18 157 59 86.947
19 1303 8 81.009
20 926 52 57.301
21 1033 31 15.405
22 92 1 9.390
23 651 1 13.117
24 1261 16 91.436
25 695 41 83.394
26 1195 28 93.136
27 1321 28 96.998
28 867 1 40.204
29 955 25 35.783
30 911 25 94.406
31 1237 57 26.157
32 1337 19 26.113
33 1341 28 40.020
34 56 59 74.529
35 1209 26 91.576
36 36 16 67.643
37 662 32 64.565
38 337 45 79.358
39 299 16 62.946
40 874 30 58.170
41 704 39 37.039
42 1138 26 1.897
43 196 10 11.275
44 978 21 95.431
45 340 56 36.453
46 17 49 1.010
47 312 21 35.655
48 815 2 36.037
49 873 56 8.540
50 260 16 30.562
51 869 27 75.939
52 448 1 18.461
53 1422 14 71.140
54 397 21 28.603
55 151 31 35.214
56 1233 29 69.240
57 488 16 43.732
58 1174 9 89.192
59 1243 24 23.498
60 404 10 72.753
61 1335 58 77.630
62 1190 35 49.057
63 157 39 23.581
64 299 49 23.149
65 654 31 38.026
66 560 37 66.638
67 213 6 54.154
68 573 58 69.010
69 1149 18 12.394
70 56 48 34.746
71 38 5 66.614
72 152 18 97.941
73 364 18 90.595
74 1403 47 30.883
75 207 54 53.999
76 296 47 1.923
77 927 41 23.603
78 1037 44 21.013
79 446 31 98.942
80 1209 22 36.072
81 635 2 0.852
82 817 56 65.712
83 1238 45 17.529
84 374 4 92.282
85 245 35 2.105
86 1276 33 37.530
87 1426 11 65.957
88 1013 40 74.004
89 1189 23 71.961
90 113 19 11.036
91 1424 25 96.911
92 359 54 97.138
93 611 27 31.268
94 507 31 92.903
95 1147 8 34.972
96 721 10 26.731
97 1220 5 16.669
98 653 57 11.264
99 675 6 10.009
100 1159 41 92.036
101 928 7 79.189
102 526 44 25.476
103 599 52 52.100
104 1209 23 5.655
105 1333 24 10.653
106 35 19 17.967
107 371 22 82.694
108 6 18 73.914
109 909 3 70.974
110 369 17 78.645
111 811 16 4.735
112 800 26 61.772
113 9 27 27.401
114 704 23 73.610
115 933 33 32.174
116 826 28 62.432
117 881 39 51.429
118 254 23 41.621
119 255 13 19.307
120 1030 58 9.673
121 1227 51 88.399
122 71 53 47.998
123 777 39 1.827
124 1260 39 32.958
125 1191 22 73.307
126 1388 5 64.158
127 827 8 33.116
128 546 32 99.552
129 321 43 23.810
130 859 6 0.823
131 764 28 37.604
132 1221 5 96.674
133 66 34 77.725
134 1224 34 99.210
135 1030 25 7.339
136 343 35 2.490
137 1276 7 20.725
138 1401 48 30.578
139 467 24 53.762
140 1309 17 73.844
141 735 28 25.862
142 1327 56 13.393
143 730 9 9.341
144 1344 51 78.418
145 916 19 49.296
146 653 19 22.909
147 754 52 97.635
148 1202 33 29.508
149 258 40 14.581
150 1236 9 98.828