150
1 428 20 33.847
2 1257 30 87.428
3 832 20 19.428
4 996 56 87.586
5 1376 51 6.107
6 1231 48 54.794
7 788 10 44.019
8 1012 35 29.768
9 1060 36 40.741
10 307 17 63.790
11 229 7 86.074
12 856 7 12.785
13 297 57 87.886
14 821 35 29.482
15 376 18 15.761
16 975 15 17.079
17 933 19 42.929
18 846 34 40.138
19 1367 28 80.648
20 494 59 31.751
21 1077 11 25.794
22 567 24 38.974
23 112 42 83.719
24 1032 30 12.737
25 1141 38 90.024
26 1403 59 81.996
27 592 52 19.162
28 1429 26 75.202
29 756 20 44.675
30 881 18 72.560
31 1406 25 95.099
32 1178 30 92.151
33 1390 54 45.626
34 37 1 66.942
35 498 9 29.825
36 53 36 51.673
37 1437 38 99.997
38 636 6 19.245
39 1066 25 43.113
40 199 15 64.666
41 216 42 10.223
42 644 54 74.274
43 1205 39 54.220
44 910 34 98.782
45 217 12 49.431
46 590 45 85.892
47 942 5 97.992
48 828 53 9.018
49 1177 58 92.748
50 713 27 42.906
51 1019 25 72.373
52 97 50 0.662
53 1267 42 77.792
54 502 27 20.321
55 970 38 44.063
56 73 21 96.883
57 138 18 86.344
58 215 17 91.993
59 931 14 99.360
60 1422 33 79.421
61 353 41 32.614
62 670 48 12.757
63 150 48 82.325
64 747 42 17.731
65 195 10 88.109
66 348 36 78.508
67 1207 15 28.205
68 723 9 9.939
69 6 12 76.643
70 895 14 42.599
71 66 17 89.515
72 1023 33 99.077
73 1342 34 39.676
74 865 19 18.866
75 984 54 49.850
76 1136 21 75.530
77 780 56 8.480
78 898 25 55.868
79 433 26 49.062
80 445 10 62.970
81 146 50 64.469
82 127 1 27.266
83 1202 58 81.812
84 957 11 78.508
85 797 39 38.896
86 335 36 4.177
87 503 49 27.395
88 1434 12 87.497
89 571 56 20.557
90 343 19 35.055
91 933 50 59.727
92 195 51 19.756
93 1130 45 0.946
94 975 25 19.076
95 41 10 3.639
96 394 21 69.482
97 180 46 62.595
98 634 35 65.839
99 908 37 56.956
100 104 15 74.604
101 1134 54 85.284
102 190 21 88.882
103 780 53 58.718
104 1273 43 43.647
105 1260 53 55.602
106 22 29 86.264
107 745 26 68.510
108 68 17 46.628
109 1397 38 0.159
110 261 32 82.860
111 1370 5 50.085
112 997 48 68.941
113 309 31 9.081
114 1334 21 16.020
115 1003 56 35.116
116 593 1 81.771
117 1250 10 44.880
118 1251 46 3.174
119 632 48 43.285
120 1130 54 73.464
121 196 59 90.326
122 874 51 31.917
123 1403 14 39.447
124 920 12 64.780
125 1411 37 6.834
126 299 18 13.679
127 809 9 90.529
128 1341 23 7.348
129 419 11 25.842
130 204 12 91.032
131 780 13 20.466
132 907 28 8.126
133 659 43 16.925
134 1235 35 89.495
135 219 38 14.884
136 855 27 15.490
137 636 7 87.086
138 408 31 35.030
139 1195 21 81.783
140 561 49 61.884
141 715 17 53.279
142 726 34 17.762
143 1145 39 75.443
144 1074 10 57.724
145 298 18 34.111
146 1381 60 36.283
147 749 22 79.107
148 665 10 75.417
149 539 46 49.093
150 951 58 85.295