150
1 119 39 43.954
2 69 5 54.695
3 1347 2 77.316
4 516 42 57.384
5 1109 6 17.138
6 589 28 45.019
7 1438 45 19.459
8 703 28 87.388
9 390 50 81.258
10 1043 19 15.715
11 437 59 62.033
12 536 43 9.766
13 41 32 65.261
14 905 44 88.169
15 67 27 78.337
16 1280 18 83.313
17 275 60 58.655
18 975 12 24.942
19 1148 29 68.733
20 535 5 69.128
21 1020 22 22.414
22 858 56 28.618
23 981 26 95.731
24 236 28 6.428
25 304 59 23.183
26 1304 36 33.898
27 452 20 16.104
28 514 42 97.198
29 184 21 77.185
30 161 5 75.928
31 733 39 23.540
32 591 43 91.500
33 727 8 4.924
34 295 11 54.229
35 1181 19 75.612
36 439 21 60.153
37 1087 17 59.682
38 861 42 61.171
39 1080 24 40.781
40 38 50 83.147
41 1393 37 17.682
42 1302 28 34.632
43 560 51 41.844
44 1335 4 10.634
45 677 55 18.326
46 368 11 91.293
47 1367 33 16.659
48 869 32 89.555
49 96 57 60.947
50 1183 12 80.877
51 836 20 66.035
52 401 3 64.991
53 590 54 68.791
54 1185 52 29.281
55 131 45 28.228
56 418 39 83.733
57 1005 57 9.227
58 523 2 55.725
59 1230 5 75.979
60 191 49 13.092
61 987 10 15.229
62 1366 19 67.977
63 584 2 27.191
64 157 20 72.567
65 1150 11 40.495
66 849 48 79.380
67 440 36 15.206
68 631 39 2.644
69 459 35 38.694
70 1105 51 94.833
71 1044 57 5.394
72 541 56 20.189
73 1044 10 1.970
74 842 14 28.282
75 728 60 23.293
76 76 8 29.840
77 1399 40 21.948
78 75 38 23.953
79 734 24 16.981
80 2 53 47.219
81 423 33 68.517
82 913 29 99.112
83 785 50 60.380
84 85 47 82.290
85 1371 23 58.557
86 332 16 28.406
87 838 37 95.943
88 632 57 72.418
89 262 7 17.116
90 1114 10 41.161
91 280 38 33.670
92 219 38 98.794
93 719 20 43.175
94 822 34 93.098
95 1067 25 67.425
96 1025 27 91.804
97 744 57 63.063
98 989 7 76.779
99 1158 10 33.287
100 417 5 59.449
101 108 29 6.262
102 88 10 37.875
103 625 38 7.771
104 767 2 18.071
105 996 7 94.790
106 617 17 73.215
107 263 27 84.819
108 1280 24 97.238
109 495 49 66.176
110 665 58 42.101
111 130 57 69.773
112 1434 12 16.782
113 786 47 20.745
114 1303 37 21.702
115 745 19 68.272
116 37 15 50.406
117 1077 33 90.842
118 3 30 37.842
119 1011 2 91.719
120 1219 58 79.396
121 614 28 25.328
122 129 19 73.290
123 969 20 71.041
124 32 8 88.258
125 1233 17 37.149
126 1023 26 98.186
127 1118 2 58.518
128 816 38 96.097
129 146 51 27.438
130 448 42 67.579
131 1199 45 27.474
132 1286 14 46.538
133 1351 12 47.948
134 129 10 77.977
135 595 35 88.012
136 370 16 98.682
137 940 40 3.581
138 945 6 93.188
139 80 54 81.581
140 753 53 42.077
141 984 60 50.383
142 51 16 57.931
143 623 4 96.359
144 170 41 11.573
145 1383 8 11.107
146 448 58 46.328
147 963 18 22.056
148 656 48 29.890
149 865 25 49.062
150 582 54 79.798