150
1 578 48 24.831
2 1396 25 96.129
3 606 50 38.985
4 593 39 79.687
5 504 43 89.722
6 1183 54 35.140
7 525 17 41.542
8 694 15 86.841
9 315 22 97.491
10 519 9 45.809
11 1434 56 65.784
12 113 12 73.653
13 849 22 79.091
14 1229 49 11.900
15 280 28 10.925
16 1287 50 83.225
17 1276 28 35.849
18 78 37 45.593
19 1355 58 78.237
20 138 44 67.950
21 76 29 96.992
22 371 26 64.426
23 807 11 57.698
24 261 33 49.753
25 986 33 8.650
26 939 41 30.008
27 1079 29 9.924
28 985 24 3.184
29 643 41 16.854
30 672 9 59.895
31 172 15 47.537
32 1090 35 86.069
33 311 48 50.356
34 340 60 76.574
35 983 10 82.100
36 1080 50 54.198
37 724 12 45.341
38 939 36 76.839
39 1278 25 7.989
40 1228 51 19.456
41 308 7 52.076
42 1044 13 97.191
43 1104 38 40.766
44 674 30 95.721
45 985 51 56.239
46 219 41 33.573
47 1035 11 75.863
48 998 43 38.634
49 1152 16 97.876
50 816 45 13.485
51 214 22 92.807
52 575 36 90.075
53 1193 38 1.124
54 551 31 27.245
55 1 19 98.700
56 1023 19 95.201
57 1035 27 91.948
58 20 23 25.477
59 474 19 79.978
60 1351 30 24.459
61 913 52 26.849
62 350 33 14.232
63 746 57 34.944
64 1172 15 89.947
65 466 30 39.481
66 236 40 43.739
67 495 13 30.186
68 226 10 42.802
69 57 4 32.461
70 955 51 9.080
71 1366 29 0.319
72 779 31 27.822
73 1137 53 77.262
74 1182 14 45.225
75 1264 56 4.141
76 1410 42 70.838
77 728 53 77.828
78 450 13 48.487
79 1064 59 29.446
80 609 22 46.239
81 1408 5 93.751
82 268 34 92.725
83 759 60 97.116
84 603 59 87.817
85 1428 11 70.153
86 54 51 98.825
87 80 9 11.227
88 453 32 70.735
89 980 16 55.797
90 350 59 49.613
91 1146 49 97.333
92 1435 45 16.556
93 1422 23 27.090
94 930 2 2.227
95 1386 45 82.265
96 439 5 33.116
97 74 1 14.077
98 764 3 87.584
99 999 18 45.256
100 777 1 76.162
101 427 36 99.376
102 1247 47 25.051
103 1060 47 12.936
104 689 5 99.130
105 1036 9 11.976
106 426 35 41.098
107 1026 18 78.455
108 660 29 26.297
109 882 40 91.475
110 850 53 36.651
111 1349 26 88.726
112 32 36 60.753
113 816 18 73.421
114 1049 15 28.420
115 803 35 9.685
116 722 38 4.952
117 106 47 78.741
118 559 32 15.582
119 1112 30 3.077
120 452 26 80.424
121 226 21 82.156
122 1144 35 65.080
123 746 30 79.815
124 946 50 83.322
125 43 12 10.008
126 1417 47 43.402
127 1279 25 19.340
128 1223 43 47.297
129 1018 8 87.585
130 1230 30 85.877
131 818 9 78.107
132 673 40 70.211
133 512 21 60.065
134 1315 15 3.904
135 839 16 57.559
136 498 18 28.501
137 644 38 69.484
138 948 29 56.766
139 853 13 24.156
140 973 53 62.128
141 368 14 26.235
142 1104 57 76.411
143 474 4 33.537
144 455 47 0.869
145 397 8 77.239
146 439 49 24.629
147 920 23 87.107
148 1011 53 14.522
149 1074 58 58.150
150 550 17 23.207