150
1 231 55 46.105
2 490 37 50.298
3 291 58 42.689
4 1340 41 16.976
5 1169 6 41.823
6 1364 52 87.731
7 477 53 41.582
8 704 50 21.968
9 1028 25 76.790
10 1260 16 52.514
11 1319 11 66.824
12 718 32 32.458
13 133 39 36.738
14 1234 14 26.800
15 603 12 21.420
16 381 28 60.780
17 974 47 10.880
18 1339 22 54.923
19 851 14 0.493
20 873 20 26.549
21 109 45 95.249
22 714 54 57.357
23 188 2 90.324
24 423 34 47.808
25 317 8 67.142
26 41 56 72.795
27 1437 28 14.515
28 213 36 9.047
29 482 53 98.810
30 307 53 40.910
31 1154 53 24.840
32 1232 46 99.998
33 1306 53 37.577
34 6 21 56.078
35 376 8 36.937
36 652 48 9.411
37 190 19 62.475
38 898 13 45.401
39 944 7 57.491
40 694 19 23.255
41 443 47 83.529
42 616 60 94.910
43 371 34 10.904
44 181 46 17.887
45 1307 30 68.365
46 706 27 0.325
47 729 18 30.630
48 944 32 1.713
49 413 29 87.536
50 1092 46 8.724
51 1213 50 73.923
52 656 37 85.453
53 366 43 52.990
54 775 44 22.196
55 1260 28 28.459
56 626 48 3.378
57 594 55 13.544
58 1026 24 67.627
59 1412 37 90.383
60 1329 49 29.371
61 1133 8 79.677
62 728 25 49.583
63 1332 6 30.138
64 324 46 0.237
65 1269 50 98.438
66 122 26 35.921
67 1005 45 2.413
68 465 29 92.209
69 1282 2 3.832
70 747 55 45.982
71 1024 23 32.590
72 1093 15 7.160
73 1337 27 91.939
74 1376 28 30.475
75 668 38 17.460
76 33 19 64.868
77 964 35 29.120
78 1348 55 96.625
79 1110 50 58.340
80 901 43 63.708
81 1276 27 35.469
82 279 53 81.126
83 742 28 32.589
84 134 46 92.343
85 955 34 13.934
86 242 52 91.954
87 690 24 32.631
88 693 36 48.910
89 224 4 74.263
90 299 54 54.758
91 1016 52 52.854
92 629 44 51.902
93 1174 19 69.896
94 109 56 84.328
95 1396 54 43.477
96 1407 38 12.180
97 327 16 52.976
98 244 2 37.926
99 644 33 5.822
100 1158 15 17.125
101 302 17 81.075
102 971 27 65.559
103 1119 5 38.852
104 889 3 46.389
105 404 53 27.397
106 678 55 79.973
107 293 1 56.537
108 445 6 57.033
109 1408 11 78.074
110 361 16 87.110
111 1024 13 60.422
112 397 55 87.731
113 1140 1 65.501
114 1399 36 21.069
115 382 54 20.287
116 1038 25 18.438
117 1107 43 75.731
118 937 49 3.321
119 697 18 20.373
120 1312 19 33.585
121 989 50 44.201
122 24 43 85.172
123 383 28 72.869
124 496 8 15.419
125 920 2 63.201
126 1130 9 4.248
127 1326 33 80.392
128 1035 39 48.890
129 664 20 77.024
130 826 31 23.966
131 730 24 39.493
132 751 35 49.230
133 965 19 12.019
134 645 52 8.727
135 214 4 11.804
136 1351 21 17.991
137 526 16 56.292
138 1309 39 65.605
139 1307 27 38.608
140 557 16 68.038
141 938 58 52.112
142 872 3 51.833
143 467 37 57.951
144 796 5 11.329
145 621 5 98.043
146 581 50 85.492
147 733 8 43.122
148 1159 11 8.687
149 880 12 6.410
150 822 40 65.936