150
1 1004 47 43.579
2 1198 24 68.341
3 1200 36 93.119
4 746 17 88.851
5 338 45 14.967
6 151 2 51.419
7 483 5 88.841
8 1141 44 86.476
9 167 1 23.092
10 200 12 1.469
11 823 40 8.183
12 944 25 24.219
13 1422 24 71.106
14 996 42 6.822
15 761 24 45.250
16 454 44 92.327
17 219 46 9.424
18 1247 20 89.864
19 297 55 86.604
20 354 13 35.354
21 1073 50 9.174
22 612 31 6.065
23 1023 22 92.055
24 754 42 39.425
25 1246 35 58.595
26 138 40 80.772
27 510 30 42.985
28 178 42 8.609
29 592 14 78.467
30 839 47 77.322
31 705 31 60.384
32 7 31 19.965
33 1068 17 51.757
34 1434 57 85.623
35 493 46 27.414
36 931 3 90.719
37 231 12 92.484
38 222 28 4.868
39 773 1 77.076
40 260 24 47.742
41 792 36 23.456
42 522 14 18.194
43 1234 19 1.341
44 1289 27 1.004
45 453 39 46.111
46 130 10 99.525
47 38 7 57.520
48 1299 17 23.424
49 1167 57 45.718
50 1426 24 37.527
51 647 1 71.331
52 354 51 87.276
53 659 3 9.117
54 647 8 61.521
55 1215 4 57.566
56 352 13 50.385
57 1354 19 62.747
58 871 2 74.342
59 587 26 33.051
60 1299 21 88.951
61 773 5 5.452
62 1380 1 6.025
63 128 13 62.555
64 1170 19 96.631
65 4 59 19.584
66 730 29 8.145
67 339 9 14.624
68 646 12 99.233
69 109 57 61.247
70 1137 13 3.375
71 1341 24 44.550
72 675 7 1.210
73 689 22 40.900
74 1107 59 91.917
75 661 44 40.229
76 880 21 19.447
77 972 30 16.590
78 550 46 2.775
79 529 20 7.003
80 975 28 56.686
81 877 1 42.954
82 180 47 81.105
83 975 32 94.715
84 139 31 93.606
85 1401 13 64.167
86 595 22 82.698
87 146 15 43.785
88 237 23 34.281
89 324 43 69.237
90 1182 21 77.989
91 1364 60 19.879
92 432 54 86.795
93 845 24 43.137
94 796 50 67.434
95 173 5 78.224
96 1172 32 14.438
97 1280 54 17.024
98 538 58 26.712
99 1307 42 86.364
100 233 57 42.954
101 1101 50 56.571
102 1054 26 5.487
103 900 58 18.656
104 1356 12 46.768
105 1262 8 36.364
106 604 34 12.880
107 57 6 41.213
108 439 54 36.491
109 1032 24 11.346
110 161 27 24.481
111 506 9 56.283
112 628 53 36.472
113 1281 33 31.172
114 1295 43 39.852
115 402 33 3.960
116 1211 33 73.282
117 701 59 2.723
118 875 26 34.086
119 443 21 51.927
120 1032 3 34.640
121 1369 11 14.169
122 17 19 2.710
123 239 59 70.887
124 186 59 73.331
125 631 36 16.097
126 922 29 83.432
127 743 30 0.694
128 985 9 34.117
129 65 38 7.497
130 114 3 41.942
131 623 24 85.630
132 402 45 53.637
133 348 36 41.079
134 1231 34 96.624
135 57 39 24.308
136 481 21 40.157
137 279 31 71.748
138 122 56 33.703
139 586 2 21.116
140 77 12 49.282
141 505 42 14.544
142 1411 11 80.408
143 1082 35 93.409
144 690 40 82.415
145 998 44 92.919
146 529 9 48.970
147 488 4 24.675
148 374 50 39.292
149 291 56 61.549
150 1006 10 8.567