150
1 1285 37 71.466
2 1291 54 91.677
3 1051 29 44.279
4 54 22 84.849
5 1135 58 57.722
6 1274 35 71.223
7 340 3 31.194
8 1005 1 28.987
9 1028 37 41.160
10 775 1 40.669
11 278 15 85.797
12 1175 20 8.133
13 562 28 91.477
14 1047 23 8.560
15 1283 36 73.769
16 1239 28 96.254
17 45 47 4.928
18 1238 37 89.582
19 931 21 22.845
20 1122 53 92.849
21 1141 39 12.836
22 236 20 42.683
23 643 5 71.361
24 376 22 6.945
25 1115 29 65.462
26 1000 20 67.539
27 329 32 53.161
28 1345 12 52.465
29 304 44 75.881
30 1141 35 71.354
31 1385 22 71.669
32 293 56 74.324
33 590 14 72.403
34 473 1 46.481
35 350 46 39.717
36 769 26 96.257
37 780 5 51.957
38 598 27 19.606
39 1090 54 15.328
40 1170 4 8.365
41 64 25 11.499
42 977 33 43.270
43 634 55 6.013
44 281 18 71.338
45 205 16 60.794
46 617 39 39.945
47 369 25 31.275
48 1266 47 16.810
49 1428 58 8.430
50 934 24 24.318
51 448 46 22.990
52 672 8 83.185
53 1082 11 16.566
54 1074 50 53.385
55 622 52 32.686
56 568 53 79.218
57 762 9 95.358
58 1172 15 8.628
59 804 28 83.216
60 442 31 88.612
61 783 19 31.668
62 731 40 18.101
63 918 39 44.522
64 1271 60 15.545
65 550 18 79.749
66 1280 36 55.737
67 460 42 3.253
68 348 32 78.038
69 266 10 96.145
70 556 19 98.275
71 1430 53 1.101
72 502 38 73.175
73 611 8 26.152
74 661 46 46.032
75 309 39 80.583
76 245 55 47.299
77 425 21 5.972
78 212 46 56.959
79 1009 32 48.936
80 186 39 61.821
81 1082 26 40.668
82 382 56 31.632
83 225 45 35.282
84 1191 15 93.942
85 529 53 25.931
86 614 12 48.383
87 19 53 76.385
88 1284 6 0.462
89 519 48 55.371
90 88 7 69.522
91 855 2 24.854
92 1440 12 23.733
93 1247 8 78.630
94 1192 8 19.574
95 47 58 57.186
96 912 5 84.312
97 168 43 92.589
98 801 48 4.024
99 445 48 27.322
100 78 50 3.036
101 1295 7 18.258
102 624 54 42.992
103 880 8 40.601
104 772 43 70.095
105 83 43 59.900
106 1375 45 52.581
107 480 59 33.574
108 374 27 11.272
109 117 45 97.738
110 473 18 31.166
111 1398 30 76.089
112 703 47 43.546
113 262 19 62.304
114 1334 35 94.359
115 339 7 52.366
116 376 56 53.173
117 436 36 13.392
118 627 33 74.708
119 1193 11 13.271
120 1018 55 98.868
121 1417 43 53.604
122 514 54 88.931
123 648 42 25.740
124 219 26 69.678
125 36 52 25.584
126 1102 18 36.982
127 1067 24 96.208
128 679 26 30.968
129 800 42 97.936
130 1250 36 44.679
131 1259 47 1.609
132 214 51 55.542
133 1419 20 29.956
134 503 7 92.245
135 1298 15 59.601
136 555 7 29.635
137 295 8 86.115
138 139 4 80.768
139 344 60 3.432
140 1247 32 25.473
141 1072 4 36.232
142 635 7 67.882
143 1371 60 91.426
144 1288 30 26.102
145 692 3 55.773
146 1406 21 6.257
147 47 18 36.068
148 1255 15 0.512
149 722 53 10.504
150 88 6 95.444