150
1 1067 35 13.919
2 500 22 85.957
3 1403 56 4.637
4 996 2 44.637
5 1228 52 12.917
6 32 44 12.796
7 1253 15 8.462
8 1082 5 52.009
9 169 37 20.588
10 20 58 63.215
11 726 6 51.457
12 555 10 87.141
13 226 60 63.117
14 1211 20 58.243
15 876 12 4.436
16 1275 27 74.656
17 390 43 23.921
18 781 44 10.982
19 433 12 63.153
20 1040 40 93.758
21 805 33 21.535
22 941 46 28.721
23 698 45 96.789
24 995 11 62.334
25 730 40 35.969
26 235 26 25.970
27 219 27 71.011
28 1379 25 49.637
29 722 36 76.843
30 650 8 79.190
31 773 27 30.656
32 506 16 30.077
33 949 56 33.366
34 1147 12 32.739
35 367 20 59.625
36 785 32 70.768
37 1427 26 1.885
38 602 12 81.361
39 283 59 48.359
40 160 13 75.845
41 932 34 16.473
42 67 47 60.071
43 865 41 56.823
44 1307 15 34.242
45 376 13 7.014
46 1413 43 15.672
47 1338 51 78.170
48 1087 7 66.624
49 1005 50 30.940
50 540 40 8.427
51 1140 59 84.806
52 1265 37 39.984
53 1337 1 68.491
54 445 52 29.321
55 499 4 5.903
56 822 13 84.337
57 68 34 32.314
58 386 50 52.360
59 423 20 49.369
60 1199 40 1.807
61 1306 45 34.002
62 1321 15 15.778
63 816 10 36.801
64 504 42 16.559
65 1019 55 36.820
66 603 14 82.113
67 821 34 33.079
68 646 10 20.723
69 991 4 55.363
70 1050 2 62.676
71 397 43 46.466
72 47 47 87.228
73 698 28 6.690
74 7 54 47.815
75 313 22 3.569
76 57 41 34.043
77 214 56 55.561
78 1337 21 10.717
79 989 9 4.985
80 10 46 22.524
81 727 34 39.395
82 1270 58 98.022
83 367 12 55.605
84 1399 27 63.548
85 1124 34 46.022
86 1340 44 52.816
87 291 18 80.076
88 593 7 26.752
89 31 12 39.913
90 151 48 95.078
91 433 40 0.570
92 1077 49 84.764
93 880 31 13.576
94 979 7 99.763
95 251 49 28.289
96 834 19 64.355
97 988 47 60.645
98 1043 52 87.765
99 1353 20 12.710
100 689 48 84.940
101 1198 30 56.690
102 565 35 94.679
103 1346 38 57.160
104 997 17 27.216
105 617 54 92.063
106 584 54 98.484
107 871 41 10.917
108 955 20 97.006
109 1400 20 59.009
110 5 25 2.512
111 1033 29 50.634
112 1391 50 67.854
113 1433 28 4.916
114 488 33 78.823
115 761 58 16.746
116 450 17 7.942
117 383 55 24.574
118 464 16 19.108
119 703 18 15.172
120 270 54 89.196
121 1056 31 32.375
122 460 46 38.497
123 391 13 38.586
124 17 45 66.596
125 1306 23 39.807
126 315 57 6.395
127 197 38 65.037
128 1215 13 26.174
129 721 20 70.609
130 820 16 64.845
131 1172 41 27.040
132 36 5 98.237
133 102 43 91.155
134 928 6 74.993
135 1052 22 45.530
136 319 44 87.760
137 1026 51 94.935
138 262 40 7.199
139 1219 46 75.022
140 199 60 57.912
141 1321 54 48.655
142 358 1 29.523
143 1339 20 31.298
144 857 51 73.535
145 735 4 32.200
146 913 47 53.591
147 1266 58 1.229
148 901 38 89.408
149 90 33 16.849
150 46 40 28.388