150
1 119 23 61.186
2 233 11 77.402
3 229 57 85.873
4 1081 42 79.212
5 922 21 86.271
6 1000 50 80.085
7 1344 44 37.778
8 572 56 31.446
9 546 23 23.339
10 99 16 91.526
11 629 8 16.721
12 1338 18 8.105
13 951 50 77.005
14 756 53 34.030
15 1432 27 94.350
16 901 52 28.050
17 266 49 77.565
18 1080 53 42.035
19 298 50 9.399
20 521 7 96.228
21 1018 42 69.907
22 389 39 63.353
23 902 17 74.928
24 779 51 13.709
25 917 9 41.084
26 506 21 69.136
27 1080 8 23.413
28 292 57 7.360
29 1312 49 10.666
30 1252 23 43.059
31 755 16 95.640
32 1173 15 34.508
33 1174 58 30.741
34 1105 10 30.246
35 579 39 2.446
36 1316 3 95.500
37 284 55 45.182
38 1372 56 43.680
39 803 44 59.773
40 575 19 29.054
41 721 27 45.881
42 521 8 21.502
43 333 25 95.716
44 364 37 55.465
45 473 9 7.355
46 174 8 12.037
47 428 47 56.064
48 450 17 39.821
49 1212 34 48.057
50 383 28 15.935
51 813 47 1.347
52 1250 32 41.518
53 83 36 1.613
54 1287 24 93.881
55 179 36 1.950
56 103 37 0.312
57 722 14 71.871
58 1351 2 71.850
59 1222 48 49.451
60 1361 41 13.601
61 130 51 83.374
62 881 14 56.174
63 426 30 60.846
64 214 49 69.785
65 184 11 10.147
66 471 39 47.663
67 473 51 29.706
68 771 17 96.207
69 1259 22 11.988
70 877 15 1.315
71 977 28 41.861
72 501 16 87.940
73 5 22 44.510
74 608 29 45.806
75 749 12 71.095
76 925 50 86.272
77 43 59 42.691
78 1282 21 53.229
79 1235 7 14.545
80 949 21 85.394
81 902 45 19.649
82 1002 52 67.342
83 1417 36 79.718
84 69 36 61.558
85 1009 4 44.143
86 1002 27 29.642
87 678 2 66.811
88 1155 41 3.387
89 1113 54 25.673
90 951 36 99.389
91 565 14 94.036
92 74 45 18.051
93 1339 49 57.899
94 1189 25 11.621
95 265 59 50.062
96 233 5 62.774
97 1402 26 16.879
98 1253 2 57.911
99 1107 27 51.812
100 1131 46 19.723
101 287 22 39.453
102 1081 59 15.689
103 1188 25 60.315
104 37 44 47.570
105 413 50 60.151
106 561 4 21.373
107 366 2 31.668
108 682 1 97.603
109 407 58 26.937
110 438 37 1.849
111 378 9 43.868
112 1151 54 46.247
113 1264 60 97.676
114 1228 49 70.617
115 203 29 46.829
116 421 3 56.037
117 1249 12 49.933
118 337 38 46.120
119 35 20 56.102
120 133 23 49.601
121 833 36 49.131
122 967 42 61.828
123 874 6 44.605
124 391 34 15.403
125 449 4 75.479
126 323 26 32.354
127 1259 14 59.607
128 1255 34 66.329
129 647 15 76.732
130 168 55 3.420
131 144 9 3.262
132 839 56 88.254
133 391 52 12.542
134 122 6 98.185
135 1013 8 59.460
136 383 58 43.557
137 1064 6 67.313
138 262 29 30.809
139 721 1 38.201
140 446 15 65.085
141 1338 21 65.371
142 1188 24 65.275
143 1379 17 53.278
144 656 27 71.178
145 143 13 80.617
146 308 14 48.232
147 1273 32 50.005
148 601 30 58.017
149 556 10 14.041
150 1427 14 87.903