150
1 1266 3 94.653
2 1351 51 93.804
3 617 36 52.894
4 709 28 4.714
5 1240 56 63.958
6 461 60 0.894
7 1332 34 73.365
8 151 51 37.828
9 356 27 14.034
10 350 49 75.457
11 910 38 65.608
12 474 36 63.194
13 980 55 81.014
14 1262 35 86.096
15 212 45 94.502
16 1304 25 27.237
17 386 5 64.841
18 669 34 24.670
19 116 36 53.329
20 509 55 47.543
21 101 21 67.518
22 597 27 23.827
23 539 1 93.206
24 792 56 39.963
25 849 29 35.050
26 318 10 74.985
27 1395 50 64.596
28 502 3 77.503
29 270 54 82.408
30 4 5 63.738
31 1431 23 10.366
32 1060 41 5.664
33 470 41 35.606
34 108 16 55.644
35 838 29 49.941
36 651 46 51.077
37 376 51 7.675
38 872 52 97.729
39 1326 21 69.672
40 1407 34 68.855
41 258 60 22.224
42 146 7 33.417
43 1288 2 17.768
44 85 1 72.785
45 427 11 72.354
46 147 7 4.310
47 1418 27 41.031
48 1113 32 77.206
49 1369 20 19.904
50 645 54 86.557
51 1047 32 7.635
52 1031 40 5.171
53 156 37 33.718
54 451 32 61.343
55 1122 5 38.573
56 1311 10 7.108
57 1099 52 76.237
58 1173 53 3.389
59 1128 34 2.223
60 830 51 16.697
61 243 21 96.084
62 980 47 81.476
63 25 32 99.088
64 8 31 1.655
65 197 58 32.840
66 127 5 56.473
67 880 21 52.291
68 882 14 73.928
69 1408 54 23.861
70 627 19 46.771
71 472 31 80.466
72 1126 32 79.113
73 1043 27 78.707
74 942 19 92.849
75 1063 43 49.595
76 265 57 36.929
77 287 58 12.151
78 938 55 15.434
79 154 1 41.820
80 267 2 44.280
81 68 39 20.746
82 1115 2 73.388
83 434 46 46.537
84 811 24 42.714
85 701 47 19.864
86 52 40 74.550
87 397 21 84.040
88 1091 9 45.530
89 781 24 81.548
90 135 46 55.639
91 1353 36 81.358
92 1079 17 6.805
93 303 20 69.738
94 1080 17 75.493
95 1154 39 2.708
96 1164 26 33.339
97 765 7 45.301
98 337 30 29.641
99 576 2 78.871
100 232 26 67.078
101 394 42 73.840
102 669 44 1.287
103 75 41 42.635
104 1348 39 64.311
105 19 18 62.718
106 915 56 27.475
107 886 53 50.874
108 388 16 83.634
109 231 43 36.362
110 1290 17 22.284
111 1294 32 37.499
112 56 45 41.029
113 515 16 94.824
114 1205 11 36.065
115 708 15 0.780
116 583 2 52.891
117 164 3 55.098
118 107 15 55.363
119 725 11 48.374
120 1386 5 35.753
121 1051 37 4.262
122 1014 9 6.246
123 1031 48 5.588
124 111 11 54.405
125 1178 60 68.562
126 1218 44 7.524
127 1381 60 7.449
128 662 36 48.681
129 763 2 55.717
130 238 41 10.233
131 130 25 63.949
132 29 11 20.152
133 11 26 84.624
134 1146 1 51.493
135 152 49 66.764
136 353 50 12.891
137 1273 40 8.173
138 754 20 59.985
139 1173 35 35.610
140 436 46 25.514
141 514 29 37.924
142 804 44 52.194
143 1229 52 18.995
144 966 41 45.075
145 1113 27 41.248
146 1298 38 24.667
147 542 60 95.343
148 822 37 90.586
149 808 44 25.924
150 169 4 24.717