150
1 32 15 99.276
2 258 2 12.585
3 1243 25 61.144
4 230 33 7.352
5 1052 54 41.690
6 362 44 25.367
7 321 55 52.815
8 97 54 93.238
9 1301 22 98.398
10 1225 12 39.143
11 556 50 43.109
12 1328 24 26.085
13 1218 34 70.407
14 741 59 45.218
15 184 46 88.100
16 1092 60 7.209
17 521 12 75.705
18 201 52 55.969
19 1200 6 32.636
20 928 60 72.267
21 140 39 79.736
22 803 28 38.821
23 1359 21 50.730
24 93 21 66.433
25 759 36 78.174
26 74 2 0.546
27 26 7 78.759
28 1243 52 50.266
29 678 53 8.479
30 963 30 10.017
31 804 29 0.916
32 387 11 87.081
33 66 57 51.343
34 320 51 38.559
35 494 4 39.581
36 1219 32 5.007
37 443 53 42.566
38 968 12 72.188
39 691 3 45.609
40 1233 7 46.187
41 146 52 34.934
42 1365 33 6.904
43 434 29 12.856
44 935 35 76.741
45 97 14 47.594
46 501 2 61.408
47 1167 22 0.134
48 315 49 98.457
49 146 39 33.167
50 1119 38 48.765
51 596 14 34.799
52 698 42 7.373
53 581 59 14.732
54 919 10 40.842
55 1157 42 83.959
56 661 55 70.816
57 729 29 9.391
58 1392 33 3.046
59 263 13 94.746
60 88 40 18.531
61 995 42 15.989
62 946 2 14.149
63 231 40 5.533
64 684 33 27.055
65 276 39 89.185
66 573 35 24.740
67 1011 10 14.078
68 131 26 10.721
69 1380 10 53.369
70 1040 36 67.653
71 1296 30 7.830
72 486 39 59.326
73 1193 14 16.465
74 703 52 16.054
75 1363 60 82.875
76 111 17 41.584
77 1127 35 41.917
78 191 37 36.703
79 522 26 71.561
80 588 10 66.409
81 482 8 53.436
82 663 5 58.867
83 1170 43 95.351
84 83 31 68.236
85 1051 14 78.890
86 1122 51 14.128
87 367 46 17.526
88 644 3 26.342
89 792 56 9.938
90 90 35 93.535
91 386 59 63.241
92 255 29 40.951
93 203 46 74.373
94 869 40 0.662
95 173 21 14.989
96 1433 42 22.674
97 508 29 22.063
98 913 20 77.236
99 852 13 68.278
100 1090 50 44.772
101 1052 42 88.339
102 555 54 62.846
103 109 44 94.654
104 1216 31 73.330
105 897 18 27.799
106 854 51 9.909
107 42 53 13.041
108 1289 34 60.797
109 326 30 24.198
110 266 33 13.606
111 105 18 50.840
112 32 43 26.997
113 813 14 21.369
114 660 34 23.318
115 220 55 5.242
116 140 16 17.510
117 149 28 15.929
118 1396 41 81.466
119 796 60 21.408
120 745 38 58.972
121 168 36 6.185
122 1221 13 47.803
123 529 8 55.179
124 585 54 36.474
125 5 1 99.981
126 830 18 21.984
127 83 4 96.842
128 1174 57 78.158
129 362 19 18.882
130 895 40 73.577
131 890 25 62.625
132 1242 53 96.349
133 941 38 93.396
134 670 19 2.568
135 826 59 53.471
136 592 49 10.927
137 911 50 52.117
138 877 19 77.819
139 652 3 45.027
140 112 41 32.050
141 1109 54 47.889
142 189 60 20.511
143 434 58 18.061
144 1179 31 24.130
145 400 27 88.044
146 711 40 13.690
147 447 14 23.819
148 209 46 35.666
149 1280 28 68.722
150 1366 37 24.335