150
1 1116 25 65.162
2 405 22 18.450
3 471 16 72.153
4 551 59 9.003
5 686 20 87.978
6 803 56 54.083
7 686 24 3.564
8 1259 38 96.668
9 487 2 35.935
10 25 59 41.410
11 1045 42 78.136
12 360 56 84.241
13 1202 25 43.275
14 104 60 66.457
15 533 19 30.128
16 1349 51 84.122
17 1098 46 50.845
18 123 4 59.024
19 683 12 3.173
20 1287 55 45.492
21 1127 15 91.644
22 157 35 62.226
23 777 23 20.648
24 531 40 46.325
25 270 9 55.124
26 542 14 16.160
27 151 6 95.926
28 988 13 56.554
29 913 36 70.454
30 1146 5 59.467
31 1079 18 19.070
32 413 55 59.498
33 274 8 79.968
34 1036 40 94.919
35 148 19 49.684
36 755 51 44.952
37 304 53 5.275
38 599 31 6.109
39 162 44 47.535
40 1435 52 24.318
41 1308 22 51.856
42 372 54 16.426
43 668 16 64.572
44 887 10 53.002
45 1117 18 62.619
46 998 28 88.037
47 1160 18 67.041
48 714 46 28.275
49 414 8 24.013
50 707 20 24.415
51 113 18 70.365
52 3 22 1.848
53 1275 35 47.451
54 1423 59 75.017
55 1211 53 39.709
56 375 28 18.888
57 950 39 8.541
58 1304 59 84.928
59 241 42 90.582
60 498 57 75.185
61 879 34 89.118
62 50 33 29.275
63 904 50 15.173
64 381 42 99.561
65 406 24 24.787
66 745 29 86.944
67 1162 52 49.084
68 155 45 32.515
69 1035 50 30.889
70 564 55 83.059
71 1371 30 49.925
72 1347 60 2.819
73 986 40 41.807
74 473 38 61.762
75 1401 48 24.288
76 1279 27 23.822
77 433 38 23.347
78 340 16 22.240
79 1233 55 58.668
80 527 52 73.050
81 483 11 1.636
82 886 25 17.837
83 302 59 8.468
84 45 52 24.359
85 808 6 86.809
86 164 3 95.961
87 602 25 77.692
88 1429 9 55.916
89 1144 21 44.771
90 375 56 91.101
91 965 25 55.921
92 699 33 72.062
93 1332 30 43.588
94 1 11 98.025
95 239 33 78.387
96 1009 37 97.871
97 932 56 89.229
98 1088 50 63.908
99 1316 59 95.480
100 364 55 56.772
101 781 54 55.321
102 1171 47 81.618
103 451 21 58.213
104 1083 11 74.759
105 83 15 16.928
106 1121 45 79.760
107 954 39 79.094
108 1036 17 2.793
109 470 33 89.153
110 67 10 69.793
111 914 46 88.785
112 1130 50 45.041
113 102 11 60.676
114 1153 20 38.177
115 1006 10 79.590
116 94 29 40.512
117 637 26 89.697
118 230 51 18.172
119 1361 54 37.508
120 990 19 97.817
121 1098 7 13.563
122 29 11 79.955
123 1053 1 95.909
124 611 14 55.795
125 1406 11 41.855
126 1347 20 86.840
127 1349 20 84.758
128 1077 33 61.143
129 1185 55 68.891
130 733 49 96.160
131 786 25 62.177
132 1330 9 63.236
133 427 54 20.768
134 1182 19 87.509
135 1338 2 83.674
136 1219 38 25.447
137 135 17 33.933
138 1077 5 84.553
139 161 52 49.901
140 314 55 48.930
141 1073 26 58.240
142 705 3 23.384
143 94 57 17.077
144 208 34 58.865
145 731 58 59.408
146 499 18 0.144
147 331 53 57.765
148 438 2 72.956
149 490 19 76.820
150 1264 13 60.219