150
1 997 44 33.493
2 943 31 61.633
3 37 18 57.146
4 1127 26 81.227
5 400 46 7.444
6 458 22 57.822
7 109 10 85.328
8 1188 34 89.380
9 548 48 4.911
10 745 9 78.356
11 717 1 67.370
12 1140 42 56.619
13 627 3 58.114
14 241 56 51.583
15 486 56 43.712
16 1039 48 91.973
17 1319 6 2.912
18 81 56 74.323
19 1328 9 45.167
20 255 11 23.815
21 116 34 15.510
22 1395 18 13.102
23 1050 11 24.108
24 1173 42 69.795
25 1224 31 72.947
26 1268 40 79.419
27 454 49 77.165
28 1356 19 99.210
29 1436 36 57.130
30 1098 57 85.651
31 772 3 86.431
32 88 1 19.569
33 378 13 21.235
34 353 7 48.931
35 854 58 23.159
36 105 33 2.718
37 969 26 21.285
38 1116 11 14.154
39 775 6 54.324
40 1380 46 29.983
41 246 53 11.037
42 1045 59 58.927
43 554 11 62.510
44 1092 35 30.781
45 898 14 77.925
46 1376 50 70.976
47 806 17 20.033
48 128 29 66.944
49 798 15 74.848
50 1394 19 41.483
51 90 48 18.214
52 454 52 85.557
53 84 37 81.500
54 1194 9 28.534
55 401 23 88.642
56 950 44 41.915
57 120 53 87.598
58 1043 4 44.990
59 1316 10 87.098
60 1328 19 4.301
61 48 44 31.401
62 492 17 70.954
63 1283 51 15.166
64 391 59 57.793
65 1131 35 60.678
66 448 43 98.826
67 169 57 27.740
68 380 32 37.997
69 1232 39 77.845
70 377 54 32.993
71 439 3 71.903
72 1027 56 42.054
73 321 31 63.631
74 1363 43 66.775
75 247 26 57.109
76 696 56 4.887
77 1116 21 85.029
78 1192 30 27.538
79 1439 54 7.422
80 1126 60 87.507
81 297 42 86.613
82 1259 20 6.227
83 257 38 48.880
84 284 21 45.877
85 1002 41 35.988
86 802 46 3.092
87 1428 37 5.554
88 1260 36 9.794
89 1149 20 12.191
90 397 17 86.997
91 17 19 21.278
92 275 45 83.213
93 1007 26 83.769
94 1127 45 65.190
95 870 37 36.903
96 1238 27 3.063
97 1309 20 15.118
98 34 4 38.842
99 656 27 18.119
100 1015 1 0.871
101 55 12 95.838
102 42 2 77.048
103 850 17 9.196
104 844 14 6.772
105 224 20 35.342
106 349 39 51.629
107 527 59 73.828
108 643 50 44.224
109 1075 30 2.826
110 485 22 39.893
111 111 50 71.357
112 762 11 33.873
113 713 11 2.242
114 272 22 98.282
115 685 1 88.057
116 56 52 5.560
117 560 7 61.160
118 864 8 65.339
119 1009 28 70.807
120 655 1 77.942
121 211 42 54.761
122 1307 4 82.693
123 1377 36 43.865
124 142 28 51.696
125 48 49 80.276
126 19 20 90.961
127 252 55 90.594
128 1349 57 11.084
129 585 22 3.465
130 1211 5 35.392
131 201 34 73.378
132 1053 4 30.878
133 1054 50 94.517
134 127 50 20.194
135 373 17 18.017
136 966 5 39.325
137 70 35 58.731
138 460 32 51.556
139 611 9 94.832
140 499 18 29.160
141 798 18 69.016
142 1072 43 99.668
143 328 48 99.961
144 494 28 76.422
145 732 43 13.484
146 678 11 64.914
147 703 49 60.414
148 872 34 48.197
149 1378 13 42.743
150 506 56 13.750