150
1 193 18 51.987
2 1326 57 2.220
3 713 11 89.912
4 173 19 53.201
5 1020 45 55.603
6 418 18 56.268
7 843 2 10.700
8 545 26 7.555
9 1228 45 95.737
10 866 33 95.410
11 1127 40 29.186
12 218 40 69.072
13 607 6 39.958
14 193 13 69.721
15 719 4 26.280
16 467 44 98.598
17 1053 47 41.663
18 518 44 55.583
19 35 59 84.984
20 1182 34 20.865
21 288 34 78.648
22 645 26 6.376
23 1398 15 95.937
24 81 48 22.314
25 792 28 89.375
26 1316 36 0.227
27 1321 37 79.686
28 758 5 10.682
29 937 37 9.166
30 165 20 66.187
31 917 31 49.162
32 47 37 31.893
33 480 60 8.244
34 1015 24 62.198
35 1323 20 71.528
36 149 52 74.589
37 36 3 95.656
38 352 26 10.857
39 877 43 81.238
40 428 55 53.351
41 1405 27 44.979
42 560 44 66.925
43 366 9 33.211
44 797 3 26.016
45 873 42 1.703
46 43 4 13.723
47 746 7 31.043
48 229 30 30.875
49 1214 7 86.328
50 813 54 56.769
51 259 47 14.489
52 1274 32 60.936
53 1051 17 45.216
54 1243 25 11.368
55 968 14 87.876
56 625 4 42.082
57 678 14 72.695
58 548 28 95.856
59 704 41 39.596
60 1137 23 52.847
61 1104 9 85.901
62 1140 55 96.313
63 707 19 29.638
64 526 5 7.704
65 501 51 21.860
66 179 28 88.118
67 1076 15 8.739
68 556 60 70.318
69 888 57 39.546
70 765 10 24.484
71 1107 25 72.397
72 412 13 50.191
73 624 4 95.452
74 1105 10 39.088
75 1107 50 4.579
76 644 9 42.612
77 82 43 46.842
78 51 39 66.525
79 607 38 14.572
80 665 48 82.200
81 804 28 18.277
82 891 51 26.739
83 552 13 81.539
84 101 48 80.716
85 667 39 12.878
86 823 42 60.238
87 515 16 98.046
88 1311 9 0.234
89 1214 41 24.268
90 220 14 24.041
91 749 24 4.733
92 1203 26 21.702
93 1185 4 93.656
94 714 8 28.783
95 366 27 59.725
96 328 1 23.395
97 926 39 79.360
98 795 51 20.497
99 536 51 61.892
100 1080 16 61.109
101 1025 27 5.675
102 962 33 69.056
103 524 27 1.147
104 827 14 8.127
105 633 10 77.687
106 401 35 13.970
107 611 7 69.598
108 37 42 31.814
109 933 30 74.902
110 1242 31 68.306
111 763 34 86.172
112 646 18 18.874
113 16 41 17.464
114 1105 4 69.248
115 1262 30 1.312
116 1434 28 6.319
117 584 14 37.863
118 1293 60 57.608
119 1059 35 27.879
120 106 52 31.478
121 127 34 39.184
122 313 5 9.400
123 15 60 10.045
124 495 2 66.529
125 1205 54 49.159
126 345 53 85.172
127 631 1 96.090
128 1014 32 12.095
129 1162 13 35.101
130 1196 2 56.884
131 1293 56 68.181
132 1003 41 16.767
133 1422 47 91.931
134 1291 24 56.252
135 187 23 11.215
136 195 14 65.636
137 1083 26 48.134
138 989 12 39.168
139 1399 49 77.109
140 338 34 96.969
141 736 13 12.680
142 1181 55 8.401
143 501 33 44.112
144 1263 44 38.959
145 846 3 34.945
146 1189 60 7.258
147 39 32 51.362
148 609 36 0.998
149 902 51 73.306
150 212 48 82.111