150
1 267 21 93.397
2 1049 18 92.656
3 1291 27 32.257
4 848 55 62.528
5 594 15 15.585
6 619 30 20.541
7 553 40 94.799
8 976 25 26.575
9 1036 60 3.196
10 702 41 12.161
11 940 24 36.948
12 394 59 63.446
13 894 45 4.668
14 817 21 0.807
15 1394 8 27.778
16 713 2 87.343
17 5 38 53.380
18 427 10 37.160
19 1010 2 51.761
20 111 43 35.983
21 189 26 5.865
22 56 27 49.175
23 105 22 67.428
24 128 39 97.256
25 273 27 11.269
26 955 34 28.979
27 1437 53 0.149
28 524 10 61.531
29 274 28 90.718
30 1205 4 77.119
31 986 12 64.026
32 1185 19 56.203
33 906 18 30.717
34 373 38 61.221
35 1155 16 82.262
36 792 2 95.318
37 135 16 95.743
38 997 11 92.328
39 1322 22 91.780
40 1115 20 21.711
41 273 27 4.287
42 1160 45 18.781
43 448 40 62.535
44 932 44 16.425
45 739 47 61.884
46 379 30 72.943
47 648 15 29.519
48 56 32 55.083
49 1271 38 62.455
50 770 45 75.521
51 940 25 26.642
52 105 2 24.421
53 208 31 81.722
54 718 37 55.799
55 1101 36 30.770
56 1295 14 85.436
57 5 12 53.227
58 1389 12 20.579
59 574 47 68.931
60 936 25 32.023
61 964 28 45.226
62 156 17 89.328
63 1034 49 30.717
64 677 34 62.453
65 484 14 8.469
66 1399 34 84.946
67 190 47 41.221
68 564 53 18.896
69 522 15 46.480
70 361 12 34.672
71 5 2 58.226
72 905 31 14.151
73 10 49 68.252
74 331 49 33.253
75 394 31 62.992
76 877 37 26.310
77 597 47 55.449
78 640 31 74.291
79 84 52 71.374
80 314 14 87.073
81 1430 46 70.749
82 529 7 61.652
83 1147 45 51.037
84 1090 31 45.273
85 409 49 23.054
86 1080 27 81.373
87 412 48 76.581
88 1052 55 17.729
89 305 8 66.053
90 583 58 90.405
91 1156 58 60.445
92 590 39 14.161
93 144 19 99.191
94 888 4 87.591
95 94 10 86.341
96 254 48 74.448
97 1279 23 13.913
98 377 7 61.422
99 274 25 95.631
100 368 25 37.121
101 1038 55 74.467
102 807 60 40.781
103 1087 38 23.668
104 1002 44 18.741
105 1151 52 34.374
106 372 52 61.811
107 149 8 39.564
108 785 50 52.419
109 96 58 57.179
110 938 49 9.025
111 708 12 7.748
112 481 36 28.215
113 1282 60 71.721
114 1381 22 72.272
115 208 30 72.907
116 200 20 98.128
117 458 50 35.507
118 110 23 47.036
119 52 54 12.441
120 225 6 53.843
121 81 16 1.658
122 716 50 85.161
123 993 15 70.166
124 206 17 30.915
125 84 48 70.913
126 270 8 76.372
127 771 16 84.887
128 602 10 40.114
129 2 39 82.464
130 1151 34 94.532
131 1286 55 82.266
132 1359 5 6.906
133 1042 24 6.844
134 1113 56 98.822
135 1376 47 1.623
136 13 54 95.737
137 619 55 14.324
138 466 38 46.261
139 757 5 86.954
140 1046 22 53.869
141 404 32 34.486
142 960 2 11.602
143 685 7 30.128
144 960 22 86.852
145 1413 51 69.255
146 1257 50 61.534
147 1183 58 88.645
148 1099 33 47.417
149 592 7 86.096
150 1228 24 72.851