150
1 876 31 32.019
2 801 15 83.496
3 899 50 32.030
4 539 48 11.810
5 1358 42 15.036
6 325 57 30.495
7 1363 25 53.298
8 1114 6 70.730
9 1153 56 89.474
10 1238 18 26.107
11 1247 8 63.737
12 255 31 46.322
13 902 17 92.154
14 1353 52 55.972
15 801 33 17.729
16 335 57 98.273
17 446 27 38.630
18 275 51 88.983
19 380 56 46.926
20 1325 48 76.715
21 828 1 6.394
22 207 1 27.416
23 1221 52 35.972
24 22 13 6.447
25 231 9 55.187
26 80 42 67.032
27 954 15 60.605
28 149 50 98.023
29 419 56 81.598
30 1082 58 24.552
31 1246 24 3.028
32 787 56 91.688
33 558 24 27.100
34 1030 42 53.394
35 1223 28 6.316
36 785 34 92.322
37 1303 58 60.062
38 502 39 18.667
39 1076 10 31.491
40 708 18 58.443
41 769 48 24.004
42 975 1 30.776
43 1287 30 92.116
44 1197 42 57.840
45 1042 44 26.319
46 522 9 86.309
47 467 33 35.037
48 111 53 74.098
49 386 38 99.026
50 581 57 53.294
51 1395 4 93.854
52 921 36 27.617
53 1414 53 58.210
54 1266 43 80.500
55 456 35 13.761
56 412 14 33.414
57 1331 53 27.609
58 679 53 16.722
59 110 6 59.323
60 115 32 26.392
61 1184 40 4.370
62 211 6 40.608
63 104 9 92.861
64 1021 59 82.641
65 879 44 79.864
66 802 2 10.620
67 254 31 92.537
68 1289 56 67.893
69 93 42 44.197
70 1207 33 1.181
71 832 2 95.219
72 452 47 19.325
73 1243 16 47.439
74 1036 3 55.669
75 331 15 14.739
76 273 12 54.626
77 64 5 30.922
78 885 36 18.296
79 388 51 72.458
80 206 37 78.271
81 877 54 70.564
82 573 43 73.467
83 834 13 7.031
84 831 12 73.572
85 643 7 78.129
86 419 35 94.795
87 1361 16 71.079
88 175 7 91.784
89 17 39 48.998
90 947 28 81.857
91 548 4 95.504
92 1224 8 84.117
93 1089 38 34.347
94 766 34 58.669
95 184 38 38.070
96 1029 37 17.670
97 536 22 78.190
98 1179 46 97.382
99 135 6 25.807
100 598 22 75.480
101 220 37 17.935
102 1185 42 99.015
103 707 58 26.798
104 974 2 12.953
105 691 41 77.466
106 1161 24 17.888
107 1189 42 90.013
108 1114 59 75.584
109 385 7 25.306
110 170 16 91.734
111 220 9 12.189
112 571 58 0.166
113 1136 7 7.260
114 781 25 91.850
115 400 32 99.273
116 182 13 43.158
117 1358 58 50.654
118 753 21 94.980
119 21 36 33.027
120 1158 27 6.611
121 1362 33 31.133
122 1214 53 33.574
123 762 35 27.890
124 1108 21 54.995
125 1412 7 98.777
126 22 9 30.411
127 259 46 75.915
128 115 1 83.970
129 360 25 43.912
130 233 13 45.956
131 1067 57 90.378
132 724 20 51.657
133 1248 29 89.540
134 1297 54 39.995
135 83 28 51.786
136 1144 47 8.541
137 1113 33 0.667
138 332 21 22.332
139 703 52 64.460
140 188 38 13.743
141 1403 5 14.009
142 368 38 30.408
143 1264 31 55.104
144 1282 53 4.350
145 1054 60 13.393
146 186 35 97.809
147 606 46 35.214
148 796 4 11.710
149 141 26 47.697
150 895 15 77.439