150
1 531 35 11.059
2 1054 18 3.961
3 266 24 74.755
4 28 29 69.739
5 1068 51 21.182
6 409 23 96.084
7 373 5 81.753
8 281 5 74.229
9 319 24 28.721
10 294 11 17.653
11 1028 7 33.781
12 95 45 22.290
13 730 56 17.502
14 571 1 55.258
15 400 5 46.536
16 1218 51 67.446
17 888 26 40.970
18 175 20 90.218
19 1410 30 25.723
20 110 51 61.810
21 934 42 82.809
22 1305 6 89.233
23 1381 15 73.102
24 730 15 50.063
25 1399 38 14.157
26 683 19 20.760
27 375 44 61.528
28 879 9 16.691
29 39 40 98.664
30 351 52 40.796
31 315 35 64.289
32 660 31 25.009
33 690 1 85.937
34 920 16 37.364
35 1371 50 99.703
36 223 58 53.029
37 293 43 75.072
38 1013 2 36.266
39 472 29 4.524
40 397 24 23.149
41 1426 38 37.568
42 1198 42 45.674
43 657 1 78.365
44 349 40 87.522
45 253 3 49.529
46 388 14 40.883
47 408 51 72.414
48 226 8 16.935
49 467 2 9.415
50 417 59 55.813
51 1174 28 48.490
52 160 55 41.102
53 250 15 48.619
54 717 20 14.239
55 742 12 27.961
56 1016 34 81.634
57 734 25 52.680
58 337 34 11.424
59 29 33 28.893
60 1088 29 75.397
61 1362 11 28.416
62 368 6 86.933
63 1174 51 37.745
64 549 18 10.616
65 136 44 95.860
66 464 22 47.047
67 712 51 66.282
68 241 15 42.890
69 1199 32 52.301
70 113 24 59.300
71 1432 22 22.475
72 297 6 89.008
73 1100 40 69.386
74 368 24 51.098
75 238 14 28.282
76 675 55 75.938
77 1156 27 3.018
78 43 60 86.574
79 206 35 13.834
80 1068 32 44.913
81 626 44 90.972
82 55 48 55.334
83 208 34 99.160
84 811 18 79.452
85 1268 37 59.694
86 874 1 36.204
87 15 1 40.203
88 732 20 29.051
89 343 3 47.192
90 1154 15 72.680
91 108 59 28.235
92 859 53 80.009
93 1265 43 73.357
94 1112 25 51.219
95 1336 36 13.930
96 852 60 46.959
97 811 1 4.431
98 741 22 15.615
99 1112 57 23.369
100 965 47 2.058
101 337 25 32.567
102 1345 3 66.393
103 1151 31 41.383
104 263 47 36.645
105 228 11 32.165
106 1312 55 94.950
107 1350 44 56.505
108 1209 3 46.704
109 329 10 35.027
110 615 36 91.575
111 1124 28 5.127
112 196 44 18.030
113 353 19 40.869
114 874 45 99.673
115 982 4 96.737
116 690 20 34.720
117 977 19 41.669
118 52 22 3.467
119 213 10 54.394
120 1344 38 8.206
121 1271 18 87.839
122 1085 47 95.964
123 1409 45 23.679
124 1003 12 69.539
125 242 30 14.776
126 1097 42 97.912
127 480 39 88.769
128 590 29 64.917
129 542 26 63.468
130 658 18 94.364
131 296 41 27.497
132 1299 55 57.926
133 604 55 48.939
134 1209 60 29.361
135 1102 43 17.335
136 861 37 86.261
137 1029 21 86.450
138 1315 9 39.676
139 1301 36 46.739
140 552 58 20.967
141 633 47 32.151
142 26 12 96.770
143 920 10 7.910
144 826 24 26.750
145 702 59 67.686
146 848 35 56.172
147 380 50 98.422
148 232 33 1.591
149 620 25 74.427
150 386 27 57.196