150
1 372 45 37.570
2 796 30 0.452
3 202 30 56.328
4 484 56 77.641
5 450 10 98.963
6 1410 55 84.644
7 1073 38 96.179
8 735 51 66.387
9 124 19 90.183
10 637 12 13.738
11 1059 14 23.947
12 357 20 41.228
13 564 51 26.696
14 1223 28 0.308
15 1225 1 27.724
16 451 11 45.267
17 1390 26 68.826
18 221 43 26.565
19 864 39 91.253
20 244 1 32.894
21 1408 6 65.491
22 729 18 59.617
23 275 38 10.059
24 6 33 63.085
25 922 2 52.790
26 740 47 49.914
27 1191 5 57.602
28 418 21 38.454
29 206 12 48.338
30 1380 49 86.451
31 1327 34 90.055
32 1363 4 4.289
33 766 14 23.567
34 870 2 77.509
35 1301 48 5.690
36 1094 52 7.959
37 1249 48 3.637
38 251 37 61.695
39 529 56 3.117
40 223 6 29.491
41 808 36 43.436
42 586 56 5.706
43 508 23 53.288
44 348 4 55.297
45 680 42 4.759
46 314 25 77.137
47 968 52 8.496
48 143 55 19.478
49 821 44 84.845
50 891 1 25.874
51 214 32 45.860
52 488 14 4.797
53 683 58 45.675
54 1041 12 48.137
55 1283 60 42.375
56 493 18 29.988
57 846 39 30.508
58 1276 46 77.230
59 170 18 49.543
60 485 16 54.843
61 666 23 61.968
62 1289 38 18.871
63 182 48 53.989
64 930 56 68.430
65 1113 48 21.978
66 252 13 72.693
67 775 12 39.815
68 144 47 57.799
69 122 56 8.365
70 310 59 0.191
71 2 57 6.158
72 420 37 85.986
73 785 2 27.191
74 309 30 48.320
75 665 36 88.883
76 328 28 52.305
77 1329 38 13.792
78 834 19 33.958
79 1075 30 81.393
80 1203 44 24.792
81 1210 7 68.455
82 679 13 38.351
83 297 36 17.728
84 332 14 71.398
85 1348 20 80.949
86 471 11 87.850
87 917 5 90.997
88 733 56 16.435
89 1017 20 24.599
90 1222 6 3.417
91 1219 55 9.716
92 501 47 14.783
93 612 49 10.992
94 1095 48 45.968
95 99 40 89.671
96 1094 2 74.252
97 499 58 80.165
98 6 7 48.649
99 1051 56 94.690
100 1000 28 98.450
101 1281 60 98.347
102 1241 44 69.155
103 1205 18 62.174
104 782 46 40.236
105 770 45 41.223
106 1022 40 16.598
107 768 5 65.611
108 1289 4 32.205
109 286 48 74.717
110 366 4 73.775
111 331 2 1.746
112 260 45 72.115
113 606 14 40.612
114 540 18 58.898
115 990 23 27.709
116 125 6 4.092
117 1308 37 72.219
118 1196 45 18.190
119 894 50 16.952
120 981 41 59.847
121 892 27 68.722
122 610 37 2.679
123 886 32 65.803
124 1403 19 79.793
125 1150 52 24.825
126 452 57 48.830
127 349 51 5.383
128 944 12 17.975
129 1186 32 67.610
130 1418 7 15.224
131 226 58 57.168
132 1210 23 51.896
133 752 34 26.088
134 70 10 30.913
135 971 2 10.522
136 1428 34 3.124
137 579 50 98.916
138 24 56 17.912
139 1194 18 48.268
140 477 32 46.776
141 1280 48 25.887
142 661 15 96.464
143 120 41 24.621
144 1265 32 8.410
145 1118 49 89.455
146 30 43 75.431
147 1238 1 26.233
148 1244 50 66.990
149 910 57 97.921
150 1315 26 33.628