200
1 1056 17 54.494
2 172 33 14.745
3 335 55 98.423
4 643 41 95.891
5 1332 35 57.212
6 817 60 29.207
7 307 19 41.257
8 592 13 25.180
9 490 54 93.027
10 1064 16 93.011
11 730 54 53.897
12 186 8 68.650
13 1188 52 54.838
14 819 56 70.733
15 262 47 37.866
16 261 37 68.009
17 710 24 8.131
18 408 7 42.558
19 525 5 5.104
20 368 4 63.493
21 120 14 35.831
22 707 40 33.969
23 13 5 87.006
24 378 47 41.883
25 225 24 14.316
26 135 59 10.553
27 226 31 23.979
28 1423 9 49.074
29 638 3 51.144
30 1150 25 35.295
31 134 56 14.982
32 377 37 47.230
33 1201 1 65.925
34 973 15 22.702
35 1229 10 75.544
36 1197 19 41.602
37 397 49 78.954
38 694 22 6.798
39 1279 48 75.607
40 1132 31 49.799
41 478 27 67.599
42 343 15 17.698
43 1001 59 69.177
44 812 52 37.509
45 130 28 4.967
46 951 15 71.771
47 127 20 97.459
48 1091 49 31.104
49 301 50 83.597
50 194 52 24.263
51 537 32 61.904
52 1228 41 36.685
53 350 17 63.358
54 1419 4 26.485
55 1404 13 69.683
56 532 42 62.089
57 185 42 59.939
58 363 38 13.388
59 1032 4 96.002
60 716 20 78.396
61 1418 58 49.396
62 1425 19 74.231
63 456 41 77.860
64 889 23 40.881
65 682 9 7.413
66 1184 47 6.843
67 377 31 44.444
68 1025 10 84.690
69 551 29 53.698
70 97 18 6.893
71 115 58 18.554
72 961 6 89.199
73 756 5 52.068
74 105 12 62.423
75 269 55 72.655
76 275 16 91.020
77 845 40 11.282
78 558 16 24.394
79 903 16 2.441
80 580 9 20.830
81 1331 50 37.268
82 1082 43 50.724
83 779 40 3.529
84 171 15 8.818
85 1424 48 50.764
86 1317 37 90.564
87 36 16 57.728
88 426 6 62.960
89 742 10 48.162
90 751 46 34.350
91 191 9 54.359
92 1008 25 47.708
93 382 37 58.628
94 1305 34 17.924
95 234 21 47.250
96 745 22 5.536
97 1096 34 11.321
98 1181 10 36.507
99 363 26 30.710
100 563 40 31.161
101 260 36 42.793
102 733 32 54.382
103 441 20 5.161
104 350 55 66.169
105 1089 16 29.972
106 1238 24 6.717
107 494 20 88.952
108 71 51 31.945
109 667 16 92.840
110 162 26 90.802
111 78 34 38.131
112 443 45 31.006
113 1417 34 99.168
114 1097 55 54.851
115 886 57 86.493
116 1191 52 31.188
117 166 7 26.750
118 247 37 93.416
119 1162 34 73.398
120 1373 31 67.345
121 1226 9 76.663
122 691 46 4.780
123 1400 23 22.799
124 23 41 79.230
125 1382 10 16.636
126 61 21 76.605
127 486 15 97.389
128 359 48 60.984
129 1012 4 32.978
130 31 17 8.663
131 1130 19 75.081
132 540 3 70.064
133 1237 30 83.615
134 239 48 50.636
135 1102 35 59.968
136 512 57 44.384
137 131 40 17.377
138 814 20 69.912
139 64 55 15.682
140 1130 16 73.198
141 376 52 72.891
142 494 49 73.348
143 929 35 62.681
144 488 19 91.142
145 1262 31 69.071
146 1367 6 81.438
147 304 16 17.232
148 547 57 56.181
149 795 26 12.154
150 1229 16 17.490
151 1255 8 46.254
152 1262 8 31.726
153 1195 50 23.278
154 101 1 30.145
155 366 7 11.384
156 152 8 92.314
157 210 36 21.740
158 560 16 86.179
159 867 52 72.379
160 325 24 53.577
161 196 8 48.824
162 1429 27 81.996
163 10 52 56.590
164 477 57 43.634
165 221 51 22.752
166 945 1 96.522
167 305 52 26.302
168 694 40 72.484
169 1260 27 71.001
170 12 5 71.894
171 1091 35 72.168
172 186 56 40.806
173 854 28 71.123
174 186 40 67.490
175 1072 13 44.149
176 856 30 66.607
177 855 49 46.259
178 573 55 72.282
179 303 18 89.853
180 1065 38 29.881
181 1436 40 56.719
182 399 42 46.320
183 269 7 83.996
184 663 2 43.003
185 28 11 89.112
186 443 43 17.608
187 87 23 76.445
188 221 14 48.799
189 891 44 92.713
190 549 30 52.796
191 526 56 68.123
192 498 14 66.950
193 1098 30 37.014
194 1424 43 50.547
195 1373 1 16.743
196 1433 55 89.260
197 921 47 45.150
198 852 58 31.768
199 860 59 52.240
200 1255 8 5.407