200
1 1132 49 13.087
2 1126 11 77.910
3 1355 28 75.657
4 846 29 1.842
5 1140 12 89.497
6 880 50 82.230
7 417 7 11.560
8 856 39 73.570
9 371 1 27.703
10 246 54 96.041
11 554 5 13.435
12 129 42 41.872
13 892 7 72.270
14 270 20 67.567
15 491 27 13.825
16 681 60 54.497
17 482 23 50.493
18 1118 10 41.537
19 660 20 63.680
20 1331 39 73.844
21 452 57 21.302
22 1205 38 37.846
23 304 21 5.505
24 250 19 22.998
25 536 54 78.766
26 225 4 22.800
27 97 16 6.143
28 330 46 28.492
29 345 11 65.800
30 423 30 43.047
31 420 44 88.633
32 962 33 36.998
33 772 45 22.080
34 459 41 26.220
35 1379 11 17.166
36 696 11 79.133
37 496 20 1.911
38 298 4 3.813
39 406 55 82.942
40 843 14 91.668
41 1189 27 16.241
42 957 41 86.925
43 1017 16 31.603
44 1160 10 93.244
45 1396 34 22.232
46 227 7 70.060
47 876 29 99.150
48 1231 60 33.970
49 1421 58 13.956
50 504 8 24.839
51 1215 3 87.339
52 344 1 76.742
53 540 60 35.069
54 974 39 17.289
55 246 9 88.198
56 218 14 67.896
57 464 10 53.768
58 1217 9 12.939
59 1383 9 96.459
60 804 6 4.828
61 491 19 73.009
62 1281 28 38.229
63 1174 21 99.104
64 944 24 96.775
65 1188 7 17.830
66 885 10 33.266
67 444 36 77.798
68 604 37 19.140
69 152 5 85.749
70 196 41 73.510
71 129 31 54.473
72 455 17 84.401
73 206 47 0.412
74 529 6 75.447
75 667 26 77.634
76 874 26 19.863
77 1414 7 38.682
78 1385 57 66.672
79 22 26 74.500
80 953 17 86.824
81 266 41 95.365
82 1206 37 91.437
83 883 10 85.682
84 1057 58 36.089
85 565 46 21.075
86 967 16 1.549
87 693 14 43.040
88 1277 47 17.946
89 1008 36 16.722
90 234 53 0.136
91 1392 44 25.742
92 788 3 56.245
93 181 2 27.873
94 1064 15 39.932
95 555 21 40.473
96 1213 2 21.833
97 209 16 56.271
98 984 27 61.061
99 898 26 73.094
100 957 10 10.655
101 1206 46 5.469
102 938 46 70.878
103 1288 41 74.005
104 595 11 31.530
105 404 22 8.137
106 1177 26 66.114
107 160 33 11.557
108 66 45 86.514
109 966 14 63.830
110 585 26 87.894
111 590 29 76.160
112 1235 39 36.625
113 701 23 1.485
114 924 22 82.074
115 384 23 76.746
116 1101 7 96.044
117 1238 56 5.507
118 720 54 59.774
119 90 18 55.722
120 885 46 36.716
121 263 47 88.050
122 349 51 83.173
123 805 32 81.597
124 740 37 36.421
125 1123 45 77.527
126 240 16 70.063
127 575 32 76.196
128 838 55 20.328
129 114 22 95.101
130 148 13 60.144
131 1294 16 46.903
132 329 14 3.730
133 375 59 40.582
134 713 31 24.030
135 60 51 36.677
136 180 8 73.499
137 1206 52 11.027
138 619 39 72.995
139 1017 7 19.886
140 1059 58 19.312
141 931 57 52.499
142 382 36 56.427
143 460 34 7.068
144 1145 25 22.111
145 590 6 84.350
146 1028 35 66.179
147 1366 35 9.278
148 1092 3 19.766
149 581 58 83.766
150 208 50 44.701
151 5 10 96.325
152 853 25 91.377
153 964 40 7.248
154 376 55 69.617
155 748 31 94.265
156 1331 14 23.684
157 183 2 39.500
158 188 51 51.700
159 576 35 8.658
160 85 41 8.090
161 1237 6 32.095
162 101 35 50.703
163 873 39 43.574
164 497 15 58.184
165 171 27 61.438
166 279 11 33.141
167 202 45 43.609
168 714 46 28.611
169 217 11 43.827
170 991 54 93.175
171 960 28 24.207
172 1 38 70.470
173 272 16 56.500
174 970 58 6.898
175 220 39 91.786
176 875 27 64.003
177 993 26 36.312
178 974 36 41.043
179 44 50 91.639
180 1298 54 46.577
181 19 20 92.460
182 1022 16 51.890
183 1315 4 34.425
184 238 3 82.807
185 1437 37 33.347
186 20 3 25.181
187 66 16 41.955
188 1329 60 25.445
189 400 10 6.461
190 281 13 42.082
191 880 49 82.454
192 708 20 95.476
193 1373 46 46.199
194 1372 42 83.330
195 553 45 97.191
196 985 36 47.523
197 521 19 20.224
198 1046 39 93.152
199 680 14 96.902
200 595 23 7.655