200
1 258 46 36.502
2 58 11 33.684
3 1296 14 94.492
4 1004 1 9.595
5 998 24 19.261
6 339 17 83.866
7 1129 23 11.522
8 66 28 77.637
9 597 23 8.830
10 621 27 76.337
11 894 51 85.318
12 321 31 75.924
13 652 48 79.415
14 210 15 48.348
15 108 17 95.841
16 386 21 11.041
17 848 27 10.770
18 1108 24 1.220
19 345 1 25.488
20 271 58 4.273
21 1335 22 3.182
22 908 48 19.419
23 241 40 72.240
24 1054 3 13.399
25 316 43 55.623
26 509 12 44.034
27 767 25 93.429
28 301 26 83.142
29 773 58 44.737
30 1247 34 65.774
31 1379 39 82.615
32 913 4 52.023
33 1414 55 4.484
34 109 54 64.976
35 1263 40 46.550
36 1348 43 93.443
37 121 17 66.774
38 101 50 39.623
39 272 10 3.542
40 354 38 71.539
41 1181 31 64.844
42 1231 13 43.318
43 1127 2 76.711
44 936 47 11.340
45 1062 55 17.390
46 565 14 7.268
47 1438 14 49.500
48 723 11 31.575
49 767 25 51.779
50 986 42 32.973
51 1243 49 26.511
52 810 3 68.684
53 122 21 1.921
54 666 30 54.244
55 1242 21 52.581
56 501 7 13.940
57 1317 16 55.894
58 132 60 87.059
59 868 21 63.191
60 968 59 75.960
61 665 13 43.674
62 625 24 42.818
63 1336 10 65.825
64 255 32 17.357
65 986 56 34.191
66 140 1 76.954
67 1094 33 16.028
68 354 28 77.981
69 756 49 13.958
70 316 48 73.108
71 798 35 42.374
72 390 9 32.448
73 835 46 2.606
74 1157 2 71.916
75 309 53 83.020
76 368 55 67.977
77 815 40 9.962
78 164 15 36.045
79 1061 14 55.263
80 933 23 12.072
81 1118 34 36.860
82 392 9 80.577
83 917 14 0.529
84 815 14 76.375
85 1073 17 32.523
86 640 4 69.443
87 414 58 42.982
88 585 51 71.863
89 534 51 0.958
90 750 44 37.667
91 787 38 81.003
92 1182 52 19.670
93 1204 50 86.594
94 1082 56 70.276
95 857 4 60.150
96 880 22 70.636
97 810 26 5.412
98 59 15 40.943
99 125 56 23.136
100 254 51 55.570
101 1412 4 10.690
102 1410 25 2.834
103 645 31 27.718
104 379 18 21.875
105 769 12 50.773
106 1199 51 78.709
107 1012 47 22.622
108 837 14 43.180
109 654 44 89.657
110 296 25 99.548
111 616 41 76.579
112 207 37 9.839
113 500 47 70.275
114 465 19 17.913
115 153 57 91.943
116 1273 6 95.930
117 161 21 31.605
118 1215 30 42.715
119 570 38 18.046
120 653 45 55.109
121 871 32 15.508
122 1049 52 45.789
123 369 28 66.651
124 802 57 20.115
125 446 11 84.401
126 1085 33 92.687
127 434 18 6.173
128 753 59 63.842
129 434 60 20.173
130 839 9 20.334
131 817 19 21.867
132 178 57 46.046
133 874 25 11.476
134 702 43 48.498
135 484 6 81.331
136 1178 21 60.766
137 591 57 16.143
138 229 42 69.862
139 262 26 94.014
140 451 25 29.598
141 1106 56 2.313
142 512 1 18.691
143 1018 9 56.291
144 401 43 73.972
145 256 11 44.884
146 22 31 92.295
147 942 3 69.302
148 635 46 48.365
149 534 9 16.517
150 938 26 44.235
151 1170 55 33.689
152 730 36 43.548
153 842 4 54.404
154 952 15 83.663
155 916 46 31.524
156 1339 49 72.040
157 917 35 6.653
158 1298 31 78.525
159 871 35 69.736
160 552 5 39.957
161 982 24 14.932
162 699 18 7.360
163 297 41 28.728
164 32 16 53.554
165 859 38 60.059
166 260 35 94.811
167 102 50 7.806
168 53 59 61.007
169 1219 17 23.017
170 627 32 97.962
171 575 52 57.918
172 733 17 29.373
173 918 41 65.762
174 184 51 21.599
175 1087 48 44.582
176 879 59 87.627
177 675 21 36.923
178 1305 14 69.856
179 54 25 75.986
180 833 37 20.443
181 84 13 46.498
182 881 8 3.701
183 257 21 43.899
184 1136 30 18.885
185 130 43 16.853
186 1239 59 7.834
187 716 45 22.453
188 307 7 15.053
189 217 20 50.879
190 880 33 53.073
191 313 44 11.537
192 1196 14 24.512
193 323 51 18.265
194 293 33 6.754
195 1031 52 23.122
196 937 25 37.071
197 328 34 52.614
198 926 54 37.994
199 473 54 85.896
200 130 17 58.164