200
1 352 1 66.641
2 439 40 90.692
3 873 59 73.109
4 1422 52 39.322
5 11 29 29.717
6 1030 25 72.182
7 342 48 28.550
8 930 42 63.182
9 597 58 38.111
10 758 45 64.805
11 624 9 58.124
12 126 16 73.697
13 1369 38 31.779
14 526 44 70.209
15 795 31 98.795
16 303 15 34.408
17 843 21 81.921
18 1362 55 65.018
19 862 54 75.639
20 740 14 21.872
21 58 26 81.273
22 951 49 45.244
23 1374 20 94.216
24 392 42 21.492
25 1246 8 51.244
26 524 8 14.775
27 431 18 69.953
28 275 57 34.326
29 792 41 34.722
30 204 15 74.563
31 596 35 48.049
32 1076 43 17.633
33 1112 8 43.281
34 169 25 25.345
35 812 35 13.600
36 468 40 77.674
37 1104 52 29.581
38 210 8 87.787
39 338 22 37.847
40 44 14 42.863
41 1125 54 29.678
42 636 12 75.799
43 740 15 75.918
44 517 59 1.854
45 1108 13 24.846
46 436 27 49.492
47 966 60 86.817
48 383 33 62.466
49 76 25 11.466
50 279 11 79.875
51 347 41 13.680
52 582 38 66.552
53 602 22 57.199
54 115 38 80.929
55 684 34 47.777
56 64 46 82.891
57 529 18 38.617
58 962 48 99.111
59 1078 1 69.853
60 737 54 4.579
61 1027 48 65.857
62 62 54 44.671
63 1210 48 99.225
64 907 9 98.873
65 343 44 10.464
66 87 59 24.632
67 389 1 21.992
68 761 35 15.307
69 625 21 99.893
70 464 4 72.522
71 1160 3 68.380
72 54 45 96.825
73 1098 55 69.720
74 1143 58 37.000
75 525 22 80.016
76 1186 26 61.566
77 521 41 49.354
78 414 10 46.981
79 1373 53 66.745
80 563 53 60.260
81 238 42 54.160
82 1344 20 21.107
83 481 49 15.917
84 873 26 27.109
85 1300 30 43.351
86 751 5 33.096
87 892 4 5.711
88 227 5 90.739
89 791 43 15.068
90 781 49 17.770
91 1409 54 81.566
92 1322 15 10.936
93 902 41 85.960
94 916 35 13.219
95 947 55 71.844
96 237 17 77.804
97 731 2 55.000
98 1340 22 45.985
99 1095 10 87.432
100 294 26 60.094
101 168 22 5.549
102 1413 1 87.424
103 348 53 48.254
104 1226 7 94.385
105 1246 37 69.643
106 277 17 51.156
107 520 18 34.704
108 679 14 0.717
109 131 45 59.475
110 398 19 70.990
111 5 41 65.234
112 1199 3 30.604
113 1320 44 4.570
114 870 49 75.824
115 548 32 23.997
116 585 59 87.694
117 821 6 30.628
118 1116 1 11.710
119 888 16 60.582
120 68 21 91.897
121 1024 12 59.648
122 197 15 87.137
123 733 43 70.005
124 326 8 34.232
125 1307 14 37.597
126 1264 56 64.029
127 394 60 42.465
128 463 35 47.949
129 388 8 77.147
130 1303 23 95.177
131 1354 41 54.310
132 1064 48 43.153
133 884 59 8.116
134 1368 7 35.653
135 744 45 82.595
136 1002 39 15.951
137 1155 26 3.161
138 503 23 2.095
139 1355 31 3.070
140 524 24 97.892
141 956 50 83.828
142 1440 23 61.927
143 1253 47 58.341
144 638 59 70.766
145 104 9 18.431
146 759 34 94.524
147 989 42 57.532
148 1097 58 63.555
149 1378 22 48.987
150 319 39 40.153
151 474 51 89.922
152 943 33 19.398
153 500 21 69.709
154 284 16 12.510
155 185 47 50.818
156 713 12 33.199
157 137 43 86.799
158 1368 34 40.401
159 881 39 53.212
160 283 36 15.622
161 1181 5 54.277
162 660 20 58.998
163 819 26 48.906
164 76 32 54.724
165 694 22 3.797
166 1068 1 84.816
167 443 60 80.570
168 627 34 86.491
169 795 17 21.007
170 836 9 6.127
171 1016 55 68.416
172 357 26 47.893
173 754 15 7.735
174 1440 11 5.033
175 279 54 79.172
176 1211 40 71.621
177 310 16 2.418
178 1325 57 5.601
179 84 3 81.202
180 231 53 83.867
181 1328 60 76.134
182 279 39 9.768
183 1237 36 60.993
184 138 56 7.457
185 989 6 9.206
186 446 18 40.488
187 245 43 56.389
188 1189 12 98.216
189 539 32 42.579
190 999 53 96.418
191 221 56 10.223
192 468 21 80.835
193 1404 56 83.599
194 906 26 74.843
195 1429 58 62.982
196 1012 40 19.103
197 1370 45 0.075
198 1299 4 48.070
199 1048 52 19.183
200 9 33 89.036