200
1 597 47 51.250
2 599 49 12.100
3 884 18 4.167
4 360 26 40.648
5 283 18 41.108
6 1177 4 59.292
7 310 20 2.009
8 790 5 22.470
9 202 44 40.394
10 439 30 55.107
11 823 5 88.459
12 629 40 82.171
13 490 51 76.661
14 1096 24 21.325
15 716 36 96.395
16 524 59 80.719
17 1212 30 94.301
18 1203 49 89.363
19 114 24 79.141
20 148 51 34.116
21 1187 54 28.639
22 153 2 15.692
23 129 23 70.165
24 561 5 98.909
25 1059 21 95.792
26 436 59 39.420
27 1266 26 28.403
28 215 26 69.652
29 1358 13 78.780
30 696 11 33.068
31 265 14 12.057
32 310 13 77.725
33 513 15 47.706
34 665 38 0.176
35 615 2 64.152
36 737 26 6.618
37 758 16 1.515
38 243 2 25.743
39 1273 20 72.527
40 418 53 90.644
41 933 50 83.004
42 659 53 54.727
43 990 50 61.293
44 79 58 1.935
45 1310 24 64.990
46 81 4 2.670
47 134 33 22.354
48 87 25 90.305
49 670 15 73.382
50 1305 15 2.293
51 776 53 52.066
52 1028 2 27.872
53 77 44 28.045
54 1301 45 46.735
55 692 33 39.675
56 559 27 87.595
57 1418 8 44.618
58 532 9 60.307
59 217 12 19.916
60 1112 15 35.061
61 1370 34 55.824
62 993 23 70.151
63 1120 55 38.837
64 709 35 39.732
65 1266 12 17.191
66 941 16 26.772
67 925 36 82.146
68 208 27 26.609
69 78 4 31.789
70 283 13 80.845
71 1192 41 98.061
72 680 38 14.189
73 1419 27 90.823
74 1203 44 52.905
75 821 28 50.793
76 969 4 94.289
77 1032 8 95.586
78 735 33 83.774
79 1129 60 2.542
80 1001 27 89.207
81 71 28 86.036
82 964 41 18.696
83 68 55 98.916
84 328 33 33.220
85 385 17 38.846
86 1062 1 28.162
87 588 57 24.294
88 1202 46 15.364
89 387 31 28.654
90 675 36 59.096
91 776 10 69.291
92 1189 20 69.070
93 562 47 80.399
94 887 33 34.969
95 603 43 56.557
96 230 17 41.002
97 1230 26 87.726
98 30 57 36.490
99 1208 51 42.805
100 184 14 36.514
101 85 46 74.231
102 1007 24 26.471
103 1179 23 93.540
104 1081 46 98.617
105 997 44 72.101
106 158 18 46.598
107 143 51 91.675
108 544 47 27.640
109 473 24 92.743
110 1226 23 29.549
111 468 52 78.909
112 702 14 29.335
113 382 5 55.100
114 744 41 97.886
115 426 39 14.027
116 833 23 66.650
117 752 56 13.514
118 1366 3 55.483
119 1180 7 91.889
120 180 16 76.873
121 851 49 27.865
122 1272 57 22.274
123 430 26 16.061
124 198 6 73.953
125 942 54 4.873
126 302 15 70.793
127 1393 1 99.888
128 567 51 64.527
129 1098 36 62.171
130 286 32 87.213
131 969 28 86.780
132 298 12 44.110
133 1385 32 45.643
134 167 45 52.645
135 275 42 69.277
136 880 53 21.544
137 1372 11 80.931
138 19 55 44.821
139 1207 25 84.177
140 1288 32 25.748
141 570 6 75.334
142 1301 10 19.009
143 906 16 97.091
144 790 1 75.971
145 294 4 97.466
146 1167 47 54.239
147 1438 13 46.068
148 1398 48 19.368
149 27 22 4.934
150 1245 31 57.814
151 146 12 38.037
152 196 30 73.315
153 1430 25 67.691
154 1291 18 36.814
155 1015 4 98.569
156 727 4 47.457
157 1216 33 2.798
158 354 46 23.647
159 1247 11 0.222
160 731 54 40.306
161 1109 48 49.175
162 1037 21 27.281
163 1395 14 8.351
164 799 22 29.400
165 534 23 86.934
166 1432 39 6.966
167 1201 58 53.161
168 413 21 89.849
169 1405 23 91.970
170 956 7 50.845
171 1296 13 96.093
172 518 43 57.344
173 1138 5 66.664
174 55 56 94.014
175 736 19 30.407
176 88 13 30.203
177 821 56 96.972
178 326 40 90.762
179 384 1 22.338
180 1274 16 74.631
181 910 40 62.707
182 1198 12 57.140
183 594 30 99.994
184 640 22 82.818
185 1061 53 60.718
186 60 40 16.516
187 857 56 73.857
188 368 3 54.995
189 487 19 61.009
190 1016 49 28.342
191 1273 14 56.037
192 240 42 87.780
193 555 51 57.852
194 555 8 14.422
195 1300 35 83.020
196 832 40 51.144
197 742 35 71.089
198 676 56 73.924
199 724 38 18.038
200 68 44 60.828