200
1 8 44 45.831
2 11 23 49.899
3 23 38 49.820
4 368 39 80.715
5 1078 52 54.598
6 512 34 51.679
7 573 10 43.391
8 1319 33 48.699
9 967 32 18.482
10 620 2 79.235
11 236 9 57.083
12 161 35 19.851
13 968 57 35.707
14 242 30 47.472
15 608 22 59.708
16 1004 19 0.744
17 657 27 38.397
18 210 31 88.174
19 627 46 37.934
20 1065 4 57.093
21 699 30 93.182
22 1224 46 19.171
23 882 9 20.237
24 723 9 83.767
25 392 54 82.086
26 241 30 14.291
27 969 26 6.259
28 509 10 1.898
29 1388 29 93.240
30 233 4 62.145
31 600 54 81.695
32 68 24 79.886
33 1231 57 89.820
34 1315 13 70.920
35 1417 27 37.982
36 9 47 94.374
37 1128 23 70.869
38 302 4 61.150
39 1059 6 53.403
40 287 11 62.743
41 494 32 32.085
42 821 12 91.631
43 403 30 70.421
44 26 33 50.758
45 456 54 90.962
46 49 36 52.453
47 1357 40 68.696
48 189 44 2.367
49 1164 40 42.523
50 414 46 12.658
51 896 36 69.227
52 484 9 79.341
53 892 18 33.983
54 1267 41 19.747
55 72 56 45.636
56 1191 54 72.921
57 898 26 70.004
58 333 40 56.866
59 1131 18 97.071
60 512 36 83.200
61 469 49 84.718
62 546 35 62.276
63 575 56 77.581
64 26 28 25.912
65 175 12 76.933
66 376 13 10.891
67 193 9 41.344
68 1259 18 28.626
69 492 39 76.116
70 507 12 87.592
71 41 48 45.219
72 1 49 15.119
73 330 12 48.255
74 378 13 64.627
75 688 60 11.898
76 1408 50 13.190
77 265 5 86.605
78 435 11 71.051
79 1257 54 57.092
80 1173 31 37.406
81 92 21 54.208
82 1214 4 0.927
83 366 27 64.058
84 615 20 1.290
85 380 17 70.993
86 464 26 44.882
87 960 9 79.644
88 1191 52 40.566
89 259 31 43.987
90 691 16 83.324
91 804 15 19.121
92 573 48 68.291
93 713 27 26.591
94 31 46 72.526
95 227 13 75.842
96 154 13 24.177
97 1344 50 75.463
98 754 20 82.571
99 1338 41 86.398
100 744 39 83.677
101 528 8 25.271
102 214 20 14.641
103 159 50 40.470
104 1376 8 2.842
105 415 55 81.597
106 83 55 93.355
107 950 20 16.209
108 1062 37 49.048
109 5 13 76.342
110 1096 29 27.390
111 330 31 78.817
112 18 56 87.426
113 381 20 92.137
114 1255 39 7.990
115 1288 4 38.216
116 753 49 19.445
117 706 59 0.154
118 723 28 54.194
119 1057 40 60.934
120 172 31 72.347
121 1115 22 5.168
122 1030 48 85.736
123 919 35 40.183
124 721 24 16.996
125 433 43 21.001
126 697 56 24.572
127 1125 2 43.606
128 589 53 25.799
129 143 9 82.532
130 49 47 88.718
131 56 60 22.471
132 390 3 25.089
133 315 42 52.165
134 95 12 10.754
135 378 34 38.698
136 645 7 58.231
137 1429 42 85.305
138 276 55 42.589
139 1118 49 39.247
140 6 41 75.885
141 88 12 10.970
142 643 37 81.678
143 415 29 88.449
144 885 52 72.712
145 103 29 9.124
146 90 8 32.421
147 133 29 87.118
148 283 13 68.069
149 930 6 85.428
150 1274 17 86.451
151 1197 2 46.220
152 1405 24 16.080
153 187 2 23.696
154 329 50 52.472
155 791 17 33.105
156 468 4 94.481
157 713 55 86.237
158 733 25 18.002
159 670 46 6.475
160 1308 57 64.359
161 1331 38 6.106
162 248 37 3.565
163 1084 20 99.600
164 1102 20 75.811
165 680 45 88.854
166 182 44 76.899
167 1421 15 3.651
168 365 41 5.980
169 868 39 39.254
170 985 56 1.579
171 100 33 2.821
172 723 25 72.062
173 1080 25 14.139
174 966 41 46.949
175 114 19 24.349
176 272 12 91.833
177 470 20 66.543
178 1200 6 96.261
179 829 12 37.830
180 401 55 34.736
181 305 25 34.235
182 845 8 4.513
183 25 16 27.707
184 842 50 33.235
185 420 37 99.591
186 1177 48 94.707
187 785 13 5.521
188 270 23 45.284
189 415 29 1.777
190 30 39 89.369
191 1327 33 32.113
192 197 21 59.337
193 829 15 20.818
194 492 60 58.797
195 715 41 85.830
196 865 57 60.651
197 192 40 82.610
198 644 25 72.794
199 1390 26 69.817
200 1221 52 22.399