200
1 996 17 61.456
2 855 56 41.211
3 1148 58 50.318
4 417 8 41.932
5 849 22 35.685
6 934 43 73.724
7 1010 9 44.979
8 1039 29 21.000
9 465 19 49.579
10 1239 54 76.703
11 313 58 29.737
12 1133 18 43.700
13 1059 11 60.448
14 48 35 97.047
15 355 26 9.150
16 1302 50 80.050
17 1366 36 26.395
18 795 24 36.217
19 173 15 57.788
20 1347 25 12.870
21 481 57 99.400
22 1426 33 80.671
23 871 54 29.123
24 872 47 78.748
25 554 44 27.674
26 862 58 70.689
27 1340 51 27.742
28 271 40 42.718
29 1381 15 25.286
30 1235 29 26.828
31 725 42 66.929
32 568 27 52.620
33 214 60 85.726
34 756 25 91.981
35 1221 21 30.360
36 1258 14 31.253
37 691 11 96.139
38 197 37 63.518
39 240 50 92.439
40 1159 55 97.206
41 617 34 93.339
42 272 41 18.240
43 195 5 25.256
44 1081 30 81.052
45 288 37 75.640
46 839 57 37.648
47 722 51 0.576
48 1349 21 69.189
49 448 7 2.955
50 856 55 4.874
51 234 7 66.663
52 1021 20 93.944
53 1132 34 64.009
54 309 30 39.494
55 945 54 23.638
56 779 13 21.949
57 1322 18 33.717
58 510 51 40.227
59 147 47 37.688
60 385 34 95.384
61 1298 5 18.865
62 1091 38 41.896
63 374 2 48.134
64 765 11 30.839
65 643 48 1.579
66 517 16 89.794
67 900 22 56.302
68 273 49 21.208
69 892 38 32.978
70 239 1 30.748
71 555 18 38.219
72 536 26 29.507
73 231 36 19.390
74 838 3 0.390
75 1330 19 30.554
76 330 35 34.707
77 1171 28 21.902
78 1003 4 58.583
79 402 19 3.650
80 668 40 64.881
81 943 4 72.575
82 1380 54 35.330
83 866 14 89.742
84 1019 21 33.789
85 1101 11 82.167
86 290 10 51.689
87 1166 1 27.201
88 446 25 26.850
89 477 55 29.363
90 248 2 60.855
91 996 32 44.452
92 736 9 28.110
93 732 3 37.626
94 405 48 36.990
95 294 7 39.562
96 288 56 26.600
97 1213 25 40.299
98 133 47 4.320
99 133 42 43.254
100 1011 5 70.668
101 482 6 13.186
102 893 46 65.045
103 214 45 12.251
104 913 57 10.854
105 1438 23 61.923
106 1103 6 29.226
107 487 23 64.275
108 772 16 87.805
109 535 20 29.453
110 532 52 21.070
111 537 47 15.775
112 1404 45 75.331
113 9 9 89.618
114 619 17 8.111
115 112 37 8.614
116 380 2 67.057
117 784 42 83.627
118 11 11 56.732
119 1167 8 72.106
120 1005 23 25.721
121 869 32 10.637
122 510 35 77.421
123 12 13 21.945
124 1296 29 30.168
125 126 33 7.176
126 1148 53 27.108
127 1147 26 51.843
128 707 18 59.181
129 681 24 23.246
130 636 24 69.885
131 349 9 84.666
132 275 42 87.980
133 399 17 46.424
134 1403 17 27.710
135 89 42 82.368
136 626 17 41.973
137 1054 56 47.790
138 627 11 21.042
139 1049 15 57.572
140 704 40 77.387
141 920 20 54.960
142 1376 19 39.273
143 992 1 18.923
144 210 15 15.603
145 324 39 41.012
146 254 29 81.182
147 88 12 66.435
148 1403 51 80.775
149 55 48 29.267
150 140 3 85.851
151 651 17 35.595
152 451 37 46.769
153 213 11 7.558
154 910 29 53.673
155 235 22 24.860
156 485 42 12.660
157 696 54 44.980
158 244 28 57.898
159 209 26 36.196
160 97 58 7.668
161 1168 9 28.985
162 1379 3 33.164
163 1033 47 75.930
164 65 39 83.736
165 1285 31 43.207
166 361 32 21.510
167 486 26 20.253
168 167 32 76.498
169 1191 18 74.787
170 149 46 46.094
171 452 1 84.820
172 292 59 55.435
173 1302 26 54.980
174 950 9 56.885
175 45 20 89.986
176 352 23 16.048
177 1064 30 20.387
178 329 22 43.398
179 809 22 1.583
180 843 25 61.907
181 804 36 37.716
182 479 1 85.674
183 321 36 55.633
184 721 29 25.035
185 422 7 75.060
186 10 41 89.810
187 1318 8 63.024
188 625 22 12.842
189 1121 42 16.565
190 232 53 60.484
191 229 19 96.163
192 995 4 23.169
193 1378 3 63.483
194 8 22 77.195
195 652 19 77.474
196 1144 9 62.835
197 658 28 77.347
198 962 23 24.605
199 872 58 1.485
200 1307 25 61.804