200
1 311 57 78.782
2 800 4 96.700
3 753 55 25.900
4 68 26 31.641
5 715 6 77.721
6 571 49 32.914
7 1405 6 21.989
8 155 3 51.935
9 1022 20 33.655
10 196 29 80.620
11 624 1 24.879
12 887 48 47.208
13 712 44 64.433
14 413 54 93.077
15 813 56 17.296
16 1381 42 94.541
17 251 37 65.574
18 809 41 38.137
19 59 16 71.449
20 237 33 77.840
21 1396 30 21.771
22 101 11 87.430
23 154 16 57.447
24 1350 11 21.992
25 918 28 99.824
26 1108 3 45.536
27 102 46 38.080
28 334 27 0.361
29 1189 17 41.701
30 384 27 82.382
31 221 36 87.888
32 978 55 6.813
33 704 25 63.955
34 302 57 39.457
35 1364 9 15.043
36 825 32 26.664
37 804 9 0.656
38 74 26 2.711
39 235 36 98.757
40 1372 28 37.512
41 634 53 7.567
42 243 6 55.573
43 471 2 15.708
44 44 37 95.050
45 718 1 34.813
46 1096 53 79.111
47 1259 28 22.936
48 589 23 3.887
49 284 45 2.972
50 584 13 92.003
51 887 14 80.262
52 30 59 36.255
53 278 39 58.386
54 1389 21 8.759
55 554 7 25.090
56 1233 29 23.254
57 618 4 99.893
58 1106 31 16.977
59 5 34 20.757
60 583 36 32.217
61 924 28 97.792
62 1 52 15.346
63 915 44 69.494
64 153 32 63.469
65 1094 43 21.172
66 1066 3 78.034
67 235 3 91.987
68 1429 17 69.515
69 1066 29 57.098
70 1262 53 18.292
71 818 15 17.004
72 1142 51 11.695
73 1423 33 88.591
74 519 55 98.916
75 1275 25 28.911
76 301 51 10.048
77 6 35 26.704
78 761 40 18.570
79 1382 51 44.481
80 224 36 80.066
81 1220 4 6.698
82 1257 43 76.979
83 146 8 80.453
84 1013 21 93.335
85 991 2 75.335
86 200 27 97.015
87 1283 43 49.462
88 1101 58 28.900
89 581 46 0.270
90 617 6 65.209
91 880 3 73.130
92 574 48 43.194
93 35 20 14.411
94 364 2 16.847
95 61 29 59.720
96 1181 24 42.709
97 811 32 56.478
98 69 8 33.573
99 1258 31 50.322
100 214 16 63.691
101 1007 18 61.510
102 1116 16 68.849
103 126 23 13.742
104 983 58 88.899
105 806 15 44.645
106 86 2 1.342
107 774 29 95.373
108 899 39 68.600
109 741 4 65.024
110 31 11 97.227
111 1044 32 10.881
112 696 27 19.624
113 262 42 48.563
114 1294 46 46.130
115 19 5 9.339
116 33 34 62.458
117 1423 32 3.739
118 743 31 95.760
119 1097 45 33.775
120 1320 21 17.449
121 1097 59 22.204
122 1125 40 93.265
123 1109 38 88.831
124 474 14 27.412
125 436 41 91.546
126 1087 40 65.108
127 991 43 39.652
128 698 37 5.592
129 1214 30 21.079
130 1032 19 97.307
131 244 6 35.297
132 1197 30 75.903
133 279 30 79.351
134 1220 50 44.269
135 718 19 6.010
136 807 25 27.507
137 1409 1 9.713
138 524 7 2.421
139 1254 15 70.957
140 333 11 70.002
141 309 32 46.567
142 1249 18 43.226
143 577 51 36.924
144 153 58 98.227
145 675 25 12.154
146 438 19 65.504
147 1165 18 11.751
148 680 3 88.087
149 1381 55 37.856
150 845 17 61.029
151 506 44 39.708
152 338 6 39.599
153 1297 47 32.722
154 1283 48 3.586
155 742 39 27.487
156 562 59 67.347
157 1347 36 29.474
158 1222 41 97.797
159 286 11 89.779
160 747 14 94.393
161 788 42 38.204
162 1147 34 52.618
163 867 59 26.153
164 1188 38 8.645
165 1272 16 24.788
166 1372 24 60.728
167 488 5 41.255
168 561 38 3.223
169 1253 27 15.786
170 1265 50 52.352
171 330 59 73.876
172 1225 23 94.219
173 954 21 97.502
174 343 55 57.645
175 1425 34 85.578
176 1436 13 26.395
177 302 16 74.665
178 358 7 27.329
179 781 5 88.858
180 606 25 33.824
181 26 21 93.364
182 566 43 2.107
183 741 4 20.970
184 892 26 9.978
185 750 18 97.280
186 80 35 83.887
187 323 32 2.054
188 1153 20 44.305
189 400 25 14.303
190 230 6 5.012
191 908 32 65.736
192 1226 45 33.053
193 362 58 57.639
194 22 29 88.244
195 315 44 40.234
196 1365 59 34.143
197 1003 26 61.907
198 582 58 16.068
199 714 50 48.933
200 887 49 65.093