200
1 351 6 88.632
2 1374 4 91.842
3 853 41 77.915
4 556 26 31.071
5 442 47 18.649
6 176 23 88.425
7 464 55 42.012
8 766 41 3.955
9 520 38 22.194
10 912 18 79.771
11 1103 38 18.986
12 229 16 33.783
13 291 46 85.578
14 427 4 19.568
15 780 7 67.146
16 1201 11 69.270
17 630 47 52.552
18 779 16 8.676
19 669 56 99.357
20 279 37 49.828
21 1247 19 86.144
22 637 38 35.522
23 265 1 96.777
24 1216 30 45.851
25 743 4 22.359
26 666 58 88.287
27 1257 38 68.426
28 1302 5 38.869
29 611 4 70.577
30 678 32 5.469
31 542 28 85.248
32 31 54 96.041
33 175 13 55.132
34 778 8 36.854
35 1314 38 4.148
36 617 30 77.994
37 949 42 24.677
38 1178 57 89.833
39 164 35 0.744
40 714 26 76.053
41 235 8 14.568
42 1144 30 16.208
43 492 44 69.246
44 230 41 51.958
45 1049 46 9.456
46 1048 49 81.023
47 1293 34 75.057
48 1076 31 16.048
49 1337 28 61.181
50 788 60 42.325
51 460 26 19.615
52 245 56 50.276
53 1362 17 53.004
54 810 4 57.498
55 1188 10 9.402
56 936 16 73.018
57 896 14 39.025
58 1140 7 76.014
59 1432 38 36.443
60 563 20 7.271
61 32 6 52.126
62 1169 59 40.679
63 983 25 77.844
64 463 4 25.610
65 2 32 89.397
66 1291 19 44.663
67 1 49 29.078
68 1387 31 58.864
69 773 29 87.180
70 1128 53 66.864
71 178 1 17.371
72 1375 40 87.742
73 1048 52 23.840
74 538 45 42.553
75 662 32 35.193
76 669 56 79.355
77 259 22 5.929
78 1433 37 85.671
79 1177 21 34.363
80 506 54 21.240
81 1388 60 99.046
82 498 14 25.057
83 429 19 78.346
84 539 60 36.524
85 441 16 62.988
86 1205 27 5.915
87 223 36 85.850
88 718 59 36.316
89 1271 1 50.935
90 848 24 21.154
91 581 28 23.744
92 1208 49 42.515
93 625 45 30.762
94 182 55 4.101
95 423 46 8.710
96 613 24 74.203
97 859 36 10.968
98 1185 22 11.065
99 605 5 99.800
100 628 47 43.007
101 1138 4 99.770
102 123 59 16.940
103 477 39 72.848
104 1113 13 46.670
105 608 13 8.092
106 771 38 98.739
107 693 43 38.198
108 1310 33 83.349
109 332 46 77.446
110 1114 31 34.352
111 1313 29 11.630
112 203 16 1.671
113 478 32 34.202
114 66 9 99.906
115 699 55 71.360
116 164 42 76.242
117 154 58 24.596
118 1401 35 1.494
119 1266 2 13.729
120 699 23 20.423
121 354 60 2.830
122 555 45 82.667
123 1354 37 0.628
124 50 12 85.271
125 466 42 49.272
126 631 30 37.861
127 539 44 85.891
128 646 55 50.662
129 31 53 93.425
130 767 37 32.912
131 1320 48 68.074
132 156 5 56.415
133 983 53 55.088
134 789 3 70.073
135 184 43 81.094
136 550 40 21.515
137 1305 3 43.039
138 109 1 30.051
139 302 2 51.541
140 1039 9 51.611
141 40 37 52.098
142 840 25 63.926
143 811 21 50.741
144 1414 31 0.419
145 786 54 86.771
146 1388 45 60.740
147 110 54 57.897
148 1242 22 66.896
149 1059 40 87.170
150 314 35 14.346
151 984 14 76.646
152 850 11 7.082
153 959 42 39.379
154 1117 48 23.756
155 1357 15 59.502
156 1097 56 65.694
157 600 30 60.882
158 177 26 87.088
159 1347 33 24.552
160 282 36 46.375
161 1093 46 60.410
162 533 51 68.297
163 857 33 59.545
164 43 10 58.401
165 1012 56 29.559
166 796 7 21.737
167 64 10 85.826
168 1037 47 7.063
169 1333 45 24.844
170 871 23 94.702
171 33 43 9.558
172 370 41 55.057
173 1432 36 12.605
174 1130 5 24.187
175 472 25 41.357
176 209 58 95.982
177 1415 1 99.810
178 1108 45 0.254
179 668 24 44.864
180 575 56 86.890
181 149 48 70.757
182 874 37 10.365
183 1305 9 54.024
184 446 7 29.365
185 770 47 20.692
186 1156 34 9.132
187 1172 8 50.478
188 749 7 34.065
189 810 12 77.860
190 468 5 20.872
191 888 30 85.384
192 728 25 3.646
193 1037 37 7.214
194 1127 58 51.532
195 638 50 12.949
196 1059 36 22.770
197 430 54 21.299
198 997 12 31.944
199 1140 44 53.849
200 315 51 88.969