200
1 1150 29 55.110
2 1006 19 66.541
3 1106 10 85.681
4 837 58 61.558
5 384 34 73.034
6 351 51 97.426
7 952 41 47.840
8 162 44 22.252
9 837 44 47.811
10 401 47 23.920
11 434 10 2.801
12 261 57 41.128
13 166 29 20.562
14 300 50 19.894
15 821 46 45.887
16 551 15 21.732
17 633 4 94.669
18 851 52 49.276
19 508 53 7.709
20 304 19 47.941
21 454 23 23.950
22 1249 21 42.597
23 549 48 17.087
24 383 55 26.246
25 901 33 52.792
26 92 20 62.711
27 536 59 4.951
28 227 11 19.085
29 897 29 27.928
30 214 41 52.769
31 536 59 27.894
32 1124 25 13.975
33 181 60 10.061
34 361 9 26.425
35 901 3 46.977
36 365 4 47.400
37 968 3 93.313
38 555 4 87.616
39 1006 46 99.853
40 1378 36 9.663
41 114 7 39.039
42 41 16 95.459
43 1260 3 66.806
44 530 26 15.064
45 612 24 48.893
46 285 38 26.581
47 1340 42 85.173
48 470 58 96.160
49 927 17 84.613
50 690 41 97.457
51 590 15 36.568
52 715 20 83.787
53 1339 6 23.327
54 1298 6 82.548
55 68 28 95.025
56 766 10 57.098
57 256 51 79.091
58 539 4 45.922
59 890 20 48.331
60 1011 21 42.451
61 1187 50 34.733
62 1187 23 6.657
63 395 6 59.377
64 1174 59 92.123
65 1105 35 34.070
66 664 49 51.367
67 762 16 74.561
68 672 19 74.603
69 298 53 65.718
70 139 29 20.116
71 1020 52 45.890
72 1311 51 41.176
73 625 32 20.957
74 881 16 68.599
75 1002 16 27.815
76 416 24 34.906
77 960 19 88.592
78 641 31 89.873
79 922 1 7.813
80 650 15 84.448
81 1350 59 77.437
82 1221 45 18.567
83 203 57 2.948
84 480 55 6.587
85 1399 22 56.395
86 831 2 7.163
87 31 45 56.241
88 648 26 41.760
89 379 49 33.018
90 39 6 85.536
91 1172 52 30.151
92 1225 18 53.256
93 690 34 24.533
94 61 60 94.085
95 248 42 88.074
96 1033 46 74.750
97 74 10 70.096
98 261 10 43.589
99 525 41 47.935
100 1013 29 22.686
101 252 38 97.409
102 1166 56 94.325
103 275 43 76.060
104 662 30 99.663
105 1338 24 60.533
106 1225 52 0.718
107 699 37 56.263
108 937 7 44.471
109 876 33 18.150
110 585 32 46.209
111 580 2 97.483
112 1256 37 69.778
113 514 29 88.330
114 944 51 43.934
115 666 31 86.221
116 1164 42 8.571
117 268 11 33.607
118 868 1 45.902
119 202 59 85.778
120 650 54 34.051
121 430 23 66.807
122 1088 3 71.884
123 946 13 51.470
124 944 48 92.466
125 1072 1 55.020
126 924 45 63.533
127 100 51 93.133
128 973 20 52.330
129 1118 56 70.112
130 169 13 19.494
131 157 21 70.725
132 417 25 59.984
133 1194 11 47.637
134 81 40 70.909
135 768 44 32.962
136 1109 22 82.537
137 243 34 20.800
138 5 42 47.017
139 1116 27 14.007
140 823 19 59.003
141 805 48 10.960
142 526 1 78.176
143 416 26 73.593
144 1165 58 72.767
145 870 39 35.276
146 296 42 70.600
147 347 35 45.210
148 351 18 11.285
149 827 20 45.453
150 995 18 52.295
151 506 4 71.045
152 1010 4 49.098
153 921 20 91.296
154 1187 12 20.393
155 648 49 54.180
156 752 50 52.307
157 358 29 69.148
158 114 1 49.292
159 619 37 38.841
160 1019 43 60.322
161 744 52 36.917
162 831 14 25.305
163 167 57 72.436
164 356 23 15.216
165 785 27 98.042
166 1331 25 8.433
167 27 37 7.508
168 1313 31 99.122
169 1384 35 20.559
170 1048 11 39.051
171 342 23 62.984
172 822 59 78.294
173 490 40 2.134
174 1339 21 80.904
175 89 24 45.859
176 18 36 4.781
177 893 1 24.693
178 356 39 73.155
179 555 48 7.507
180 1285 38 27.523
181 365 7 84.957
182 20 40 50.076
183 938 54 29.763
184 376 52 1.269
185 445 1 85.302
186 274 5 46.558
187 218 27 60.835
188 1123 28 70.220
189 1166 3 2.793
190 395 43 96.469
191 447 11 31.501
192 1208 44 64.750
193 1238 39 26.452
194 424 25 51.941
195 836 29 40.427
196 30 56 10.115
197 485 33 10.867
198 1302 30 18.120
199 1145 5 85.254
200 712 21 54.499