200
1 915 12 65.317
2 125 50 60.919
3 1324 9 73.261
4 1015 40 48.228
5 503 55 26.047
6 495 25 20.470
7 198 42 59.012
8 965 39 86.191
9 224 5 39.478
10 1363 37 45.138
11 1429 57 70.059
12 932 59 10.605
13 1433 34 46.700
14 679 60 55.690
15 1353 58 1.033
16 593 32 94.123
17 245 2 24.504
18 705 31 42.011
19 227 5 34.990
20 1062 20 0.266
21 1177 43 95.046
22 1123 1 32.289
23 38 13 37.502
24 728 42 15.264
25 228 8 45.522
26 325 14 82.021
27 843 32 55.224
28 1326 25 43.923
29 1112 48 30.413
30 155 16 52.741
31 346 22 34.393
32 492 35 8.150
33 361 10 14.090
34 992 9 34.069
35 843 45 79.232
36 92 18 12.527
37 1148 31 22.161
38 337 32 73.770
39 809 8 96.677
40 199 26 68.809
41 846 8 45.103
42 432 21 19.760
43 705 2 32.966
44 1025 37 34.405
45 186 15 55.897
46 597 12 59.822
47 531 5 25.821
48 1379 30 94.906
49 223 24 68.571
50 526 35 26.721
51 1339 22 5.134
52 469 12 24.335
53 1200 57 62.533
54 1016 16 75.507
55 977 33 48.310
56 295 46 44.018
57 856 41 49.281
58 775 42 0.855
59 1061 9 13.906
60 54 4 20.957
61 1367 16 10.335
62 530 55 74.284
63 149 49 50.915
64 263 52 64.758
65 889 7 96.809
66 649 41 49.693
67 20 3 42.141
68 97 55 89.740
69 544 16 25.112
70 519 55 68.482
71 1136 57 55.594
72 413 22 20.708
73 1255 56 47.390
74 657 42 92.125
75 1027 22 9.277
76 954 38 69.544
77 1406 11 60.520
78 63 23 38.618
79 859 55 60.579
80 1307 46 77.026
81 352 35 51.106
82 434 14 23.892
83 845 22 6.408
84 99 54 49.391
85 535 31 13.491
86 136 22 53.658
87 973 9 17.382
88 296 55 67.811
89 215 2 21.208
90 1140 36 88.786
91 933 20 66.384
92 216 31 81.770
93 1065 33 27.684
94 632 33 77.356
95 939 51 1.012
96 620 4 52.678
97 110 22 14.549
98 1107 43 63.115
99 1239 8 50.258
100 1212 44 91.702
101 142 36 92.836
102 473 17 48.651
103 809 45 93.995
104 1070 41 91.592
105 1321 40 27.125
106 300 39 80.604
107 897 34 97.671
108 367 30 45.577
109 648 10 77.410
110 102 55 55.835
111 287 14 40.490
112 389 7 31.071
113 565 10 98.568
114 1323 25 38.984
115 957 14 84.756
116 1009 15 77.111
117 905 30 69.210
118 965 20 88.864
119 357 41 77.841
120 10 51 15.644
121 918 22 92.240
122 393 40 60.942
123 891 45 52.358
124 433 5 11.790
125 459 3 85.280
126 1424 22 72.468
127 651 27 36.309
128 782 41 47.409
129 377 13 11.646
130 852 27 25.124
131 1066 53 71.010
132 511 35 17.233
133 283 20 99.902
134 728 10 68.797
135 1281 41 8.752
136 702 41 45.830
137 67 23 40.678
138 1023 30 77.687
139 1360 30 8.583
140 404 34 19.347
141 866 17 59.630
142 393 38 99.277
143 1196 1 38.607
144 1376 11 28.637
145 1379 4 79.207
146 521 7 96.071
147 707 22 60.810
148 232 31 51.806
149 1333 54 78.121
150 394 23 6.162
151 1162 36 12.706
152 1429 59 26.338
153 1364 19 10.302
154 704 54 5.520
155 983 21 78.224
156 1239 6 67.264
157 761 22 34.389
158 972 4 8.739
159 293 47 41.586
160 1197 19 56.029
161 143 6 85.572
162 6 37 41.639
163 1261 37 9.695
164 1437 58 93.786
165 1412 56 29.687
166 287 17 52.064
167 1175 51 46.976
168 994 43 15.330
169 180 22 31.234
170 859 22 41.141
171 397 41 62.022
172 881 42 71.104
173 84 14 93.376
174 589 57 27.509
175 767 43 2.179
176 315 50 30.669
177 1273 24 60.674
178 431 20 13.217
179 1002 44 90.657
180 1101 19 62.309
181 241 4 5.656
182 489 44 88.184
183 1051 1 85.927
184 371 30 46.145
185 1356 21 45.985
186 1230 38 35.909
187 670 42 44.570
188 67 29 41.404
189 241 8 0.477
190 773 41 4.265
191 1401 44 46.678
192 534 37 28.989
193 1170 35 4.904
194 537 19 37.897
195 1107 20 56.777
196 149 33 62.495
197 1324 56 2.502
198 304 10 64.834
199 899 17 13.101
200 880 24 33.398