200
1 589 51 2.345
2 1412 55 76.724
3 435 48 82.598
4 387 18 47.908
5 1135 25 1.388
6 519 45 36.034
7 1330 57 49.005
8 558 8 56.122
9 909 30 38.800
10 977 12 98.906
11 354 13 14.617
12 1019 16 67.466
13 1200 10 35.931
14 501 18 44.848
15 255 25 17.204
16 422 33 49.425
17 866 21 23.886
18 1049 4 48.579
19 492 40 4.562
20 194 51 60.872
21 1306 3 62.632
22 385 52 51.257
23 882 56 7.225
24 769 12 2.563
25 176 1 35.533
26 1414 17 15.926
27 952 9 88.710
28 1209 43 40.589
29 1069 4 21.236
30 1142 28 17.376
31 953 46 4.897
32 175 25 26.182
33 1224 4 4.457
34 1301 5 74.313
35 113 54 40.415
36 659 54 98.399
37 1117 5 80.098
38 295 5 27.226
39 798 24 45.577
40 795 2 85.796
41 627 53 84.141
42 172 11 61.140
43 171 27 17.202
44 388 55 38.432
45 1333 29 89.194
46 937 8 32.032
47 1191 54 4.885
48 908 22 56.553
49 57 6 58.315
50 1291 58 10.460
51 541 44 3.228
52 532 41 14.652
53 76 40 2.730
54 787 54 99.117
55 680 59 93.690
56 795 22 40.629
57 351 14 39.485
58 1192 15 64.787
59 196 1 87.666
60 1097 6 90.437
61 505 4 20.887
62 902 58 64.263
63 965 10 66.223
64 819 22 13.168
65 208 18 24.142
66 207 11 75.209
67 1311 12 39.831
68 331 58 98.298
69 746 3 24.807
70 121 28 30.669
71 328 30 75.365
72 907 53 50.462
73 838 57 92.748
74 474 15 45.191
75 411 52 96.204
76 397 36 78.528
77 1366 27 49.001
78 1335 15 30.050
79 768 44 48.197
80 119 7 6.136
81 1215 8 95.344
82 735 60 2.514
83 796 49 32.825
84 481 39 49.344
85 170 33 69.280
86 846 28 29.518
87 177 43 98.158
88 364 26 22.500
89 96 16 24.524
90 1024 47 24.922
91 307 15 59.721
92 706 54 40.870
93 989 12 76.473
94 1224 9 45.134
95 1092 29 6.509
96 1264 50 62.358
97 1363 27 93.795
98 49 54 38.353
99 187 50 12.269
100 1396 28 81.170
101 44 59 87.719
102 883 47 5.387
103 646 59 39.272
104 1377 60 53.883
105 410 32 39.512
106 1351 57 71.187
107 459 60 41.429
108 113 23 41.153
109 916 37 23.954
110 760 37 1.231
111 399 30 9.393
112 517 30 88.947
113 594 13 40.503
114 1340 34 3.776
115 166 6 18.743
116 1283 59 78.485
117 862 21 76.978
118 1398 54 29.051
119 989 36 61.564
120 954 46 89.305
121 318 27 57.096
122 540 25 54.201
123 928 13 9.345
124 1414 44 33.574
125 510 5 22.310
126 983 44 69.965
127 444 42 60.394
128 434 60 26.961
129 1400 56 99.530
130 328 50 94.281
131 1440 37 86.877
132 272 54 32.487
133 607 12 31.837
134 1393 58 74.396
135 1051 5 5.823
136 758 3 61.088
137 1123 41 7.282
138 325 52 22.193
139 908 26 92.000
140 1223 5 17.684
141 936 23 55.204
142 1151 6 75.667
143 106 31 68.557
144 498 58 48.907
145 880 46 21.387
146 867 19 72.351
147 219 14 15.257
148 578 58 10.792
149 667 13 25.203
150 1401 41 12.332
151 518 51 5.139
152 469 22 61.398
153 1226 59 48.308
154 102 26 87.099
155 790 36 12.657
156 292 16 22.323
157 1423 37 3.730
158 767 50 89.487
159 1064 4 91.874
160 317 47 74.863
161 96 38 70.819
162 1313 19 3.369
163 226 23 97.428
164 158 30 72.571
165 527 55 94.606
166 884 33 30.521
167 450 30 93.138
168 326 59 64.467
169 88 19 30.350
170 1198 30 90.269
171 1009 39 62.325
172 332 46 45.672
173 1336 36 44.649
174 1128 9 71.156
175 1049 44 77.385
176 434 10 43.799
177 147 35 67.258
178 1006 32 23.210
179 304 30 6.490
180 428 5 56.836
181 1079 7 74.562
182 554 53 3.974
183 1039 28 35.373
184 957 11 31.334
185 177 44 77.874
186 356 51 5.793
187 551 42 23.047
188 39 21 82.039
189 1395 1 78.406
190 574 16 36.993
191 839 3 68.686
192 690 20 36.451
193 293 41 94.199
194 697 19 41.232
195 569 32 29.837
196 880 35 54.867
197 41 48 2.996
198 1046 15 41.191
199 913 37 73.331
200 111 31 37.607