200
1 657 57 47.226
2 688 2 72.812
3 455 43 59.118
4 805 4 11.519
5 898 21 86.730
6 1113 57 31.825
7 1144 35 29.266
8 1041 26 31.917
9 270 25 79.248
10 1348 28 30.406
11 961 30 55.484
12 943 49 63.112
13 694 56 55.136
14 1087 19 75.360
15 677 58 31.374
16 1096 57 61.356
17 1434 42 9.914
18 332 2 82.616
19 304 46 27.989
20 1251 19 95.086
21 496 2 73.321
22 685 49 98.949
23 43 6 31.464
24 1147 16 80.517
25 318 38 77.591
26 337 54 66.464
27 572 31 72.115
28 211 32 55.005
29 443 11 93.017
30 572 8 95.512
31 284 11 43.935
32 973 10 95.794
33 391 29 64.882
34 163 16 12.788
35 72 55 68.123
36 1101 6 33.929
37 47 11 80.775
38 1259 47 57.088
39 1042 10 70.774
40 13 53 4.238
41 151 51 22.111
42 268 54 68.580
43 1400 26 16.630
44 358 12 88.590
45 1061 8 54.290
46 200 47 6.010
47 329 38 48.794
48 78 54 21.831
49 498 36 28.234
50 1082 8 70.472
51 1417 31 82.038
52 145 57 29.535
53 925 34 47.252
54 268 39 4.576
55 1312 52 49.251
56 666 7 42.848
57 567 8 37.573
58 1087 53 5.498
59 453 25 22.081
60 526 18 97.241
61 730 17 82.930
62 754 30 15.992
63 264 11 43.425
64 666 5 33.853
65 170 34 99.629
66 520 15 43.491
67 1044 4 46.518
68 59 26 26.008
69 827 22 64.072
70 519 38 32.827
71 374 43 14.420
72 372 33 14.557
73 709 12 64.037
74 889 8 39.340
75 291 40 75.175
76 982 25 9.581
77 988 48 56.388
78 582 26 47.177
79 163 15 69.584
80 1097 25 77.736
81 1014 18 9.828
82 1207 23 99.919
83 1118 13 26.371
84 1145 3 24.921
85 734 42 62.626
86 110 50 42.646
87 56 9 44.470
88 1197 19 0.089
89 570 35 27.874
90 81 12 10.064
91 661 38 64.624
92 242 49 11.901
93 342 20 49.160
94 1336 36 42.551
95 1025 19 30.076
96 225 14 22.423
97 1053 2 27.798
98 611 44 80.200
99 1417 54 54.122
100 161 26 29.657
101 188 16 18.699
102 510 22 39.993
103 956 42 66.533
104 113 6 12.777
105 341 15 17.244
106 625 55 89.126
107 175 27 53.848
108 535 37 46.253
109 219 34 97.689
110 1015 22 61.617
111 1088 56 95.129
112 401 34 55.843
113 1194 40 38.503
114 925 1 83.846
115 991 47 18.122
116 761 60 0.231
117 526 41 93.867
118 404 2 77.841
119 634 4 61.723
120 259 57 42.883
121 735 53 83.798
122 1041 34 72.397
123 1298 52 53.863
124 876 14 85.325
125 1302 35 78.468
126 942 33 47.200
127 543 13 14.384
128 1028 55 51.340
129 1022 50 34.687
130 920 20 49.605
131 1133 10 2.460
132 1093 13 59.603
133 3 22 6.855
134 965 38 39.205
135 822 30 88.224
136 721 46 48.671
137 1275 49 17.147
138 186 44 12.623
139 1268 55 51.790
140 1436 36 89.060
141 461 29 91.767
142 766 46 50.831
143 1066 56 42.885
144 358 6 53.972
145 31 12 39.925
146 211 28 91.202
147 185 51 49.541
148 734 46 90.317
149 1320 55 71.651
150 449 16 38.217
151 1091 3 56.161
152 72 14 35.690
153 978 19 40.332
154 116 52 4.987
155 127 60 42.918
156 1371 52 68.635
157 727 35 86.191
158 528 34 60.901
159 479 6 90.572
160 1438 4 82.725
161 861 27 17.549
162 942 57 88.777
163 213 40 84.828
164 673 16 31.146
165 206 49 16.309
166 1250 11 51.299
167 476 31 73.549
168 761 38 38.369
169 348 34 60.199
170 1055 25 3.894
171 1408 51 68.489
172 1103 29 56.086
173 656 49 3.454
174 269 23 37.867
175 1333 58 79.733
176 385 57 76.750
177 1186 38 3.145
178 834 39 33.788
179 980 59 37.487
180 997 28 5.967
181 1122 20 61.536
182 423 49 94.778
183 1036 47 24.408
184 646 57 1.347
185 279 58 46.745
186 1097 18 0.559
187 650 40 76.104
188 1084 46 63.606
189 1093 27 89.294
190 1317 59 47.083
191 77 26 27.372
192 921 53 69.338
193 504 4 94.827
194 207 20 74.057
195 93 29 36.518
196 848 6 30.047
197 530 29 84.851
198 959 20 24.526
199 220 16 97.207
200 402 7 90.801