200
1 1402 19 70.896
2 1132 56 88.817
3 1412 11 44.121
4 162 34 96.156
5 677 57 97.392
6 500 54 64.545
7 70 36 36.946
8 293 26 53.797
9 650 17 28.491
10 321 51 51.589
11 514 40 21.360
12 1027 60 97.863
13 1002 2 51.521
14 385 15 23.688
15 919 18 85.081
16 867 51 41.629
17 1379 49 94.613
18 86 13 79.100
19 596 5 37.047
20 1401 28 46.681
21 822 51 93.879
22 1146 25 49.905
23 111 31 65.871
24 305 7 96.286
25 471 31 25.765
26 230 37 24.582
27 1038 42 20.340
28 533 17 55.888
29 987 33 40.403
30 113 6 44.283
31 1135 28 20.845
32 659 34 30.047
33 707 55 43.575
34 448 28 77.182
35 352 23 64.802
36 1391 36 49.731
37 1033 59 82.720
38 920 26 98.264
39 534 28 22.362
40 734 21 72.177
41 187 2 12.167
42 334 33 82.077
43 1384 53 8.588
44 1105 48 36.134
45 1140 40 43.313
46 549 59 69.082
47 645 50 87.496
48 851 33 75.558
49 487 15 31.044
50 796 48 49.632
51 1211 38 22.029
52 692 44 1.286
53 946 33 71.795
54 1402 8 8.179
55 1216 51 1.258
56 388 41 83.444
57 39 59 79.792
58 824 55 32.728
59 107 24 56.374
60 788 13 26.473
61 641 1 18.822
62 212 57 54.186
63 588 51 18.895
64 1268 49 68.514
65 1077 35 23.765
66 1291 18 77.182
67 667 14 90.092
68 1411 33 7.350
69 1271 41 14.825
70 1423 47 63.735
71 504 52 33.814
72 429 34 23.727
73 1425 18 28.283
74 1038 35 60.812
75 640 55 31.538
76 705 12 94.985
77 1199 20 55.381
78 110 43 37.485
79 422 39 52.663
80 914 12 90.846
81 578 41 88.701
82 1124 24 19.406
83 23 36 28.891
84 148 17 30.470
85 902 36 17.999
86 1316 39 15.592
87 1176 29 69.814
88 136 22 61.554
89 35 43 67.912
90 442 22 58.430
91 85 9 7.561
92 1335 37 58.007
93 1010 3 23.070
94 730 21 64.923
95 423 1 12.262
96 1245 9 28.230
97 621 57 82.444
98 436 5 67.371
99 1036 30 46.514
100 713 53 58.822
101 312 22 2.819
102 597 2 28.122
103 1142 4 46.117
104 794 46 27.690
105 318 46 68.011
106 491 26 42.849
107 1183 1 58.060
108 611 56 35.852
109 821 11 68.627
110 1128 27 64.765
111 918 32 23.386
112 973 60 91.356
113 1196 33 48.285
114 103 5 13.430
115 168 59 19.232
116 454 45 94.432
117 178 30 18.169
118 350 27 36.511
119 392 4 4.962
120 362 55 38.226
121 830 18 37.458
122 829 28 84.499
123 788 4 11.561
124 1244 53 45.764
125 990 33 31.862
126 979 17 18.767
127 751 38 85.198
128 93 12 31.025
129 610 39 41.327
130 502 38 71.899
131 2 31 97.113
132 57 34 21.759
133 359 35 22.019
134 1208 58 28.990
135 385 35 37.028
136 813 48 77.160
137 1257 19 64.283
138 62 20 29.581
139 50 4 79.291
140 128 60 60.937
141 517 15 58.989
142 950 15 70.874
143 1056 56 5.510
144 239 36 55.107
145 1119 34 21.111
146 1282 60 6.491
147 1151 50 54.086
148 1312 36 39.148
149 558 31 11.701
150 971 52 62.976
151 404 8 31.917
152 655 11 0.136
153 445 58 78.157
154 1391 18 16.650
155 141 44 92.952
156 386 37 68.530
157 526 39 94.204
158 575 34 60.108
159 542 60 33.104
160 1055 54 29.312
161 238 10 85.109
162 1251 35 63.645
163 1236 7 61.252
164 1235 39 54.731
165 891 51 92.756
166 40 5 74.808
167 439 39 43.937
168 325 28 43.637
169 744 4 29.355
170 1258 10 61.338
171 896 30 26.808
172 824 20 84.873
173 947 32 59.362
174 102 12 55.330
175 1214 5 63.645
176 374 4 23.664
177 906 13 54.333
178 148 47 58.544
179 871 60 27.427
180 394 34 6.576
181 455 23 49.442
182 358 14 31.804
183 898 41 4.889
184 1071 29 61.665
185 892 21 95.092
186 701 8 77.926
187 315 47 59.473
188 615 37 78.070
189 866 32 37.776
190 856 27 82.894
191 265 27 95.335
192 1295 27 20.600
193 1433 38 12.765
194 1221 58 47.342
195 707 19 71.340
196 453 37 33.217
197 457 58 3.690
198 856 32 27.150
199 280 43 66.017
200 116 48 77.606