200
1 282 41 72.562
2 1103 10 37.332
3 1011 35 50.573
4 1079 28 19.860
5 1142 48 5.592
6 216 31 72.227
7 174 58 22.953
8 1160 51 3.411
9 43 15 25.667
10 1366 28 19.091
11 1331 40 28.092
12 467 31 47.088
13 1045 22 90.845
14 1131 40 68.642
15 75 13 43.041
16 880 42 33.027
17 1189 5 31.089
18 742 22 90.862
19 911 47 41.864
20 725 32 19.234
21 511 6 6.407
22 483 49 91.702
23 721 13 76.367
24 1093 23 46.225
25 1232 60 46.488
26 219 30 27.918
27 1148 7 63.930
28 347 38 99.379
29 274 54 1.128
30 838 50 31.007
31 1422 37 68.045
32 190 22 31.922
33 1117 56 14.525
34 1065 41 50.259
35 337 18 81.860
36 230 39 63.021
37 132 52 86.501
38 1132 46 62.731
39 1109 24 30.259
40 224 59 10.896
41 1086 8 73.602
42 874 16 82.728
43 1210 39 42.280
44 745 15 26.654
45 213 52 41.569
46 29 60 36.318
47 413 47 6.612
48 1244 36 29.085
49 810 21 67.499
50 498 27 9.303
51 1415 14 31.665
52 957 2 57.552
53 890 17 59.924
54 155 28 6.847
55 714 6 41.796
56 393 44 42.962
57 106 55 71.295
58 359 15 59.313
59 1342 53 34.787
60 1260 39 73.893
61 872 7 69.520
62 1062 29 64.023
63 188 57 94.048
64 411 1 13.912
65 1060 45 47.992
66 12 6 47.886
67 490 36 32.809
68 534 30 21.013
69 840 18 34.121
70 965 21 95.703
71 180 19 64.619
72 958 60 21.346
73 1349 51 67.214
74 666 45 35.107
75 840 33 81.725
76 409 1 14.260
77 1189 54 43.734
78 457 32 57.379
79 1428 35 73.383
80 916 41 85.762
81 83 5 82.413
82 1039 56 47.367
83 365 51 35.448
84 480 6 53.275
85 598 21 46.628
86 134 13 54.408
87 797 16 22.968
88 1116 51 84.129
89 94 60 33.640
90 26 26 7.956
91 218 15 66.490
92 624 2 35.429
93 223 29 94.584
94 33 22 92.952
95 163 18 33.383
96 1037 60 43.028
97 703 9 74.805
98 582 59 3.038
99 438 8 14.616
100 796 8 92.376
101 367 31 80.346
102 1173 46 59.689
103 1049 32 43.428
104 705 9 44.745
105 999 58 29.244
106 1266 19 54.090
107 496 50 44.118
108 1177 47 46.913
109 1118 34 61.573
110 1315 2 83.352
111 155 12 41.651
112 1159 21 44.494
113 156 2 21.459
114 1275 44 86.455
115 177 22 77.571
116 275 24 53.434
117 382 24 5.543
118 364 58 47.643
119 252 60 67.094
120 820 35 48.208
121 685 8 59.735
122 600 60 35.318
123 1104 15 33.724
124 1354 23 81.249
125 569 16 56.111
126 827 58 74.770
127 385 26 78.371
128 202 33 77.868
129 1075 57 20.901
130 1256 26 58.261
131 63 27 89.633
132 477 33 63.634
133 587 24 89.222
134 767 20 37.903
135 130 17 18.780
136 1044 33 83.839
137 1415 14 66.847
138 539 53 5.428
139 806 57 39.626
140 875 13 63.070
141 868 41 14.323
142 431 56 96.046
143 665 28 4.623
144 913 25 86.404
145 1138 23 55.077
146 383 50 53.842
147 1195 16 17.582
148 996 49 48.895
149 988 39 76.982
150 849 6 51.948
151 1356 36 0.572
152 401 49 9.700
153 1187 34 75.303
154 1152 49 11.143
155 809 29 64.842
156 795 38 19.292
157 1047 12 10.751
158 751 60 57.278
159 683 33 64.911
160 1057 7 93.375
161 376 32 2.968
162 1217 53 78.656
163 760 51 27.281
164 348 60 9.898
165 312 25 82.024
166 691 31 57.356
167 773 17 25.464
168 1399 18 40.172
169 582 13 18.312
170 689 45 86.984
171 65 31 22.554
172 408 37 10.187
173 565 19 66.602
174 1127 42 64.400
175 1405 22 19.898
176 543 16 53.703
177 62 37 61.557
178 809 24 43.322
179 1230 14 73.129
180 151 34 87.285
181 914 28 35.327
182 1319 57 21.362
183 996 36 11.773
184 1126 58 20.060
185 58 5 19.102
186 801 7 88.746
187 170 38 2.340
188 7 23 96.285
189 965 43 44.946
190 1302 26 43.515
191 589 47 92.024
192 282 46 89.568
193 1176 16 87.449
194 665 57 14.592
195 83 15 82.983
196 570 34 29.766
197 1317 9 28.636
198 1399 58 58.119
199 22 23 12.605
200 682 9 63.147