200
1 160 47 40.439
2 1397 44 87.679
3 1158 39 14.780
4 683 45 31.447
5 1392 13 43.946
6 1185 40 52.388
7 680 58 81.383
8 484 30 96.412
9 71 16 30.797
10 1247 31 75.655
11 11 40 38.076
12 38 28 57.032
13 874 11 20.307
14 263 31 79.314
15 321 35 4.287
16 1118 53 77.263
17 830 29 39.905
18 5 55 0.167
19 1156 33 78.806
20 772 12 27.455
21 341 48 83.685
22 1352 19 91.786
23 1436 58 46.759
24 34 6 12.622
25 150 57 44.208
26 763 18 68.380
27 883 31 20.726
28 499 25 69.358
29 650 25 0.116
30 1380 41 10.872
31 393 59 59.805
32 1233 45 0.201
33 492 33 2.712
34 1428 34 16.519
35 1270 58 80.908
36 623 38 28.564
37 847 45 19.045
38 1016 59 57.637
39 774 49 52.985
40 1159 48 1.600
41 702 23 41.093
42 1362 22 64.286
43 601 33 56.315
44 211 14 41.192
45 509 50 23.780
46 627 10 3.418
47 524 22 54.930
48 833 8 51.981
49 868 41 35.752
50 1041 50 23.910
51 673 7 44.554
52 287 8 3.218
53 645 13 7.611
54 373 44 8.925
55 779 1 45.277
56 757 4 78.859
57 1418 10 49.942
58 568 50 95.973
59 156 42 6.097
60 271 24 63.730
61 66 42 21.097
62 270 11 99.456
63 1080 35 35.949
64 53 55 42.185
65 1239 19 11.591
66 1436 20 21.598
67 1399 12 83.797
68 1155 35 29.512
69 807 41 41.312
70 1347 21 50.051
71 980 53 96.627
72 653 46 73.019
73 491 16 23.901
74 695 39 30.984
75 1282 57 90.691
76 711 52 56.418
77 435 46 57.403
78 1005 36 92.795
79 327 4 7.073
80 601 53 76.961
81 1395 49 58.244
82 1262 28 90.490
83 360 39 78.773
84 373 47 38.634
85 337 23 82.438
86 282 27 10.738
87 69 56 48.077
88 509 57 47.019
89 321 45 59.034
90 434 31 64.707
91 1238 1 36.175
92 1219 57 54.818
93 907 5 59.435
94 977 58 89.736
95 681 29 80.093
96 246 9 54.511
97 903 56 9.427
98 359 53 10.446
99 266 46 56.919
100 880 48 53.465
101 1135 5 28.064
102 3 58 68.526
103 1191 35 92.336
104 238 10 31.315
105 1399 33 28.896
106 283 27 54.196
107 719 19 21.336
108 1279 46 56.928
109 985 20 86.151
110 1165 24 2.852
111 82 9 6.585
112 881 42 60.725
113 668 33 77.243
114 73 26 10.350
115 50 35 23.854
116 500 60 31.748
117 1099 36 16.210
118 985 29 30.524
119 1110 22 57.674
120 86 35 85.119
121 363 53 48.368
122 486 9 51.229
123 680 31 87.025
124 834 10 91.819
125 1085 21 90.589
126 1367 8 42.312
127 868 58 31.312
128 1024 5 30.956
129 717 43 16.961
130 783 29 73.871
131 88 53 78.472
132 1163 3 65.327
133 502 49 60.372
134 987 23 75.254
135 665 6 6.384
136 1275 28 79.436
137 382 34 72.240
138 1068 25 35.084
139 1032 8 98.987
140 1158 35 92.254
141 228 34 53.752
142 1242 4 42.999
143 1110 59 51.303
144 917 3 50.354
145 788 9 97.089
146 473 5 15.267
147 291 11 81.240
148 573 16 62.342
149 478 49 58.666
150 1156 45 14.242
151 571 18 97.458
152 289 37 91.396
153 755 10 58.779
154 1189 47 23.913
155 616 13 29.172
156 355 9 35.342
157 185 20 18.026
158 650 28 62.186
159 1298 46 2.792
160 1143 13 89.861
161 496 47 74.826
162 74 19 48.499
163 535 32 9.297
164 259 58 39.758
165 373 31 78.243
166 658 46 55.533
167 868 5 95.378
168 995 55 62.018
169 1127 44 22.598
170 1020 54 83.013
171 1174 39 60.583
172 1096 54 15.123
173 1279 36 42.200
174 520 35 94.794
175 739 34 82.593
176 274 16 8.389
177 879 7 7.920
178 746 54 42.989
179 1010 7 51.043
180 880 6 20.248
181 631 43 54.473
182 1169 52 79.870
183 1154 4 48.281
184 1189 51 84.934
185 9 17 16.713
186 171 23 10.362
187 207 53 8.797
188 745 41 30.467
189 1030 32 45.157
190 635 26 31.391
191 1099 21 93.197
192 976 42 68.853
193 387 32 28.333
194 1136 31 40.024
195 752 4 85.794
196 564 41 69.603
197 538 11 30.367
198 323 41 85.611
199 214 60 49.126
200 1348 5 62.527