200
1 228 31 45.333
2 942 51 34.934
3 704 14 78.424
4 1338 48 42.667
5 1059 52 56.670
6 1305 4 69.036
7 756 28 16.824
8 1090 30 32.280
9 645 55 77.361
10 1211 20 11.647
11 202 5 99.931
12 714 31 2.625
13 481 22 16.286
14 204 26 17.128
15 749 45 19.766
16 1326 58 97.715
17 196 51 5.611
18 564 8 76.192
19 1362 46 97.328
20 962 57 2.930
21 867 16 46.268
22 735 48 12.131
23 637 25 6.358
24 1172 51 63.839
25 1289 15 0.908
26 913 53 90.425
27 1235 31 6.388
28 809 9 88.329
29 547 17 54.425
30 1225 22 20.299
31 167 52 59.901
32 900 40 18.738
33 1390 47 11.484
34 130 11 8.129
35 379 60 94.645
36 347 57 92.551
37 946 2 39.224
38 1313 26 57.965
39 115 15 15.828
40 541 50 38.780
41 65 38 33.676
42 819 23 50.878
43 391 10 69.076
44 303 57 64.388
45 477 19 24.972
46 553 31 30.989
47 917 31 91.551
48 1436 38 75.487
49 1006 12 28.749
50 90 3 51.434
51 1092 26 52.824
52 591 48 1.418
53 468 45 76.993
54 1139 9 62.534
55 845 46 77.489
56 381 44 52.422
57 1008 39 73.036
58 739 30 45.634
59 1181 47 44.848
60 1259 60 61.350
61 162 2 20.746
62 1335 28 67.880
63 999 7 57.576
64 61 39 44.805
65 163 49 79.207
66 1358 19 8.719
67 973 15 79.290
68 138 38 13.579
69 1169 33 81.494
70 1016 15 1.572
71 384 27 98.994
72 630 29 60.723
73 1342 37 82.760
74 749 14 78.493
75 445 14 14.127
76 552 28 76.264
77 1375 39 72.341
78 1199 33 1.293
79 276 5 39.078
80 1273 35 61.936
81 465 57 36.209
82 182 29 65.923
83 1348 40 34.275
84 1269 5 86.677
85 639 52 78.132
86 509 13 34.476
87 1380 59 64.505
88 281 30 55.433
89 386 22 84.838
90 202 14 87.249
91 640 1 25.679
92 1257 44 88.648
93 1353 47 89.977
94 1305 14 14.489
95 901 46 72.762
96 272 28 41.394
97 339 38 15.366
98 779 43 2.887
99 962 13 42.575
100 1178 57 67.668
101 218 34 52.328
102 1125 43 91.930
103 1371 58 68.946
104 1308 35 6.275
105 283 50 96.214
106 39 29 63.920
107 1347 52 19.142
108 1056 42 21.722
109 490 9 99.051
110 1292 17 62.584
111 773 33 24.200
112 194 21 53.260
113 586 26 82.942
114 525 20 70.462
115 959 23 80.537
116 1086 6 39.768
117 258 25 34.193
118 350 49 15.938
119 32 47 89.795
120 1284 9 81.121
121 145 44 18.486
122 751 19 69.833
123 936 22 14.359
124 323 44 15.638
125 1085 47 29.859
126 581 13 44.566
127 200 1 42.816
128 1403 35 24.887
129 1291 41 10.018
130 77 16 4.833
131 1373 35 85.840
132 860 56 16.650
133 1403 41 88.027
134 1289 13 76.271
135 720 40 51.894
136 908 15 90.052
137 541 16 64.453
138 999 17 10.139
139 871 36 67.920
140 130 60 54.046
141 1345 51 86.406
142 1006 58 36.571
143 840 33 26.210
144 33 32 45.479
145 396 45 91.645
146 216 49 14.650
147 705 36 61.032
148 14 24 72.364
149 1327 10 44.981
150 709 34 90.514
151 1400 21 9.783
152 1087 59 67.871
153 249 27 99.888
154 522 17 86.309
155 326 21 81.085
156 1017 13 60.705
157 526 59 19.581
158 1299 1 73.587
159 1376 59 76.029
160 1030 28 2.481
161 22 34 72.929
162 164 29 58.239
163 3 53 21.178
164 361 37 96.377
165 1381 37 21.514
166 115 21 27.100
167 651 57 66.959
168 705 45 82.784
169 436 20 11.967
170 481 20 60.198
171 730 28 63.327
172 1314 16 64.229
173 575 37 18.746
174 1368 48 2.960
175 365 13 66.050
176 99 9 69.340
177 664 59 36.801
178 1399 38 4.546
179 1136 35 3.573
180 18 1 24.792
181 576 12 5.856
182 516 23 50.297
183 398 37 44.017
184 245 50 20.456
185 1073 49 24.288
186 1317 55 82.257
187 1037 43 93.363
188 1170 32 86.890
189 676 25 63.097
190 972 23 9.635
191 936 39 67.561
192 318 44 64.890
193 857 27 42.792
194 977 56 13.464
195 1239 53 96.497
196 624 57 14.719
197 1380 1 14.844
198 1240 43 64.979
199 1077 35 54.467
200 755 31 26.114