200
1 1334 58 17.172
2 1147 19 93.180
3 264 12 29.117
4 744 10 10.267
5 1296 43 91.829
6 1043 9 42.272
7 11 42 84.137
8 120 6 61.181
9 427 9 76.202
10 1335 49 50.647
11 902 46 65.153
12 513 20 52.919
13 750 41 50.876
14 339 34 40.406
15 624 23 41.397
16 30 22 87.395
17 485 39 29.043
18 1212 8 43.209
19 425 1 18.439
20 1356 60 16.295
21 319 49 95.743
22 1211 41 66.609
23 201 16 10.498
24 1075 32 58.150
25 1347 12 66.904
26 292 60 73.821
27 264 16 91.659
28 838 39 83.830
29 406 57 14.070
30 1072 13 71.330
31 977 17 46.260
32 507 23 26.644
33 180 44 2.382
34 610 43 86.195
35 61 25 80.130
36 402 52 84.135
37 174 37 28.382
38 697 49 82.734
39 208 59 65.438
40 424 4 39.806
41 836 19 40.879
42 692 38 27.720
43 223 60 40.404
44 973 3 61.221
45 432 11 35.201
46 1247 32 89.810
47 1028 25 27.697
48 1327 51 10.790
49 644 29 23.575
50 853 18 85.197
51 448 37 33.583
52 383 59 31.905
53 388 39 58.678
54 497 43 55.684
55 202 49 20.901
56 798 29 81.887
57 1001 46 1.493
58 363 52 90.296
59 468 28 11.593
60 258 41 93.549
61 121 40 34.305
62 710 47 59.472
63 734 43 13.578
64 1076 12 99.148
65 1357 27 41.307
66 784 2 35.338
67 162 33 80.443
68 121 32 11.928
69 577 15 79.467
70 115 58 49.679
71 36 3 81.402
72 1181 59 25.184
73 527 52 78.071
74 491 29 16.138
75 1030 29 45.444
76 469 4 2.260
77 873 5 61.079
78 722 46 37.128
79 198 15 32.938
80 858 36 16.304
81 1095 13 58.355
82 366 59 90.717
83 971 47 16.708
84 413 42 49.453
85 495 46 72.608
86 435 44 58.909
87 1426 45 2.225
88 1076 18 54.610
89 521 20 82.815
90 987 17 80.642
91 385 14 6.937
92 1394 2 76.863
93 1401 27 6.043
94 255 25 60.789
95 26 45 82.923
96 553 48 70.337
97 225 45 75.136
98 421 52 77.460
99 187 40 4.923
100 783 51 82.924
101 161 22 84.202
102 1366 15 92.654
103 719 59 46.502
104 460 11 32.752
105 747 9 27.297
106 907 46 16.201
107 111 30 33.346
108 1216 30 33.208
109 274 51 15.032
110 1145 31 17.560
111 536 28 36.615
112 582 59 10.209
113 587 43 96.189
114 656 4 10.008
115 1440 14 45.259
116 984 46 27.774
117 385 13 86.740
118 770 35 81.105
119 978 54 85.642
120 135 44 87.310
121 890 48 41.263
122 1414 21 92.048
123 182 37 73.613
124 148 14 42.414
125 160 23 52.213
126 704 25 18.754
127 686 14 72.443
128 169 5 5.680
129 1176 53 28.168
130 422 22 46.060
131 124 12 24.032
132 511 31 69.319
133 350 4 5.871
134 377 9 88.461
135 1197 19 36.915
136 1323 60 19.372
137 334 56 62.633
138 1361 13 67.191
139 1333 49 19.897
140 1424 42 97.962
141 448 44 76.186
142 418 53 95.346
143 1268 53 29.973
144 847 21 12.455
145 602 49 23.885
146 344 52 96.733
147 899 21 11.832
148 64 2 34.565
149 673 12 86.230
150 1028 12 32.062
151 853 27 4.836
152 1017 23 32.454
153 874 34 9.492
154 736 53 82.841
155 636 36 85.538
156 176 7 56.017
157 1111 43 88.650
158 1405 4 44.640
159 358 41 64.631
160 329 21 75.283
161 890 42 93.173
162 41 53 22.443
163 17 3 77.624
164 639 24 18.472
165 666 40 96.907
166 89 19 91.890
167 747 4 31.500
168 74 21 5.278
169 1275 54 61.425
170 584 46 38.529
171 710 12 95.835
172 856 60 44.999
173 996 37 10.681
174 1032 34 92.506
175 715 30 53.347
176 475 41 4.403
177 110 23 61.536
178 1138 46 92.574
179 556 48 15.912
180 135 45 60.396
181 616 35 71.659
182 1034 26 84.344
183 358 8 48.624
184 152 60 70.309
185 446 3 52.848
186 1113 54 20.684
187 1254 53 76.320
188 896 32 66.615
189 1209 25 61.775
190 145 40 21.376
191 1011 14 29.519
192 341 49 49.021
193 1190 51 12.253
194 215 54 56.388
195 11 20 97.217
196 235 9 51.677
197 1245 50 35.414
198 1151 42 20.417
199 721 55 13.520
200 966 49 75.225