200
1 1322 6 70.355
2 1052 27 16.119
3 87 38 85.053
4 1066 60 82.002
5 1317 29 40.073
6 780 43 24.675
7 341 41 54.503
8 759 37 57.862
9 588 45 81.825
10 713 39 97.798
11 207 43 30.643
12 1137 25 31.177
13 1094 22 70.836
14 492 32 50.161
15 787 34 11.263
16 238 21 44.488
17 960 10 67.833
18 1409 59 15.687
19 949 13 68.941
20 1097 3 58.162
21 545 6 30.676
22 557 18 25.170
23 858 10 65.064
24 790 36 17.152
25 13 42 4.412
26 113 6 88.635
27 663 9 24.857
28 1275 2 5.262
29 3 6 49.256
30 459 50 10.674
31 392 59 97.842
32 1384 46 98.228
33 673 33 72.516
34 510 59 11.187
35 590 35 84.421
36 1055 6 45.664
37 849 20 58.338
38 801 57 96.655
39 1424 17 51.107
40 990 14 67.192
41 940 20 37.802
42 111 35 57.239
43 1193 11 28.710
44 1021 50 7.589
45 375 47 61.616
46 1237 30 76.816
47 1045 41 43.991
48 1398 24 35.042
49 1207 19 18.872
50 1311 41 90.412
51 1003 13 64.492
52 47 47 18.841
53 124 23 87.189
54 333 51 44.426
55 1002 16 95.603
56 115 14 91.083
57 1158 31 66.322
58 10 58 28.888
59 1039 57 4.582
60 931 28 49.267
61 598 10 47.815
62 975 48 97.275
63 1119 11 81.074
64 1398 60 23.753
65 1384 28 7.352
66 1199 16 65.692
67 967 42 15.644
68 755 60 54.137
69 580 49 79.684
70 1005 20 14.329
71 1263 54 15.373
72 1078 33 25.331
73 1266 40 54.189
74 1269 27 84.705
75 951 51 74.990
76 907 21 23.004
77 1251 32 47.416
78 1306 28 8.835
79 1140 3 2.272
80 749 27 78.925
81 808 24 86.253
82 1378 10 14.503
83 166 34 95.996
84 166 48 24.504
85 988 24 70.310
86 1192 51 39.396
87 500 3 97.759
88 1318 17 41.036
89 1037 56 93.306
90 528 21 85.699
91 1226 58 17.526
92 956 26 3.403
93 40 8 73.742
94 1322 48 10.263
95 261 1 25.373
96 630 20 51.058
97 160 31 98.420
98 398 24 96.128
99 1240 27 19.682
100 383 40 10.179
101 839 44 45.976
102 492 18 30.094
103 900 22 20.930
104 584 30 0.192
105 975 57 48.108
106 1342 50 22.012
107 192 34 65.048
108 576 37 42.089
109 174 50 32.994
110 585 25 0.801
111 1058 20 94.446
112 49 11 40.346
113 458 56 47.826
114 716 50 72.258
115 1410 57 93.443
116 78 31 21.126
117 384 9 67.507
118 882 50 17.669
119 763 37 53.625
120 623 2 88.031
121 842 16 67.638
122 955 57 61.422
123 1291 5 63.328
124 595 11 20.567
125 874 14 16.051
126 1330 47 61.604
127 942 5 19.340
128 343 24 60.071
129 1006 8 35.356
130 988 18 81.048
131 927 52 6.378
132 1007 28 82.925
133 823 3 87.198
134 630 27 9.136
135 467 60 38.731
136 885 24 38.459
137 977 24 33.386
138 500 6 60.233
139 178 4 43.363
140 408 15 10.979
141 432 45 56.902
142 286 24 79.933
143 543 46 76.062
144 173 2 61.099
145 349 28 27.264
146 813 3 39.728
147 725 59 47.022
148 772 27 67.999
149 307 41 64.584
150 234 43 19.924
151 1434 14 66.780
152 228 34 84.929
153 409 44 93.933
154 1403 18 97.112
155 141 7 27.727
156 1219 18 0.843
157 258 12 6.108
158 461 48 78.419
159 613 3 36.084
160 845 53 78.606
161 820 38 22.219
162 1426 5 51.381
163 354 18 16.163
164 60 6 16.566
165 1422 53 42.547
166 898 57 90.754
167 195 3 45.050
168 842 11 12.790
169 1015 38 0.658
170 1169 28 87.263
171 585 13 49.797
172 623 13 37.911
173 313 55 49.923
174 39 27 71.986
175 1063 45 53.999
176 656 30 5.296
177 319 58 46.613
178 111 20 26.932
179 1186 20 94.471
180 700 43 22.750
181 785 55 33.356
182 855 42 12.438
183 1157 19 92.408
184 1328 11 30.610
185 638 23 51.684
186 516 12 64.306
187 1393 58 6.874
188 841 29 42.640
189 287 21 47.219
190 207 29 88.144
191 805 48 29.818
192 940 17 67.705
193 632 54 53.674
194 1422 20 4.983
195 901 7 36.638
196 909 7 58.654
197 975 53 18.633
198 457 46 42.640
199 234 13 99.323
200 1023 39 94.478