200
1 417 34 44.644
2 230 25 56.843
3 1143 46 63.904
4 800 42 48.046
5 1241 31 25.238
6 680 12 93.182
7 1253 9 94.177
8 129 21 56.386
9 72 49 3.016
10 624 29 26.925
11 1235 9 91.527
12 150 22 74.634
13 123 30 42.905
14 1113 15 25.472
15 1274 50 13.522
16 477 44 11.514
17 1094 2 78.734
18 459 23 57.886
19 1290 1 39.526
20 1148 33 20.646
21 1013 20 24.669
22 1192 60 95.272
23 804 54 39.571
24 687 31 63.082
25 969 60 20.359
26 676 20 55.655
27 902 24 8.363
28 927 46 44.127
29 829 39 27.321
30 951 14 73.347
31 670 24 27.926
32 359 26 63.425
33 8 59 66.822
34 895 58 70.594
35 1178 8 27.813
36 771 54 22.047
37 298 57 37.529
38 554 5 54.623
39 816 1 97.296
40 542 59 91.719
41 864 2 90.388
42 529 20 76.849
43 1047 32 21.013
44 977 57 72.891
45 718 10 33.168
46 1282 16 4.866
47 399 25 84.180
48 1057 48 37.929
49 1153 2 38.056
50 1086 11 70.454
51 869 18 87.382
52 1199 49 51.538
53 1413 30 45.071
54 1154 10 49.655
55 112 55 63.342
56 1151 53 22.275
57 1099 33 91.859
58 1182 26 38.394
59 1263 30 57.768
60 1184 44 93.555
61 815 1 47.107
62 954 41 6.849
63 233 23 59.222
64 439 32 29.371
65 700 33 98.332
66 257 39 33.936
67 1303 25 98.330
68 1099 25 77.506
69 829 3 93.225
70 1053 13 73.957
71 1020 7 12.674
72 856 14 83.313
73 1036 25 14.935
74 578 39 9.417
75 704 3 91.285
76 955 35 36.628
77 679 58 89.556
78 990 36 42.166
79 683 11 53.914
80 829 7 82.159
81 851 25 53.449
82 915 56 62.065
83 951 30 43.119
84 725 48 97.139
85 623 8 19.886
86 48 46 72.562
87 590 4 83.044
88 71 10 18.489
89 962 33 2.050
90 574 51 51.187
91 1114 43 57.628
92 1407 32 31.245
93 55 21 23.560
94 271 46 98.341
95 863 8 63.563
96 1041 33 65.959
97 1132 57 83.365
98 1366 40 33.858
99 1024 29 40.449
100 423 43 24.209
101 322 12 45.061
102 1076 3 0.410
103 349 15 9.883
104 40 6 76.092
105 1194 8 24.349
106 191 11 24.282
107 514 55 7.892
108 161 48 54.371
109 1157 24 44.965
110 1254 45 6.750
111 1330 14 15.337
112 260 9 24.693
113 1040 34 53.942
114 624 21 33.275
115 1314 60 79.786
116 422 26 13.793
117 403 51 89.156
118 1339 40 62.900
119 1238 16 47.135
120 368 21 28.354
121 1192 41 42.492
122 652 6 66.126
123 1329 4 81.681
124 177 8 63.727
125 779 29 59.311
126 287 56 11.490
127 1093 17 95.202
128 1291 27 69.242
129 1319 32 65.413
130 1157 3 46.690
131 1123 28 40.858
132 1174 10 35.896
133 702 60 87.204
134 1028 51 54.899
135 948 38 47.254
136 941 54 65.365
137 461 37 3.460
138 1439 51 55.589
139 1435 25 64.115
140 1035 12 73.820
141 740 52 7.061
142 119 7 44.564
143 704 35 0.706
144 1058 46 79.119
145 436 28 8.990
146 156 59 6.155
147 595 8 71.007
148 528 56 56.881
149 273 44 84.714
150 594 23 19.939
151 1097 31 59.009
152 252 35 71.913
153 188 24 63.988
154 945 59 45.792
155 1082 35 27.884
156 1021 60 25.913
157 41 24 34.651
158 971 21 29.818
159 14 29 63.976
160 236 8 1.982
161 288 24 8.715
162 1319 41 34.456
163 1359 15 24.473
164 683 33 12.715
165 1432 38 53.218
166 403 30 52.820
167 1365 25 67.540
168 918 3 69.259
169 98 9 38.756
170 621 28 76.802
171 517 39 61.621
172 1338 41 56.957
173 132 49 37.200
174 1130 11 48.326
175 259 56 62.965
176 1150 41 42.900
177 1279 6 10.636
178 773 9 80.428
179 520 54 83.358
180 1298 7 10.934
181 896 58 91.561
182 1429 28 64.096
183 827 27 60.393
184 346 41 31.041
185 278 48 20.153
186 1421 38 48.289
187 875 42 84.063
188 1139 43 70.360
189 558 24 41.708
190 476 27 14.366
191 975 31 21.990
192 9 50 77.079
193 1299 28 18.729
194 23 21 79.248
195 560 28 16.445
196 726 51 56.274
197 868 44 66.121
198 732 10 53.887
199 169 3 27.004
200 856 11 34.946