200
1 1410 52 60.781
2 788 47 75.261
3 320 30 3.113
4 767 26 76.016
5 412 56 90.765
6 380 27 93.194
7 535 44 62.790
8 461 45 52.643
9 1377 36 77.349
10 245 1 67.425
11 52 44 49.213
12 682 10 2.927
13 1161 45 42.196
14 1224 44 93.595
15 371 2 5.979
16 31 31 52.450
17 24 30 77.827
18 957 33 28.692
19 111 51 81.190
20 1032 17 62.317
21 426 22 61.115
22 294 49 9.237
23 901 34 20.176
24 268 34 74.710
25 258 11 26.395
26 400 7 79.405
27 1088 15 3.993
28 465 53 78.282
29 601 18 97.800
30 548 54 67.032
31 1326 22 21.771
32 749 41 44.706
33 398 12 58.490
34 1146 58 46.058
35 1390 51 6.033
36 5 4 28.339
37 1335 13 85.119
38 1383 20 22.433
39 869 46 5.938
40 329 21 23.650
41 825 31 50.821
42 29 15 41.426
43 1284 35 88.636
44 69 16 20.645
45 628 5 56.811
46 538 44 91.432
47 1398 23 19.465
48 224 49 98.813
49 1066 40 62.245
50 9 25 88.358
51 636 56 81.996
52 1343 7 26.110
53 225 6 61.954
54 192 22 56.446
55 949 37 87.882
56 1402 24 38.130
57 844 51 46.343
58 1272 58 29.862
59 1335 23 31.181
60 1419 42 92.534
61 1250 32 76.482
62 202 32 32.236
63 545 60 83.311
64 463 40 73.430
65 1414 16 85.732
66 591 27 54.865
67 586 57 44.425
68 1100 12 33.884
69 1035 25 60.907
70 602 43 80.599
71 454 50 13.769
72 236 12 86.627
73 668 58 96.125
74 707 31 29.746
75 962 5 83.196
76 755 9 30.258
77 1415 58 10.432
78 677 33 75.174
79 459 9 38.280
80 681 12 60.291
81 1366 37 77.684
82 364 15 84.850
83 623 24 38.922
84 1299 12 77.140
85 966 43 95.584
86 757 54 28.761
87 544 4 78.179
88 850 1 60.217
89 757 5 5.782
90 17 59 55.590
91 684 40 0.049
92 447 50 76.551
93 252 23 95.215
94 1392 30 64.399
95 497 25 42.267
96 714 51 91.955
97 1218 39 15.793
98 630 57 49.493
99 197 54 46.968
100 1087 58 69.392
101 1277 35 54.804
102 752 16 39.644
103 700 31 30.245
104 312 21 79.441
105 725 7 28.729
106 1156 10 66.544
107 237 2 70.701
108 208 54 28.033
109 1304 32 84.675
110 697 46 32.295
111 883 16 4.440
112 174 14 6.371
113 276 14 5.201
114 22 10 19.531
115 15 55 40.077
116 107 3 76.100
117 1150 26 70.692
118 168 53 61.007
119 1083 60 63.607
120 121 27 49.183
121 315 43 19.938
122 1115 21 19.509
123 877 33 36.507
124 130 37 82.338
125 290 56 32.689
126 283 40 28.424
127 334 1 87.097
128 857 30 40.448
129 7 37 78.644
130 862 29 99.729
131 1428 39 53.410
132 458 12 31.186
133 951 32 2.599
134 713 60 70.254
135 195 6 60.352
136 655 37 76.388
137 729 10 46.065
138 719 7 63.857
139 350 35 75.062
140 1251 26 62.708
141 1394 51 50.809
142 1024 22 26.065
143 1360 43 24.255
144 302 23 91.502
145 92 18 14.662
146 940 2 9.415
147 460 38 52.144
148 1345 52 87.265
149 819 16 76.545
150 454 27 66.500
151 260 8 12.864
152 1228 20 14.221
153 477 37 45.167
154 468 57 99.711
155 1224 6 36.582
156 863 17 24.634
157 747 10 98.324
158 201 18 84.154
159 692 22 71.949
160 760 49 59.075
161 340 38 25.827
162 466 56 71.406
163 1062 22 37.659
164 113 32 85.273
165 1212 49 35.298
166 825 12 53.467
167 247 25 34.301
168 260 37 32.608
169 68 43 34.131
170 1298 16 72.857
171 63 25 47.005
172 956 38 48.517
173 167 57 31.112
174 76 41 18.195
175 689 16 48.861
176 148 20 36.666
177 509 10 4.210
178 353 38 20.384
179 375 25 60.253
180 1368 3 10.470
181 700 7 16.362
182 437 18 16.189
183 1440 51 49.267
184 1359 60 19.441
185 173 29 86.890
186 1287 54 34.883
187 715 22 88.060
188 1165 8 92.832
189 1012 25 53.893
190 564 47 86.373
191 393 22 41.191
192 620 24 2.075
193 312 37 63.634
194 308 7 15.819
195 168 31 64.609
196 39 36 45.023
197 415 9 96.886
198 789 53 60.852
199 334 28 65.017
200 795 6 8.092