200
1 1184 37 35.113
2 27 46 2.458
3 551 23 93.101
4 1347 37 11.858
5 143 33 57.715
6 1235 21 52.846
7 1177 49 99.620
8 893 30 70.907
9 834 28 59.534
10 1344 27 73.370
11 947 15 10.694
12 1213 20 54.337
13 172 28 1.335
14 698 34 4.742
15 223 24 73.798
16 1132 23 18.778
17 1077 56 82.898
18 1110 58 57.138
19 501 39 88.795
20 322 56 41.666
21 42 24 90.926
22 1344 5 25.063
23 1038 4 90.393
24 914 15 97.356
25 465 42 3.519
26 1229 55 86.465
27 22 47 39.705
28 432 22 91.256
29 1383 60 99.560
30 1010 23 2.569
31 327 59 36.788
32 206 37 35.607
33 656 1 3.202
34 1071 3 53.354
35 369 49 96.432
36 740 1 94.050
37 1397 19 29.120
38 600 20 14.133
39 1354 15 51.001
40 306 36 17.064
41 1339 53 37.706
42 1271 34 37.563
43 127 11 1.892
44 585 42 96.150
45 349 40 43.656
46 496 12 81.767
47 307 11 18.193
48 1315 56 0.750
49 1413 19 47.451
50 853 40 48.603
51 169 49 94.730
52 900 49 96.710
53 1109 4 15.515
54 795 59 40.741
55 1271 8 13.480
56 913 14 78.953
57 796 49 0.986
58 111 5 16.063
59 575 36 90.284
60 1056 47 76.393
61 1283 14 59.377
62 578 24 46.207
63 410 51 38.120
64 830 40 43.538
65 1416 1 25.262
66 471 16 66.340
67 172 42 77.299
68 273 9 41.108
69 786 52 69.159
70 563 3 42.369
71 438 15 9.518
72 1372 25 90.248
73 993 52 58.903
74 298 21 18.050
75 1046 45 90.648
76 564 10 79.502
77 300 8 85.249
78 227 55 97.872
79 1196 30 66.986
80 793 57 5.485
81 913 3 52.380
82 760 45 62.155
83 1139 53 19.042
84 1366 23 20.392
85 791 45 21.821
86 151 33 67.046
87 823 23 16.961
88 1376 34 92.634
89 451 9 0.489
90 675 20 54.170
91 1379 19 6.211
92 995 37 53.303
93 593 40 81.534
94 596 8 65.944
95 1317 33 22.923
96 590 32 82.334
97 1371 2 98.703
98 762 30 69.794
99 1236 56 33.749
100 972 58 40.737
101 49 37 47.127
102 1320 21 39.444
103 170 14 84.469
104 946 46 45.577
105 967 20 21.532
106 161 33 92.686
107 786 25 1.797
108 1055 49 61.643
109 1117 60 29.336
110 1275 45 13.009
111 464 37 38.669
112 1045 8 11.817
113 184 6 76.306
114 30 16 6.777
115 535 7 33.645
116 77 38 23.142
117 2 46 84.307
118 735 19 75.384
119 291 41 23.744
120 627 54 25.884
121 666 43 83.304
122 58 10 47.618
123 713 51 74.792
124 1115 39 44.544
125 1348 60 68.203
126 1357 22 83.097
127 903 51 97.870
128 477 54 44.063
129 34 27 90.338
130 336 34 82.525
131 571 59 86.298
132 214 48 21.534
133 1305 1 35.516
134 654 4 55.589
135 135 22 56.679
136 429 30 20.160
137 1421 29 38.002
138 736 17 28.953
139 870 5 2.917
140 857 12 18.359
141 919 46 61.180
142 647 33 88.619
143 1141 1 91.833
144 1214 57 1.844
145 1436 39 29.704
146 1179 58 68.946
147 387 29 15.737
148 557 25 70.313
149 176 20 99.695
150 1220 37 37.245
151 176 43 37.526
152 617 11 80.606
153 970 55 98.101
154 712 41 12.845
155 1342 43 63.738
156 412 33 17.686
157 1345 33 80.222
158 1217 52 99.777
159 1108 18 43.954
160 93 38 68.019
161 961 60 5.716
162 301 26 65.074
163 995 7 74.293
164 359 21 43.374
165 743 25 35.274
166 277 56 70.054
167 721 36 83.294
168 1135 22 73.967
169 263 8 13.490
170 693 41 1.201
171 517 51 71.386
172 1352 5 1.793
173 41 51 58.934
174 946 38 54.874
175 168 29 49.368
176 1008 38 72.308
177 590 18 5.490
178 903 32 90.607
179 395 5 15.754
180 241 25 48.537
181 623 2 45.114
182 232 42 83.138
183 1425 47 8.050
184 766 35 82.607
185 747 25 88.033
186 526 34 71.297
187 1325 40 14.784
188 108 56 30.935
189 830 36 54.492
190 532 48 35.611
191 424 42 64.156
192 962 24 97.802
193 1286 21 84.805
194 1426 58 79.871
195 653 37 46.716
196 1041 57 53.912
197 187 5 15.332
198 520 27 81.310
199 924 35 17.664
200 409 18 33.046