200
1 909 46 1.240
2 1417 1 34.640
3 220 49 47.913
4 354 38 89.716
5 200 14 70.108
6 767 41 22.574
7 1155 57 32.380
8 747 27 89.981
9 446 30 36.846
10 363 16 37.222
11 386 26 13.933
12 839 13 29.387
13 1366 6 49.343
14 1434 39 31.959
15 894 18 80.605
16 503 25 26.357
17 1170 15 25.998
18 1417 23 87.580
19 740 44 98.240
20 890 60 39.551
21 1059 10 66.621
22 1426 25 97.622
23 115 17 71.503
24 1086 17 45.617
25 1401 8 31.347
26 654 34 46.973
27 663 51 59.128
28 702 58 28.255
29 219 6 5.012
30 950 31 51.621
31 1403 11 47.167
32 486 32 98.043
33 1380 28 76.396
34 495 22 85.065
35 1402 22 74.612
36 1171 37 89.199
37 1058 7 51.636
38 89 45 82.007
39 973 42 97.260
40 884 3 39.179
41 1355 48 29.850
42 23 28 87.882
43 786 11 96.365
44 201 60 94.957
45 953 8 66.679
46 834 3 94.961
47 1224 22 29.775
48 92 12 13.422
49 150 27 18.578
50 1088 3 83.999
51 1303 41 46.715
52 656 58 72.123
53 675 3 2.893
54 1430 7 88.093
55 725 33 42.479
56 1008 17 72.225
57 335 35 3.408
58 996 54 26.069
59 882 14 75.623
60 951 20 15.559
61 348 30 79.339
62 633 9 16.278
63 164 58 75.810
64 1154 40 2.772
65 1235 16 64.959
66 693 40 33.016
67 618 37 75.815
68 1165 54 48.986
69 678 55 47.235
70 511 5 59.425
71 271 34 92.032
72 370 38 18.148
73 877 57 66.972
74 220 42 79.103
75 1218 28 22.801
76 828 55 72.950
77 829 24 23.596
78 212 52 98.029
79 305 60 17.291
80 1187 58 56.512
81 920 53 36.930
82 746 20 4.183
83 483 18 63.435
84 432 45 41.644
85 42 20 84.920
86 96 38 70.728
87 1116 4 66.592
88 855 31 94.215
89 607 22 61.649
90 1106 27 16.301
91 1301 33 9.862
92 116 58 51.483
93 1330 10 65.914
94 627 19 47.533
95 879 54 61.613
96 771 8 94.848
97 479 5 0.044
98 1126 23 53.545
99 1049 6 77.418
100 1066 1 76.421
101 18 25 69.247
102 994 6 62.496
103 10 60 63.527
104 546 18 49.999
105 741 28 15.855
106 629 59 0.542
107 1251 60 26.225
108 332 31 17.054
109 753 52 18.875
110 289 53 87.039
111 759 6 19.550
112 1030 51 86.793
113 552 48 24.448
114 1234 40 97.661
115 932 5 27.088
116 1181 32 88.674
117 833 36 35.492
118 683 6 22.637
119 68 53 87.556
120 1248 55 23.236
121 695 4 88.465
122 371 29 26.716
123 1347 8 0.076
124 66 22 78.434
125 1345 38 63.177
126 933 53 47.519
127 1140 20 15.053
128 1115 9 6.114
129 293 33 26.536
130 691 27 27.636
131 1159 28 29.952
132 1084 55 26.998
133 1103 49 10.742
134 1105 32 87.121
135 914 46 98.833
136 942 28 45.029
137 1126 44 97.252
138 116 56 44.369
139 635 11 64.470
140 1161 49 98.834
141 420 35 8.375
142 769 4 76.181
143 739 42 95.431
144 483 53 14.069
145 1378 7 29.977
146 823 34 94.830
147 56 12 14.255
148 365 19 67.584
149 1342 50 83.467
150 625 25 49.625
151 1312 15 58.110
152 436 22 5.565
153 651 37 17.076
154 1305 8 11.202
155 348 49 63.224
156 1250 4 56.638
157 899 23 30.527
158 296 41 14.169
159 433 5 99.648
160 313 43 68.985
161 1313 5 24.300
162 1356 13 9.822
163 811 20 59.791
164 1114 46 58.324
165 647 35 15.544
166 1258 4 77.146
167 407 60 67.880
168 900 37 31.173
169 911 17 77.482
170 1110 15 92.720
171 855 53 2.734
172 322 35 9.616
173 76 45 16.469
174 772 50 69.443
175 1231 40 3.762
176 1181 30 57.776
177 1364 41 98.955
178 526 5 72.296
179 558 37 19.186
180 1156 4 14.228
181 1435 58 18.014
182 985 41 35.869
183 313 54 92.789
184 1384 60 17.099
185 1325 31 62.103
186 435 13 94.249
187 958 34 73.596
188 388 22 77.059
189 950 17 67.587
190 966 42 97.607
191 1261 33 60.420
192 774 58 93.923
193 848 39 74.732
194 174 21 98.178
195 118 58 37.906
196 242 22 53.651
197 1405 55 0.008
198 1310 40 51.360
199 1183 54 63.419
200 1426 24 97.719