200
1 799 43 84.968
2 993 1 12.654
3 370 12 1.289
4 256 19 36.895
5 84 26 43.577
6 987 14 55.398
7 734 13 0.259
8 430 52 11.134
9 725 9 50.525
10 648 39 28.320
11 614 59 9.309
12 1180 3 58.267
13 1078 21 28.564
14 698 38 46.678
15 1183 31 52.989
16 1295 29 3.545
17 584 6 20.855
18 520 35 41.339
19 265 20 1.429
20 1145 33 36.279
21 262 38 16.849
22 950 51 10.482
23 495 3 6.508
24 766 41 28.699
25 379 53 28.739
26 868 25 68.397
27 1428 5 85.774
28 461 49 20.182
29 704 45 97.809
30 1210 43 98.564
31 201 2 49.822
32 144 30 65.031
33 1215 41 56.288
34 1188 54 53.324
35 1042 18 89.959
36 700 3 41.682
37 285 60 30.848
38 483 30 39.510
39 1414 29 95.838
40 559 24 74.723
41 490 20 26.717
42 1419 39 52.431
43 818 39 11.997
44 711 38 33.193
45 100 26 71.583
46 246 52 90.953
47 1226 40 56.273
48 978 46 19.254
49 1143 42 71.195
50 836 40 83.919
51 546 26 57.744
52 337 46 29.306
53 1221 24 46.900
54 706 26 25.200
55 566 25 69.015
56 1190 18 87.465
57 1436 9 52.343
58 624 19 99.853
59 232 29 79.452
60 18 30 69.153
61 1272 50 90.570
62 267 24 45.492
63 639 57 68.820
64 601 55 77.810
65 349 52 49.096
66 790 31 27.198
67 453 50 91.295
68 671 31 37.222
69 860 45 85.417
70 1052 8 81.601
71 408 21 77.947
72 217 33 15.027
73 793 44 98.765
74 1120 35 57.800
75 330 42 15.037
76 981 32 44.012
77 602 10 10.345
78 1065 28 56.389
79 255 35 16.676
80 581 44 85.026
81 434 3 5.647
82 981 5 3.888
83 1203 5 7.996
84 458 57 81.183
85 1223 16 26.883
86 261 31 92.631
87 1077 29 60.671
88 1235 12 52.609
89 132 49 9.761
90 134 1 8.141
91 478 52 61.549
92 225 6 19.244
93 115 18 39.478
94 1014 20 32.252
95 284 30 79.093
96 844 27 30.848
97 697 48 79.501
98 1118 19 70.026
99 509 4 93.627
100 436 21 79.425
101 24 7 61.522
102 551 57 9.178
103 630 13 23.171
104 170 59 83.471
105 531 41 68.146
106 934 15 69.943
107 1187 16 67.059
108 707 32 80.157
109 1248 27 51.730
110 510 11 77.685
111 1355 11 96.607
112 395 21 66.048
113 505 6 83.247
114 81 41 38.508
115 1108 28 61.201
116 1284 53 49.867
117 1219 22 76.808
118 768 26 42.660
119 1261 8 84.219
120 1075 3 76.585
121 444 13 68.866
122 549 59 76.708
123 369 18 79.239
124 219 36 51.744
125 1233 19 1.877
126 81 25 61.629
127 773 8 75.864
128 429 21 30.178
129 521 31 48.155
130 476 15 78.675
131 127 32 97.837
132 21 30 69.570
133 1360 34 97.179
134 42 29 14.949
135 48 55 13.920
136 567 41 3.542
137 490 10 45.624
138 260 3 27.411
139 300 55 16.731
140 855 47 11.287
141 1417 18 66.220
142 610 5 40.123
143 1236 1 27.612
144 451 16 48.013
145 185 10 96.597
146 793 12 55.036
147 1298 32 24.651
148 1111 47 55.179
149 1300 22 45.280
150 952 22 48.605
151 1430 59 26.105
152 1172 35 21.063
153 545 58 24.547
154 144 23 28.387
155 492 12 68.713
156 696 32 31.165
157 674 11 60.059
158 783 21 24.625
159 837 17 23.150
160 529 5 3.521
161 819 23 13.161
162 648 53 8.162
163 1002 8 79.493
164 385 42 97.984
165 765 52 33.490
166 1265 36 20.738
167 1165 40 95.230
168 1047 23 4.549
169 145 8 35.006
170 110 20 80.852
171 1030 12 18.449
172 494 27 63.387
173 705 21 93.782
174 162 4 77.655
175 413 9 60.600
176 1186 49 27.996
177 1041 21 37.834
178 577 1 89.094
179 964 52 45.223
180 1395 35 32.040
181 1320 21 30.296
182 903 21 10.817
183 724 6 77.769
184 1400 31 5.163
185 1359 51 21.256
186 1179 37 22.991
187 338 8 97.185
188 115 55 53.284
189 759 60 37.211
190 300 38 35.348
191 1251 11 70.739
192 114 30 82.151
193 1125 35 10.831
194 1295 16 27.184
195 1387 60 83.267
196 1424 18 25.916
197 1153 41 33.713
198 1022 41 78.138
199 1159 45 31.752
200 371 47 24.267