200
1 594 21 5.382
2 1011 43 21.147
3 363 1 63.532
4 199 39 14.757
5 379 55 29.568
6 684 27 75.788
7 691 24 54.894
8 202 47 21.252
9 570 2 69.068
10 522 5 30.119
11 118 9 2.273
12 830 23 54.654
13 913 50 25.154
14 437 45 71.077
15 654 57 6.338
16 1336 3 40.721
17 673 25 0.110
18 122 37 43.876
19 535 6 19.489
20 690 11 54.660
21 1297 51 78.091
22 1240 34 93.191
23 310 39 7.672
24 456 43 58.070
25 853 47 15.359
26 1104 37 50.304
27 421 44 47.522
28 192 35 47.193
29 1398 4 34.723
30 1165 12 18.617
31 69 42 11.354
32 889 52 33.362
33 1228 17 73.995
34 919 11 85.567
35 1324 37 86.884
36 703 21 65.428
37 976 27 32.260
38 1381 29 37.733
39 1431 22 18.352
40 547 52 73.001
41 667 38 86.931
42 1035 7 62.221
43 672 7 31.530
44 207 57 72.621
45 1326 57 94.520
46 687 6 27.874
47 1350 50 86.752
48 1140 35 52.901
49 1185 57 97.307
50 880 60 89.074
51 79 33 15.127
52 994 9 94.519
53 1299 44 90.566
54 936 38 83.743
55 938 24 74.518
56 388 12 35.656
57 243 2 80.409
58 62 32 34.776
59 657 12 87.625
60 1419 3 87.666
61 1034 20 90.888
62 1136 12 47.230
63 537 41 53.511
64 804 58 36.505
65 449 29 99.741
66 1246 8 20.699
67 1283 3 44.551
68 194 1 0.528
69 789 45 92.754
70 1436 35 69.739
71 992 55 31.527
72 1416 9 98.429
73 1413 50 74.642
74 164 3 85.201
75 1018 41 59.825
76 846 55 81.081
77 1195 12 35.546
78 377 57 56.497
79 141 45 15.993
80 1178 46 30.711
81 1361 13 79.647
82 565 1 13.572
83 655 15 22.823
84 1035 3 71.869
85 1417 30 24.125
86 952 43 46.343
87 818 18 28.718
88 637 2 4.617
89 927 19 1.308
90 41 34 42.058
91 495 47 66.775
92 292 57 92.157
93 664 35 39.778
94 670 18 36.625
95 22 2 75.836
96 718 40 50.126
97 1101 40 35.872
98 407 50 95.891
99 65 32 25.987
100 655 40 30.907
101 38 52 93.901
102 418 55 80.305
103 679 42 75.588
104 823 38 10.057
105 1410 9 77.109
106 1185 39 74.054
107 243 54 79.074
108 165 48 31.342
109 109 2 42.541
110 1099 10 95.010
111 598 17 28.185
112 451 28 10.444
113 1358 47 52.080
114 1315 24 75.955
115 1243 2 5.528
116 438 49 71.049
117 111 52 0.361
118 1023 36 19.405
119 516 56 36.148
120 19 15 98.232
121 73 44 11.324
122 1137 35 49.268
123 525 30 24.704
124 568 32 62.730
125 43 16 45.359
126 293 48 17.821
127 397 39 78.391
128 215 27 65.883
129 764 31 62.536
130 448 52 21.424
131 988 48 7.891
132 197 27 3.227
133 1389 12 73.791
134 646 6 54.679
135 426 47 26.536
136 1410 13 78.152
137 1237 26 21.764
138 555 27 89.717
139 1033 37 70.022
140 147 9 61.530
141 30 49 56.606
142 875 23 96.998
143 293 6 19.602
144 1117 56 66.113
145 1039 31 71.102
146 700 60 21.931
147 1395 52 50.537
148 871 5 17.230
149 1271 36 27.863
150 71 5 86.945
151 461 35 34.111
152 733 10 7.274
153 1046 53 21.820
154 1012 50 5.381
155 1314 53 84.133
156 836 42 19.623
157 419 54 27.712
158 254 14 66.601
159 1303 28 73.606
160 421 23 7.091
161 672 54 1.170
162 1386 31 26.228
163 487 33 30.483
164 1292 23 74.914
165 423 15 45.151
166 744 12 26.603
167 1305 35 83.578
168 884 58 30.519
169 401 43 41.706
170 481 2 39.062
171 1359 38 37.362
172 1397 6 37.917
173 414 13 30.753
174 270 55 52.413
175 476 14 17.725
176 1215 58 95.910
177 145 21 73.458
178 357 4 89.153
179 983 32 14.156
180 1278 36 15.347
181 376 33 98.853
182 988 20 77.564
183 1179 34 20.872
184 312 21 10.190
185 1218 13 8.689
186 320 56 80.157
187 1254 16 49.043
188 298 34 78.202
189 962 10 70.425
190 253 27 73.972
191 666 10 29.231
192 884 25 80.871
193 1169 55 83.148
194 1129 44 24.715
195 977 32 33.956
196 1101 43 94.913
197 792 41 1.113
198 548 7 71.626
199 709 20 24.052
200 73 59 95.178