200
1 23 40 29.971
2 513 39 21.535
3 274 31 33.467
4 353 5 62.736
5 337 16 61.510
6 977 37 95.045
7 1216 9 12.574
8 763 18 96.761
9 832 60 38.886
10 98 45 45.629
11 1211 48 73.860
12 581 56 37.780
13 891 29 83.059
14 289 2 99.264
15 206 50 11.427
16 1241 21 81.231
17 202 29 27.142
18 830 25 6.351
19 58 44 32.642
20 929 20 1.959
21 519 24 25.884
22 1273 44 93.687
23 671 55 55.012
24 975 16 20.630
25 1181 60 48.854
26 548 41 47.527
27 1265 15 45.885
28 1123 57 65.237
29 536 8 19.727
30 393 14 2.174
31 983 57 10.929
32 1386 42 72.156
33 1300 43 27.745
34 613 60 30.911
35 532 32 40.123
36 467 11 94.644
37 932 45 22.625
38 1171 17 52.691
39 1378 9 80.308
40 140 51 79.227
41 1355 28 52.012
42 520 52 8.683
43 489 20 71.349
44 932 35 24.605
45 1238 3 44.795
46 1102 54 71.039
47 839 37 74.163
48 983 10 9.462
49 1117 32 19.360
50 781 1 21.626
51 1174 30 66.752
52 928 41 13.223
53 783 12 76.721
54 545 2 55.248
55 337 58 0.409
56 40 31 69.640
57 618 58 33.233
58 290 53 55.538
59 1276 21 44.856
60 234 57 41.332
61 625 19 46.842
62 621 6 97.643
63 146 26 64.872
64 142 52 36.888
65 818 55 21.290
66 86 56 25.040
67 3 35 40.365
68 16 35 54.458
69 345 58 31.472
70 880 14 5.319
71 517 11 13.064
72 1154 34 76.871
73 1119 11 19.139
74 301 31 82.347
75 888 1 67.560
76 621 11 77.836
77 1169 49 19.398
78 1227 38 23.781
79 175 19 55.916
80 144 26 8.033
81 921 18 94.105
82 37 40 50.533
83 575 39 4.700
84 525 34 81.479
85 863 46 40.896
86 590 5 20.347
87 692 51 2.950
88 1285 51 60.377
89 180 12 82.926
90 1415 5 76.951
91 825 7 92.216
92 218 53 8.591
93 801 45 47.273
94 500 51 32.232
95 1397 5 57.394
96 287 9 70.575
97 486 48 94.793
98 225 49 73.492
99 117 8 40.514
100 1356 2 55.660
101 252 46 54.480
102 1378 23 88.244
103 479 33 99.675
104 1083 4 37.585
105 667 32 38.477
106 516 5 35.558
107 531 55 11.844
108 745 22 67.135
109 539 19 4.649
110 1287 44 85.207
111 155 18 16.381
112 451 20 55.993
113 1435 36 90.412
114 1247 48 68.036
115 737 6 50.421
116 735 3 40.847
117 1418 11 8.372
118 140 13 87.966
119 39 7 37.701
120 1201 17 48.330
121 215 51 70.233
122 441 37 65.150
123 1 10 45.406
124 255 25 99.390
125 982 45 27.681
126 1077 54 32.760
127 1375 15 13.283
128 1051 8 68.567
129 858 50 90.504
130 165 39 73.283
131 602 44 90.364
132 497 22 97.586
133 14 55 28.592
134 1092 34 68.991
135 1018 47 44.785
136 446 1 22.323
137 559 7 59.388
138 1266 15 73.597
139 1022 20 74.171
140 226 25 67.753
141 891 58 97.042
142 831 48 0.415
143 124 58 34.347
144 1138 27 42.257
145 246 42 65.314
146 1427 52 97.582
147 705 18 69.268
148 1413 14 8.390
149 1071 46 12.773
150 481 42 61.606
151 826 18 54.178
152 1197 59 97.404
153 627 11 58.625
154 1013 34 71.639
155 852 47 64.254
156 721 15 56.248
157 28 59 29.621
158 456 54 70.088
159 1297 36 63.074
160 503 2 1.908
161 972 24 35.153
162 198 17 73.708
163 572 47 91.379
164 913 49 85.108
165 189 24 54.425
166 669 22 29.495
167 396 4 99.852
168 787 30 52.612
169 586 16 35.097
170 859 28 15.131
171 1338 60 70.362
172 533 41 74.340
173 658 13 94.469
174 765 10 21.450
175 1427 19 13.844
176 1358 54 23.631
177 679 21 29.290
178 1083 51 27.288
179 245 14 49.889
180 537 31 54.474
181 791 3 92.456
182 818 37 11.905
183 1196 25 33.504
184 1115 58 97.462
185 88 35 97.716
186 240 30 54.880
187 13 57 82.817
188 1077 14 56.008
189 580 57 10.235
190 1009 10 15.262
191 992 9 45.052
192 1299 53 55.339
193 280 3 0.457
194 1282 54 83.391
195 1430 59 47.425
196 363 3 5.635
197 901 7 71.505
198 106 47 81.987
199 399 45 29.991
200 435 30 32.290