200
1 380 46 16.469
2 858 59 55.648
3 779 13 51.345
4 409 28 79.647
5 104 53 33.421
6 48 46 12.592
7 219 14 87.008
8 1291 40 27.024
9 380 40 4.269
10 448 58 61.802
11 1351 50 4.024
12 1299 28 26.562
13 665 24 14.927
14 162 26 48.676
15 266 45 99.397
16 39 20 19.709
17 572 25 89.650
18 269 55 18.661
19 527 19 32.950
20 1249 39 42.015
21 45 45 5.258
22 1022 55 81.001
23 893 12 7.055
24 686 51 95.987
25 171 45 16.834
26 273 22 99.276
27 728 42 51.396
28 864 51 87.098
29 53 44 89.703
30 816 49 1.952
31 566 24 21.157
32 777 32 8.672
33 684 40 47.883
34 855 11 15.965
35 1332 56 11.125
36 757 13 96.049
37 1095 28 44.373
38 550 14 12.985
39 1309 19 86.480
40 667 10 31.932
41 347 51 4.716
42 856 49 89.023
43 1385 29 62.205
44 425 32 57.515
45 77 7 12.676
46 1004 23 90.033
47 183 18 61.132
48 870 9 76.437
49 945 43 42.515
50 759 18 40.122
51 1250 21 23.019
52 624 12 54.133
53 66 4 55.521
54 130 14 96.455
55 1390 8 49.816
56 1206 31 35.014
57 278 33 61.691
58 1059 56 46.603
59 1438 14 78.625
60 354 30 79.724
61 474 53 5.672
62 1107 43 10.570
63 552 20 78.113
64 707 58 6.963
65 791 40 93.611
66 174 17 0.145
67 1393 1 1.860
68 1069 20 35.237
69 1231 56 52.817
70 847 45 75.188
71 872 56 99.048
72 1278 5 90.416
73 398 28 35.575
74 333 16 0.915
75 792 11 21.400
76 1423 18 2.331
77 642 38 74.221
78 399 52 73.499
79 618 44 15.826
80 705 7 59.238
81 628 47 92.179
82 1066 22 55.645
83 1234 52 85.390
84 575 21 3.141
85 791 36 13.091
86 515 57 92.629
87 1088 47 75.778
88 814 44 89.690
89 757 54 68.414
90 1085 8 53.013
91 1300 3 40.491
92 867 58 7.843
93 1294 37 53.140
94 211 44 14.257
95 616 24 93.611
96 523 41 17.347
97 946 51 26.594
98 94 17 62.639
99 330 45 11.301
100 904 48 67.334
101 519 49 77.266
102 468 34 20.229
103 874 54 51.362
104 376 60 83.757
105 1017 13 94.700
106 1388 40 27.875
107 603 49 77.945
108 370 11 42.455
109 589 45 5.680
110 392 52 49.829
111 122 14 26.136
112 1015 30 57.664
113 735 24 55.343
114 955 55 31.490
115 846 6 16.662
116 926 30 77.942
117 975 19 87.827
118 1198 18 13.569
119 137 41 17.568
120 433 5 15.464
121 1049 16 90.606
122 786 26 85.735
123 216 44 40.099
124 530 50 68.597
125 169 5 9.598
126 1076 35 46.105
127 727 15 92.790
128 566 1 1.855
129 1204 14 75.871
130 655 50 71.844
131 30 51 29.323
132 369 14 65.213
133 1342 25 82.790
134 67 21 37.862
135 70 52 74.725
136 1066 25 67.520
137 554 43 76.415
138 367 5 62.116
139 1433 60 17.335
140 1406 45 68.451
141 578 50 95.595
142 103 56 16.497
143 30 7 82.780
144 493 54 65.279
145 605 59 19.052
146 599 57 78.880
147 985 41 96.666
148 587 14 32.140
149 384 56 23.800
150 1026 37 16.517
151 174 42 74.082
152 1087 46 66.575
153 209 6 28.191
154 494 47 60.996
155 444 46 22.254
156 1294 32 2.294
157 1156 34 42.741
158 445 52 92.923
159 1131 7 44.401
160 968 43 12.424
161 526 52 57.789
162 1253 5 8.455
163 1193 37 63.689
164 1 47 40.527
165 241 33 46.613
166 1149 20 69.389
167 305 32 90.902
168 6 4 8.240
169 797 31 3.765
170 712 42 74.983
171 290 46 77.308
172 401 36 9.219
173 747 53 3.479
174 706 39 58.743
175 846 10 14.576
176 999 1 76.521
177 360 19 13.510
178 752 53 32.737
179 520 12 2.980
180 1091 7 20.304
181 412 21 94.349
182 1038 16 2.805
183 1286 57 71.020
184 274 14 53.320
185 1390 26 94.921
186 1249 1 2.585
187 646 12 37.237
188 443 58 38.269
189 820 25 64.718
190 469 17 68.239
191 948 60 41.251
192 777 7 49.167
193 351 33 99.628
194 999 19 71.639
195 1038 37 31.756
196 134 31 21.685
197 235 16 20.450
198 92 15 66.255
199 714 12 4.129
200 629 53 31.729