200
1 559 9 2.844
2 731 10 58.449
3 559 12 25.105
4 1167 53 22.969
5 975 14 55.068
6 1252 28 43.840
7 1432 27 93.638
8 244 44 6.305
9 224 10 88.822
10 653 4 80.720
11 815 39 69.454
12 50 1 98.996
13 1037 32 94.237
14 1260 48 63.373
15 578 24 92.731
16 1398 32 70.042
17 655 18 5.169
18 243 4 47.679
19 128 36 63.830
20 707 56 26.957
21 1340 18 37.800
22 147 36 82.960
23 409 60 66.929
24 802 35 66.134
25 821 46 27.423
26 1047 19 10.455
27 1246 28 80.222
28 15 29 40.450
29 444 11 59.177
30 199 35 40.387
31 494 46 97.899
32 1180 50 88.091
33 1057 57 31.406
34 588 56 88.940
35 1207 3 61.910
36 385 41 86.361
37 1243 40 68.686
38 103 24 61.685
39 82 25 92.276
40 8 45 78.714
41 720 50 72.340
42 581 56 80.683
43 605 43 3.317
44 1319 33 64.720
45 1423 52 10.863
46 769 10 80.547
47 832 15 97.708
48 862 34 87.958
49 321 3 23.998
50 1033 56 41.045
51 1348 28 1.915
52 905 17 93.667
53 1266 31 78.166
54 790 44 68.486
55 904 25 78.907
56 1414 7 36.174
57 1239 48 6.745
58 1124 8 99.302
59 663 41 10.914
60 1357 13 56.221
61 558 40 72.653
62 1099 22 99.327
63 866 30 71.630
64 1359 43 87.580
65 286 33 53.085
66 403 21 47.340
67 1068 4 60.804
68 110 24 56.724
69 687 45 1.060
70 32 31 2.078
71 657 34 93.277
72 872 26 83.422
73 931 40 7.347
74 495 21 82.276
75 954 23 3.775
76 577 47 77.978
77 281 38 40.847
78 1241 7 38.069
79 698 2 46.280
80 854 44 74.304
81 716 10 48.218
82 124 5 28.118
83 817 12 27.120
84 774 28 44.280
85 903 49 5.476
86 834 48 93.406
87 970 38 83.228
88 48 26 39.663
89 1185 19 36.297
90 444 17 13.090
91 1008 43 69.031
92 1313 11 41.574
93 854 48 19.186
94 611 53 12.174
95 1358 18 62.424
96 1091 20 53.904
97 712 29 65.332
98 1082 17 49.815
99 595 44 91.877
100 215 53 54.755
101 882 4 45.708
102 1256 20 22.345
103 775 3 37.752
104 355 12 68.692
105 252 24 32.812
106 1128 30 0.572
107 1415 21 44.966
108 759 34 81.799
109 144 48 57.427
110 678 7 18.696
111 706 48 76.888
112 1268 13 51.741
113 73 33 11.219
114 1324 19 59.855
115 1359 35 58.620
116 754 19 86.451
117 1185 3 47.101
118 1383 58 3.645
119 1224 22 6.456
120 1279 24 99.417
121 1370 15 17.062
122 1195 59 53.528
123 155 46 39.338
124 562 15 95.227
125 568 10 16.299
126 1270 33 41.323
127 767 18 39.527
128 271 7 23.852
129 34 6 99.444
130 697 54 42.137
131 462 54 69.941
132 542 20 59.659
133 518 30 32.013
134 702 19 11.308
135 1189 13 27.866
136 424 4 69.737
137 415 30 68.992
138 57 46 86.740
139 161 17 28.474
140 135 49 35.368
141 621 44 48.872
142 1384 6 57.895
143 119 48 41.669
144 504 60 27.553
145 880 15 60.624
146 1135 56 16.287
147 275 39 61.652
148 1348 55 78.680
149 269 43 46.754
150 236 22 19.632
151 719 57 87.168
152 186 16 40.592
153 480 36 81.314
154 328 55 50.888
155 100 12 72.200
156 901 28 19.017
157 1239 11 45.518
158 1350 52 47.604
159 187 24 7.815
160 1363 30 93.467
161 716 3 50.198
162 237 19 18.299
163 778 42 42.067
164 1175 17 69.226
165 676 3 90.323
166 681 24 28.899
167 1122 26 89.920
168 1172 32 13.348
169 403 58 19.285
170 1368 39 88.617
171 752 13 52.299
172 1034 27 79.933
173 818 21 44.368
174 148 24 97.476
175 1407 60 75.245
176 82 26 47.894
177 1244 3 78.239
178 339 25 35.317
179 1341 22 40.961
180 1066 17 98.102
181 1238 50 0.319
182 632 11 21.755
183 127 40 23.531
184 829 11 52.660
185 999 50 13.852
186 760 35 42.552
187 224 15 96.788
188 183 22 79.154
189 1404 38 48.767
190 1353 38 6.692
191 129 47 82.800
192 482 60 21.402
193 1342 12 24.632
194 497 37 23.269
195 730 39 49.075
196 368 5 75.267
197 385 36 25.965
198 867 48 82.714
199 356 4 61.098
200 311 37 17.485