200
1 111 27 66.421
2 693 26 92.827
3 866 52 22.728
4 23 24 2.722
5 1210 58 48.742
6 424 57 81.231
7 912 5 40.945
8 1091 9 17.027
9 973 59 83.647
10 893 45 12.879
11 1162 58 22.656
12 238 2 72.047
13 520 3 31.480
14 464 9 80.860
15 593 23 10.179
16 776 2 23.191
17 1035 45 14.525
18 546 15 37.362
19 973 7 84.662
20 484 57 47.638
21 648 22 3.388
22 833 33 79.620
23 867 1 63.318
24 652 54 3.393
25 142 47 32.623
26 258 38 8.867
27 1197 36 77.652
28 590 18 6.032
29 1275 22 87.003
30 471 15 78.611
31 1111 32 24.823
32 60 47 11.390
33 613 28 2.159
34 579 12 90.366
35 157 48 80.356
36 691 21 19.596
37 936 30 26.341
38 812 48 55.034
39 718 42 49.458
40 469 47 11.103
41 376 34 25.387
42 252 2 42.956
43 1370 49 28.543
44 346 9 66.447
45 148 41 21.889
46 1341 23 58.992
47 1291 38 93.904
48 575 55 69.752
49 428 26 26.722
50 212 21 64.864
51 334 57 33.522
52 1408 37 44.443
53 1125 22 50.305
54 527 30 66.804
55 1319 53 92.472
56 966 5 59.785
57 899 57 21.596
58 299 45 23.022
59 1257 36 77.321
60 1166 22 6.004
61 482 23 51.516
62 544 24 85.261
63 918 54 71.787
64 963 12 96.345
65 658 37 93.647
66 304 44 68.824
67 32 58 23.904
68 241 10 66.007
69 1053 55 19.509
70 12 32 15.643
71 919 39 42.792
72 509 42 51.125
73 121 44 62.758
74 1368 36 74.093
75 250 42 3.565
76 193 26 18.509
77 1387 33 50.753
78 1373 34 48.270
79 1129 58 45.759
80 1306 20 63.466
81 876 4 51.813
82 345 56 35.041
83 285 5 25.273
84 632 56 15.757
85 1141 26 47.047
86 288 17 8.102
87 114 44 83.196
88 1057 54 99.801
89 516 50 38.006
90 426 55 50.147
91 390 10 76.194
92 1249 50 62.238
93 345 57 17.916
94 1370 7 79.701
95 732 24 39.611
96 496 44 65.670
97 1201 46 63.568
98 1126 57 17.131
99 744 60 60.256
100 884 41 79.230
101 407 44 66.506
102 879 13 54.816
103 1401 24 90.637
104 827 48 52.030
105 624 18 76.027
106 58 47 83.478
107 1006 8 1.230
108 619 56 23.142
109 270 36 6.705
110 1318 57 87.488
111 928 24 55.748
112 175 47 66.191
113 500 51 54.617
114 104 52 24.490
115 350 55 17.895
116 407 57 12.675
117 387 38 53.287
118 1365 26 25.721
119 858 40 80.272
120 54 25 55.696
121 604 13 97.765
122 811 7 9.817
123 593 48 69.978
124 215 31 73.223
125 397 26 26.776
126 720 40 27.134
127 426 47 89.463
128 181 15 80.390
129 886 33 47.726
130 897 6 79.581
131 994 27 24.611
132 210 14 57.195
133 413 8 46.947
134 253 57 88.727
135 123 27 45.601
136 798 52 58.781
137 865 13 13.469
138 263 29 28.350
139 953 25 70.961
140 389 2 84.551
141 501 6 50.248
142 759 51 19.996
143 74 34 66.239
144 360 3 14.725
145 1227 52 19.420
146 123 13 66.662
147 1006 30 2.529
148 252 21 24.398
149 948 48 78.007
150 285 41 84.337
151 974 12 12.084
152 910 35 25.382
153 477 52 86.810
154 1335 42 88.730
155 1007 46 86.654
156 496 46 14.229
157 957 22 31.080
158 500 1 80.448
159 555 27 5.045
160 986 38 11.703
161 450 32 95.586
162 1105 8 12.714
163 649 17 60.079
164 966 2 10.168
165 844 37 72.033
166 833 56 12.318
167 575 18 36.542
168 1390 34 82.610
169 741 41 65.948
170 515 9 15.118
171 219 25 10.614
172 873 21 17.179
173 129 53 13.368
174 333 34 81.338
175 1368 28 95.150
176 104 23 99.224
177 1299 57 11.972
178 414 57 61.018
179 1119 41 35.334
180 1179 36 47.711
181 1252 59 44.975
182 797 53 2.143
183 896 56 90.258
184 186 34 33.580
185 1020 52 24.553
186 1219 60 11.223
187 1116 30 3.404
188 169 4 31.009
189 1419 7 58.638
190 396 46 44.694
191 944 33 61.820
192 97 51 16.266
193 626 27 59.743
194 459 47 84.897
195 1178 19 7.120
196 411 8 16.704
197 852 5 30.271
198 1074 53 56.288
199 1412 27 82.713
200 1208 57 48.416