200
1 956 40 67.492
2 595 32 65.990
3 591 47 23.184
4 881 49 6.841
5 67 34 79.050
6 244 45 99.960
7 664 53 13.391
8 631 28 65.336
9 61 20 21.440
10 263 56 9.508
11 678 37 73.689
12 986 54 93.253
13 733 6 1.903
14 1250 27 18.511
15 1133 30 96.598
16 451 55 27.013
17 623 31 28.393
18 477 50 69.610
19 152 31 54.287
20 1321 43 39.078
21 5 35 19.171
22 245 10 44.455
23 761 39 79.910
24 132 49 66.588
25 702 53 86.835
26 1224 10 64.407
27 211 46 92.569
28 416 50 82.956
29 1275 8 86.657
30 1123 31 77.349
31 619 3 7.426
32 989 54 88.792
33 1159 51 87.079
34 1420 36 14.599
35 342 60 95.777
36 826 46 51.732
37 384 15 45.767
38 938 51 27.171
39 1391 19 86.550
40 546 29 7.368
41 302 35 28.935
42 940 31 68.511
43 28 39 80.351
44 1230 36 82.855
45 185 19 46.927
46 33 45 30.228
47 698 15 67.023
48 900 17 85.668
49 826 19 97.296
50 715 26 59.603
51 620 42 70.071
52 435 28 52.104
53 1359 12 13.182
54 1049 55 94.830
55 1362 2 53.080
56 533 19 73.671
57 1311 58 44.783
58 923 37 22.956
59 1013 40 91.422
60 302 43 76.284
61 226 10 19.828
62 889 22 77.995
63 1271 24 48.881
64 614 51 11.896
65 752 15 66.534
66 1138 57 11.990
67 881 50 7.534
68 263 57 52.909
69 899 19 29.496
70 524 25 20.761
71 1279 33 45.069
72 468 22 78.050
73 959 58 41.100
74 1390 37 64.093
75 600 6 75.486
76 1299 33 30.766
77 352 50 62.732
78 820 29 7.535
79 342 54 83.901
80 425 3 5.196
81 1222 5 69.487
82 596 31 63.368
83 88 36 19.881
84 50 17 38.775
85 664 26 54.933
86 76 22 35.695
87 1036 4 24.069
88 365 18 55.453
89 1234 60 28.342
90 1171 7 16.467
91 54 31 76.488
92 1324 37 22.001
93 427 12 14.535
94 1191 57 51.669
95 1004 9 28.190
96 320 60 61.929
97 762 28 35.428
98 48 6 66.722
99 1232 24 72.053
100 50 9 79.078
101 1079 54 11.418
102 1176 29 38.438
103 113 22 88.888
104 182 35 43.040
105 268 56 98.506
106 1066 24 35.544
107 280 57 83.035
108 318 17 33.664
109 20 6 78.380
110 296 29 50.626
111 1393 59 75.633
112 1045 19 27.859
113 1174 54 79.666
114 1305 22 47.009
115 891 25 4.726
116 1005 53 65.348
117 847 31 70.924
118 1139 37 21.757
119 1169 52 41.854
120 514 24 85.474
121 135 52 93.277
122 1389 26 38.707
123 1432 28 86.239
124 319 48 51.482
125 1426 52 72.110
126 767 45 77.390
127 879 8 20.703
128 244 3 20.575
129 477 49 23.932
130 735 39 33.884
131 1264 51 25.063
132 841 16 43.672
133 796 55 49.187
134 492 9 71.090
135 180 4 53.438
136 526 18 58.666
137 1427 60 43.179
138 985 30 84.321
139 56 27 54.576
140 1266 35 89.467
141 553 38 3.671
142 658 10 7.096
143 513 37 12.335
144 586 7 89.012
145 1314 58 49.391
146 850 39 9.804
147 567 23 34.177
148 1247 24 79.204
149 1169 22 42.680
150 382 58 51.992
151 1346 24 84.336
152 1220 53 5.255
153 152 49 68.896
154 1059 33 50.109
155 1430 21 86.474
156 1393 46 14.655
157 1297 2 6.137
158 458 12 17.366
159 172 43 4.532
160 879 50 52.120
161 186 49 30.986
162 99 47 22.461
163 239 31 78.643
164 814 50 88.646
165 649 23 32.566
166 860 20 83.419
167 859 29 36.644
168 1285 57 49.427
169 759 8 76.700
170 1120 54 34.490
171 957 12 31.891
172 542 34 6.108
173 846 45 35.196
174 791 31 95.843
175 836 37 51.268
176 1032 1 72.420
177 847 10 63.232
178 1048 3 80.746
179 719 47 5.877
180 1180 59 77.296
181 546 52 36.444
182 1240 31 61.582
183 737 47 11.115
184 756 30 54.543
185 397 18 53.265
186 825 35 89.497
187 1138 58 89.115
188 1229 42 87.598
189 354 21 93.035
190 561 50 70.594
191 1139 36 93.818
192 41 10 56.447
193 781 13 81.342
194 712 3 21.815
195 810 31 36.546
196 533 19 40.879
197 1036 50 59.120
198 917 47 99.461
199 1085 58 86.588
200 400 6 58.225