200
1 884 26 36.177
2 884 16 84.846
3 1206 27 32.300
4 341 58 85.542
5 683 50 9.070
6 327 51 0.997
7 1369 32 16.776
8 992 56 34.302
9 772 9 18.623
10 104 20 28.018
11 991 18 41.903
12 913 18 67.136
13 751 18 17.230
14 752 27 8.130
15 42 32 61.121
16 449 22 67.461
17 242 26 28.638
18 1373 55 53.961
19 1411 26 60.428
20 504 55 6.911
21 1381 48 41.581
22 881 36 68.494
23 58 58 61.352
24 1161 1 32.521
25 1164 5 23.546
26 770 49 16.415
27 756 22 19.538
28 1171 4 42.873
29 669 28 4.321
30 1173 31 16.306
31 1210 51 1.627
32 813 47 20.408
33 782 15 2.909
34 1288 16 47.909
35 1245 49 37.229
36 1301 35 54.841
37 353 22 82.912
38 796 35 5.363
39 903 18 96.623
40 1220 51 26.205
41 633 26 51.533
42 547 9 92.360
43 365 32 93.836
44 913 20 56.054
45 870 18 87.969
46 545 7 41.798
47 646 42 63.555
48 545 14 53.776
49 1079 44 81.769
50 695 18 39.145
51 476 60 42.177
52 259 29 98.434
53 1357 14 94.088
54 473 12 81.137
55 12 25 22.009
56 1281 32 99.369
57 909 28 55.821
58 709 55 10.594
59 1317 60 27.892
60 952 8 79.741
61 93 56 56.928
62 1065 8 26.422
63 481 9 50.852
64 30 36 34.575
65 98 26 13.879
66 515 30 27.224
67 497 46 31.379
68 1049 13 17.199
69 542 19 75.671
70 46 29 75.625
71 1159 10 11.688
72 1301 53 48.130
73 1413 21 11.115
74 218 5 62.270
75 118 10 35.887
76 944 5 17.983
77 1134 21 95.933
78 1414 4 34.107
79 646 7 70.007
80 928 47 25.114
81 108 39 42.466
82 806 29 75.214
83 1179 60 72.729
84 1240 38 59.182
85 270 26 76.370
86 1213 9 4.662
87 228 24 9.652
88 733 29 11.922
89 218 7 4.580
90 536 19 94.604
91 590 36 20.174
92 215 42 40.466
93 838 19 30.275
94 928 2 32.252
95 198 13 39.901
96 887 39 10.238
97 449 51 63.504
98 681 11 9.512
99 658 37 35.443
100 1104 42 91.410
101 819 57 83.456
102 1115 29 44.689
103 326 21 14.358
104 382 59 22.894
105 615 30 20.116
106 216 21 45.803
107 827 5 71.308
108 19 23 10.083
109 1325 48 93.023
110 1322 53 64.044
111 242 23 35.951
112 141 29 31.986
113 1001 13 49.011
114 1076 6 65.743
115 998 40 31.264
116 707 28 3.006
117 1177 35 70.174
118 1239 43 19.072
119 869 12 74.056
120 683 17 8.349
121 218 20 45.833
122 475 55 85.640
123 1237 6 28.490
124 1285 53 68.365
125 774 14 57.061
126 1436 29 8.500
127 1419 59 64.048
128 406 55 63.271
129 1391 32 81.316
130 1035 46 5.113
131 1341 24 29.310
132 781 34 13.307
133 48 52 13.739
134 613 60 57.113
135 551 1 75.435
136 911 5 89.610
137 996 60 21.042
138 988 33 74.085
139 286 47 48.482
140 277 32 9.455
141 962 33 8.712
142 1319 49 79.141
143 1063 19 71.626
144 511 23 77.627
145 853 16 99.971
146 1384 30 77.166
147 1369 23 84.316
148 352 11 72.065
149 163 34 56.796
150 926 29 44.503
151 469 6 1.975
152 763 59 87.059
153 257 21 87.863
154 1018 55 63.901
155 1177 25 3.757
156 116 17 6.735
157 383 41 97.878
158 441 47 54.624
159 631 13 58.914
160 322 54 49.231
161 1153 34 55.992
162 216 19 84.487
163 535 28 62.047
164 1439 56 79.519
165 811 42 3.299
166 1358 37 49.391
167 572 23 15.721
168 71 29 42.206
169 864 22 88.435
170 1120 19 41.223
171 670 56 12.970
172 535 49 38.105
173 456 53 46.844
174 779 50 88.312
175 999 18 11.676
176 356 60 57.001
177 862 50 62.961
178 72 44 17.734
179 909 45 93.313
180 915 5 17.547
181 145 54 67.514
182 333 5 25.053
183 943 44 53.584
184 992 46 68.751
185 261 26 56.048
186 377 33 86.813
187 1024 33 34.026
188 936 28 57.052
189 1372 14 6.627
190 94 5 56.363
191 1013 60 96.986
192 957 36 40.602
193 1057 50 88.808
194 1260 57 99.456
195 106 27 95.529
196 1003 31 8.136
197 764 42 8.553
198 1046 48 48.412
199 186 54 77.766
200 471 18 25.552