200
1 226 57 82.144
2 558 36 16.998
3 1241 48 41.872
4 516 40 67.421
5 1183 17 58.690
6 1323 42 64.250
7 410 56 77.466
8 184 25 70.201
9 371 31 40.742
10 1348 4 91.304
11 303 18 87.591
12 1076 57 42.505
13 289 28 22.186
14 1159 32 31.759
15 358 19 24.715
16 1136 16 45.771
17 289 4 72.535
18 116 14 4.976
19 8 31 54.286
20 595 52 16.701
21 21 60 91.109
22 106 43 37.705
23 86 13 46.896
24 163 32 67.422
25 640 37 19.257
26 1438 21 94.924
27 91 55 91.169
28 524 39 11.299
29 709 41 46.161
30 742 29 14.956
31 1117 26 5.195
32 1200 8 29.214
33 1432 59 98.371
34 755 58 7.368
35 1352 22 85.710
36 228 27 4.502
37 1177 16 92.362
38 1014 57 91.054
39 899 54 77.545
40 400 56 20.213
41 159 43 78.002
42 993 56 95.756
43 75 26 20.955
44 35 39 9.998
45 428 50 63.933
46 874 59 24.038
47 1421 39 52.313
48 186 8 6.284
49 8 11 34.147
50 1289 14 14.893
51 891 4 21.095
52 1374 11 79.183
53 1106 1 9.560
54 1143 4 8.099
55 752 10 24.655
56 940 13 67.780
57 923 24 33.873
58 256 26 87.806
59 599 3 49.118
60 264 42 5.548
61 730 13 52.066
62 100 9 83.517
63 377 14 13.379
64 819 49 35.952
65 1365 33 2.909
66 1205 40 19.456
67 846 23 6.674
68 143 41 60.557
69 399 54 13.168
70 1313 23 89.816
71 1202 37 63.001
72 648 29 71.843
73 337 16 3.897
74 1370 42 49.836
75 85 25 8.656
76 1411 31 72.771
77 180 42 32.053
78 66 43 33.401
79 503 22 30.298
80 993 13 46.797
81 1140 41 76.846
82 966 43 18.474
83 1101 38 30.699
84 622 4 75.034
85 1323 38 26.506
86 126 37 17.059
87 226 34 6.301
88 913 53 39.237
89 876 55 21.748
90 597 36 8.593
91 457 39 96.473
92 734 28 80.951
93 686 17 60.420
94 203 21 74.187
95 242 46 50.946
96 1119 27 0.040
97 446 46 35.638
98 1260 8 89.169
99 952 38 97.570
100 1134 44 9.119
101 1329 8 2.965
102 1122 22 52.772
103 1011 59 34.551
104 995 17 71.196
105 1182 37 62.852
106 1159 54 8.859
107 736 56 95.522
108 960 38 52.043
109 63 52 4.795
110 916 4 53.785
111 1405 9 86.466
112 83 48 62.811
113 51 11 57.739
114 1204 22 78.099
115 520 57 13.008
116 999 36 93.605
117 588 3 60.804
118 627 46 4.235
119 1064 32 81.920
120 1057 40 34.745
121 859 39 87.179
122 1430 15 36.682
123 697 33 76.432
124 837 53 42.440
125 896 51 12.116
126 380 49 53.547
127 510 41 56.715
128 959 49 73.681
129 236 46 21.250
130 384 31 82.214
131 603 43 59.794
132 10 20 13.649
133 298 56 90.494
134 1169 3 7.985
135 1170 52 25.026
136 1214 39 71.812
137 1181 17 51.826
138 333 59 41.360
139 225 7 21.580
140 224 19 27.442
141 584 34 78.500
142 375 29 12.741
143 738 30 69.349
144 490 14 90.437
145 465 44 50.093
146 1275 23 52.193
147 837 19 38.295
148 996 32 49.439
149 18 41 82.754
150 1133 5 19.777
151 1074 17 94.237
152 207 13 59.954
153 1423 22 94.474
154 470 32 0.178
155 1236 48 42.832
156 678 11 54.306
157 960 18 90.451
158 1306 2 32.050
159 324 11 15.848
160 112 37 70.280
161 1271 60 87.602
162 929 8 62.171
163 676 33 93.736
164 401 54 14.926
165 220 14 10.609
166 874 46 78.042
167 268 50 92.184
168 480 1 3.497
169 1106 6 68.328
170 366 33 78.276
171 771 34 35.361
172 705 15 10.148
173 943 32 82.589
174 1216 58 84.616
175 793 33 74.880
176 911 57 72.811
177 513 27 72.309
178 575 33 49.157
179 600 35 64.174
180 1217 44 71.063
181 978 6 19.492
182 1331 39 73.596
183 673 49 39.021
184 1008 52 89.711
185 332 6 9.030
186 1287 14 79.436
187 744 53 80.246
188 530 11 16.533
189 614 24 80.360
190 81 19 69.133
191 1331 43 87.415
192 845 16 8.065
193 1086 21 58.448
194 707 42 72.489
195 1235 25 42.875
196 1276 59 55.810
197 932 23 61.996
198 388 12 77.486
199 133 15 3.018
200 589 40 33.609