200
1 391 36 65.045
2 124 33 13.713
3 1416 60 52.494
4 1334 26 7.074
5 691 9 26.816
6 201 34 18.483
7 1277 42 42.970
8 904 60 56.056
9 1099 27 85.652
10 1192 51 2.533
11 797 41 64.394
12 214 57 34.077
13 240 27 31.526
14 928 40 6.096
15 1153 5 85.255
16 317 38 93.618
17 1069 57 44.387
18 329 4 59.077
19 539 59 92.083
20 188 38 75.394
21 1035 41 84.408
22 210 9 82.365
23 750 48 90.538
24 498 57 99.976
25 649 53 87.716
26 34 15 23.735
27 308 38 0.802
28 946 37 68.221
29 998 4 90.103
30 22 59 1.931
31 286 28 83.681
32 1387 27 40.674
33 1204 31 59.143
34 865 36 97.301
35 904 51 19.939
36 830 55 51.547
37 1317 29 43.011
38 1389 46 37.250
39 903 28 88.139
40 863 6 7.946
41 630 55 86.945
42 75 47 81.265
43 11 36 17.282
44 1267 55 63.603
45 205 55 38.529
46 1355 33 24.160
47 214 43 41.640
48 95 36 88.728
49 99 59 12.057
50 829 16 32.361
51 315 1 59.596
52 1133 59 91.153
53 82 38 80.987
54 1334 43 60.077
55 856 18 63.753
56 1079 37 37.812
57 787 25 77.792
58 142 35 81.136
59 1233 9 5.640
60 418 60 38.555
61 512 8 3.580
62 844 60 88.042
63 909 2 72.972
64 818 21 95.712
65 1413 33 78.989
66 846 53 85.420
67 1258 11 55.923
68 1319 34 42.868
69 1355 36 98.410
70 569 28 23.873
71 628 3 62.626
72 33 11 15.162
73 733 51 92.536
74 77 28 46.841
75 1244 9 41.692
76 234 46 75.201
77 1244 17 24.931
78 1186 30 99.891
79 1362 16 8.100
80 192 21 0.105
81 1108 26 18.131
82 1371 22 5.186
83 787 5 77.216
84 561 46 58.303
85 1170 23 90.914
86 755 17 92.856
87 569 1 47.329
88 576 3 26.003
89 1116 60 86.846
90 266 8 57.991
91 956 19 56.688
92 311 36 38.087
93 1440 47 17.350
94 28 31 19.320
95 671 45 23.462
96 873 29 96.106
97 1344 16 71.086
98 89 58 90.468
99 1364 13 65.300
100 1361 18 19.656
101 875 52 60.664
102 1294 3 73.349
103 1128 47 48.811
104 705 22 75.884
105 776 37 5.589
106 649 16 84.050
107 772 11 43.526
108 690 37 75.573
109 133 4 58.948
110 567 35 69.664
111 1283 22 58.596
112 200 49 69.751
113 728 55 51.022
114 1079 43 85.198
115 200 22 43.093
116 310 21 26.700
117 151 15 77.409
118 359 8 6.241
119 654 16 69.086
120 577 21 94.587
121 1099 13 8.772
122 526 20 82.591
123 142 51 85.367
124 911 15 98.975
125 1034 57 30.515
126 1323 57 9.803
127 1195 31 93.220
128 1335 38 62.153
129 314 51 89.956
130 263 4 93.264
131 661 48 57.226
132 471 53 39.293
133 488 48 13.294
134 83 9 84.172
135 1316 37 67.510
136 331 9 62.143
137 465 22 46.260
138 1263 51 11.588
139 824 51 21.792
140 419 8 55.308
141 537 7 0.546
142 300 25 1.317
143 218 3 19.745
144 612 43 46.760
145 110 41 98.498
146 1142 28 63.174
147 518 60 63.919
148 1325 13 55.177
149 1138 51 8.782
150 1309 6 75.832
151 944 1 30.020
152 1005 3 88.761
153 892 39 35.736
154 851 32 41.573
155 87 39 38.208
156 512 2 50.241
157 537 29 57.907
158 1407 60 73.267
159 915 44 89.342
160 857 34 99.807
161 1324 44 23.749
162 1178 7 68.952
163 678 16 80.402
164 784 54 60.345
165 630 34 83.654
166 185 8 66.819
167 1111 33 4.906
168 784 3 40.145
169 578 45 3.383
170 1036 38 69.383
171 121 8 39.135
172 1041 14 78.814
173 1171 56 38.963
174 1129 8 13.047
175 163 58 71.386
176 1084 27 58.206
177 517 31 14.876
178 490 41 18.758
179 1060 28 32.079
180 546 23 80.125
181 851 34 40.098
182 96 3 47.977
183 1278 17 30.990
184 941 43 40.753
185 1301 54 91.559
186 627 52 46.113
187 1098 44 48.900
188 181 1 73.093
189 167 41 14.785
190 510 30 60.909
191 1267 59 29.773
192 245 49 88.450
193 878 48 43.233
194 1176 55 15.439
195 1245 51 13.556
196 1408 32 20.016
197 508 52 9.429
198 632 51 87.840
199 1235 57 85.742
200 277 44 17.227