200
1 728 51 99.331
2 410 39 15.334
3 785 28 69.748
4 931 27 7.227
5 566 29 37.235
6 1234 60 57.114
7 1 51 41.079
8 1154 53 78.187
9 366 7 89.735
10 238 6 60.495
11 1206 41 20.989
12 1032 57 16.924
13 360 58 54.658
14 638 54 84.352
15 456 14 49.401
16 1171 58 73.148
17 869 5 47.032
18 1080 36 34.371
19 1056 34 14.863
20 1131 52 40.243
21 678 44 25.165
22 574 24 73.054
23 1123 15 64.193
24 919 2 67.447
25 666 13 84.888
26 82 42 35.381
27 198 2 1.029
28 191 38 13.492
29 139 36 92.680
30 655 20 39.844
31 797 36 11.625
32 526 11 3.662
33 1392 17 26.723
34 1174 28 18.626
35 519 33 8.269
36 884 21 48.082
37 623 38 65.358
38 40 20 19.514
39 415 58 92.498
40 286 16 29.278
41 97 10 47.305
42 185 13 28.555
43 1321 22 58.192
44 221 5 84.430
45 1415 18 86.100
46 488 21 76.253
47 751 6 16.832
48 1044 37 34.758
49 1182 22 29.509
50 694 35 17.753
51 167 39 42.829
52 863 47 0.574
53 1409 35 28.239
54 410 54 78.578
55 1070 26 41.307
56 1007 57 83.811
57 1153 48 40.421
58 714 39 2.862
59 1105 43 33.504
60 1314 52 89.088
61 262 50 58.217
62 237 28 38.573
63 28 58 33.868
64 1161 46 99.363
65 256 30 75.628
66 608 57 32.655
67 1308 27 55.955
68 877 32 94.012
69 637 3 6.998
70 156 12 13.513
71 1384 59 97.056
72 729 22 48.805
73 64 46 29.921
74 946 18 41.414
75 173 35 84.480
76 805 12 9.838
77 1379 48 60.816
78 1348 60 25.775
79 581 15 63.758
80 59 7 84.231
81 21 9 8.016
82 880 23 91.597
83 1182 55 63.824
84 455 5 96.898
85 28 13 42.808
86 977 49 67.403
87 709 26 50.301
88 293 29 74.278
89 1225 3 41.641
90 498 38 88.806
91 885 46 55.737
92 838 16 86.302
93 533 39 16.209
94 837 12 88.458
95 504 50 78.057
96 911 16 45.043
97 667 57 14.378
98 839 10 16.403
99 1358 36 5.024
100 735 26 99.658
101 642 37 5.197
102 634 60 3.346
103 142 39 43.015
104 150 46 52.147
105 467 52 14.578
106 265 18 47.939
107 230 11 85.310
108 118 54 94.453
109 862 18 70.262
110 1363 48 84.617
111 1113 17 80.915
112 1027 48 32.996
113 662 48 70.776
114 566 27 3.380
115 480 26 5.184
116 1240 7 5.975
117 447 58 0.046
118 357 44 66.389
119 905 22 52.129
120 1073 12 58.776
121 1312 18 12.425
122 856 33 46.328
123 103 32 89.101
124 1233 3 14.639
125 1023 53 65.942
126 946 29 71.357
127 889 5 40.115
128 637 57 12.264
129 1392 14 27.913
130 1371 42 58.622
131 1283 56 86.231
132 898 2 39.358
133 604 51 46.741
134 1382 33 17.981
135 687 53 83.071
136 1102 10 46.182
137 494 55 76.255
138 369 6 6.833
139 1341 35 28.642
140 432 36 41.138
141 722 55 94.307
142 1299 60 18.481
143 90 52 97.479
144 808 39 61.468
145 305 41 2.692
146 1098 15 20.159
147 455 44 19.709
148 1290 19 7.968
149 125 6 16.655
150 489 51 46.909
151 802 56 53.595
152 1099 55 21.072
153 223 49 71.011
154 586 25 87.732
155 202 10 52.264
156 345 17 60.738
157 39 26 87.812
158 1401 21 74.119
159 685 42 2.423
160 344 2 94.760
161 204 13 63.672
162 452 40 50.280
163 449 59 38.916
164 26 31 71.986
165 1280 46 69.854
166 220 52 73.144
167 158 36 30.851
168 918 39 24.826
169 878 2 13.711
170 129 27 11.657
171 1182 45 16.426
172 105 34 60.303
173 475 31 34.982
174 1434 60 58.014
175 695 4 91.561
176 383 7 17.664
177 568 52 99.301
178 738 29 63.902
179 520 8 5.044
180 259 11 16.376
181 1260 4 87.440
182 1410 35 13.936
183 34 8 11.082
184 173 2 57.245
185 584 52 89.424
186 757 3 33.378
187 236 35 54.641
188 830 1 15.061
189 308 16 29.181
190 778 39 84.506
191 1122 45 25.105
192 764 55 77.799
193 689 20 3.447
194 1429 40 87.059
195 1268 45 24.054
196 729 22 19.994
197 899 23 92.169
198 1372 46 10.515
199 1025 60 74.095
200 54 58 16.068