200
1 173 34 50.708
2 287 15 74.585
3 1210 32 50.125
4 1268 45 49.007
5 1340 25 12.461
6 546 25 90.710
7 381 12 59.290
8 247 30 90.784
9 1266 4 24.229
10 281 26 83.305
11 1147 28 88.703
12 1129 4 76.256
13 389 42 35.461
14 249 13 9.195
15 932 36 26.833
16 1280 36 16.792
17 384 54 89.672
18 1130 10 56.264
19 1363 12 64.328
20 776 4 0.656
21 7 11 44.853
22 980 39 56.272
23 300 59 29.288
24 132 44 49.346
25 440 39 26.500
26 259 56 71.698
27 569 12 15.382
28 1000 36 36.676
29 529 51 4.135
30 560 4 23.863
31 928 48 12.210
32 731 25 22.648
33 744 20 59.143
34 685 9 30.137
35 61 50 97.499
36 693 26 20.637
37 1142 53 10.317
38 1234 36 14.016
39 1034 47 50.900
40 774 30 23.549
41 183 17 82.684
42 366 45 83.161
43 652 26 51.107
44 907 59 26.842
45 1246 28 3.454
46 1361 16 74.011
47 333 31 49.447
48 46 46 0.525
49 589 43 3.431
50 1015 22 97.812
51 846 38 29.088
52 73 49 38.301
53 680 22 8.567
54 1328 38 67.404
55 406 17 76.380
56 91 43 75.418
57 449 21 18.290
58 970 55 38.296
59 1393 51 50.177
60 244 38 0.530
61 82 4 64.784
62 1128 10 55.309
63 695 23 84.377
64 1327 15 66.253
65 742 58 44.927
66 324 16 35.624
67 840 35 92.500
68 337 8 57.755
69 682 23 38.351
70 138 9 40.996
71 691 39 58.963
72 1228 6 18.004
73 869 24 72.800
74 602 18 21.181
75 730 49 13.052
76 1233 29 50.270
77 936 40 68.013
78 1366 15 25.875
79 757 24 28.015
80 791 27 55.259
81 278 23 68.920
82 507 58 20.578
83 540 51 45.317
84 1061 27 68.886
85 294 56 35.134
86 677 34 32.226
87 838 30 16.471
88 360 51 52.516
89 1143 21 48.038
90 613 2 77.849
91 582 11 91.824
92 1028 5 80.555
93 193 50 65.576
94 423 15 4.609
95 733 47 79.823
96 887 14 43.989
97 142 53 48.943
98 579 47 6.118
99 717 21 96.025
100 1352 7 16.602
101 1359 8 52.237
102 1386 55 96.021
103 979 59 59.666
104 355 52 88.177
105 1237 9 2.765
106 168 51 91.339
107 806 57 12.345
108 1083 23 80.034
109 144 28 71.517
110 1209 33 99.307
111 346 44 58.367
112 1057 42 42.833
113 943 19 10.406
114 500 18 69.480
115 669 28 61.519
116 788 6 77.641
117 846 53 26.461
118 1267 17 79.237
119 1100 20 49.769
120 336 51 4.025
121 512 19 19.647
122 1181 50 5.291
123 810 53 52.735
124 818 3 66.816
125 1205 4 93.013
126 751 24 62.069
127 926 2 35.990
128 625 25 20.966
129 114 58 86.948
130 746 39 87.820
131 565 38 95.967
132 1284 13 14.085
133 1046 38 17.584
134 632 33 68.120
135 351 27 89.538
136 375 50 21.438
137 496 12 10.735
138 1121 17 61.221
139 1224 49 74.317
140 1284 39 7.578
141 938 27 89.288
142 953 44 98.515
143 804 21 43.041
144 1424 47 82.672
145 925 15 60.664
146 1383 11 76.291
147 18 55 18.438
148 386 55 74.848
149 1384 4 65.657
150 12 53 32.692
151 706 56 72.457
152 1365 1 85.834
153 168 21 40.520
154 882 29 22.489
155 1315 54 23.929
156 397 52 58.000
157 1115 29 86.142
158 525 22 14.912
159 748 60 12.664
160 401 35 41.885
161 15 6 57.228
162 338 46 2.609
163 1246 54 73.115
164 1294 9 94.117
165 110 21 91.548
166 910 49 63.889
167 1205 46 94.470
168 1142 16 6.501
169 1402 54 78.315
170 168 51 31.085
171 270 59 18.490
172 1 57 61.804
173 723 60 54.366
174 336 51 21.511
175 127 30 30.892
176 160 32 12.461
177 1404 17 38.524
178 1439 53 41.735
179 741 12 84.303
180 471 14 35.987
181 929 26 57.653
182 93 53 72.620
183 436 49 26.158
184 258 32 63.448
185 1263 24 61.203
186 1234 21 67.564
187 923 55 5.291
188 131 21 95.980
189 832 42 43.871
190 110 25 94.774
191 788 41 78.611
192 1399 40 69.165
193 1400 16 2.821
194 560 8 19.604
195 1316 6 14.776
196 883 57 98.967
197 1400 3 2.309
198 530 27 52.292
199 1257 52 96.082
200 702 33 94.529