200
1 81 2 5.997
2 286 2 27.160
3 125 56 64.145
4 1342 24 79.583
5 1141 7 5.811
6 684 42 39.503
7 1271 49 77.363
8 969 50 33.165
9 823 33 21.431
10 531 41 0.393
11 599 26 95.148
12 288 39 28.262
13 273 49 60.775
14 1239 49 37.369
15 868 59 14.601
16 752 55 6.007
17 448 17 45.415
18 738 12 55.629
19 631 31 11.161
20 1299 18 67.947
21 145 25 15.888
22 196 53 9.603
23 637 48 18.611
24 164 37 11.360
25 999 33 69.233
26 262 18 37.058
27 50 1 18.304
28 539 12 66.246
29 243 14 92.651
30 1169 26 41.315
31 690 25 14.390
32 1363 34 66.194
33 1330 4 65.697
34 940 13 88.523
35 152 34 68.904
36 1272 45 77.581
37 1318 30 91.035
38 1095 36 73.769
39 594 8 97.100
40 674 31 52.233
41 190 32 6.130
42 1033 3 25.120
43 27 7 34.118
44 944 9 18.048
45 24 28 67.688
46 786 28 87.522
47 1091 49 48.911
48 57 55 25.624
49 60 47 98.681
50 988 26 71.508
51 932 21 81.031
52 1193 6 42.238
53 1065 42 44.543
54 393 47 68.532
55 189 49 70.733
56 1406 13 44.147
57 251 47 90.402
58 1380 32 5.814
59 405 45 97.163
60 517 51 95.803
61 621 29 0.307
62 96 18 65.664
63 71 51 37.924
64 734 43 82.268
65 276 23 36.441
66 711 31 23.795
67 605 26 84.694
68 1120 33 5.333
69 888 48 49.746
70 1024 38 23.274
71 1320 9 77.065
72 126 54 99.484
73 745 1 4.521
74 241 54 13.593
75 1219 19 78.603
76 7 23 59.784
77 930 12 27.363
78 1354 38 63.994
79 934 52 15.409
80 1209 23 9.027
81 488 8 89.410
82 677 60 10.745
83 558 7 7.481
84 312 8 83.461
85 1051 59 10.791
86 1036 24 22.058
87 1210 15 64.741
88 157 55 6.378
89 1035 47 34.275
90 1051 19 20.353
91 499 16 90.199
92 1155 44 4.570
93 575 12 50.937
94 1091 14 2.144
95 752 58 62.953
96 930 6 16.374
97 864 47 83.882
98 622 37 6.559
99 603 4 18.759
100 74 45 43.787
101 785 11 76.774
102 1139 43 64.420
103 929 31 88.628
104 218 59 71.100
105 980 22 95.934
106 406 35 90.927
107 1110 42 33.298
108 1213 47 86.329
109 1339 21 81.623
110 704 30 73.187
111 1287 36 33.960
112 1255 31 16.673
113 362 5 71.440
114 1231 10 66.700
115 210 56 92.299
116 124 6 26.705
117 299 13 58.711
118 1149 39 8.138
119 936 13 99.292
120 927 13 24.062
121 334 4 56.066
122 419 40 3.490
123 338 12 34.029
124 1340 42 42.010
125 844 53 92.492
126 542 8 91.561
127 395 27 36.348
128 410 12 41.525
129 1198 28 5.420
130 851 22 3.680
131 1319 21 8.659
132 180 58 71.665
133 531 2 37.988
134 417 41 49.984
135 76 56 68.307
136 969 54 44.734
137 1369 55 37.223
138 886 56 41.000
139 383 22 50.766
140 239 39 70.865
141 1416 8 57.853
142 294 23 32.250
143 483 27 43.392
144 789 13 96.138
145 111 55 92.389
146 737 56 20.427
147 1354 34 59.266
148 1430 23 46.721
149 639 40 97.614
150 865 23 22.482
151 616 30 44.869
152 656 18 64.823
153 788 53 55.328
154 958 8 64.939
155 1072 53 98.076
156 1287 2 2.587
157 806 18 34.070
158 16 31 92.947
159 63 3 95.804
160 298 40 98.732
161 252 4 35.851
162 387 18 49.466
163 135 40 51.662
164 643 60 57.290
165 207 6 9.401
166 891 21 37.765
167 628 12 28.581
168 540 38 51.576
169 614 58 1.364
170 1130 25 44.715
171 205 29 8.031
172 294 40 80.009
173 26 58 43.725
174 693 17 37.230
175 759 23 39.660
176 961 32 34.573
177 914 16 36.917
178 623 28 76.978
179 302 19 75.940
180 1366 12 58.701
181 1421 5 23.143
182 757 19 85.621
183 75 5 59.583
184 149 37 11.913
185 234 33 96.038
186 134 22 1.697
187 1188 24 57.908
188 413 16 48.219
189 230 43 74.039
190 1251 55 69.388
191 634 39 58.891
192 360 26 12.842
193 1266 22 22.632
194 556 31 0.479
195 1009 10 43.171
196 1351 21 63.587
197 1379 52 53.054
198 1078 8 66.281
199 1414 49 42.659
200 436 34 79.871