200
1 87 48 12.827
2 890 12 30.130
3 915 4 63.982
4 1293 47 48.519
5 46 54 37.399
6 1173 55 54.677
7 580 33 79.423
8 948 47 85.476
9 478 25 24.914
10 838 60 67.739
11 1158 52 96.515
12 937 3 1.691
13 780 35 82.714
14 323 53 43.699
15 1320 53 74.303
16 116 41 88.922
17 529 12 36.646
18 1267 27 37.301
19 1356 22 16.226
20 1160 52 92.139
21 812 48 42.444
22 39 1 12.065
23 1296 3 46.234
24 492 37 95.510
25 610 8 18.564
26 999 53 60.507
27 322 55 79.039
28 856 57 92.795
29 291 35 52.595
30 361 47 53.811
31 553 43 47.371
32 395 60 2.276
33 678 41 30.250
34 1086 23 73.675
35 339 33 92.874
36 1025 6 14.328
37 310 27 10.931
38 8 51 26.483
39 1284 14 29.687
40 1323 33 11.493
41 307 5 77.575
42 539 54 85.707
43 349 44 77.022
44 444 45 83.451
45 1279 24 71.027
46 1028 45 55.093
47 924 1 50.285
48 1327 46 60.501
49 1411 45 28.448
50 795 48 39.226
51 1103 41 51.367
52 904 45 69.322
53 790 34 66.126
54 1399 10 32.235
55 1359 5 83.905
56 352 56 31.623
57 281 12 32.641
58 792 27 26.628
59 603 13 25.430
60 1042 53 0.477
61 1045 23 57.552
62 1078 43 16.719
63 116 18 56.557
64 714 5 91.465
65 212 45 85.714
66 407 8 27.658
67 19 5 83.755
68 439 30 17.101
69 730 48 66.039
70 799 43 78.339
71 1351 47 45.203
72 592 3 93.398
73 268 45 34.891
74 173 25 79.891
75 599 36 34.013
76 1227 42 49.406
77 956 53 9.231
78 215 45 73.527
79 834 38 71.307
80 78 35 11.164
81 844 6 44.038
82 1124 44 52.381
83 1380 54 13.769
84 842 28 59.061
85 1429 7 22.994
86 253 58 97.569
87 726 40 95.696
88 314 29 7.767
89 1045 4 60.325
90 1342 11 32.394
91 190 17 4.985
92 248 58 90.544
93 1403 19 39.095
94 693 60 86.803
95 1405 10 61.807
96 513 52 3.690
97 72 15 43.152
98 434 52 84.606
99 735 20 42.610
100 101 8 94.162
101 224 48 46.505
102 748 34 47.331
103 286 10 60.582
104 815 24 32.816
105 77 42 59.496
106 1142 12 71.419
107 92 56 49.265
108 993 30 17.507
109 968 18 9.859
110 558 48 43.476
111 279 9 17.283
112 151 19 80.478
113 1039 36 91.291
114 4 40 78.495
115 891 50 83.371
116 994 52 42.596
117 1126 13 61.011
118 910 45 68.602
119 1225 1 52.187
120 490 20 92.058
121 488 7 7.174
122 678 34 61.540
123 659 39 44.259
124 734 9 41.615
125 1267 57 64.254
126 730 10 1.859
127 903 56 89.249
128 256 44 91.119
129 175 33 29.046
130 321 42 50.687
131 1314 4 2.759
132 425 56 75.943
133 508 10 69.703
134 799 49 44.346
135 584 21 33.624
136 1380 35 75.102
137 802 13 92.452
138 100 50 5.808
139 199 10 32.615
140 929 51 3.626
141 764 46 70.752
142 1250 28 75.983
143 743 27 40.646
144 686 31 79.303
145 730 18 49.603
146 970 47 28.948
147 1061 43 39.288
148 917 11 74.560
149 1082 27 30.632
150 500 38 23.619
151 324 41 59.357
152 951 42 94.285
153 824 15 37.407
154 292 17 84.773
155 258 58 74.547
156 351 12 95.842
157 1409 32 47.036
158 130 10 83.419
159 680 20 28.364
160 452 6 66.616
161 1162 52 94.774
162 714 51 14.338
163 1430 45 73.761
164 714 12 3.323
165 647 7 15.284
166 1261 5 39.865
167 1179 43 20.936
168 1037 21 50.450
169 699 14 26.844
170 1346 7 17.112
171 557 56 13.439
172 1338 26 21.698
173 727 31 33.528
174 106 47 14.993
175 1068 1 33.998
176 76 42 8.150
177 824 27 15.786
178 1070 41 51.785
179 217 13 39.164
180 1390 29 81.740
181 1262 4 69.209
182 934 36 0.824
183 589 39 79.573
184 455 26 83.940
185 1339 13 5.476
186 798 41 34.483
187 1124 17 10.566
188 519 11 3.490
189 825 53 67.242
190 341 57 96.448
191 592 17 45.418
192 1121 9 24.282
193 656 52 45.169
194 1065 24 65.542
195 989 16 72.914
196 778 14 11.113
197 612 3 97.456
198 325 58 59.026
199 453 52 34.841
200 1167 47 43.993