200
1 1113 48 84.832
2 1135 8 37.275
3 10 60 19.695
4 1355 54 12.497
5 21 39 89.476
6 478 38 47.425
7 330 39 31.805
8 479 51 14.649
9 305 27 98.649
10 234 46 53.148
11 396 59 41.341
12 1036 39 97.413
13 880 1 22.228
14 796 31 60.447
15 259 15 92.802
16 850 13 71.139
17 919 34 44.703
18 258 13 85.400
19 936 28 28.624
20 279 38 0.057
21 717 43 44.046
22 1107 15 65.428
23 376 20 25.958
24 152 32 46.207
25 736 9 39.777
26 411 53 73.380
27 148 23 48.145
28 1032 33 48.401
29 620 58 38.995
30 1234 45 61.047
31 451 11 85.275
32 99 24 0.522
33 970 5 43.670
34 285 24 32.867
35 1332 48 83.172
36 1220 24 44.146
37 317 3 85.226
38 1160 24 33.374
39 982 53 42.862
40 1428 58 87.730
41 65 32 1.415
42 494 8 52.493
43 77 47 19.835
44 5 35 99.693
45 625 34 53.521
46 1396 36 49.883
47 50 31 96.406
48 1400 22 14.374
49 162 43 77.182
50 126 47 89.277
51 1273 4 72.900
52 763 54 19.016
53 748 60 52.276
54 426 44 76.610
55 1190 55 84.627
56 312 36 96.310
57 1202 55 17.479
58 313 27 63.697
59 1259 15 60.623
60 1272 23 22.300
61 176 19 85.629
62 106 56 29.732
63 885 41 51.091
64 596 17 25.553
65 1223 19 30.489
66 962 53 68.981
67 299 8 63.568
68 256 11 71.351
69 1321 9 13.841
70 518 25 21.020
71 1369 37 9.257
72 401 15 83.976
73 1326 33 89.094
74 1078 51 9.258
75 368 49 15.792
76 989 23 95.123
77 108 35 10.445
78 859 8 5.093
79 171 29 6.178
80 654 6 1.487
81 1185 2 17.819
82 80 41 38.121
83 780 58 41.805
84 558 53 37.718
85 590 35 39.673
86 1161 46 21.337
87 437 26 98.854
88 1251 21 53.462
89 638 39 46.427
90 736 43 79.907
91 110 35 7.439
92 742 29 18.130
93 1131 33 13.606
94 181 2 86.273
95 483 31 88.425
96 1053 18 97.671
97 762 28 62.240
98 537 5 51.787
99 641 12 19.364
100 411 4 0.060
101 708 9 93.464
102 696 28 38.573
103 809 9 80.382
104 1249 21 88.602
105 1337 60 51.460
106 1440 4 5.712
107 1418 9 38.969
108 850 45 87.423
109 1238 18 35.362
110 742 9 23.989
111 897 50 46.652
112 173 4 56.942
113 1045 41 8.244
114 203 44 33.478
115 1216 28 3.089
116 818 35 55.420
117 124 14 41.824
118 892 59 24.104
119 1103 10 99.549
120 590 45 49.279
121 280 42 26.664
122 372 42 97.978
123 108 58 3.415
124 568 34 40.041
125 1199 2 59.297
126 686 32 54.162
127 925 1 13.123
128 8 24 88.204
129 304 13 81.836
130 770 59 84.978
131 48 55 5.231
132 562 13 32.525
133 7 2 47.299
134 1095 25 78.428
135 76 45 67.274
136 282 24 20.131
137 1248 51 76.917
138 963 45 87.312
139 1163 33 28.965
140 652 29 36.321
141 957 24 90.930
142 245 22 95.393
143 119 7 33.616
144 751 27 17.493
145 732 30 44.684
146 995 31 47.334
147 1288 7 85.266
148 324 21 88.585
149 264 55 32.046
150 1057 44 80.334
151 455 2 31.460
152 1159 31 42.903
153 214 12 87.393
154 1356 1 27.547
155 259 4 95.018
156 719 5 16.372
157 926 16 12.005
158 559 19 48.612
159 248 8 63.831
160 318 44 15.975
161 719 37 13.167
162 1055 20 19.842
163 1217 26 34.457
164 1142 43 26.025
165 338 53 39.529
166 414 43 54.395
167 1356 44 15.005
168 1097 22 97.301
169 1330 14 64.310
170 856 19 10.240
171 1145 53 89.496
172 85 36 40.396
173 977 2 82.562
174 1263 20 88.822
175 443 4 90.516
176 1176 57 32.610
177 1000 36 0.132
178 453 3 68.573
179 401 45 98.459
180 1025 8 29.299
181 559 60 96.969
182 677 2 90.865
183 147 60 49.582
184 712 32 11.819
185 1155 14 24.211
186 1020 42 6.143
187 436 21 47.965
188 1017 32 24.330
189 896 41 68.431
190 1300 35 80.113
191 1207 4 53.011
192 382 18 70.037
193 625 41 85.439
194 1243 10 19.344
195 435 21 50.481
196 1029 38 66.694
197 558 23 20.850
198 737 12 12.143
199 94 34 48.493
200 306 3 82.401