200
1 1024 8 48.236
2 1193 50 15.202
3 1036 37 96.131
4 77 10 23.644
5 497 60 55.540
6 519 49 67.499
7 898 25 47.969
8 540 16 59.392
9 997 54 23.230
10 1398 11 43.036
11 455 46 26.476
12 820 15 4.348
13 1353 20 61.017
14 1352 58 69.564
15 927 24 19.585
16 939 51 97.259
17 846 14 38.423
18 413 60 56.133
19 1153 54 47.431
20 275 49 93.653
21 362 36 45.980
22 898 29 35.958
23 366 53 4.869
24 513 55 62.431
25 893 25 12.922
26 319 29 29.949
27 237 11 51.333
28 964 21 83.160
29 1199 3 33.825
30 1005 32 6.957
31 184 59 5.795
32 435 34 55.728
33 1299 6 11.948
34 703 48 33.975
35 1174 45 4.107
36 1112 20 42.564
37 1345 22 10.426
38 903 32 70.594
39 1196 50 2.963
40 1307 23 83.474
41 1294 26 52.701
42 1175 37 50.000
43 1378 59 21.882
44 1059 54 16.771
45 1283 12 71.269
46 688 59 67.676
47 667 25 12.651
48 1147 50 93.986
49 409 22 75.067
50 1406 7 78.696
51 530 49 38.982
52 392 26 55.914
53 1414 54 29.760
54 699 53 68.831
55 629 40 81.349
56 367 50 47.865
57 994 1 85.401
58 393 55 94.494
59 144 10 76.363
60 706 33 62.792
61 313 12 84.449
62 886 57 50.933
63 392 41 84.054
64 372 31 42.615
65 637 47 59.337
66 848 10 13.529
67 136 56 88.901
68 797 40 42.866
69 552 28 59.878
70 856 33 10.974
71 567 26 84.673
72 1371 34 98.479
73 484 11 10.744
74 977 5 8.421
75 601 30 72.320
76 86 9 49.646
77 49 31 36.113
78 1088 57 55.227
79 518 20 10.098
80 983 21 82.699
81 1385 4 10.508
82 866 52 78.438
83 352 60 41.875
84 414 27 50.949
85 891 41 61.401
86 1147 41 69.339
87 814 12 81.191
88 1163 31 66.392
89 245 14 28.725
90 266 36 4.213
91 281 37 15.373
92 235 5 57.559
93 860 49 95.751
94 639 24 49.552
95 243 57 98.393
96 935 43 35.426
97 953 4 71.333
98 788 6 64.274
99 34 43 54.314
100 948 39 65.379
101 88 57 6.715
102 693 8 26.161
103 674 59 85.419
104 1102 4 74.735
105 1226 8 33.621
106 126 18 55.549
107 462 55 86.830
108 159 1 52.457
109 48 34 88.123
110 56 7 73.137
111 825 5 37.011
112 1237 45 25.211
113 203 15 91.949
114 605 53 69.737
115 1326 48 58.192
116 477 53 88.222
117 1229 60 42.629
118 107 16 4.316
119 1151 33 55.228
120 1303 40 86.926
121 1377 3 93.865
122 222 34 39.702
123 793 11 32.159
124 1423 26 48.693
125 1117 20 28.494
126 1331 36 32.884
127 613 47 35.277
128 797 59 85.109
129 651 55 23.902
130 1171 48 51.251
131 701 50 44.232
132 352 36 7.914
133 1073 24 44.912
134 804 8 18.162
135 1121 59 92.435
136 814 47 25.628
137 58 47 38.929
138 814 59 98.350
139 1423 42 19.736
140 939 32 38.886
141 110 50 93.989
142 384 39 55.702
143 967 33 95.088
144 541 15 21.912
145 60 55 97.091
146 1002 58 83.682
147 1340 16 40.307
148 835 8 53.788
149 1347 31 22.768
150 1367 25 52.163
151 826 29 0.997
152 763 1 14.124
153 1155 24 85.706
154 584 35 3.272
155 890 12 10.099
156 523 54 23.892
157 789 21 91.153
158 1347 45 5.421
159 845 33 44.639
160 916 25 52.276
161 461 31 62.112
162 282 34 85.241
163 323 38 6.667
164 892 50 11.451
165 721 17 9.043
166 1263 34 44.284
167 190 41 4.018
168 1052 38 1.946
169 748 34 98.419
170 1207 5 56.147
171 368 26 83.664
172 321 46 15.635
173 175 25 40.528
174 549 59 91.113
175 782 16 89.107
176 424 26 4.269
177 733 2 94.236
178 322 26 16.817
179 476 34 92.241
180 1128 22 22.962
181 173 9 73.444
182 925 45 20.527
183 1027 29 80.531
184 945 19 37.096
185 717 4 2.748
186 413 9 44.491
187 868 58 91.611
188 135 12 37.476
189 1381 32 51.346
190 355 31 73.804
191 75 54 19.152
192 633 60 64.923
193 1049 27 12.387
194 985 6 63.790
195 464 60 78.842
196 932 34 42.712
197 884 41 8.048
198 192 44 56.740
199 1424 54 63.366
200 1 15 75.391