200
1 1046 54 22.614
2 50 38 52.817
3 1121 59 5.386
4 1217 13 57.724
5 905 18 25.122
6 1130 5 68.536
7 296 9 36.346
8 422 17 37.975
9 199 45 78.408
10 81 21 44.241
11 377 12 15.198
12 1405 6 93.518
13 1349 38 22.353
14 1123 60 59.981
15 191 33 50.847
16 1289 5 62.904
17 398 34 48.038
18 397 7 11.161
19 551 40 5.522
20 1018 52 28.033
21 1207 60 12.656
22 41 56 64.407
23 759 5 76.681
24 1153 20 56.266
25 786 17 39.649
26 425 33 22.471
27 1182 27 15.020
28 476 35 71.486
29 520 17 97.135
30 283 47 11.980
31 1146 24 32.798
32 599 20 58.975
33 635 21 58.436
34 1356 39 29.329
35 294 20 71.366
36 721 31 24.488
37 389 38 92.673
38 440 2 74.057
39 1042 52 96.503
40 1002 31 5.021
41 1245 13 56.054
42 600 11 17.738
43 678 4 56.464
44 135 40 43.435
45 1006 3 4.387
46 220 60 80.149
47 1002 1 80.689
48 1159 57 62.235
49 689 12 95.225
50 200 54 27.320
51 1275 11 25.603
52 1395 27 19.988
53 1156 47 75.896
54 657 41 1.908
55 538 34 80.741
56 321 54 6.237
57 703 16 33.060
58 809 43 49.826
59 397 15 68.405
60 375 48 78.380
61 689 5 31.538
62 1174 1 56.441
63 672 8 95.676
64 743 49 51.696
65 793 52 41.583
66 1257 31 25.879
67 764 24 78.341
68 1268 29 6.852
69 1004 50 4.419
70 578 10 18.089
71 291 6 30.972
72 1270 24 8.683
73 99 10 89.746
74 25 35 57.525
75 1216 48 26.207
76 1405 45 28.195
77 1143 21 26.100
78 338 52 57.855
79 1021 43 93.813
80 589 34 97.340
81 53 43 34.284
82 804 47 44.674
83 520 50 97.417
84 1054 26 13.314
85 709 15 6.038
86 214 56 95.394
87 640 40 82.115
88 478 3 31.185
89 1367 13 41.739
90 12 3 58.609
91 1071 59 91.107
92 1440 23 5.382
93 211 30 86.894
94 764 44 65.239
95 439 35 64.964
96 412 43 15.324
97 1353 7 28.584
98 846 42 97.656
99 525 9 8.570
100 137 5 64.117
101 890 27 53.002
102 789 52 43.718
103 999 60 35.367
104 95 57 0.615
105 1117 8 35.675
106 753 31 30.211
107 1156 4 17.416
108 62 47 52.450
109 1382 56 12.666
110 739 57 26.285
111 458 42 29.303
112 792 32 28.778
113 1261 26 7.446
114 295 1 5.814
115 728 29 27.926
116 1141 1 35.403
117 996 28 66.415
118 195 33 22.558
119 148 5 51.045
120 422 54 8.858
121 1296 40 55.228
122 290 20 41.143
123 215 35 37.092
124 325 12 48.371
125 771 41 74.249
126 190 5 72.107
127 466 7 70.145
128 27 25 85.083
129 937 42 90.354
130 229 52 26.770
131 1155 20 50.031
132 1283 44 30.423
133 195 34 43.696
134 641 56 98.919
135 889 22 86.308
136 1335 41 98.123
137 1357 59 99.753
138 109 58 20.271
139 805 56 25.687
140 906 6 54.217
141 731 41 23.690
142 219 50 5.825
143 569 42 43.531
144 364 2 43.333
145 602 57 86.592
146 543 18 18.832
147 1123 45 46.530
148 318 5 37.941
149 439 28 20.141
150 65 6 36.214
151 370 40 39.372
152 10 35 62.710
153 595 23 11.694
154 152 42 56.020
155 989 54 24.190
156 1440 30 40.442
157 560 18 57.317
158 782 43 37.737
159 1043 15 68.617
160 936 44 31.180
161 365 52 20.973
162 347 23 75.270
163 325 15 61.561
164 87 41 4.490
165 1301 51 7.908
166 887 19 55.798
167 1377 54 44.677
168 839 51 16.173
169 533 32 69.560
170 1076 49 24.913
171 9 21 93.847
172 358 19 69.509
173 624 49 28.408
174 124 38 98.530
175 247 41 45.403
176 184 18 33.915
177 1157 54 45.934
178 504 10 28.335
179 1328 15 36.739
180 748 9 0.096
181 783 40 64.975
182 619 10 1.024
183 186 4 24.949
184 125 34 75.112
185 705 46 31.130
186 832 25 58.351
187 762 20 56.812
188 1375 40 60.010
189 212 37 64.550
190 1437 23 96.863
191 324 34 61.070
192 686 37 9.931
193 710 40 44.345
194 842 45 48.387
195 295 54 77.490
196 176 8 40.463
197 1157 12 48.269
198 326 16 60.655
199 660 14 46.468
200 1003 26 19.633