200
1 393 55 13.071
2 1157 20 56.623
3 1030 51 62.233
4 471 58 26.747
5 1370 20 17.538
6 1230 19 3.616
7 1084 41 43.383
8 51 50 92.069
9 421 37 38.993
10 1431 59 79.735
11 810 14 31.863
12 877 55 22.552
13 779 13 64.679
14 494 48 12.090
15 995 7 97.803
16 1183 56 78.031
17 952 55 15.496
18 958 55 30.953
19 1150 6 18.438
20 229 25 47.117
21 53 14 76.650
22 264 57 85.186
23 1030 19 97.117
24 1162 26 59.437
25 513 40 79.448
26 1384 34 34.437
27 1026 41 27.325
28 1391 54 31.437
29 1137 1 92.318
30 36 17 14.149
31 319 26 43.682
32 1148 28 37.367
33 859 13 89.429
34 533 26 6.939
35 1033 27 19.897
36 50 3 68.455
37 791 6 44.684
38 512 4 21.009
39 870 10 7.729
40 571 40 98.611
41 1167 12 31.853
42 796 51 94.722
43 707 41 28.532
44 575 21 41.994
45 1173 55 40.763
46 923 56 69.666
47 570 42 56.495
48 551 32 88.146
49 1389 34 28.949
50 1418 35 44.854
51 226 25 35.582
52 1290 11 28.053
53 894 5 16.338
54 1377 16 37.622
55 1052 19 40.082
56 105 30 81.812
57 445 25 70.792
58 313 14 49.372
59 450 40 69.961
60 985 20 3.149
61 1275 12 66.002
62 505 37 88.035
63 702 32 31.746
64 1113 30 20.928
65 280 4 56.425
66 1197 2 6.253
67 829 29 18.101
68 1022 12 58.277
69 1008 26 16.415
70 1234 50 0.732
71 1434 19 30.189
72 488 17 14.140
73 357 2 20.756
74 229 25 24.670
75 995 21 72.112
76 1023 2 49.587
77 859 38 95.369
78 435 19 2.675
79 735 44 8.755
80 696 54 26.740
81 605 28 15.184
82 266 34 95.137
83 699 53 14.131
84 1425 35 20.162
85 1386 26 28.280
86 1251 60 21.415
87 1330 27 80.189
88 402 19 42.407
89 642 28 0.272
90 1208 30 51.891
91 652 38 38.115
92 827 44 11.732
93 765 16 81.888
94 134 42 79.369
95 586 35 74.215
96 1375 30 30.309
97 1338 59 64.111
98 453 7 11.728
99 964 9 40.480
100 980 9 23.789
101 493 36 60.869
102 188 17 45.437
103 78 36 94.280
104 689 43 13.699
105 492 33 77.778
106 544 50 33.891
107 884 56 46.916
108 571 56 16.207
109 1288 47 85.422
110 612 59 9.740
111 689 60 40.299
112 1254 36 97.528
113 1408 32 19.883
114 999 54 60.493
115 64 10 29.942
116 820 35 26.909
117 187 33 61.604
118 1290 53 69.636
119 724 17 90.466
120 356 27 23.770
121 166 23 75.132
122 442 9 47.392
123 1338 6 93.742
124 309 39 87.129
125 983 5 12.427
126 500 10 48.417
127 624 43 37.538
128 1164 25 37.735
129 1290 49 78.538
130 30 42 36.516
131 51 58 29.083
132 1284 34 35.133
133 84 19 54.661
134 479 53 80.080
135 192 34 0.056
136 411 31 40.259
137 556 30 55.818
138 623 49 17.840
139 1201 7 14.534
140 938 54 20.193
141 709 4 16.140
142 226 26 93.149
143 1185 7 34.581
144 1411 37 57.262
145 1385 25 61.107
146 981 59 0.172
147 1038 57 75.349
148 1227 10 69.109
149 511 10 40.546
150 622 32 31.766
151 418 26 74.085
152 972 52 4.772
153 1040 40 94.857
154 496 40 56.292
155 636 19 9.234
156 1347 54 26.471
157 22 58 71.044
158 465 28 10.082
159 1397 46 99.757
160 807 37 99.014
161 360 22 41.757
162 235 45 57.665
163 442 22 55.677
164 760 15 43.719
165 454 10 23.399
166 1367 14 95.039
167 1323 23 42.748
168 1039 28 14.273
169 598 46 18.671
170 800 3 54.185
171 790 48 34.614
172 715 37 57.670
173 1246 51 65.240
174 216 29 33.551
175 341 3 96.851
176 1230 49 7.613
177 1202 44 31.674
178 123 12 47.813
179 195 44 73.259
180 1089 45 78.639
181 558 47 6.054
182 775 59 0.430
183 1034 60 64.761
184 929 42 29.075
185 372 21 93.214
186 1266 24 40.906
187 642 46 30.914
188 123 37 26.204
189 735 51 40.188
190 1197 44 0.905
191 368 1 64.070
192 369 35 46.910
193 1214 57 46.766
194 442 44 85.127
195 1196 38 79.123
196 1042 8 22.493
197 538 1 67.069
198 558 22 57.679
199 858 41 41.241
200 1104 16 9.752