200
1 1135 27 23.125
2 1180 6 89.185
3 169 3 49.779
4 404 45 9.553
5 791 11 40.164
6 605 22 62.957
7 772 6 75.941
8 597 57 51.044
9 211 27 73.754
10 144 49 27.459
11 777 7 65.770
12 28 19 74.533
13 1212 7 82.753
14 892 47 51.357
15 1239 36 20.489
16 314 35 25.585
17 886 49 53.267
18 379 57 82.930
19 1270 49 4.557
20 932 38 90.475
21 201 46 31.060
22 945 44 36.481
23 39 10 91.432
24 1222 51 94.563
25 85 44 35.035
26 281 2 20.715
27 69 58 5.853
28 1093 25 30.379
29 525 6 5.741
30 510 13 26.353
31 1284 13 6.020
32 23 34 30.252
33 447 19 99.424
34 1365 23 7.490
35 1254 18 22.552
36 60 5 87.111
37 1164 42 7.700
38 1161 18 45.929
39 1313 2 99.521
40 97 59 2.661
41 81 21 34.073
42 549 48 75.103
43 1204 47 64.470
44 832 10 48.946
45 387 47 51.250
46 694 21 9.382
47 778 5 4.352
48 568 31 21.980
49 11 46 51.979
50 172 40 99.945
51 1183 37 26.038
52 1063 20 75.774
53 29 46 73.917
54 1262 46 83.708
55 785 12 0.507
56 842 10 93.774
57 1024 9 72.541
58 1380 33 37.754
59 739 23 61.947
60 1393 30 19.834
61 1319 35 2.863
62 97 52 85.023
63 1395 53 33.030
64 1375 57 26.029
65 591 13 65.706
66 416 24 99.717
67 100 6 96.157
68 590 16 46.154
69 1199 38 86.560
70 507 37 76.521
71 810 59 32.421
72 7 59 76.716
73 1351 25 76.364
74 877 53 64.259
75 556 41 65.778
76 334 48 81.097
77 782 33 49.123
78 620 55 24.945
79 483 7 93.797
80 176 30 3.745
81 1269 4 99.370
82 1354 28 78.559
83 1195 56 17.595
84 1148 49 17.226
85 672 57 13.503
86 657 22 17.752
87 83 57 78.665
88 883 58 38.784
89 1404 43 48.756
90 276 38 94.607
91 1342 56 39.449
92 1251 28 98.097
93 406 43 13.426
94 391 46 33.956
95 396 45 23.233
96 1378 10 65.865
97 20 19 11.835
98 184 25 79.125
99 252 23 6.936
100 1010 23 18.654
101 590 19 40.705
102 1035 47 35.939
103 917 58 93.695
104 1082 35 28.255
105 17 9 94.655
106 395 45 21.538
107 1398 18 9.916
108 880 27 54.456
109 734 20 82.826
110 1182 17 97.016
111 114 38 15.828
112 950 36 4.026
113 356 52 6.207
114 1150 30 91.702
115 744 5 79.047
116 1324 15 11.779
117 1121 55 83.646
118 175 37 34.411
119 745 1 28.346
120 591 31 21.161
121 526 58 17.978
122 1410 50 22.287
123 398 39 90.118
124 388 30 74.625
125 1057 34 10.183
126 965 12 60.481
127 203 24 37.107
128 1284 60 15.398
129 624 57 33.590
130 664 22 68.335
131 209 20 73.640
132 1219 38 49.841
133 937 53 17.056
134 1312 23 66.678
135 861 25 64.804
136 99 11 18.367
137 1317 59 77.122
138 1311 39 83.522
139 825 50 63.373
140 1392 11 52.237
141 547 47 0.500
142 1310 20 57.365
143 311 5 26.131
144 1067 56 13.848
145 373 39 7.235
146 478 17 33.731
147 558 19 26.326
148 46 7 94.595
149 164 7 47.236
150 1048 53 54.858
151 179 34 60.284
152 99 13 15.747
153 344 26 79.418
154 759 37 80.924
155 1104 38 5.986
156 1192 28 61.835
157 1437 35 88.887
158 859 41 7.024
159 377 51 52.645
160 1427 44 21.410
161 1426 44 94.800
162 238 17 80.823
163 648 45 77.098
164 854 26 41.232
165 356 25 50.030
166 1048 42 94.221
167 819 1 40.196
168 521 23 80.019
169 295 19 62.799
170 313 47 83.425
171 1329 37 36.359
172 463 15 37.751
173 233 57 20.719
174 1261 9 40.813
175 1353 35 99.015
176 850 20 75.601
177 788 37 75.818
178 1359 26 65.424
179 282 31 5.203
180 669 54 17.574
181 533 41 22.077
182 1262 23 10.579
183 796 32 65.102
184 917 51 5.766
185 1094 15 55.189
186 1022 9 21.521
187 1324 44 74.857
188 1060 54 24.570
189 357 48 14.421
190 21 49 50.870
191 811 47 5.846
192 996 24 46.825
193 49 22 0.035
194 1389 44 71.237
195 1434 13 83.753
196 1019 49 87.928
197 1307 43 67.549
198 1092 21 39.076
199 701 48 23.424
200 1137 47 7.711