200
1 313 52 49.993
2 1312 33 19.128
3 1034 53 97.627
4 461 4 53.566
5 507 21 65.126
6 1038 13 88.078
7 964 35 95.183
8 94 40 86.378
9 923 32 76.316
10 1346 29 64.617
11 1276 11 36.059
12 290 29 7.819
13 206 15 44.101
14 565 3 11.099
15 252 53 74.742
16 298 32 40.450
17 509 58 95.618
18 706 56 13.428
19 157 59 67.613
20 203 27 56.676
21 393 48 7.084
22 178 14 38.937
23 1404 22 11.929
24 745 38 90.766
25 775 24 39.000
26 1412 6 7.002
27 25 44 37.459
28 261 19 13.995
29 1085 48 58.351
30 1415 54 46.877
31 602 37 33.003
32 639 22 13.892
33 265 40 55.202
34 390 5 80.016
35 505 33 40.554
36 1066 6 41.758
37 511 6 43.139
38 751 38 43.384
39 1080 1 40.327
40 50 25 86.265
41 1316 60 91.671
42 1122 4 29.743
43 1297 44 59.211
44 998 13 3.257
45 854 34 75.770
46 1400 48 6.342
47 279 19 78.769
48 673 26 32.191
49 594 6 15.790
50 203 50 25.046
51 306 3 23.510
52 571 13 94.108
53 1266 58 70.306
54 1248 41 86.455
55 1374 6 24.958
56 864 40 13.008
57 565 36 61.745
58 698 54 69.160
59 1382 19 2.547
60 349 55 61.241
61 536 52 10.842
62 1232 15 45.327
63 374 6 79.625
64 904 4 97.720
65 419 41 92.583
66 1252 21 11.169
67 682 42 27.783
68 563 58 72.189
69 1319 17 17.522
70 219 51 98.093
71 30 53 17.294
72 478 44 69.012
73 449 43 48.765
74 1165 23 14.422
75 734 12 49.734
76 636 34 91.794
77 844 55 76.745
78 805 14 69.536
79 1396 6 33.868
80 492 49 53.274
81 146 59 26.006
82 790 17 39.897
83 721 10 2.432
84 38 15 96.906
85 548 12 93.382
86 710 37 45.119
87 37 45 57.483
88 762 7 23.147
89 1226 56 95.551
90 1032 30 11.201
91 4 41 87.961
92 1324 37 49.149
93 1004 49 2.533
94 1223 24 14.913
95 761 58 10.322
96 445 23 59.223
97 346 14 79.672
98 175 59 60.775
99 1396 44 5.058
100 428 2 40.184
101 804 15 22.812
102 613 5 34.064
103 1049 31 47.893
104 189 44 14.120
105 456 2 7.936
106 1163 38 45.717
107 93 14 71.250
108 830 17 53.555
109 1435 17 47.512
110 706 8 16.167
111 930 30 40.238
112 8 28 1.412
113 525 48 52.589
114 527 48 37.194
115 1333 33 90.536
116 474 50 70.750
117 1359 59 59.713
118 843 34 95.379
119 601 17 61.660
120 907 26 51.143
121 457 32 94.285
122 203 36 33.203
123 878 55 74.765
124 1432 35 61.724
125 123 15 29.381
126 181 41 77.605
127 877 54 80.669
128 1021 29 79.618
129 1157 38 86.691
130 92 37 38.155
131 47 20 66.501
132 553 37 12.663
133 1066 57 10.778
134 1250 7 53.687
135 1143 55 79.511
136 175 53 59.560
137 947 55 53.514
138 1112 40 59.845
139 467 16 37.088
140 1071 47 4.712
141 1205 14 42.837
142 773 28 67.157
143 1280 46 84.731
144 818 28 78.337
145 59 50 26.910
146 971 44 29.275
147 130 4 2.895
148 882 43 78.650
149 845 48 39.325
150 549 28 87.562
151 1306 49 46.701
152 1134 27 14.735
153 342 17 54.535
154 772 38 3.194
155 1241 27 26.548
156 1047 19 37.417
157 1317 1 28.526
158 44 44 52.403
159 20 52 42.348
160 996 36 89.886
161 10 33 41.989
162 801 37 95.440
163 904 24 65.291
164 881 52 67.514
165 265 18 48.687
166 993 41 72.985
167 1115 40 14.724
168 197 4 52.295
169 920 47 55.505
170 1149 40 88.990
171 1374 30 12.539
172 562 27 13.070
173 940 11 39.641
174 930 26 5.558
175 753 53 25.813
176 1301 50 23.757
177 948 5 40.597
178 70 8 4.916
179 1334 55 65.373
180 495 7 31.886
181 983 28 87.225
182 659 2 40.375
183 189 60 22.274
184 60 26 39.175
185 22 14 54.085
186 1391 5 23.080
187 399 56 56.633
188 961 9 77.664
189 50 42 76.692
190 1020 1 77.727
191 255 5 7.839
192 167 5 81.024
193 797 16 62.710
194 764 3 78.675
195 158 44 76.285
196 907 4 52.052
197 729 42 81.548
198 294 56 64.772
199 278 59 34.904
200 1192 41 11.955