200
1 952 5 25.462
2 1057 36 26.824
3 1136 42 99.730
4 1440 42 64.108
5 452 21 97.840
6 63 60 81.486
7 1104 44 16.711
8 578 37 28.829
9 408 24 49.058
10 128 53 19.808
11 717 4 5.723
12 662 39 64.807
13 765 34 0.656
14 625 49 98.914
15 803 49 26.589
16 724 59 61.067
17 2 15 5.134
18 711 12 16.528
19 1153 44 27.654
20 6 30 24.390
21 599 54 13.838
22 288 44 3.881
23 1342 16 90.286
24 1052 58 56.870
25 60 27 48.219
26 702 41 54.224
27 6 28 61.339
28 1024 44 82.974
29 1031 5 67.996
30 99 32 34.642
31 1140 58 59.156
32 962 57 1.170
33 399 45 54.423
34 681 25 23.773
35 35 51 13.466
36 981 1 35.162
37 996 4 37.783
38 345 16 78.927
39 952 53 29.992
40 1396 50 8.753
41 1177 38 8.230
42 186 57 34.091
43 61 9 74.922
44 1241 50 59.181
45 1222 30 59.464
46 1357 25 29.480
47 230 39 5.836
48 898 42 83.252
49 46 13 5.686
50 375 2 67.942
51 745 13 30.665
52 663 14 75.727
53 406 32 65.958
54 445 43 10.116
55 1039 5 70.630
56 652 18 18.504
57 176 17 41.840
58 144 36 56.218
59 1195 54 24.532
60 435 3 91.661
61 194 11 48.697
62 8 2 29.295
63 1017 56 75.201
64 156 56 93.076
65 367 35 99.787
66 15 8 7.472
67 1267 26 88.285
68 710 9 84.600
69 439 46 11.411
70 770 22 41.668
71 859 60 6.855
72 240 39 52.172
73 1092 3 57.640
74 653 19 10.390
75 516 10 76.798
76 760 30 14.782
77 644 19 36.183
78 595 9 34.731
79 1105 31 18.765
80 668 45 34.893
81 1035 30 18.540
82 1164 15 86.625
83 1137 24 34.197
84 816 59 6.419
85 219 8 76.463
86 666 31 9.269
87 1115 43 90.260
88 799 18 30.738
89 197 55 4.645
90 828 51 54.577
91 1051 15 87.356
92 743 20 34.132
93 58 19 88.179
94 1158 9 17.756
95 783 22 26.015
96 922 14 18.752
97 787 31 48.574
98 457 47 9.944
99 1239 24 30.695
100 1388 51 86.076
101 1419 53 60.017
102 1029 44 51.033
103 538 49 37.571
104 1021 52 82.661
105 745 52 87.019
106 1110 33 38.878
107 386 57 63.198
108 719 36 58.630
109 705 51 90.188
110 297 35 10.247
111 574 1 71.998
112 178 23 44.903
113 1297 30 77.421
114 136 47 16.756
115 698 10 30.276
116 188 21 70.120
117 598 13 49.198
118 496 34 10.676
119 503 44 9.108
120 796 25 7.524
121 940 34 2.155
122 169 46 39.700
123 1248 20 99.816
124 299 27 27.169
125 1334 18 67.767
126 1394 40 84.051
127 704 45 99.077
128 646 2 98.690
129 89 35 96.686
130 802 33 65.179
131 125 38 49.277
132 680 52 88.861
133 263 58 8.227
134 1070 10 2.673
135 415 49 66.992
136 1408 46 6.562
137 552 25 18.584
138 895 8 92.852
139 1416 28 72.757
140 668 47 90.034
141 1259 24 27.432
142 63 43 82.716
143 704 14 67.626
144 624 8 69.016
145 839 8 11.695
146 514 25 81.145
147 342 14 14.129
148 1352 23 64.516
149 424 32 45.538
150 1433 33 65.839
151 1111 15 27.114
152 619 16 15.617
153 16 56 90.411
154 434 35 25.854
155 1406 18 50.450
156 871 2 90.098
157 1150 40 91.517
158 893 8 51.435
159 1379 39 63.115
160 142 29 64.765
161 1284 19 37.486
162 1220 17 25.211
163 216 2 46.631
164 996 34 89.393
165 563 34 52.349
166 390 26 12.080
167 1098 47 57.485
168 775 26 21.071
169 1000 40 52.211
170 1096 14 76.361
171 140 60 42.326
172 1091 23 3.207
173 118 60 53.986
174 643 24 78.305
175 641 17 34.366
176 78 50 44.453
177 61 59 89.090
178 527 10 56.094
179 384 15 26.167
180 237 11 53.155
181 1152 48 92.824
182 1360 24 68.164
183 1197 41 24.486
184 923 13 25.425
185 1235 9 9.880
186 625 3 53.832
187 198 18 59.569
188 235 17 46.609
189 465 47 46.813
190 1317 1 96.268
191 575 41 36.571
192 500 46 96.553
193 968 46 5.154
194 1438 26 33.446
195 679 18 30.886
196 1406 22 88.198
197 301 48 56.855
198 152 3 10.356
199 1189 57 4.144
200 1350 60 42.749