200
1 728 21 8.773
2 1103 38 14.551
3 366 47 14.924
4 1172 27 66.925
5 1167 44 27.415
6 2 40 67.178
7 822 4 82.834
8 467 5 60.898
9 322 57 63.251
10 1084 33 80.623
11 1346 28 76.265
12 644 31 95.120
13 199 49 89.920
14 618 5 22.238
15 197 39 85.270
16 1121 47 1.205
17 636 20 1.864
18 563 48 99.060
19 31 9 53.623
20 20 2 8.364
21 482 47 21.539
22 737 2 38.497
23 369 5 17.831
24 171 44 50.661
25 19 54 32.556
26 383 22 79.751
27 37 38 38.651
28 519 7 22.417
29 257 17 8.407
30 759 10 96.636
31 1287 57 59.694
32 636 47 43.440
33 1374 48 34.280
34 449 39 80.450
35 339 57 35.541
36 1335 49 43.282
37 498 26 11.047
38 198 51 50.214
39 768 6 1.320
40 1119 13 67.643
41 520 22 72.452
42 332 9 55.856
43 765 42 10.245
44 1224 26 9.703
45 1363 43 19.659
46 86 5 80.893
47 1248 9 61.152
48 636 15 6.886
49 743 13 82.583
50 308 51 36.394
51 1125 49 4.792
52 1393 20 6.954
53 275 2 12.511
54 656 27 27.935
55 868 37 63.882
56 974 54 78.916
57 1420 10 20.584
58 928 26 96.371
59 1326 56 2.243
60 214 35 97.555
61 425 29 9.969
62 675 4 8.063
63 121 8 91.838
64 128 45 75.360
65 1074 18 8.489
66 880 2 66.979
67 340 40 15.917
68 1180 45 97.256
69 546 25 31.253
70 682 54 79.053
71 276 20 70.539
72 1081 29 33.725
73 929 17 83.662
74 157 27 95.289
75 289 9 40.325
76 668 43 57.942
77 1333 1 65.075
78 18 17 30.147
79 1106 44 65.862
80 134 25 69.064
81 357 51 27.436
82 1268 25 62.584
83 1000 2 84.895
84 1191 52 50.901
85 1286 9 68.845
86 703 25 29.096
87 664 7 96.537
88 657 3 72.377
89 1069 11 31.664
90 833 19 4.763
91 774 38 43.141
92 291 19 71.401
93 114 39 70.655
94 558 24 88.113
95 76 53 22.386
96 880 40 30.626
97 99 33 14.015
98 927 25 6.593
99 1347 52 86.102
100 877 24 3.874
101 1037 7 62.818
102 1091 59 46.498
103 94 25 95.744
104 979 56 46.171
105 1326 48 18.789
106 52 53 16.081
107 1266 14 76.413
108 1064 2 9.121
109 1332 24 39.403
110 157 29 44.200
111 859 50 55.191
112 953 48 37.242
113 1200 7 39.887
114 1036 14 94.489
115 594 38 7.769
116 1032 47 32.611
117 191 60 36.662
118 854 53 75.321
119 1056 12 59.931
120 394 56 87.141
121 194 57 46.733
122 1176 35 55.714
123 690 10 87.437
124 758 44 61.083
125 1185 17 50.197
126 114 60 34.483
127 400 10 15.587
128 1391 13 38.954
129 1415 37 92.897
130 246 31 16.828
131 1073 42 76.698
132 118 11 45.474
133 459 41 5.151
134 221 22 33.966
135 400 51 60.468
136 1351 21 57.134
137 560 2 22.169
138 1192 52 19.985
139 1339 60 49.861
140 1311 52 18.992
141 59 40 65.800
142 942 5 55.011
143 219 46 13.784
144 223 23 68.309
145 912 54 36.511
146 652 54 92.165
147 343 48 86.133
148 328 15 81.351
149 568 25 32.712
150 230 12 92.713
151 14 54 95.373
152 457 53 75.258
153 1344 28 81.983
154 395 1 21.876
155 905 58 85.420
156 1095 47 38.414
157 101 16 79.105
158 1362 60 14.596
159 446 14 20.123
160 241 17 84.861
161 319 32 81.089
162 752 48 70.008
163 186 32 12.938
164 1215 46 77.795
165 1277 33 94.962
166 1027 40 16.896
167 163 24 96.012
168 287 4 94.288
169 879 33 10.614
170 1363 32 24.579
171 640 35 15.860
172 1123 50 62.744
173 43 43 79.484
174 959 18 72.849
175 1301 47 91.211
176 937 50 86.798
177 589 47 2.613
178 552 48 13.924
179 1187 36 11.679
180 472 42 52.700
181 478 60 43.984
182 1196 39 47.721
183 1046 35 87.258
184 97 12 33.978
185 1168 60 13.712
186 815 1 10.293
187 179 18 96.126
188 270 4 68.133
189 1432 57 12.195
190 18 34 92.730
191 589 12 89.366
192 246 17 46.843
193 428 55 8.010
194 107 47 22.450
195 1066 37 26.029
196 506 20 92.886
197 231 50 1.555
198 99 24 63.648
199 1311 7 78.064
200 677 5 85.588