200
1 1194 48 98.212
2 274 56 48.686
3 326 13 13.115
4 451 41 9.814
5 838 16 9.034
6 63 60 19.225
7 615 24 87.723
8 1078 43 21.995
9 790 43 43.274
10 536 1 74.634
11 40 21 24.635
12 1278 15 46.752
13 1232 10 56.033
14 328 8 5.841
15 798 4 88.816
16 1192 51 19.761
17 123 33 56.781
18 808 39 74.401
19 569 45 6.108
20 1260 59 91.182
21 1194 3 89.482
22 1401 46 75.066
23 1109 24 59.368
24 1368 24 9.412
25 803 54 3.791
26 1210 36 8.865
27 977 31 26.582
28 164 20 70.621
29 1386 25 64.938
30 970 15 75.490
31 194 26 43.020
32 40 16 44.019
33 905 36 54.357
34 783 18 67.350
35 176 55 9.822
36 221 3 22.323
37 658 45 99.014
38 784 30 69.123
39 949 15 79.447
40 677 12 12.099
41 681 26 45.056
42 1244 57 59.862
43 976 30 54.447
44 1066 52 77.728
45 438 12 24.171
46 284 11 53.605
47 782 40 54.444
48 315 5 84.171
49 781 42 59.169
50 19 11 64.897
51 832 42 29.758
52 427 10 58.234
53 1370 41 24.030
54 781 28 21.635
55 465 14 9.750
56 627 53 84.806
57 123 24 75.570
58 483 5 12.160
59 560 14 63.516
60 175 4 80.842
61 630 30 72.109
62 1337 6 66.379
63 290 44 77.075
64 1264 35 67.438
65 946 26 90.341
66 616 24 38.695
67 1374 8 50.661
68 871 6 32.010
69 703 17 37.221
70 1203 45 53.703
71 300 29 93.725
72 1257 41 23.816
73 1152 58 24.105
74 1211 20 89.219
75 8 57 84.799
76 1100 17 94.951
77 216 15 76.838
78 847 24 62.761
79 185 23 42.486
80 766 25 66.978
81 590 27 99.649
82 57 13 80.730
83 266 12 51.413
84 760 30 9.715
85 1201 10 10.318
86 839 55 25.607
87 584 22 64.501
88 649 35 19.480
89 422 30 90.745
90 482 11 64.890
91 474 52 80.285
92 1181 9 21.198
93 250 56 59.132
94 802 60 52.166
95 139 34 43.585
96 1420 8 63.825
97 720 57 52.472
98 456 23 61.061
99 1173 30 90.353
100 725 34 24.326
101 558 4 69.446
102 993 9 27.128
103 1271 2 10.552
104 416 20 6.130
105 149 22 7.230
106 962 47 29.805
107 417 38 17.640
108 120 38 23.314
109 1212 41 83.534
110 1032 39 25.973
111 638 37 41.042
112 6 43 79.474
113 1162 4 65.724
114 699 52 77.595
115 1214 33 55.231
116 1215 57 41.955
117 1311 38 56.666
118 959 47 77.981
119 484 32 27.227
120 1206 10 45.946
121 1042 2 58.711
122 1170 46 36.132
123 101 46 2.128
124 452 10 56.248
125 364 19 75.098
126 497 28 34.132
127 798 46 98.305
128 541 8 6.288
129 844 6 75.493
130 94 17 81.347
131 806 9 84.767
132 1237 11 99.839
133 396 58 91.480
134 1321 10 8.434
135 266 25 28.047
136 416 34 22.961
137 954 36 46.826
138 29 19 98.579
139 1317 53 31.895
140 629 17 19.259
141 1374 33 25.222
142 212 39 30.457
143 597 57 47.267
144 1098 28 79.310
145 114 55 94.624
146 871 19 28.493
147 967 14 8.383
148 565 11 81.022
149 1150 51 82.034
150 678 15 41.675
151 364 52 23.438
152 1420 17 96.841
153 789 57 68.796
154 763 57 20.407
155 1257 4 99.467
156 377 3 10.641
157 437 2 69.187
158 210 52 32.099
159 315 48 4.733
160 486 32 75.041
161 756 47 51.022
162 655 15 63.070
163 272 2 72.004
164 19 9 62.243
165 803 47 89.073
166 564 41 51.932
167 1140 25 30.987
168 18 22 69.975
169 309 48 75.402
170 552 11 69.973
171 757 27 93.774
172 1391 9 41.855
173 660 55 97.078
174 751 28 75.488
175 284 32 62.963
176 27 41 9.907
177 138 56 22.203
178 640 58 22.022
179 1392 9 27.396
180 925 49 51.355
181 1089 51 21.906
182 1078 29 72.664
183 549 38 42.608
184 247 18 80.554
185 1235 14 88.933
186 1123 8 42.844
187 227 3 4.032
188 1117 18 7.930
189 382 35 42.040
190 971 56 39.473
191 1325 33 17.978
192 427 3 79.545
193 836 11 20.185
194 899 20 86.405
195 260 59 8.776
196 1138 35 36.594
197 1213 49 93.972
198 1209 22 13.854
199 1093 49 59.346
200 836 14 13.795