200
1 171 60 66.370
2 1004 30 66.569
3 489 42 72.106
4 567 28 76.565
5 967 35 96.608
6 1318 52 38.758
7 433 31 67.870
8 1021 17 27.269
9 1081 31 93.660
10 1222 44 4.069
11 381 31 98.192
12 1423 23 6.734
13 926 26 70.879
14 2 56 40.691
15 572 5 73.785
16 799 30 11.849
17 413 56 92.897
18 223 53 47.070
19 1307 60 97.314
20 468 23 59.922
21 473 2 69.734
22 380 52 41.947
23 237 56 40.271
24 1132 17 72.785
25 1157 48 92.264
26 341 44 16.168
27 494 25 84.082
28 713 28 12.916
29 356 40 69.290
30 464 29 13.197
31 960 17 93.404
32 188 17 0.720
33 388 59 6.068
34 514 2 82.678
35 1338 49 18.126
36 1227 59 49.944
37 881 57 27.213
38 868 17 24.467
39 636 7 47.454
40 544 24 15.773
41 471 26 30.750
42 361 54 4.011
43 346 31 0.703
44 501 10 94.468
45 1418 18 31.176
46 882 32 0.557
47 79 41 30.430
48 402 28 90.684
49 1176 30 56.330
50 1127 35 84.623
51 906 16 95.507
52 293 13 63.417
53 151 38 93.956
54 1244 57 77.752
55 772 5 54.019
56 426 29 99.411
57 670 13 80.208
58 1327 22 36.958
59 1221 2 9.196
60 196 28 37.182
61 275 35 61.097
62 150 32 28.711
63 1185 8 21.561
64 433 45 8.044
65 174 26 75.052
66 471 4 36.478
67 522 31 49.155
68 13 57 79.797
69 831 42 60.276
70 116 57 23.110
71 60 36 99.404
72 507 52 23.345
73 941 13 22.549
74 724 11 99.882
75 940 2 67.484
76 649 21 10.334
77 776 12 68.502
78 553 6 83.571
79 1043 21 31.070
80 303 8 12.149
81 744 9 3.627
82 800 54 74.698
83 345 41 88.330
84 764 15 42.258
85 817 60 90.380
86 551 36 30.657
87 353 60 69.078
88 998 28 21.855
89 657 6 95.388
90 978 7 35.045
91 162 38 24.784
92 522 28 20.531
93 997 56 9.103
94 1016 58 66.118
95 599 25 23.797
96 903 36 91.651
97 1220 17 44.109
98 1391 38 61.103
99 20 37 32.982
100 116 4 60.227
101 298 26 91.179
102 523 52 45.841
103 165 47 91.658
104 431 47 32.902
105 983 30 69.206
106 117 49 58.455
107 654 6 36.482
108 397 56 35.946
109 1087 10 34.489
110 278 18 85.238
111 36 26 78.614
112 246 47 36.323
113 575 39 23.736
114 54 49 11.704
115 1042 39 84.190
116 586 39 43.296
117 1408 8 70.927
118 237 41 20.916
119 339 49 1.262
120 1279 46 98.244
121 723 50 14.644
122 151 33 98.859
123 824 55 77.671
124 1101 60 18.386
125 1169 18 34.394
126 1220 20 98.736
127 295 55 32.382
128 184 16 33.006
129 1243 11 54.598
130 862 1 77.249
131 991 15 58.249
132 272 2 30.333
133 1229 40 63.742
134 1358 56 33.885
135 265 35 85.324
136 233 34 84.326
137 179 39 17.279
138 1145 6 6.392
139 324 39 71.820
140 206 45 30.642
141 795 53 19.350
142 810 24 42.363
143 1186 60 73.141
144 574 19 41.900
145 639 21 57.466
146 688 3 5.334
147 358 2 27.456
148 1325 4 0.763
149 432 40 86.423
150 877 56 12.666
151 801 9 20.315
152 1289 59 14.657
153 481 7 36.467
154 1294 34 13.895
155 771 28 12.359
156 793 24 0.729
157 740 54 24.872
158 347 36 12.526
159 693 32 98.234
160 245 2 66.338
161 661 23 6.744
162 521 20 72.809
163 191 29 10.804
164 328 20 53.369
165 742 12 3.529
166 181 43 81.908
167 884 30 14.455
168 23 43 15.540
169 470 12 19.071
170 685 8 44.324
171 1005 41 28.252
172 184 60 41.166
173 90 19 85.834
174 120 20 57.107
175 638 21 65.042
176 856 6 65.681
177 1161 38 25.079
178 448 12 95.725
179 129 11 54.197
180 491 23 77.600
181 44 55 75.054
182 1285 4 24.927
183 622 30 39.190
184 1421 20 23.922
185 808 3 10.352
186 1413 7 53.793
187 1221 34 64.468
188 364 12 29.340
189 331 5 49.665
190 1219 53 89.280
191 1334 7 46.126
192 316 41 68.186
193 583 37 61.123
194 950 1 58.381
195 223 9 88.930
196 1023 5 7.745
197 216 6 87.215
198 1250 60 60.921
199 1001 33 71.378
200 263 60 59.029