200
1 968 19 33.398
2 1238 38 30.398
3 508 44 63.146
4 229 4 69.790
5 1107 19 36.666
6 1247 3 32.474
7 1100 9 60.258
8 704 31 49.568
9 63 39 12.711
10 1267 32 55.227
11 1343 9 70.264
12 1065 41 41.788
13 708 2 33.666
14 60 57 83.281
15 934 36 60.978
16 335 57 85.208
17 1189 27 20.866
18 815 35 25.640
19 52 17 67.428
20 911 32 83.993
21 222 35 58.072
22 939 21 14.524
23 249 5 31.087
24 975 28 47.584
25 22 43 47.842
26 742 56 40.051
27 630 33 98.970
28 1210 57 45.717
29 441 10 27.428
30 965 30 72.213
31 708 32 37.922
32 1137 14 55.804
33 228 26 70.047
34 216 25 37.369
35 1434 25 73.098
36 281 35 99.226
37 161 18 0.924
38 68 40 10.924
39 570 52 37.786
40 601 5 27.317
41 775 34 70.633
42 385 30 7.298
43 74 1 90.213
44 327 47 21.333
45 782 10 68.829
46 1377 54 12.526
47 12 27 73.220
48 927 50 57.464
49 300 6 39.815
50 1170 42 92.840
51 1268 10 80.044
52 25 37 11.858
53 476 58 59.698
54 1040 34 94.479
55 84 9 1.134
56 84 35 12.221
57 988 40 27.810
58 1109 29 89.059
59 626 10 78.937
60 831 17 37.236
61 875 53 65.124
62 7 13 90.717
63 139 26 28.079
64 208 40 82.171
65 161 51 79.005
66 749 47 61.408
67 461 20 41.126
68 420 13 84.777
69 222 51 71.596
70 711 5 76.231
71 1330 53 97.603
72 460 55 9.417
73 332 53 28.155
74 285 48 83.996
75 746 29 17.343
76 525 39 45.646
77 1431 6 63.988
78 278 46 60.604
79 196 9 49.544
80 17 11 97.024
81 824 7 47.189
82 1304 23 70.274
83 1267 51 17.520
84 401 30 1.068
85 315 14 54.817
86 1197 12 52.101
87 782 43 66.825
88 597 60 68.643
89 602 55 45.197
90 261 51 61.855
91 946 24 11.004
92 1298 10 94.210
93 1153 29 60.846
94 741 9 57.850
95 1014 49 63.527
96 29 27 77.827
97 852 12 70.691
98 451 46 66.446
99 658 52 66.413
100 1205 26 91.307
101 45 60 32.797
102 1070 28 77.747
103 578 1 31.236
104 1354 58 95.698
105 654 47 10.124
106 1315 36 33.857
107 1128 19 32.711
108 1064 54 99.742
109 1219 39 73.555
110 683 38 54.131
111 909 9 66.300
112 1189 43 91.900
113 1011 25 43.252
114 1286 32 5.670
115 1 44 45.882
116 204 35 54.938
117 437 4 22.352
118 195 10 74.016
119 89 9 72.328
120 513 55 18.449
121 930 24 0.200
122 800 31 33.706
123 1413 31 95.017
124 968 8 55.259
125 1147 7 95.825
126 208 34 58.481
127 1157 58 98.310
128 891 47 68.900
129 832 41 62.441
130 1381 30 61.866
131 1098 31 25.360
132 22 17 99.859
133 22 43 43.901
134 657 34 27.626
135 684 6 80.390
136 1118 40 13.090
137 1148 47 29.078
138 353 48 57.763
139 1113 24 22.567
140 760 55 20.432
141 954 10 6.554
142 1328 58 73.415
143 836 7 72.165
144 1424 29 29.191
145 472 16 74.199
146 347 18 5.705
147 118 4 53.969
148 1355 45 92.166
149 1159 34 67.987
150 869 35 33.071
151 1258 15 40.293
152 1436 6 18.969
153 425 24 79.231
154 1250 25 70.573
155 1198 45 43.133
156 1038 35 14.389
157 218 51 88.713
158 699 10 62.216
159 273 15 72.232
160 759 15 73.503
161 952 33 73.248
162 369 53 8.486
163 203 12 45.969
164 421 25 28.235
165 930 60 83.076
166 1428 55 87.324
167 97 32 49.882
168 819 31 46.827
169 1086 24 36.799
170 1352 49 14.396
171 599 19 52.938
172 1223 37 21.709
173 501 42 83.501
174 454 41 31.415
175 767 15 98.901
176 1010 46 34.056
177 756 31 14.332
178 300 46 6.634
179 607 27 25.234
180 127 13 74.253
181 200 37 54.104
182 1191 10 55.206
183 664 55 9.585
184 12 48 27.141
185 629 24 39.343
186 645 22 92.034
187 485 53 62.859
188 644 6 13.172
189 627 56 83.686
190 429 51 46.082
191 913 9 46.928
192 1082 2 5.347
193 975 24 82.468
194 704 59 84.896
195 249 21 43.885
196 63 46 67.272
197 305 24 13.588
198 744 8 93.007
199 733 24 88.866
200 917 49 58.600