200
1 1141 35 46.007
2 914 35 97.399
3 881 53 82.146
4 427 38 42.132
5 1207 36 28.129
6 768 55 74.176
7 736 39 4.014
8 499 7 43.278
9 829 8 24.802
10 1017 9 77.001
11 980 16 26.310
12 776 19 98.725
13 93 45 70.798
14 212 52 78.450
15 375 11 63.410
16 541 52 49.366
17 477 46 0.042
18 272 40 5.273
19 820 3 65.155
20 763 13 46.340
21 413 22 11.880
22 865 30 15.542
23 74 57 5.599
24 237 50 1.734
25 1010 54 7.948
26 1153 7 95.737
27 947 3 33.162
28 395 48 30.455
29 1388 44 30.670
30 995 48 89.402
31 1404 12 64.592
32 567 25 51.835
33 225 46 64.353
34 147 5 7.143
35 1164 28 77.570
36 468 37 72.722
37 1240 27 78.503
38 1056 51 24.215
39 369 57 35.301
40 1030 3 33.054
41 252 53 0.585
42 538 9 50.920
43 391 25 87.822
44 711 46 83.083
45 1081 43 30.274
46 6 37 50.649
47 157 1 25.909
48 293 27 59.736
49 245 46 77.017
50 678 38 85.734
51 1273 20 60.102
52 1437 42 59.463
53 905 12 78.755
54 143 16 51.213
55 1047 4 64.404
56 1427 55 7.568
57 219 56 41.062
58 399 54 36.396
59 1206 29 38.206
60 1110 6 54.260
61 1219 37 89.945
62 1023 13 10.904
63 1209 13 69.810
64 543 14 51.293
65 163 31 12.854
66 124 12 36.961
67 49 3 70.159
68 842 25 73.990
69 1027 13 94.604
70 747 29 85.772
71 1155 33 35.264
72 880 13 29.527
73 1331 5 28.628
74 1185 31 50.028
75 839 7 1.471
76 764 9 20.649
77 1261 49 57.408
78 137 33 17.835
79 763 53 10.519
80 1140 2 36.389
81 267 36 58.084
82 1372 44 17.502
83 746 59 6.901
84 73 22 48.739
85 1144 6 43.821
86 890 30 52.026
87 948 26 52.380
88 739 51 96.454
89 408 17 20.336
90 300 33 43.378
91 643 45 17.380
92 674 11 33.948
93 708 14 58.781
94 611 21 20.757
95 1168 31 4.911
96 1039 46 41.303
97 1199 34 29.546
98 1252 29 21.641
99 851 27 51.837
100 521 60 46.891
101 731 23 59.289
102 1219 30 49.828
103 139 42 42.582
104 64 60 34.876
105 45 49 5.685
106 910 29 14.633
107 371 36 21.966
108 585 28 59.101
109 831 48 56.894
110 1209 56 7.869
111 1400 53 49.503
112 722 3 49.202
113 638 34 27.976
114 713 21 65.815
115 79 14 29.589
116 1092 2 70.908
117 380 50 14.465
118 55 52 38.705
119 1305 46 44.998
120 79 55 10.070
121 1368 41 53.611
122 1080 39 74.992
123 513 34 34.230
124 201 19 36.414
125 495 11 25.973
126 57 13 66.031
127 544 31 95.723
128 998 47 29.009
129 241 21 47.127
130 246 20 72.240
131 993 33 78.795
132 110 10 70.650
133 836 20 66.222
134 563 9 92.292
135 229 28 94.276
136 1258 54 67.968
137 409 57 28.421
138 1178 19 87.846
139 474 17 60.414
140 1029 19 16.492
141 956 8 73.468
142 1309 7 55.625
143 824 12 6.952
144 1037 55 5.710
145 548 13 63.362
146 314 10 31.939
147 872 30 53.148
148 243 40 45.158
149 500 7 60.083
150 846 20 42.579
151 45 22 6.524
152 805 48 34.279
153 99 13 80.568
154 347 26 52.449
155 719 4 9.518
156 1300 17 22.063
157 803 56 16.629
158 1145 56 82.411
159 367 47 64.741
160 897 5 44.900
161 686 20 94.071
162 109 54 44.564
163 1392 7 24.585
164 991 30 91.692
165 145 25 6.692
166 237 54 71.118
167 1143 47 25.089
168 260 34 47.806
169 1275 13 51.649
170 1282 23 50.774
171 1292 20 78.396
172 1181 12 53.816
173 503 47 35.999
174 594 33 17.421
175 904 59 31.344
176 1111 50 45.589
177 485 2 74.961
178 421 29 70.449
179 1302 53 57.506
180 811 25 33.051
181 588 53 0.881
182 147 7 32.149
183 173 28 24.391
184 1317 15 40.964
185 426 58 99.569
186 161 21 46.638
187 203 11 62.486
188 69 58 85.388
189 1379 13 56.676
190 1008 33 68.662
191 602 53 8.578
192 167 44 47.649
193 699 58 90.647
194 1440 15 53.087
195 823 24 47.243
196 453 24 33.894
197 978 19 4.886
198 180 9 43.808
199 693 46 66.951
200 433 28 97.293