200
1 431 7 60.513
2 313 29 64.517
3 1114 35 48.193
4 834 49 52.814
5 1402 17 30.916
6 659 31 66.994
7 1416 33 27.068
8 1388 39 97.377
9 610 35 59.052
10 993 9 28.049
11 172 33 97.608
12 133 54 44.577
13 332 8 88.039
14 1320 22 39.395
15 699 23 95.777
16 662 14 43.165
17 1161 3 1.573
18 1409 47 97.470
19 958 48 78.556
20 1070 18 86.110
21 1014 52 38.460
22 1354 28 9.096
23 1416 29 99.013
24 298 59 80.750
25 1101 42 69.590
26 1148 35 12.980
27 459 1 97.709
28 42 12 29.108
29 1001 3 0.555
30 421 59 69.369
31 197 2 96.395
32 62 10 58.206
33 1042 49 63.883
34 121 29 63.956
35 1428 40 24.377
36 1213 19 84.606
37 374 35 71.206
38 880 43 6.554
39 1165 45 80.110
40 1078 12 81.038
41 901 23 46.541
42 116 21 56.541
43 65 37 67.164
44 355 44 0.657
45 66 60 99.560
46 614 42 64.799
47 490 35 2.913
48 11 12 41.669
49 350 60 34.072
50 856 37 1.421
51 1075 22 7.587
52 1187 8 26.173
53 550 60 17.999
54 1283 45 81.701
55 899 24 31.724
56 1114 15 20.464
57 954 59 33.641
58 356 48 76.992
59 46 39 73.445
60 172 17 60.492
61 266 54 39.245
62 1028 6 17.734
63 1408 46 28.808
64 173 56 24.303
65 893 39 8.130
66 412 23 72.366
67 576 19 73.576
68 1034 19 5.901
69 491 51 34.504
70 431 40 89.304
71 1433 30 11.742
72 126 22 94.704
73 1355 43 53.699
74 196 45 59.801
75 1010 10 53.074
76 416 59 4.450
77 985 26 30.454
78 471 24 62.842
79 458 18 55.008
80 132 21 59.613
81 60 27 70.425
82 1077 22 90.811
83 543 50 9.143
84 334 9 17.282
85 293 13 38.437
86 334 38 72.548
87 371 6 8.542
88 465 2 63.515
89 809 3 12.722
90 1058 33 47.330
91 871 10 67.419
92 36 44 29.123
93 293 7 39.848
94 991 31 51.203
95 9 44 31.914
96 1362 48 0.871
97 109 43 67.814
98 726 36 39.996
99 1160 48 35.147
100 552 20 73.014
101 517 28 10.638
102 1411 8 34.795
103 1148 46 34.917
104 678 12 83.710
105 336 27 48.438
106 1035 38 89.809
107 1045 14 2.948
108 951 50 46.952
109 498 45 78.049
110 712 16 8.322
111 723 55 35.224
112 536 9 17.189
113 1006 59 45.284
114 1075 15 93.451
115 1175 22 87.164
116 410 6 7.584
117 1180 5 89.098
118 343 21 7.636
119 238 40 43.826
120 197 3 8.430
121 479 56 3.139
122 1236 40 26.772
123 358 43 40.675
124 1309 17 60.959
125 67 26 66.787
126 532 14 86.308
127 1079 47 72.001
128 907 44 13.321
129 517 8 3.860
130 306 36 35.265
131 570 53 6.551
132 113 56 25.486
133 364 16 83.018
134 73 51 35.510
135 486 19 11.964
136 655 27 82.308
137 746 27 22.840
138 1231 4 77.637
139 562 8 64.273
140 87 33 16.699
141 238 51 82.049
142 474 16 48.209
143 716 25 67.672
144 713 21 0.443
145 938 55 28.249
146 1103 24 2.263
147 1440 53 71.420
148 169 50 79.763
149 872 33 36.316
150 139 9 62.300
151 123 29 47.674
152 1074 37 75.270
153 892 30 9.164
154 887 21 60.914
155 766 53 4.281
156 1427 38 2.326
157 1054 53 68.853
158 412 17 7.324
159 143 29 36.286
160 1292 57 95.857
161 198 60 99.227
162 1418 12 11.400
163 400 38 39.022
164 446 1 0.222
165 1130 36 19.178
166 548 51 83.400
167 517 53 22.188
168 684 24 77.276
169 997 18 51.694
170 1134 25 30.872
171 838 3 90.119
172 683 24 0.316
173 151 33 2.228
174 103 47 63.994
175 1158 5 31.855
176 821 58 19.409
177 439 56 50.669
178 1007 28 37.726
179 509 57 60.761
180 738 9 4.248
181 300 20 38.468
182 1051 23 42.681
183 279 13 49.497
184 75 22 21.552
185 921 23 76.930
186 23 4 62.717
187 250 12 99.067
188 61 29 32.820
189 645 32 7.792
190 628 34 73.597
191 241 22 46.248
192 915 39 22.455
193 898 17 24.321
194 1100 14 11.239
195 881 52 3.179
196 348 55 30.639
197 304 16 47.960
198 1113 51 10.120
199 533 35 23.538
200 127 6 57.745