200
1 321 7 98.993
2 14 15 15.630
3 701 53 73.371
4 385 1 14.241
5 854 50 30.858
6 572 38 56.042
7 1268 45 5.366
8 1425 29 53.701
9 549 42 40.035
10 229 30 95.213
11 1347 45 61.466
12 625 29 46.381
13 646 8 40.587
14 1238 57 43.834
15 1031 28 97.638
16 14 22 10.595
17 26 50 59.731
18 297 5 3.093
19 567 43 13.361
20 1335 7 53.079
21 1373 48 87.950
22 672 47 26.369
23 1238 18 76.405
24 1296 54 64.333
25 811 60 54.907
26 1145 3 66.115
27 36 24 89.032
28 720 24 52.586
29 1112 31 75.578
30 518 28 85.792
31 447 10 61.539
32 1398 29 20.647
33 981 16 30.608
34 1332 11 50.949
35 1213 60 82.883
36 915 13 57.705
37 779 45 54.411
38 1288 10 81.673
39 383 31 4.876
40 777 58 9.063
41 788 46 58.533
42 941 45 50.612
43 148 12 28.327
44 1291 48 83.108
45 958 58 57.906
46 844 10 43.555
47 1263 57 77.151
48 225 51 1.305
49 597 6 14.353
50 645 49 10.644
51 755 2 7.495
52 1386 2 6.074
53 855 53 61.004
54 1373 52 86.211
55 1427 60 98.116
56 933 23 64.023
57 17 39 32.679
58 872 24 14.902
59 1073 31 80.253
60 509 27 3.940
61 1100 59 99.650
62 898 22 10.740
63 966 5 48.517
64 1193 37 0.867
65 821 18 90.319
66 108 38 14.508
67 1313 17 10.884
68 651 23 34.631
69 1123 17 39.386
70 694 40 15.106
71 1032 45 53.415
72 1395 24 78.290
73 820 36 6.216
74 653 21 25.673
75 894 32 49.899
76 1173 30 49.747
77 1164 53 41.283
78 577 52 48.689
79 374 42 11.295
80 392 17 10.061
81 549 46 11.239
82 600 31 26.983
83 1132 51 65.182
84 727 41 60.743
85 364 43 58.098
86 1369 47 55.771
87 32 56 95.641
88 330 2 83.949
89 1186 51 96.527
90 592 5 23.621
91 422 12 48.666
92 1132 42 61.868
93 659 45 97.339
94 1109 51 89.718
95 1318 47 86.163
96 735 46 21.540
97 372 17 61.950
98 107 22 33.359
99 22 51 7.458
100 959 5 84.000
101 602 13 89.704
102 745 29 86.485
103 1269 54 40.944
104 1297 9 39.656
105 451 54 62.248
106 885 60 61.986
107 543 18 89.570
108 905 10 26.160
109 768 9 44.448
110 1325 7 83.308
111 1376 17 79.888
112 571 13 49.319
113 729 41 27.999
114 290 44 0.641
115 586 37 94.248
116 685 12 45.383
117 242 24 22.794
118 1386 12 81.728
119 914 58 23.585
120 693 53 34.947
121 683 9 96.185
122 146 25 47.130
123 8 59 91.925
124 1373 1 44.669
125 609 32 63.631
126 1263 44 80.664
127 1003 36 84.774
128 1330 8 21.957
129 228 55 69.377
130 452 44 87.768
131 457 14 84.934
132 289 43 79.971
133 1285 55 68.886
134 277 16 82.943
135 333 50 23.058
136 410 34 28.277
137 1001 31 86.095
138 369 7 95.154
139 181 25 87.964
140 64 10 69.452
141 1103 16 12.539
142 197 14 84.480
143 906 60 63.767
144 943 34 92.680
145 811 22 48.897
146 933 50 23.299
147 822 30 66.054
148 977 17 93.597
149 724 6 11.606
150 11 30 52.756
151 1319 59 35.472
152 1313 39 19.924
153 1144 28 9.439
154 468 44 95.462
155 375 5 55.840
156 546 44 9.003
157 570 31 78.796
158 1200 48 63.823
159 1400 17 8.549
160 897 23 37.533
161 442 17 45.827
162 804 32 24.804
163 1158 27 42.011
164 547 59 32.221
165 1095 10 10.899
166 1107 18 85.160
167 572 17 12.688
168 56 43 60.468
169 59 31 33.329
170 433 33 91.130
171 836 3 32.786
172 889 42 86.500
173 418 20 1.291
174 409 51 20.103
175 737 31 19.622
176 823 11 66.187
177 725 54 76.699
178 1018 18 47.767
179 182 23 96.306
180 850 24 60.163
181 335 15 65.340
182 1144 54 94.492
183 1437 39 93.059
184 710 3 70.933
185 42 26 8.588
186 482 44 99.222
187 860 55 28.929
188 37 42 71.221
189 46 32 19.652
190 379 25 83.679
191 88 42 83.938
192 832 32 27.963
193 1014 7 97.754
194 1280 45 40.826
195 524 22 83.246
196 663 53 10.096
197 23 51 64.064
198 1021 6 30.066
199 547 1 96.379
200 787 45 66.122