200
1 1185 49 73.465
2 541 10 95.370
3 1111 7 48.840
4 918 15 69.714
5 420 59 14.088
6 1179 18 66.463
7 1025 13 4.155
8 246 25 78.173
9 190 28 34.602
10 620 33 47.039
11 68 52 57.332
12 1422 57 63.792
13 515 57 93.449
14 437 32 88.364
15 1204 49 78.384
16 187 51 72.249
17 1341 32 80.314
18 647 1 88.180
19 1028 20 86.212
20 1101 17 50.024
21 745 45 63.630
22 593 48 14.765
23 1433 33 99.042
24 44 56 54.130
25 1335 31 33.009
26 1152 2 88.785
27 491 45 3.525
28 1086 18 93.148
29 1261 5 19.926
30 1060 26 38.108
31 273 59 93.758
32 1409 53 59.234
33 853 31 47.156
34 542 9 35.676
35 452 22 12.883
36 789 2 49.056
37 923 14 28.675
38 490 49 32.233
39 1344 48 43.583
40 499 22 95.712
41 1333 21 90.725
42 628 36 84.408
43 412 55 16.656
44 451 41 52.845
45 97 3 47.748
46 931 54 52.097
47 659 7 23.569
48 21 4 43.663
49 437 15 85.566
50 1257 50 94.999
51 1407 5 77.841
52 1130 52 91.087
53 139 14 53.923
54 45 5 94.743
55 1403 40 45.048
56 11 45 80.191
57 198 6 59.784
58 177 54 97.381
59 1348 14 76.158
60 550 8 36.997
61 1183 24 52.118
62 728 39 21.513
63 832 29 1.328
64 926 18 97.833
65 1126 50 12.979
66 731 43 98.735
67 577 41 54.954
68 780 53 83.161
69 568 28 0.453
70 82 56 74.406
71 846 20 88.936
72 1297 40 25.035
73 787 19 90.438
74 1033 59 47.502
75 550 42 22.807
76 1324 56 22.441
77 1279 31 22.781
78 259 9 27.851
79 424 40 79.475
80 258 32 21.237
81 485 38 48.977
82 974 57 16.897
83 70 46 82.159
84 1026 17 13.707
85 732 13 93.786
86 865 58 3.754
87 828 20 18.399
88 7 48 39.079
89 1344 24 65.780
90 1018 36 16.644
91 749 59 32.750
92 1390 30 46.098
93 1010 24 78.243
94 1314 46 84.276
95 170 58 29.940
96 1347 19 66.100
97 835 28 73.949
98 654 19 6.167
99 1229 57 39.498
100 1099 31 1.945
101 1222 6 61.049
102 593 6 58.849
103 246 44 28.222
104 161 39 39.560
105 1198 48 71.084
106 735 43 2.889
107 1385 18 36.832
108 1051 23 50.338
109 701 4 15.317
110 535 60 94.345
111 450 10 50.904
112 1205 44 12.867
113 1183 13 46.557
114 328 12 61.798
115 251 8 38.724
116 146 52 97.530
117 158 44 45.473
118 715 23 62.655
119 69 24 55.391
120 924 36 2.635
121 414 5 94.810
122 448 11 66.781
123 1018 22 7.393
124 1368 32 68.818
125 2 16 51.184
126 478 23 8.709
127 823 52 64.296
128 542 50 56.606
129 296 28 98.046
130 521 10 54.051
131 1366 46 37.851
132 985 44 35.605
133 443 57 85.708
134 693 40 20.591
135 1019 57 59.966
136 734 29 33.289
137 169 1 72.557
138 1213 8 10.864
139 739 44 81.375
140 321 1 18.882
141 516 32 18.511
142 398 54 59.092
143 1076 12 79.299
144 15 6 41.639
145 749 49 76.330
146 220 36 73.941
147 666 22 19.050
148 390 4 47.099
149 1162 36 24.494
150 674 20 39.684
151 125 15 52.930
152 1258 50 21.088
153 455 30 51.993
154 253 60 29.199
155 897 6 98.351
156 135 1 97.328
157 742 33 96.454
158 1256 21 37.521
159 1386 17 78.300
160 986 13 82.465
161 742 14 84.454
162 20 40 27.696
163 623 49 71.506
164 743 55 31.041
165 994 30 74.731
166 50 38 83.673
167 412 58 73.463
168 783 47 14.137
169 225 28 14.490
170 1199 28 60.366
171 606 26 21.926
172 616 37 18.194
173 843 60 66.708
174 1079 17 89.412
175 1065 44 58.992
176 169 37 30.544
177 133 33 58.036
178 1435 42 23.991
179 1156 5 64.018
180 1415 3 86.362
181 866 34 84.499
182 808 52 55.281
183 515 5 62.766
184 888 38 91.723
185 850 28 65.492
186 760 34 69.168
187 256 14 82.356
188 1286 46 0.952
189 810 36 63.082
190 164 47 36.730
191 495 1 8.746
192 79 12 31.304
193 260 48 71.534
194 794 31 60.268
195 993 9 20.633
196 867 54 67.582
197 1171 15 18.264
198 1209 6 79.115
199 1320 52 32.961
200 216 32 86.163