200
1 351 17 30.273
2 216 9 20.909
3 471 10 22.501
4 87 50 70.573
5 146 21 96.393
6 434 13 0.351
7 885 51 27.546
8 81 34 78.851
9 1149 51 0.672
10 897 44 3.994
11 403 60 4.414
12 315 47 9.423
13 1041 26 47.564
14 760 46 65.463
15 98 37 93.225
16 699 47 48.630
17 552 4 95.866
18 563 28 70.077
19 15 26 19.868
20 121 14 87.858
21 39 20 15.294
22 8 39 68.079
23 1278 31 80.281
24 1061 2 38.075
25 1307 45 16.974
26 1053 18 32.822
27 40 3 13.617
28 115 42 6.369
29 193 57 18.974
30 698 31 8.005
31 1141 53 29.715
32 936 28 4.366
33 1238 37 18.860
34 194 16 46.188
35 339 1 94.825
36 77 53 52.606
37 1389 25 43.350
38 1072 13 70.151
39 189 45 14.231
40 814 7 68.434
41 1339 34 97.756
42 1397 3 68.569
43 784 4 95.425
44 1379 12 40.201
45 960 41 5.060
46 485 47 92.477
47 374 52 92.116
48 1308 21 22.984
49 281 43 40.076
50 397 18 52.639
51 594 49 34.126
52 1296 4 89.765
53 952 59 52.423
54 459 58 99.179
55 751 28 12.146
56 325 49 8.229
57 1263 10 10.702
58 15 2 31.339
59 244 44 17.127
60 927 19 2.672
61 328 16 91.060
62 930 52 7.417
63 547 46 4.582
64 1159 39 63.491
65 1038 46 11.825
66 809 8 72.162
67 675 8 65.821
68 372 18 6.657
69 172 40 70.540
70 141 36 83.242
71 637 34 89.461
72 12 56 90.325
73 1099 35 15.411
74 1220 15 71.939
75 1433 2 71.954
76 449 38 87.086
77 1261 44 32.744
78 553 13 68.890
79 596 26 63.537
80 196 15 2.506
81 211 13 59.363
82 1278 22 60.434
83 559 25 3.122
84 1274 35 76.888
85 465 37 71.982
86 228 19 71.968
87 1305 29 12.886
88 317 58 21.759
89 1011 23 50.373
90 608 22 36.881
91 672 31 35.235
92 995 8 92.443
93 753 12 21.695
94 824 56 76.048
95 1076 21 73.158
96 1257 60 86.928
97 662 24 28.823
98 747 55 62.034
99 900 2 17.044
100 832 43 38.650
101 87 8 79.449
102 747 15 5.692
103 219 25 87.712
104 627 9 52.882
105 536 8 25.110
106 686 36 50.483
107 612 23 6.785
108 901 11 55.571
109 853 44 67.811
110 1005 41 72.235
111 132 33 67.138
112 545 25 84.077
113 353 36 56.468
114 440 26 90.398
115 1150 49 1.238
116 716 43 94.967
117 1236 50 85.869
118 988 4 67.670
119 1424 3 98.243
120 40 31 87.749
121 802 35 97.934
122 1201 39 52.238
123 1095 41 84.886
124 806 37 27.501
125 377 43 15.453
126 765 43 37.559
127 331 31 46.633
128 1340 52 19.177
129 481 29 75.717
130 864 1 89.915
131 1207 31 72.291
132 370 50 28.366
133 216 11 60.350
134 125 18 12.673
135 722 32 23.329
136 786 39 52.938
137 556 54 46.921
138 1359 13 83.224
139 259 23 25.195
140 1252 46 64.957
141 370 15 58.573
142 408 20 51.850
143 140 27 3.027
144 530 37 59.380
145 542 36 60.158
146 186 14 6.043
147 269 32 85.920
148 513 18 71.197
149 668 33 27.488
150 22 44 74.893
151 208 57 56.698
152 534 31 98.295
153 1146 6 13.985
154 1030 46 74.279
155 1261 43 57.544
156 984 35 72.500
157 165 45 8.120
158 1091 59 48.615
159 1102 23 42.482
160 1337 51 71.190
161 524 32 6.281
162 379 36 56.922
163 474 17 41.758
164 60 35 85.686
165 381 49 86.949
166 614 10 96.673
167 203 56 43.765
168 529 24 19.267
169 1402 10 86.384
170 887 51 89.632
171 1373 20 52.670
172 480 51 80.234
173 496 45 38.207
174 885 60 6.362
175 255 53 30.665
176 43 6 68.534
177 294 18 82.315
178 906 14 30.439
179 1205 33 5.213
180 616 20 66.929
181 286 55 61.211
182 165 9 25.167
183 1178 24 15.545
184 1061 38 74.550
185 1064 31 51.331
186 1241 35 32.574
187 67 57 1.545
188 721 56 37.882
189 249 22 38.548
190 489 26 72.455
191 879 38 8.225
192 425 3 12.675
193 1390 55 79.849
194 665 22 63.433
195 1075 27 84.410
196 1032 6 41.234
197 876 2 59.066
198 760 17 48.708
199 501 40 65.716
200 140 19 7.875