200
1 483 56 93.622
2 973 10 0.996
3 339 3 93.872
4 743 43 44.343
5 605 58 32.421
6 1054 7 12.802
7 417 15 97.845
8 22 27 31.296
9 678 37 86.586
10 549 6 47.005
11 1182 52 61.729
12 171 27 81.966
13 763 2 12.141
14 1170 16 96.832
15 1016 53 85.443
16 793 17 60.996
17 786 16 90.506
18 675 26 33.749
19 205 14 58.651
20 931 5 38.137
21 928 39 67.409
22 1236 32 40.207
23 407 56 98.038
24 208 58 16.092
25 876 44 12.022
26 61 15 24.274
27 214 10 66.047
28 923 46 48.283
29 77 40 7.438
30 969 45 86.164
31 928 51 21.528
32 584 29 50.410
33 1034 30 99.184
34 11 38 68.950
35 914 57 16.779
36 57 38 12.382
37 709 10 94.027
38 1140 6 17.083
39 539 15 40.053
40 137 33 43.799
41 656 38 38.906
42 325 29 71.128
43 380 53 30.820
44 963 53 78.097
45 90 33 16.321
46 576 50 43.062
47 887 32 72.666
48 921 3 54.397
49 1099 60 88.831
50 32 45 79.995
51 1420 21 30.526
52 1419 12 84.530
53 1088 8 52.111
54 29 56 17.665
55 477 56 81.468
56 443 13 97.732
57 534 60 1.448
58 685 29 95.386
59 292 40 78.074
60 810 38 36.323
61 1105 30 90.021
62 149 51 7.804
63 369 55 68.186
64 1040 34 38.687
65 1028 44 40.319
66 1051 36 79.525
67 306 1 13.922
68 1233 52 76.675
69 490 23 66.283
70 849 22 53.619
71 945 30 70.735
72 785 55 55.470
73 566 39 73.931
74 294 51 88.368
75 296 8 16.180
76 124 15 71.421
77 404 1 18.167
78 916 48 68.177
79 701 20 26.977
80 159 52 53.403
81 335 37 17.081
82 798 42 50.494
83 486 35 22.039
84 85 16 44.385
85 645 45 18.938
86 827 22 21.942
87 1158 52 12.174
88 1207 4 48.756
89 861 6 35.504
90 94 39 20.002
91 109 42 62.655
92 1377 16 96.244
93 933 32 22.674
94 146 44 80.243
95 1082 30 86.637
96 1275 58 10.736
97 825 46 16.865
98 491 36 51.126
99 366 2 89.603
100 338 19 42.123
101 547 50 76.711
102 343 43 29.240
103 773 28 18.399
104 560 55 82.202
105 812 50 35.876
106 225 36 96.139
107 716 34 81.737
108 1387 32 35.210
109 773 24 22.175
110 385 33 43.210
111 198 9 59.052
112 104 17 38.534
113 192 31 11.423
114 407 45 32.962
115 661 40 56.275
116 989 5 63.596
117 1244 50 98.417
118 420 45 5.867
119 248 13 22.444
120 839 52 81.147
121 67 52 43.858
122 492 19 77.809
123 716 29 13.297
124 475 25 67.541
125 585 59 57.814
126 370 26 33.681
127 732 7 27.663
128 1209 13 7.815
129 1303 1 4.338
130 49 56 91.785
131 431 45 77.359
132 251 22 36.478
133 815 32 64.673
134 595 50 13.574
135 1177 53 74.053
136 197 3 41.840
137 983 2 83.080
138 725 11 95.245
139 1110 53 42.602
140 916 46 24.711
141 1038 45 52.877
142 364 25 35.257
143 272 54 96.505
144 432 35 8.220
145 1280 25 91.707
146 935 29 32.022
147 127 44 75.911
148 1149 37 75.907
149 1284 60 84.627
150 617 47 96.542
151 353 26 35.000
152 1246 4 19.344
153 481 4 28.743
154 1090 58 74.656
155 938 13 10.041
156 702 42 30.310
157 1049 36 18.018
158 564 9 84.338
159 1198 15 95.777
160 1125 5 67.778
161 468 15 57.947
162 792 32 2.242
163 512 29 29.922
164 328 57 34.374
165 1201 59 20.280
166 1061 36 19.415
167 106 59 61.709
168 970 52 30.528
169 18 56 49.486
170 240 59 69.944
171 387 7 2.744
172 1209 7 84.888
173 1076 53 14.855
174 329 47 65.473
175 604 19 3.427
176 20 51 99.699
177 244 44 59.376
178 414 3 88.122
179 76 18 54.200
180 394 48 89.462
181 912 21 20.649
182 1304 34 89.035
183 1299 12 51.034
184 992 15 88.852
185 763 20 13.262
186 1363 9 11.512
187 1376 9 64.706
188 351 11 17.779
189 931 37 70.660
190 709 42 4.245
191 488 13 24.995
192 1164 6 28.845
193 148 55 97.029
194 465 29 95.157
195 1435 19 82.314
196 229 40 43.869
197 409 9 53.821
198 1364 51 44.168
199 458 36 18.086
200 1333 55 9.847