200
1 1204 19 56.490
2 1193 55 6.200
3 753 34 51.264
4 1085 12 90.547
5 987 18 61.349
6 177 1 48.729
7 464 30 63.510
8 846 11 12.374
9 404 56 64.419
10 762 53 52.175
11 460 58 18.944
12 53 57 47.220
13 978 49 13.122
14 1017 39 73.382
15 617 5 73.066
16 373 39 59.411
17 116 27 70.088
18 1061 10 76.869
19 1296 58 69.120
20 638 35 73.146
21 650 55 7.809
22 754 37 80.745
23 847 44 56.633
24 54 60 56.269
25 467 28 69.444
26 80 33 69.909
27 743 1 47.705
28 319 4 72.785
29 765 48 8.153
30 1398 38 52.990
31 323 35 12.939
32 126 38 85.746
33 1068 58 79.337
34 909 10 22.851
35 11 48 80.646
36 520 17 90.728
37 1116 59 79.216
38 1229 24 71.309
39 1396 30 53.200
40 902 52 40.851
41 912 40 88.608
42 132 3 57.200
43 290 37 0.218
44 1016 31 40.726
45 898 24 35.787
46 160 49 85.741
47 1382 24 16.451
48 622 39 61.360
49 699 58 97.168
50 139 6 20.915
51 642 5 32.120
52 1373 51 79.763
53 348 30 85.784
54 1351 48 61.019
55 1345 28 32.570
56 814 50 93.130
57 1156 12 45.992
58 166 2 31.767
59 1177 38 72.221
60 1350 19 80.206
61 1073 46 95.603
62 391 13 60.397
63 1279 37 96.230
64 58 15 30.209
65 1304 37 30.171
66 12 40 85.865
67 1432 51 23.935
68 52 53 1.883
69 1430 8 48.117
70 127 52 49.088
71 882 56 4.243
72 684 40 77.293
73 1371 29 46.313
74 1004 12 65.212
75 247 35 15.179
76 1042 32 24.271
77 299 60 38.911
78 1049 6 73.664
79 71 4 15.995
80 1121 60 16.976
81 1088 48 6.952
82 434 56 66.752
83 1312 40 82.158
84 137 7 47.261
85 640 59 78.770
86 1412 35 54.534
87 770 35 37.086
88 1313 9 62.891
89 471 35 36.388
90 776 23 95.975
91 1401 26 19.429
92 568 30 91.846
93 446 18 82.692
94 99 44 15.261
95 1369 17 91.834
96 1365 39 14.306
97 1319 33 59.781
98 371 8 52.359
99 662 24 70.944
100 600 35 3.056
101 792 14 16.450
102 28 21 92.520
103 745 47 36.360
104 287 1 23.296
105 1236 2 17.354
106 1301 23 49.965
107 282 9 57.219
108 1146 57 87.543
109 343 31 76.798
110 1017 57 20.463
111 695 45 55.906
112 415 7 66.847
113 25 46 61.220
114 905 50 16.371
115 253 11 23.111
116 1118 29 81.597
117 364 43 73.811
118 178 51 44.194
119 233 43 62.269
120 134 22 45.677
121 117 52 72.106
122 743 44 59.053
123 1426 27 60.336
124 1062 17 59.797
125 636 10 99.546
126 1177 29 36.143
127 890 2 3.430
128 1336 29 27.003
129 211 14 0.089
130 770 22 56.016
131 1426 40 52.301
132 1150 38 51.723
133 383 43 32.934
134 874 32 21.974
135 1385 23 51.973
136 801 59 53.262
137 804 13 29.014
138 1198 27 85.391
139 442 60 38.442
140 444 14 70.937
141 1232 11 72.218
142 178 7 8.308
143 1354 20 49.667
144 500 30 42.269
145 1060 27 67.584
146 1027 3 43.811
147 1196 3 36.788
148 1336 29 69.036
149 540 16 79.187
150 962 60 21.720
151 425 25 12.017
152 540 44 38.462
153 728 15 71.235
154 605 29 11.322
155 1144 31 49.123
156 264 8 41.200
157 808 23 91.893
158 758 55 21.004
159 311 7 22.658
160 1175 35 52.929
161 1176 14 21.498
162 216 46 30.344
163 683 11 66.051
164 756 23 91.656
165 1213 9 9.277
166 1425 1 68.386
167 908 34 99.162
168 308 47 3.685
169 1061 43 86.045
170 163 25 62.259
171 111 20 48.744
172 933 5 6.851
173 340 21 47.916
174 1148 14 47.195
175 1161 51 66.532
176 345 30 98.017
177 1202 23 34.199
178 346 41 53.960
179 630 52 90.226
180 1394 15 26.461
181 1015 28 8.141
182 648 46 25.144
183 499 47 26.927
184 552 25 19.109
185 1303 53 98.869
186 521 38 16.773
187 328 35 54.964
188 1432 36 89.869
189 160 27 26.053
190 203 47 33.038
191 1134 21 5.578
192 1218 57 61.941
193 1382 52 86.976
194 586 44 83.861
195 878 51 36.944
196 1303 51 94.559
197 772 47 6.109
198 223 13 90.528
199 326 32 17.569
200 680 26 39.630