200
1 139 31 33.222
2 157 5 50.695
3 537 40 11.371
4 1020 44 63.540
5 172 4 36.582
6 679 7 67.375
7 827 46 44.337
8 868 13 75.740
9 1439 21 26.315
10 1173 38 98.147
11 1224 14 10.447
12 577 49 46.361
13 1385 30 47.291
14 382 55 25.575
15 696 3 16.232
16 775 60 84.662
17 522 40 78.923
18 1261 30 14.035
19 600 11 21.983
20 723 22 7.235
21 827 13 98.470
22 1020 2 21.041
23 778 57 85.437
24 713 27 5.234
25 1370 56 88.474
26 730 32 6.511
27 460 2 27.197
28 966 53 33.226
29 755 3 2.534
30 309 57 81.974
31 1227 35 39.131
32 109 6 4.407
33 375 48 2.212
34 968 47 21.801
35 1073 42 7.075
36 652 5 40.319
37 70 7 25.318
38 769 6 9.805
39 275 2 18.082
40 59 33 11.863
41 762 34 66.470
42 17 40 63.989
43 595 34 46.373
44 168 59 48.773
45 851 43 56.098
46 411 27 35.811
47 330 47 70.617
48 620 10 10.327
49 477 59 94.386
50 912 47 61.825
51 333 42 63.679
52 1035 60 3.883
53 424 47 60.785
54 714 11 64.480
55 826 15 78.769
56 487 16 6.647
57 267 31 56.853
58 389 54 5.276
59 1245 51 53.565
60 1282 21 98.392
61 542 57 99.897
62 1046 56 1.607
63 155 31 29.854
64 1120 24 49.474
65 454 4 30.562
66 647 54 72.340
67 405 13 76.909
68 1264 25 18.197
69 828 15 49.358
70 150 2 34.557
71 1433 60 10.516
72 325 40 30.119
73 626 2 81.121
74 141 57 63.293
75 797 51 58.579
76 976 59 89.800
77 876 43 76.736
78 576 49 48.772
79 54 44 11.488
80 214 38 33.136
81 742 46 69.542
82 26 3 92.238
83 954 12 29.475
84 752 49 3.443
85 926 35 37.046
86 102 5 40.036
87 1119 44 19.033
88 975 60 18.070
89 7 9 15.910
90 697 34 96.148
91 235 32 36.171
92 1366 24 60.052
93 250 22 7.347
94 343 47 38.490
95 1386 51 36.802
96 496 7 1.442
97 1419 51 13.414
98 178 25 14.583
99 3 29 71.666
100 326 38 22.134
101 1296 37 66.189
102 920 54 49.844
103 999 14 68.691
104 1133 31 19.582
105 816 48 67.935
106 862 24 91.561
107 1091 40 83.194
108 672 41 74.704
109 164 5 6.186
110 33 19 39.001
111 1014 30 75.221
112 664 14 94.841
113 139 35 35.191
114 741 22 1.196
115 500 60 40.650
116 50 26 78.220
117 958 30 77.633
118 584 2 63.291
119 1027 3 44.764
120 1198 5 1.302
121 671 41 64.825
122 372 55 15.354
123 921 15 36.979
124 486 21 16.014
125 593 39 80.384
126 372 14 24.116
127 1374 7 38.448
128 656 25 97.304
129 497 56 65.164
130 279 17 91.349
131 59 8 59.158
132 362 43 49.289
133 1212 40 48.073
134 1329 49 86.802
135 416 33 32.317
136 653 44 52.692
137 365 3 22.251
138 76 43 39.105
139 360 39 49.201
140 786 48 50.743
141 1178 13 70.347
142 391 58 94.289
143 175 53 23.428
144 1244 35 21.156
145 224 12 21.422
146 1001 44 21.499
147 1174 15 22.848
148 1085 52 32.107
149 761 4 10.872
150 414 27 83.166
151 972 52 89.468
152 627 10 94.876
153 1361 10 55.857
154 1090 14 69.805
155 817 26 67.285
156 1042 59 17.574
157 1153 58 83.767
158 297 3 33.296
159 264 23 8.263
160 924 23 55.398
161 1177 16 15.084
162 1371 11 92.508
163 987 17 11.475
164 739 50 46.394
165 1336 41 60.011
166 1123 3 89.789
167 167 10 4.831
168 620 11 53.037
169 212 46 88.843
170 747 7 57.947
171 349 6 56.194
172 594 44 9.313
173 583 4 36.329
174 1308 2 72.271
175 454 51 67.539
176 1028 21 33.735
177 771 40 85.722
178 737 26 30.596
179 1413 37 15.325
180 541 8 28.189
181 361 21 61.694
182 906 33 48.778
183 407 45 68.152
184 923 5 26.156
185 2 2 14.269
186 659 8 51.511
187 538 2 79.822
188 698 1 98.647
189 1294 23 79.455
190 153 14 3.884
191 566 14 65.687
192 954 31 48.347
193 1397 20 18.152
194 670 33 97.568
195 963 6 25.175
196 952 47 81.102
197 1035 19 53.453
198 1246 12 69.563
199 302 14 38.011
200 431 5 87.774