200
1 993 39 79.911
2 153 33 62.745
3 1187 50 26.393
4 725 10 38.410
5 1426 40 6.667
6 603 33 7.952
7 166 44 71.714
8 410 11 62.469
9 495 55 85.289
10 1204 2 29.678
11 131 51 98.904
12 1096 6 4.004
13 1029 38 61.386
14 491 25 1.553
15 1343 19 81.906
16 1 12 70.634
17 43 39 33.504
18 226 16 49.902
19 1290 35 12.159
20 743 47 6.058
21 248 17 53.869
22 132 36 21.137
23 1211 36 81.577
24 603 38 26.200
25 680 12 42.890
26 1000 57 50.371
27 281 18 63.627
28 146 57 67.099
29 574 8 3.383
30 809 47 41.591
31 1200 24 50.763
32 163 51 32.686
33 695 50 27.006
34 553 1 6.073
35 1428 10 51.644
36 242 36 20.954
37 114 4 60.226
38 878 34 79.612
39 656 19 71.249
40 710 40 15.563
41 1002 17 66.445
42 357 7 94.475
43 695 21 17.084
44 1090 34 35.523
45 481 16 45.403
46 517 4 78.686
47 563 37 63.857
48 1164 4 29.098
49 414 38 82.999
50 397 45 42.475
51 903 24 3.392
52 179 49 34.308
53 42 60 61.958
54 642 27 88.285
55 1184 21 50.606
56 353 5 50.197
57 63 38 38.865
58 1210 18 30.120
59 1036 56 2.019
60 1187 53 59.920
61 1082 5 99.436
62 274 20 67.190
63 12 57 11.797
64 253 50 85.843
65 1218 18 87.957
66 36 58 12.593
67 924 27 17.093
68 275 45 68.242
69 1425 50 27.792
70 1137 29 84.642
71 1174 4 97.075
72 1285 54 37.809
73 781 55 57.234
74 725 13 38.790
75 883 52 98.387
76 573 14 8.620
77 411 38 6.322
78 1134 39 61.603
79 391 48 44.570
80 569 19 62.397
81 139 33 86.232
82 1043 31 4.785
83 835 8 68.138
84 670 50 68.813
85 520 59 98.139
86 542 50 38.047
87 181 7 99.745
88 60 49 35.151
89 154 58 62.085
90 164 12 29.078
91 334 26 15.683
92 779 40 83.747
93 1243 42 84.041
94 92 35 63.106
95 939 14 51.102
96 30 39 58.964
97 466 21 10.812
98 189 14 25.913
99 583 60 86.600
100 1022 10 81.194
101 83 33 6.559
102 923 32 38.671
103 364 8 33.202
104 546 49 59.184
105 349 16 90.556
106 1308 25 33.487
107 1251 45 37.828
108 1102 6 37.727
109 1126 24 23.265
110 548 46 55.300
111 873 32 44.265
112 729 50 15.519
113 237 51 58.041
114 98 39 80.754
115 471 47 10.765
116 1202 21 25.496
117 1363 16 58.699
118 745 4 58.811
119 181 10 37.526
120 775 20 71.509
121 1005 50 89.468
122 162 45 24.935
123 167 17 36.167
124 1123 21 20.093
125 1019 17 8.448
126 809 2 57.931
127 1399 51 2.399
128 999 37 32.306
129 1420 39 12.606
130 357 56 26.665
131 1043 41 38.846
132 907 29 33.335
133 1422 12 56.124
134 214 1 44.437
135 292 39 74.348
136 1088 7 19.287
137 320 30 29.469
138 982 50 71.575
139 711 22 49.031
140 1376 12 79.707
141 110 17 49.490
142 676 47 73.706
143 307 34 23.407
144 393 1 59.518
145 694 57 54.840
146 1060 37 86.915
147 1412 34 15.660
148 570 16 68.250
149 1391 60 17.856
150 1170 39 1.847
151 323 60 92.338
152 409 47 74.665
153 245 22 99.430
154 473 28 24.226
155 482 28 53.922
156 1039 10 68.418
157 615 50 9.514
158 1387 24 76.743
159 329 23 40.436
160 773 58 30.729
161 1370 21 84.126
162 172 26 80.171
163 1336 50 40.681
164 695 44 46.928
165 185 1 59.638
166 689 26 53.887
167 1219 26 76.653
168 1079 7 21.993
169 585 21 54.976
170 977 58 14.052
171 368 52 94.434
172 472 57 21.484
173 115 4 96.711
174 1168 19 78.323
175 542 8 5.862
176 45 60 96.255
177 309 21 8.779
178 789 52 89.054
179 397 31 50.682
180 401 14 61.117
181 756 59 66.922
182 173 54 61.767
183 1315 29 44.944
184 596 45 2.279
185 780 29 68.361
186 51 40 79.767
187 659 3 3.976
188 1225 20 87.719
189 599 15 1.167
190 250 42 96.858
191 272 25 83.269
192 1349 40 12.835
193 131 39 74.919
194 1365 31 92.771
195 70 45 95.617
196 638 13 38.053
197 9 52 4.677
198 1154 20 79.741
199 665 31 24.266
200 369 13 70.588