200
1 1361 20 22.072
2 445 5 93.019
3 766 54 26.744
4 522 34 26.874
5 480 55 87.403
6 695 26 93.845
7 536 45 32.527
8 842 50 52.533
9 1167 50 82.021
10 710 25 35.537
11 1026 14 51.531
12 926 32 4.363
13 716 36 41.717
14 88 48 8.044
15 669 49 4.363
16 1289 48 89.039
17 539 38 87.067
18 142 25 94.536
19 1249 16 17.140
20 1079 49 53.164
21 1209 51 62.791
22 1350 11 15.276
23 41 18 16.881
24 422 53 33.209
25 724 5 97.068
26 599 20 77.894
27 839 12 71.300
28 109 49 55.883
29 530 17 70.467
30 600 23 48.197
31 457 31 48.272
32 186 16 94.683
33 40 51 26.258
34 1291 22 54.500
35 1126 56 35.861
36 1108 4 23.295
37 1333 25 45.962
38 162 18 25.498
39 650 6 79.971
40 108 17 2.682
41 1024 31 68.514
42 178 3 31.305
43 798 44 32.150
44 245 23 97.211
45 1238 40 82.262
46 541 48 78.591
47 565 45 12.211
48 532 25 22.760
49 343 48 90.445
50 1007 37 30.376
51 1363 34 73.363
52 8 45 31.178
53 515 35 35.350
54 676 39 29.390
55 688 16 82.737
56 157 37 20.108
57 673 13 76.622
58 667 19 54.303
59 927 8 67.188
60 653 3 36.035
61 1107 47 48.009
62 682 42 74.861
63 32 6 93.937
64 388 32 17.305
65 590 16 91.286
66 738 28 82.218
67 1009 26 93.483
68 93 46 23.924
69 838 55 70.235
70 1297 46 71.558
71 1113 28 94.873
72 72 44 32.960
73 338 42 5.785
74 1358 25 38.362
75 1097 49 65.766
76 310 30 15.932
77 761 21 94.946
78 575 35 77.944
79 850 48 19.619
80 130 1 31.813
81 882 28 89.799
82 1198 46 60.882
83 137 54 64.980
84 348 24 83.771
85 853 13 75.215
86 1255 20 93.515
87 566 24 61.958
88 787 55 99.889
89 1204 43 16.653
90 1276 11 63.863
91 205 45 9.336
92 928 43 42.018
93 1274 43 84.114
94 362 58 97.049
95 1130 2 32.484
96 1232 30 82.245
97 159 45 40.295
98 786 24 16.948
99 966 43 80.932
100 1163 17 86.917
101 1391 4 4.050
102 1412 6 52.242
103 940 57 39.109
104 1263 17 5.392
105 1047 17 83.459
106 1105 24 24.727
107 289 57 7.604
108 222 52 71.543
109 64 24 14.461
110 83 59 86.835
111 121 29 84.891
112 992 24 30.754
113 731 43 85.847
114 1405 59 91.958
115 308 43 97.876
116 700 29 97.219
117 610 46 32.655
118 202 40 82.055
119 1310 3 4.883
120 1237 46 59.305
121 693 15 56.862
122 1016 14 51.055
123 634 40 8.679
124 788 38 22.452
125 596 32 29.497
126 919 14 38.492
127 521 21 33.840
128 972 57 24.200
129 536 30 73.769
130 1397 16 72.905
131 451 1 2.014
132 9 1 21.121
133 1059 43 54.153
134 726 39 56.683
135 1380 30 47.895
136 74 53 68.422
137 786 40 43.580
138 555 47 86.566
139 1423 57 53.837
140 818 12 71.250
141 1204 20 31.496
142 274 35 39.203
143 1193 7 42.282
144 1045 60 18.360
145 1013 58 5.753
146 170 27 0.941
147 1136 46 15.940
148 1440 23 89.574
149 1116 18 38.314
150 332 4 30.294
151 330 25 76.636
152 746 3 69.379
153 779 39 62.476
154 839 7 17.953
155 408 46 17.683
156 941 10 4.072
157 1340 60 67.854
158 727 51 8.511
159 1254 53 68.543
160 67 33 35.160
161 1223 46 71.656
162 521 50 21.711
163 357 43 15.251
164 294 51 27.824
165 582 13 73.811
166 1346 31 52.504
167 1277 15 59.892
168 251 32 43.877
169 118 34 31.566
170 741 12 6.803
171 835 6 81.483
172 716 40 33.577
173 1106 12 73.069
174 383 58 53.221
175 76 47 66.031
176 526 22 86.768
177 743 46 64.399
178 1329 21 99.675
179 805 8 5.711
180 1100 23 87.949
181 1262 11 55.776
182 33 36 55.335
183 669 5 69.354
184 1044 40 97.115
185 660 58 2.862
186 1401 10 89.991
187 433 49 90.137
188 707 40 38.896
189 933 29 41.571
190 302 54 46.260
191 8 26 8.360
192 926 21 78.001
193 228 40 55.779
194 915 26 48.226
195 241 57 36.268
196 1074 5 53.062
197 793 58 95.058
198 383 47 40.375
199 627 46 19.504
200 1179 40 65.152