200
1 1365 12 99.883
2 1016 50 90.625
3 1081 1 86.505
4 872 24 75.048
5 988 22 76.251
6 834 31 80.472
7 871 20 36.144
8 572 49 82.789
9 1251 34 45.302
10 766 49 15.691
11 530 50 54.196
12 163 32 80.029
13 253 3 11.570
14 1 1 26.509
15 957 36 74.086
16 522 22 43.855
17 581 50 27.398
18 1099 3 87.981
19 698 25 22.486
20 729 30 51.712
21 237 53 16.218
22 839 41 95.102
23 406 43 39.073
24 969 54 69.715
25 503 59 86.127
26 1280 50 38.432
27 1009 41 71.887
28 151 6 85.481
29 482 20 81.484
30 996 6 19.869
31 1286 23 24.648
32 371 29 89.913
33 1411 14 40.341
34 812 1 12.316
35 1158 35 72.886
36 931 16 26.580
37 1318 38 44.680
38 491 51 85.337
39 692 55 74.373
40 1342 11 44.672
41 555 53 11.970
42 722 30 26.031
43 1038 41 84.123
44 868 18 34.316
45 980 54 35.934
46 1396 4 5.894
47 477 3 90.228
48 912 14 99.822
49 753 15 60.065
50 615 9 87.078
51 1151 24 35.579
52 114 20 89.086
53 144 53 26.704
54 732 29 68.845
55 1302 60 85.579
56 559 15 47.405
57 945 15 41.138
58 110 51 95.495
59 83 1 83.691
60 706 37 86.867
61 549 35 96.238
62 279 24 14.588
63 1392 6 56.905
64 941 9 62.103
65 810 10 52.443
66 1217 37 32.442
67 412 47 25.438
68 1056 39 83.702
69 204 44 9.741
70 1435 19 64.727
71 179 54 1.732
72 567 14 43.294
73 387 14 6.281
74 980 26 89.710
75 275 28 87.195
76 591 52 15.100
77 937 18 90.369
78 638 47 61.270
79 1295 40 52.858
80 302 21 37.485
81 51 55 21.135
82 496 40 57.082
83 143 41 87.030
84 1327 2 69.302
85 1049 58 78.740
86 43 23 99.890
87 786 6 98.646
88 1261 14 95.879
89 664 26 64.301
90 337 47 76.092
91 1050 37 67.098
92 1136 43 48.898
93 748 53 56.805
94 869 28 63.079
95 245 43 5.234
96 1023 46 13.006
97 333 46 66.944
98 860 37 55.132
99 900 32 65.125
100 554 13 61.879
101 306 33 20.595
102 1231 20 34.291
103 82 3 90.998
104 1440 10 85.288
105 1136 10 25.776
106 570 17 67.969
107 700 6 60.875
108 747 21 32.935
109 874 41 24.895
110 712 28 84.600
111 537 23 32.510
112 1345 38 35.998
113 405 36 80.546
114 688 26 21.153
115 208 36 60.113
116 1298 24 23.084
117 1415 47 54.183
118 499 36 69.795
119 912 28 3.659
120 1196 9 79.918
121 1007 18 16.737
122 698 59 45.155
123 259 16 21.244
124 887 10 87.247
125 111 49 2.611
126 1130 37 31.931
127 943 46 95.938
128 362 2 9.877
129 709 42 68.863
130 1173 40 87.685
131 1017 11 16.845
132 100 31 68.807
133 1316 17 20.423
134 1256 5 26.661
135 1345 59 70.266
136 911 3 38.580
137 1254 2 19.860
138 1283 55 69.742
139 1283 36 34.542
140 1273 32 75.670
141 43 20 3.198
142 775 1 96.869
143 58 27 15.151
144 1114 16 17.812
145 941 31 67.466
146 1053 47 95.450
147 358 39 60.038
148 1095 40 60.348
149 60 41 34.302
150 1247 9 83.110
151 342 28 2.822
152 1223 35 57.754
153 136 1 11.075
154 1311 7 72.017
155 969 18 93.191
156 331 8 64.362
157 313 52 4.625
158 1035 55 19.798
159 103 11 84.314
160 47 48 33.017
161 1166 12 50.592
162 967 35 6.747
163 921 50 50.360
164 651 36 12.276
165 1081 59 22.113
166 1341 39 2.543
167 732 10 40.252
168 511 40 35.211
169 852 13 86.667
170 732 13 74.814
171 885 32 25.719
172 380 25 79.411
173 774 56 34.659
174 1291 2 95.712
175 1342 6 83.773
176 1345 32 45.869
177 292 10 70.866
178 172 2 16.213
179 1354 33 57.148
180 87 25 6.605
181 17 22 99.638
182 456 52 15.420
183 191 14 25.762
184 1122 29 78.700
185 849 42 80.309
186 1294 42 53.989
187 1212 43 39.514
188 685 33 78.604
189 877 40 36.482
190 901 19 32.127
191 263 42 67.748
192 1288 41 26.458
193 992 22 77.179
194 834 7 76.536
195 595 47 41.248
196 106 8 94.645
197 926 35 45.754
198 1013 32 33.477
199 1404 7 5.754
200 1358 18 35.863