200
1 901 11 24.091
2 732 26 83.548
3 1006 50 45.653
4 971 44 98.680
5 111 42 64.464
6 1404 11 58.117
7 409 3 55.987
8 690 26 46.829
9 397 5 46.373
10 979 37 25.835
11 49 2 21.155
12 1275 42 50.157
13 189 15 80.584
14 1372 4 75.389
15 438 43 40.477
16 489 42 4.529
17 1057 57 46.223
18 751 16 45.975
19 1036 45 97.252
20 527 16 82.346
21 677 16 95.800
22 1257 2 2.252
23 1198 16 4.169
24 866 16 53.878
25 452 45 5.884
26 905 55 28.936
27 1154 25 35.744
28 1107 27 30.237
29 1354 32 91.134
30 1287 41 96.025
31 1309 50 51.616
32 202 6 53.526
33 370 10 9.602
34 478 3 46.944
35 557 33 84.991
36 1250 47 13.821
37 517 28 26.139
38 853 48 86.226
39 895 12 46.006
40 1302 5 8.740
41 1142 51 93.178
42 242 4 37.985
43 295 22 44.295
44 497 2 24.456
45 1123 29 52.883
46 1020 44 17.361
47 425 21 54.259
48 1116 42 54.744
49 1372 43 67.330
50 737 19 90.001
51 450 50 29.475
52 39 32 53.189
53 927 19 48.821
54 343 30 49.288
55 547 36 70.717
56 489 9 54.079
57 272 52 30.443
58 87 40 47.751
59 791 12 18.223
60 1081 29 53.296
61 404 36 34.194
62 1026 58 51.250
63 1339 11 56.692
64 1165 43 60.406
65 1307 19 66.130
66 501 58 91.111
67 1136 8 95.144
68 363 57 27.320
69 379 21 46.086
70 44 47 85.791
71 643 33 36.111
72 217 58 84.110
73 1431 25 24.887
74 266 10 58.707
75 1388 13 97.371
76 1111 37 29.040
77 1413 30 97.296
78 1096 49 27.466
79 139 55 23.532
80 1144 2 4.099
81 396 16 29.076
82 121 10 47.017
83 191 56 85.715
84 108 40 53.222
85 1205 35 78.155
86 922 55 37.970
87 664 45 11.380
88 251 26 44.159
89 603 33 88.628
90 696 58 63.473
91 1025 3 78.889
92 21 51 87.071
93 777 10 1.841
94 1291 23 89.076
95 718 51 6.606
96 305 41 62.157
97 1388 60 75.565
98 1199 11 26.480
99 1356 26 85.687
100 18 47 4.861
101 440 7 10.575
102 716 1 20.443
103 868 19 42.126
104 1347 21 97.142
105 618 14 82.017
106 913 46 88.220
107 1281 8 76.533
108 1 51 6.907
109 1130 59 84.214
110 271 14 14.239
111 423 45 42.193
112 1133 11 23.763
113 120 38 49.898
114 544 24 69.830
115 1080 48 55.402
116 530 28 34.942
117 417 57 57.221
118 475 58 30.114
119 118 50 13.745
120 917 43 2.994
121 1168 24 18.747
122 1431 2 96.325
123 975 32 22.934
124 1000 26 58.400
125 1340 15 30.817
126 735 24 41.802
127 898 16 4.103
128 657 48 83.928
129 91 50 15.875
130 1374 22 10.311
131 669 59 76.983
132 244 4 33.195
133 1290 39 7.231
134 144 30 15.459
135 8 27 70.342
136 129 47 96.199
137 426 12 78.913
138 465 12 12.468
139 321 44 23.317
140 1425 4 38.172
141 1114 3 55.163
142 338 48 31.046
143 237 27 82.833
144 756 9 12.407
145 606 28 67.526
146 525 29 64.021
147 1231 15 81.827
148 195 7 22.867
149 98 49 60.276
150 525 33 47.873
151 1404 19 61.677
152 1017 7 84.098
153 136 48 24.897
154 357 13 69.518
155 1046 10 27.565
156 916 15 34.636
157 873 32 78.158
158 1420 7 83.143
159 270 4 89.003
160 342 17 33.672
161 1190 44 40.807
162 823 58 2.992
163 1403 26 26.067
164 1143 6 22.951
165 516 29 32.099
166 875 5 72.740
167 976 22 71.629
168 1034 15 38.594
169 788 39 10.006
170 1404 6 14.637
171 1304 12 0.479
172 1188 25 76.336
173 1152 48 6.055
174 868 57 54.050
175 1202 51 48.539
176 1082 16 43.197
177 961 37 85.194
178 1085 36 41.976
179 711 28 62.382
180 605 2 75.925
181 1378 35 8.953
182 110 18 72.300
183 540 60 48.301
184 1249 44 10.823
185 725 41 32.803
186 885 59 99.764
187 1041 23 93.042
188 666 59 71.305
189 733 16 58.096
190 895 18 0.982
191 1095 46 50.788
192 107 43 67.483
193 1069 28 24.888
194 1364 28 16.378
195 1287 6 59.880
196 893 33 90.220
197 577 10 11.251
198 1108 44 29.614
199 1311 34 15.838
200 1375 15 57.219