200
1 219 52 31.002
2 581 31 94.097
3 84 4 34.546
4 1367 36 4.499
5 103 33 68.881
6 1325 46 32.984
7 1055 35 72.031
8 1353 25 38.286
9 1050 20 8.362
10 262 38 88.176
11 266 56 80.223
12 478 22 13.579
13 85 26 32.538
14 1197 17 23.874
15 677 59 65.984
16 398 26 30.384
17 903 49 77.051
18 1281 11 72.006
19 877 54 58.079
20 720 55 65.590
21 346 7 46.971
22 778 9 79.881
23 739 58 81.396
24 597 56 95.338
25 1060 8 38.870
26 983 25 17.501
27 1187 31 54.484
28 26 3 61.024
29 1030 40 39.657
30 725 18 64.162
31 1206 48 26.432
32 1187 48 5.230
33 400 29 62.328
34 289 57 2.553
35 655 22 40.212
36 1191 20 0.322
37 60 3 0.983
38 150 25 95.819
39 379 40 40.445
40 402 35 65.354
41 731 10 13.360
42 904 24 60.217
43 1162 9 42.173
44 964 52 75.699
45 213 28 44.008
46 690 7 44.445
47 1288 30 8.674
48 303 42 94.859
49 1165 30 95.767
50 724 3 69.163
51 435 57 50.426
52 1095 40 71.785
53 424 54 23.927
54 770 27 10.922
55 1373 24 11.391
56 1304 44 39.067
57 145 10 22.199
58 1334 39 42.724
59 418 20 15.484
60 807 29 60.854
61 842 6 36.285
62 596 40 17.940
63 3 11 77.493
64 637 16 77.457
65 527 41 12.824
66 1104 57 26.009
67 200 55 99.512
68 219 52 95.245
69 817 1 27.864
70 292 60 59.256
71 823 31 28.579
72 1369 53 91.505
73 180 47 56.436
74 638 58 77.783
75 1247 29 50.085
76 866 4 97.970
77 1263 34 12.754
78 197 54 24.117
79 1087 21 7.394
80 1170 26 41.927
81 228 52 87.529
82 376 19 31.455
83 903 34 74.264
84 203 13 60.015
85 1047 34 69.891
86 504 9 0.027
87 576 57 81.440
88 579 44 95.226
89 1211 8 69.220
90 1304 31 92.937
91 278 45 91.788
92 468 58 95.183
93 975 29 81.884
94 652 36 91.895
95 672 49 71.555
96 1318 54 28.297
97 1392 55 15.282
98 174 13 45.058
99 243 8 55.237
100 648 24 64.421
101 113 34 10.056
102 406 10 75.629
103 1190 60 76.456
104 76 16 98.464
105 934 4 62.991
106 243 45 54.046
107 559 53 43.283
108 605 56 33.836
109 353 40 62.062
110 748 3 70.503
111 1032 16 84.273
112 910 39 48.735
113 1241 17 86.988
114 1201 7 67.675
115 927 7 62.928
116 128 55 63.930
117 1339 38 8.786
118 965 28 18.156
119 1013 5 10.656
120 236 57 99.234
121 1061 40 9.481
122 143 17 69.091
123 280 4 19.968
124 1076 48 85.284
125 399 56 57.890
126 690 36 90.918
127 1120 19 93.838
128 1214 19 50.887
129 1251 56 9.925
130 962 19 41.714
131 948 58 84.974
132 912 32 27.768
133 1216 29 78.717
134 57 12 73.406
135 690 27 80.434
136 983 39 1.691
137 982 51 36.801
138 687 35 5.690
139 1128 18 5.479
140 702 50 90.340
141 565 24 35.338
142 1271 44 9.651
143 321 42 21.188
144 547 47 32.840
145 426 50 41.012
146 387 57 58.207
147 1310 41 70.631
148 316 6 54.500
149 1309 20 31.839
150 968 8 59.851
151 1156 46 7.698
152 1408 54 17.810
153 13 3 85.799
154 1188 3 82.689
155 621 10 78.217
156 258 52 0.350
157 537 44 79.433
158 514 54 77.262
159 134 28 56.782
160 23 47 0.517
161 675 51 57.013
162 622 45 19.011
163 1101 29 40.315
164 613 46 75.004
165 1093 51 40.574
166 1397 6 85.354
167 710 33 46.710
168 746 16 68.259
169 659 52 35.610
170 1217 48 56.732
171 1184 1 58.777
172 1430 42 56.192
173 582 6 78.881
174 1003 4 36.650
175 580 22 55.739
176 1028 15 93.958
177 1254 11 1.105
178 1055 28 28.791
179 883 43 78.710
180 1339 39 35.371
181 979 53 12.562
182 607 35 94.434
183 317 5 31.785
184 551 15 80.192
185 402 53 23.046
186 1371 59 30.629
187 986 11 77.371
188 763 32 59.152
189 414 18 37.403
190 632 56 76.666
191 506 9 4.504
192 1362 60 17.953
193 721 57 9.453
194 503 14 98.986
195 174 47 55.751
196 660 42 11.058
197 58 36 52.349
198 298 48 59.486
199 743 38 19.712
200 630 30 49.141