200
1 1228 53 11.293
2 1361 44 22.673
3 1245 42 58.077
4 3 44 3.095
5 693 26 53.204
6 301 24 44.748
7 1091 50 30.631
8 675 40 57.641
9 593 19 51.338
10 1159 40 22.082
11 553 18 69.723
12 824 17 15.953
13 426 14 52.469
14 1146 8 57.805
15 538 57 54.144
16 567 60 94.513
17 347 28 69.968
18 36 43 93.846
19 638 1 71.776
20 53 56 51.832
21 1039 26 44.718
22 1095 21 96.039
23 400 49 50.648
24 222 37 89.304
25 1438 11 19.455
26 763 53 71.689
27 1175 4 15.594
28 408 34 59.950
29 730 17 42.677
30 881 25 35.291
31 1426 44 98.517
32 309 46 46.309
33 739 49 22.489
34 695 47 4.326
35 1031 58 49.153
36 1403 40 18.629
37 1353 56 48.178
38 1417 37 29.404
39 1400 55 45.361
40 118 49 11.830
41 844 27 32.351
42 1329 29 89.124
43 1189 25 35.726
44 121 30 46.130
45 573 1 65.779
46 563 56 19.256
47 1188 14 62.700
48 396 55 42.619
49 641 7 63.380
50 1333 60 96.414
51 953 9 97.436
52 865 58 0.546
53 385 32 33.655
54 40 22 83.768
55 1368 50 31.311
56 381 18 58.358
57 644 25 28.264
58 202 46 49.736
59 975 29 49.323
60 1196 3 47.421
61 363 57 60.622
62 1000 18 53.443
63 972 50 16.757
64 438 30 5.209
65 139 50 50.444
66 1135 58 70.703
67 1038 22 58.662
68 1382 12 35.162
69 826 58 96.692
70 774 15 80.228
71 1378 14 23.113
72 155 34 2.134
73 330 24 66.164
74 61 50 94.359
75 792 49 68.588
76 826 41 39.486
77 485 36 63.671
78 1033 29 13.556
79 953 41 77.062
80 254 48 1.433
81 829 53 93.340
82 417 45 94.770
83 618 5 65.622
84 417 13 24.397
85 865 2 21.290
86 186 60 12.350
87 1085 5 50.030
88 1264 26 66.770
89 1296 34 92.058
90 606 26 71.061
91 1316 60 61.395
92 877 38 87.356
93 909 53 89.795
94 1366 43 1.662
95 1169 54 72.771
96 218 55 95.420
97 331 12 41.405
98 1100 51 52.055
99 1282 46 59.458
100 864 60 21.969
101 922 9 85.149
102 606 24 30.196
103 433 24 98.763
104 503 20 63.221
105 814 56 74.846
106 42 42 82.932
107 668 48 79.692
108 868 52 91.254
109 1296 30 79.627
110 1419 4 29.575
111 593 53 81.797
112 568 18 12.746
113 922 17 53.676
114 1227 40 73.076
115 803 43 41.115
116 891 36 28.622
117 987 44 39.133
118 781 46 22.126
119 473 14 7.771
120 586 3 70.382
121 841 31 32.341
122 59 16 32.168
123 958 18 96.063
124 1426 2 82.070
125 1099 4 51.825
126 786 39 10.820
127 684 13 93.338
128 1111 4 33.263
129 1323 36 1.983
130 214 27 40.469
131 1150 47 3.495
132 918 43 49.500
133 409 16 80.869
134 892 25 57.616
135 661 26 19.447
136 536 46 8.855
137 77 29 71.932
138 1007 47 49.284
139 801 37 66.584
140 1226 55 87.968
141 701 3 98.309
142 1022 27 41.742
143 1373 6 29.853
144 1184 30 71.469
145 73 6 92.768
146 1126 54 39.044
147 503 8 50.316
148 1418 24 42.613
149 954 15 98.489
150 255 33 38.843
151 414 48 54.551
152 1213 58 27.745
153 97 59 80.246
154 1397 41 0.025
155 377 25 63.565
156 27 15 51.966
157 246 43 12.185
158 450 10 13.497
159 595 50 25.350
160 72 55 51.324
161 1224 6 8.428
162 1281 5 28.901
163 310 31 80.133
164 741 41 54.132
165 746 59 51.740
166 72 42 62.344
167 1280 47 65.315
168 222 12 7.789
169 604 39 98.457
170 1345 43 83.860
171 394 32 24.760
172 618 23 93.317
173 378 58 7.139
174 150 12 66.459
175 102 22 71.599
176 574 15 9.001
177 919 55 98.925
178 1356 52 86.033
179 630 3 82.409
180 415 28 8.566
181 1002 35 87.728
182 1084 22 85.536
183 93 1 98.497
184 792 55 19.101
185 46 30 91.250
186 663 48 32.062
187 938 14 28.015
188 410 19 89.453
189 781 34 55.961
190 232 29 73.441
191 1090 43 31.266
192 1299 4 63.788
193 523 57 82.162
194 1321 45 31.537
195 800 52 99.630
196 387 14 91.469
197 39 34 48.210
198 1318 10 76.902
199 222 53 23.801
200 1041 52 15.550