200
1 69 3 52.362
2 854 42 7.579
3 730 46 52.328
4 1435 32 25.872
5 908 45 21.852
6 590 19 91.109
7 774 17 9.112
8 54 49 90.315
9 182 39 70.845
10 996 22 54.065
11 526 54 13.835
12 967 11 68.192
13 464 43 59.721
14 831 53 58.643
15 155 44 66.105
16 530 15 24.007
17 1056 58 57.976
18 232 39 52.010
19 784 31 62.211
20 288 23 51.052
21 721 4 5.986
22 1293 21 20.283
23 1033 38 26.149
24 1092 28 48.840
25 384 42 16.373
26 1218 55 62.576
27 247 48 24.355
28 1192 30 7.728
29 1029 30 56.749
30 1247 12 27.529
31 932 9 0.694
32 133 21 4.588
33 170 54 16.965
34 282 6 56.005
35 1287 46 74.952
36 1052 27 95.887
37 397 1 40.721
38 414 36 89.339
39 156 39 27.845
40 405 46 11.785
41 909 38 61.730
42 945 44 85.491
43 937 57 32.776
44 114 60 13.010
45 111 58 31.911
46 217 60 64.108
47 824 33 7.268
48 248 22 91.224
49 1369 28 24.431
50 899 58 75.506
51 610 17 89.682
52 484 31 84.823
53 828 23 36.959
54 527 42 7.398
55 131 14 69.819
56 251 27 41.305
57 343 37 59.756
58 63 41 10.400
59 1102 23 53.810
60 6 35 58.662
61 1302 32 88.711
62 655 36 98.798
63 1309 26 13.636
64 966 56 42.849
65 725 36 48.060
66 921 8 24.537
67 1037 35 25.815
68 332 4 46.372
69 235 39 18.923
70 607 45 28.240
71 236 28 2.635
72 780 60 35.332
73 1196 26 26.938
74 764 23 55.757
75 1396 46 83.303
76 195 41 12.924
77 991 41 94.399
78 1017 8 28.970
79 1219 18 15.734
80 890 16 42.227
81 1154 9 78.223
82 241 9 65.161
83 213 20 11.377
84 209 24 59.656
85 828 32 87.492
86 1232 33 27.775
87 224 13 69.117
88 170 49 92.326
89 299 36 35.396
90 704 10 59.449
91 1077 45 78.823
92 1351 59 70.558
93 593 51 11.635
94 469 40 97.413
95 132 7 83.139
96 986 3 45.713
97 1282 19 4.390
98 663 54 57.016
99 421 49 64.876
100 129 59 42.839
101 1378 30 68.819
102 1204 19 0.926
103 772 18 51.649
104 1269 22 49.800
105 138 36 39.769
106 1304 41 88.615
107 777 6 86.110
108 1210 54 33.012
109 678 60 10.750
110 19 59 20.183
111 250 39 83.789
112 479 5 51.639
113 1395 43 85.830
114 42 57 98.211
115 595 48 50.789
116 1324 48 38.517
117 1359 6 63.190
118 109 2 67.139
119 1281 8 48.909
120 1241 43 79.145
121 552 37 18.066
122 1094 31 41.477
123 1327 60 87.136
124 478 49 52.730
125 1005 53 99.853
126 202 46 47.127
127 1338 18 4.824
128 781 51 15.717
129 683 49 84.985
130 947 58 45.285
131 278 9 83.000
132 395 38 4.909
133 566 40 54.642
134 1390 1 13.824
135 1262 48 68.212
136 1128 23 22.581
137 1004 56 67.192
138 664 44 52.902
139 498 53 51.911
140 941 33 26.523
141 1421 27 29.752
142 252 26 14.709
143 402 33 11.703
144 925 19 54.747
145 538 21 38.756
146 96 35 42.342
147 1209 33 17.794
148 357 24 96.136
149 971 26 52.750
150 1258 52 84.332
151 730 36 53.038
152 1142 7 9.819
153 4 25 27.507
154 410 41 28.661
155 44 4 34.281
156 876 12 8.501
157 243 34 89.036
158 305 57 80.574
159 163 2 39.524
160 336 8 45.329
161 513 23 42.977
162 919 1 76.126
163 728 28 12.439
164 1342 35 4.206
165 371 23 27.697
166 1291 9 95.549
167 290 1 63.781
168 194 35 16.075
169 465 15 70.584
170 582 54 42.888
171 1068 59 19.609
172 663 51 38.065
173 1017 8 36.650
174 77 25 15.490
175 539 13 86.067
176 1007 9 18.162
177 170 55 98.623
178 141 9 31.698
179 700 39 23.335
180 1102 7 10.554
181 1222 12 77.741
182 214 14 76.821
183 1371 10 15.863
184 698 29 95.176
185 1295 34 47.328
186 613 13 66.644
187 567 16 13.202
188 974 40 88.792
189 584 10 64.382
190 292 5 70.563
191 1267 38 36.294
192 376 59 98.581
193 424 53 48.021
194 880 39 51.225
195 68 31 32.353
196 893 54 53.560
197 803 39 28.175
198 44 47 3.206
199 552 12 32.480
200 1426 55 69.927