200
1 911 30 21.890
2 543 21 97.632
3 129 20 66.145
4 1320 12 97.677
5 657 36 55.206
6 340 40 5.092
7 31 60 26.246
8 308 57 94.559
9 536 22 90.127
10 171 49 6.430
11 1233 50 41.314
12 1256 50 24.577
13 1261 22 78.303
14 815 25 32.292
15 1334 50 35.917
16 551 17 62.421
17 345 2 90.650
18 877 15 95.202
19 1125 25 25.440
20 1189 5 72.566
21 1164 15 89.323
22 651 39 22.539
23 219 5 89.730
24 1243 6 56.714
25 549 36 23.159
26 756 30 19.501
27 347 11 3.301
28 687 19 22.781
29 1280 40 59.858
30 1048 51 78.837
31 80 54 76.675
32 1432 5 65.881
33 749 19 65.942
34 1226 55 33.656
35 1319 19 3.324
36 68 57 10.880
37 923 47 9.422
38 1184 46 44.071
39 1141 23 33.250
40 1247 6 29.313
41 1425 7 11.750
42 413 23 91.902
43 1377 50 48.879
44 740 49 13.193
45 1408 58 20.763
46 1150 54 9.360
47 444 33 78.099
48 983 9 41.925
49 255 51 24.485
50 552 48 52.020
51 1162 42 57.648
52 412 12 68.147
53 893 23 52.869
54 892 10 40.052
55 1258 44 9.408
56 373 40 68.442
57 1009 53 36.219
58 303 4 3.838
59 202 27 77.197
60 1064 32 1.640
61 919 15 14.434
62 777 60 75.129
63 1416 12 63.579
64 1258 5 37.664
65 1281 33 40.052
66 767 58 89.599
67 951 46 6.611
68 1193 9 37.182
69 1271 14 89.273
70 960 7 49.188
71 331 40 80.954
72 1301 54 34.233
73 636 45 62.840
74 599 45 0.833
75 163 10 87.097
76 976 9 68.896
77 1000 60 42.191
78 1069 5 52.742
79 1275 1 67.552
80 1010 46 82.936
81 1019 4 55.039
82 2 21 18.083
83 236 21 36.275
84 1346 4 11.163
85 605 35 58.267
86 1393 28 85.592
87 1151 54 1.970
88 1082 30 77.900
89 830 21 46.407
90 47 37 25.429
91 1348 39 69.952
92 889 17 47.966
93 963 19 2.273
94 804 34 4.259
95 857 42 28.441
96 581 43 72.653
97 931 47 26.283
98 432 49 34.131
99 1047 56 65.667
100 793 35 89.925
101 1425 14 72.050
102 330 19 37.151
103 609 11 61.376
104 507 50 23.322
105 1243 16 25.453
106 1379 33 82.534
107 470 18 81.189
108 519 20 81.414
109 1156 51 21.930
110 783 14 95.226
111 236 49 15.012
112 617 60 70.008
113 665 10 77.072
114 1152 38 14.691
115 866 29 6.035
116 1406 26 87.984
117 235 41 97.456
118 931 33 16.648
119 985 41 58.856
120 912 7 40.614
121 1299 3 83.058
122 301 6 83.672
123 62 4 86.576
124 996 49 42.844
125 227 10 87.634
126 1118 51 50.261
127 498 45 30.768
128 279 47 17.784
129 858 54 48.857
130 184 43 30.465
131 591 16 9.695
132 593 56 18.942
133 1088 19 24.089
134 1398 54 85.196
135 740 31 48.134
136 395 23 18.730
137 768 9 52.247
138 15 1 64.854
139 979 26 18.003
140 97 37 21.405
141 1150 37 48.603
142 1385 37 98.846
143 860 36 21.870
144 678 59 94.809
145 1012 43 87.114
146 466 20 48.749
147 279 53 35.316
148 1347 4 42.876
149 94 19 60.863
150 528 33 70.754
151 277 21 7.166
152 945 53 32.512
153 554 6 52.397
154 88 23 29.187
155 35 60 94.211
156 346 35 7.818
157 1251 46 63.800
158 1439 46 96.149
159 1168 49 18.758
160 108 32 36.734
161 1090 55 76.013
162 327 28 47.902
163 303 10 85.197
164 771 53 53.023
165 464 30 95.876
166 370 4 65.891
167 1234 12 16.087
168 841 6 47.598
169 272 15 70.570
170 1196 43 48.910
171 51 10 54.812
172 1001 18 38.263
173 274 15 6.157
174 141 1 17.461
175 1166 10 0.388
176 19 56 57.598
177 824 15 62.411
178 711 30 95.394
179 1161 3 63.701
180 744 32 6.602
181 1087 9 8.751
182 1198 1 6.635
183 22 46 12.559
184 887 18 5.558
185 1072 53 36.741
186 128 49 77.930
187 906 60 24.532
188 322 40 37.178
189 211 24 56.070
190 1368 54 16.383
191 85 44 10.029
192 413 47 88.729
193 660 55 35.849
194 1071 13 44.022
195 930 43 73.274
196 416 44 4.221
197 1049 33 49.946
198 990 36 52.114
199 222 56 69.814
200 137 17 80.012