200
1 932 28 59.280
2 818 57 79.138
3 596 53 8.680
4 10 11 79.839
5 977 40 10.516
6 344 23 71.759
7 664 45 36.543
8 588 20 40.412
9 1247 53 83.782
10 864 60 56.680
11 1284 50 15.987
12 451 30 46.817
13 1404 42 68.004
14 218 43 88.745
15 112 10 71.142
16 447 52 21.818
17 868 6 75.213
18 1099 26 7.634
19 593 26 7.119
20 82 29 64.214
21 589 41 99.972
22 403 45 28.895
23 391 57 89.282
24 186 40 77.522
25 762 20 43.572
26 844 20 22.669
27 177 32 18.773
28 994 55 50.888
29 394 46 8.515
30 1350 40 39.211
31 444 27 8.268
32 406 44 63.446
33 1247 54 43.421
34 329 11 10.162
35 35 51 86.211
36 918 32 28.217
37 1207 37 80.158
38 499 31 82.722
39 554 11 41.563
40 688 13 52.064
41 1035 48 5.877
42 1172 22 68.138
43 964 54 9.625
44 1373 32 41.247
45 1217 36 18.994
46 669 10 85.286
47 336 38 56.229
48 119 43 63.178
49 380 16 92.987
50 1205 44 46.562
51 275 3 68.977
52 1327 44 37.794
53 579 59 33.096
54 879 29 8.991
55 310 21 43.795
56 521 54 24.539
57 1413 17 78.143
58 321 59 20.780
59 304 13 38.728
60 112 32 98.926
61 831 18 16.031
62 497 41 29.043
63 592 40 99.173
64 995 21 58.044
65 1156 47 0.768
66 145 43 55.034
67 685 59 86.347
68 1121 7 66.693
69 45 35 49.681
70 127 22 71.716
71 1362 4 51.260
72 1382 19 27.719
73 1128 29 62.549
74 130 23 96.188
75 1290 60 81.658
76 1122 57 14.727
77 256 17 76.232
78 227 13 16.798
79 716 60 1.449
80 843 22 78.574
81 292 46 10.278
82 1170 47 39.891
83 1139 59 29.419
84 1376 11 83.478
85 394 44 44.995
86 1238 47 57.932
87 1225 22 18.389
88 1088 32 98.249
89 473 45 43.639
90 64 22 83.088
91 597 22 77.646
92 1232 38 90.000
93 360 59 8.828
94 851 14 61.119
95 444 19 85.791
96 848 11 53.139
97 156 47 21.037
98 39 2 5.052
99 179 46 83.741
100 1150 14 84.839
101 386 49 91.410
102 992 6 9.893
103 379 21 25.050
104 50 42 37.761
105 321 4 90.612
106 1003 8 76.580
107 289 51 36.113
108 633 1 64.530
109 352 42 73.469
110 1125 27 72.276
111 722 56 87.940
112 1054 59 67.830
113 964 42 76.890
114 1064 35 72.928
115 212 22 40.104
116 1281 41 22.224
117 128 28 57.752
118 1028 6 83.809
119 1377 10 92.120
120 1242 2 32.892
121 341 36 45.591
122 104 3 68.969
123 628 26 16.035
124 235 42 7.562
125 740 26 70.531
126 493 2 48.206
127 190 47 77.845
128 187 2 86.379
129 123 24 77.316
130 902 54 90.838
131 202 37 45.932
132 785 32 96.280
133 926 44 44.744
134 1134 32 14.273
135 1004 28 50.149
136 1144 25 26.972
137 884 41 88.897
138 413 41 68.951
139 1174 30 75.763
140 250 9 15.973
141 379 18 23.665
142 1230 8 97.670
143 1325 57 30.861
144 1127 1 83.225
145 1300 58 64.270
146 145 45 33.465
147 354 54 79.571
148 690 26 62.957
149 477 21 44.588
150 1008 9 31.302
151 959 18 14.861
152 104 20 41.064
153 1189 8 87.269
154 978 20 6.587
155 1284 37 34.685
156 1378 59 49.622
157 207 58 78.226
158 491 25 20.715
159 1125 58 94.598
160 1353 17 12.590
161 138 57 73.882
162 1293 32 91.266
163 420 42 94.964
164 1362 22 12.383
165 1087 34 98.489
166 1167 7 63.193
167 1297 54 45.614
168 458 23 71.242
169 516 43 62.665
170 791 12 78.927
171 674 39 35.119
172 921 8 51.139
173 123 56 46.984
174 629 35 90.126
175 220 59 65.757
176 136 8 51.113
177 1180 44 21.772
178 764 37 22.832
179 127 9 40.213
180 169 47 11.821
181 876 1 53.200
182 521 57 43.271
183 113 12 77.244
184 263 42 38.364
185 770 14 4.615
186 1413 18 21.081
187 1172 42 18.708
188 52 54 80.549
189 1394 36 61.889
190 350 52 54.290
191 1148 9 69.956
192 559 17 79.155
193 1204 3 29.042
194 888 6 58.011
195 162 11 89.535
196 419 51 76.391
197 555 58 25.808
198 113 26 58.044
199 939 36 57.039
200 464 35 33.094