200
1 43 52 60.836
2 911 49 5.842
3 373 4 30.173
4 424 55 56.864
5 265 58 92.956
6 1089 16 54.719
7 118 13 92.150
8 1140 15 23.256
9 728 6 35.117
10 830 36 77.173
11 410 37 76.069
12 1313 60 89.606
13 345 27 96.359
14 817 23 8.106
15 161 50 91.558
16 226 44 71.299
17 479 4 49.237
18 1366 9 7.273
19 1424 27 14.966
20 651 55 81.544
21 158 6 90.638
22 1175 2 42.092
23 711 20 71.781
24 175 28 24.868
25 876 52 81.617
26 1373 33 52.232
27 698 49 74.993
28 171 52 15.947
29 875 35 45.373
30 700 4 7.321
31 12 39 67.742
32 133 20 19.877
33 992 45 58.394
34 834 57 93.723
35 905 19 95.777
36 742 53 43.383
37 532 36 88.615
38 1244 31 11.309
39 447 38 89.135
40 447 38 5.371
41 1336 43 90.721
42 8 19 78.490
43 1267 2 52.188
44 171 19 41.425
45 453 29 94.303
46 858 20 57.171
47 832 24 55.567
48 14 15 91.638
49 964 7 42.251
50 1094 33 90.231
51 599 55 19.358
52 37 13 4.805
53 19 45 43.907
54 609 50 99.380
55 1127 54 28.297
56 354 49 80.563
57 1437 13 31.581
58 1239 45 24.425
59 543 38 85.248
60 403 31 94.112
61 1414 26 12.838
62 842 29 85.495
63 1226 15 87.376
64 1116 54 39.313
65 870 34 88.297
66 606 45 49.333
67 94 58 99.604
68 804 24 54.701
69 626 8 55.396
70 984 30 71.726
71 915 51 62.953
72 326 49 21.375
73 726 25 48.771
74 1368 10 42.720
75 42 12 10.207
76 956 25 73.130
77 1140 37 42.583
78 578 6 28.879
79 810 57 73.319
80 153 45 44.647
81 74 50 14.632
82 598 23 64.737
83 735 57 91.445
84 31 28 1.381
85 1230 2 62.901
86 1297 56 11.313
87 80 22 9.947
88 589 25 30.969
89 338 28 28.917
90 31 35 14.360
91 59 21 16.026
92 524 58 17.578
93 1091 45 43.101
94 924 47 29.407
95 519 12 13.426
96 128 20 26.043
97 1066 13 1.369
98 249 50 7.520
99 292 43 50.979
100 691 60 5.595
101 376 38 24.176
102 567 56 3.441
103 798 55 52.249
104 47 22 48.942
105 765 24 56.174
106 1225 43 62.705
107 1380 20 23.630
108 884 40 89.788
109 1258 4 32.760
110 187 45 96.667
111 595 16 23.540
112 352 21 20.101
113 1111 26 41.047
114 877 10 78.394
115 1046 39 32.050
116 935 10 6.217
117 339 23 9.243
118 1066 47 96.092
119 181 38 76.765
120 1411 1 40.765
121 818 42 94.615
122 927 29 4.272
123 1313 60 20.686
124 1337 56 98.694
125 209 16 47.914
126 655 55 30.977
127 27 47 54.561
128 814 53 47.815
129 152 1 33.666
130 881 37 1.182
131 1367 9 61.975
132 451 30 77.486
133 704 32 1.044
134 1278 29 80.855
135 518 9 89.418
136 50 23 25.811
137 1195 33 47.556
138 474 18 75.154
139 947 31 0.091
140 1131 34 28.842
141 1079 24 7.557
142 142 45 45.543
143 643 47 31.926
144 187 3 74.572
145 543 53 8.187
146 1140 15 48.461
147 133 45 47.161
148 1386 31 70.589
149 399 51 1.794
150 770 37 74.338
151 977 14 28.561
152 380 34 98.944
153 502 48 9.042
154 647 39 50.401
155 836 50 28.982
156 492 60 68.800
157 13 44 57.730
158 823 20 70.488
159 534 7 7.783
160 25 21 59.644
161 634 2 70.182
162 1235 27 3.232
163 564 1 14.558
164 1110 25 96.184
165 306 20 82.850
166 735 5 5.235
167 277 49 39.949
168 1268 35 60.461
169 972 17 30.630
170 1272 1 21.716
171 930 15 62.082
172 161 19 17.159
173 523 49 53.020
174 1107 57 62.817
175 325 48 95.574
176 1037 49 60.299
177 376 40 70.881
178 1194 30 41.385
179 1264 40 57.643
180 229 36 35.969
181 158 57 80.878
182 825 41 45.818
183 1246 57 63.099
184 562 53 59.698
185 352 25 29.603
186 1433 18 78.154
187 1112 42 20.250
188 1338 3 81.554
189 666 14 74.202
190 935 14 22.546
191 1048 23 95.193
192 1404 17 57.683
193 1152 45 80.828
194 358 27 19.679
195 1371 49 60.222
196 375 21 67.347
197 184 8 75.976
198 1002 15 22.512
199 1051 26 62.080
200 525 40 81.264