200
1 1026 52 62.456
2 845 45 85.577
3 296 35 56.509
4 344 6 82.166
5 855 34 67.194
6 919 10 62.929
7 1334 8 79.160
8 721 56 61.448
9 1034 42 90.071
10 1116 23 26.700
11 1276 20 65.939
12 1016 31 43.008
13 100 35 45.186
14 774 50 4.769
15 64 25 84.909
16 211 19 3.669
17 169 17 90.761
18 962 24 64.639
19 963 4 3.618
20 134 24 16.869
21 1087 8 43.116
22 156 9 18.327
23 1276 5 48.124
24 1367 8 49.007
25 1225 35 32.635
26 924 22 73.189
27 384 5 50.460
28 786 2 6.811
29 120 40 4.398
30 1050 33 70.734
31 808 45 9.370
32 655 2 75.971
33 1178 57 54.310
34 1337 16 9.492
35 658 13 93.707
36 561 24 36.244
37 334 33 57.756
38 1370 1 31.346
39 155 36 6.032
40 274 11 93.532
41 304 38 82.876
42 1406 15 43.061
43 589 1 55.079
44 1377 30 82.956
45 111 56 63.963
46 329 27 84.955
47 1051 28 22.414
48 340 60 95.350
49 984 60 53.549
50 942 58 33.296
51 242 33 32.796
52 1127 39 72.241
53 731 16 16.290
54 1151 52 81.680
55 202 18 50.477
56 527 2 15.593
57 926 46 79.766
58 816 34 66.295
59 604 37 69.636
60 1002 15 57.812
61 1300 33 50.410
62 243 8 31.500
63 1071 49 4.503
64 74 10 25.961
65 972 33 74.386
66 1344 2 92.619
67 1319 17 32.761
68 694 59 50.396
69 281 7 91.961
70 908 42 8.822
71 1393 10 59.016
72 1206 50 73.588
73 707 21 11.594
74 622 56 98.610
75 163 44 4.362
76 851 41 13.381
77 807 31 61.910
78 279 42 25.182
79 319 7 34.410
80 951 38 62.858
81 1171 27 21.714
82 499 10 20.038
83 1082 35 45.690
84 125 41 27.788
85 580 39 23.457
86 681 25 6.320
87 248 43 38.796
88 265 24 71.208
89 1148 16 29.298
90 1217 31 86.681
91 1122 1 21.953
92 1266 36 8.131
93 731 16 22.953
94 1065 35 90.038
95 404 45 58.749
96 715 5 21.453
97 1175 6 29.503
98 494 34 59.371
99 477 15 1.378
100 1283 52 56.768
101 105 6 82.078
102 1129 30 8.000
103 1082 38 19.502
104 1346 7 46.387
105 80 33 47.529
106 451 24 94.623
107 1021 25 60.613
108 1296 8 92.779
109 1413 30 11.428
110 569 34 69.895
111 172 10 18.822
112 735 12 54.551
113 488 50 42.683
114 488 33 13.405
115 712 26 64.807
116 1090 57 85.125
117 433 46 52.135
118 848 24 52.616
119 577 2 31.706
120 205 31 49.931
121 343 43 98.633
122 100 14 57.262
123 1398 39 10.068
124 98 14 19.890
125 558 4 9.200
126 443 10 13.917
127 165 3 43.836
128 504 3 55.908
129 390 1 55.491
130 1325 10 36.637
131 14 16 76.201
132 838 40 26.888
133 19 43 79.319
134 1279 21 65.133
135 292 39 23.450
136 1212 17 86.208
137 375 31 77.905
138 356 29 79.566
139 828 33 31.324
140 1325 3 54.213
141 342 15 25.392
142 251 10 37.724
143 1440 24 97.118
144 496 54 73.855
145 938 28 81.704
146 643 58 35.219
147 617 42 82.494
148 660 13 26.341
149 668 56 19.782
150 4 26 19.522
151 512 15 37.609
152 368 21 14.751
153 13 20 40.707
154 76 26 58.566
155 772 23 12.405
156 1007 9 96.690
157 1122 6 76.554
158 348 54 89.621
159 874 45 82.483
160 158 43 48.530
161 452 8 16.668
162 348 21 85.095
163 1077 12 59.815
164 45 4 65.907
165 47 58 24.778
166 336 57 23.559
167 905 35 0.723
168 302 1 27.406
169 593 41 75.968
170 357 5 82.397
171 1383 27 59.664
172 1209 57 2.385
173 1082 45 53.158
174 220 19 90.233
175 1354 14 47.746
176 252 51 65.440
177 1301 7 73.808
178 19 39 6.911
179 1066 45 69.024
180 153 28 52.581
181 200 45 87.285
182 272 41 80.518
183 1437 38 67.010
184 882 32 31.521
185 509 3 96.908
186 412 9 29.699
187 565 49 47.377
188 17 52 40.782
189 420 37 71.440
190 1104 26 70.380
191 1214 27 79.472
192 8 46 55.281
193 162 21 55.044
194 168 50 66.836
195 1222 23 40.643
196 664 21 3.749
197 175 58 4.076
198 806 54 48.719
199 653 13 40.086
200 122 15 69.803