200
1 451 37 67.231
2 1199 29 84.182
3 284 27 7.930
4 1014 12 38.501
5 742 30 39.528
6 1182 8 52.471
7 1157 15 89.664
8 448 55 47.822
9 1008 28 14.083
10 432 15 25.139
11 250 52 84.589
12 1320 26 34.537
13 199 23 15.082
14 1326 2 9.949
15 442 56 41.939
16 224 55 26.395
17 966 31 0.752
18 799 23 49.465
19 870 17 40.977
20 856 17 3.919
21 1197 9 65.167
22 1440 41 18.104
23 153 21 51.827
24 314 18 64.452
25 828 54 49.087
26 992 9 86.213
27 1052 24 45.138
28 610 12 64.294
29 736 6 95.123
30 648 60 54.712
31 12 35 94.019
32 702 8 59.160
33 530 12 20.580
34 1045 41 86.084
35 1108 44 59.381
36 26 21 62.210
37 1414 4 40.174
38 44 43 80.134
39 82 59 92.292
40 383 58 82.630
41 653 28 4.353
42 983 16 86.766
43 1306 24 41.413
44 1328 56 31.108
45 309 31 36.925
46 567 9 77.084
47 708 40 35.742
48 384 8 92.617
49 282 47 91.995
50 909 49 65.539
51 90 34 97.049
52 1069 37 49.574
53 163 16 28.048
54 1066 21 16.534
55 532 28 45.353
56 1286 23 17.322
57 1024 14 74.270
58 898 21 16.038
59 4 22 76.171
60 652 6 68.051
61 506 56 29.564
62 501 33 9.847
63 449 16 76.452
64 310 3 77.926
65 948 21 38.020
66 1127 2 41.729
67 125 51 70.270
68 725 3 46.959
69 705 60 32.510
70 714 3 42.207
71 1418 8 99.500
72 1017 18 72.852
73 1372 28 39.768
74 723 15 68.535
75 1430 4 88.282
76 875 9 84.583
77 1014 4 30.843
78 1330 22 27.502
79 980 37 15.783
80 1091 29 64.441
81 1391 7 70.456
82 999 7 69.080
83 321 34 93.947
84 1412 18 52.580
85 1153 26 2.247
86 1346 11 60.341
87 1437 51 56.740
88 1301 10 57.610
89 900 42 77.225
90 511 5 19.541
91 1143 52 99.295
92 687 39 63.947
93 626 24 8.436
94 604 14 68.931
95 665 6 72.163
96 977 47 42.903
97 1053 32 79.302
98 493 11 40.334
99 1252 46 62.380
100 1387 8 69.271
101 696 19 15.778
102 1198 54 20.906
103 64 20 49.780
104 705 14 89.023
105 350 32 62.197
106 253 16 48.300
107 1190 53 4.918
108 844 58 90.612
109 540 53 8.948
110 537 34 46.629
111 40 53 4.548
112 677 59 33.483
113 693 4 95.806
114 808 39 89.608
115 641 46 36.935
116 1020 44 72.613
117 675 53 25.060
118 1228 6 85.880
119 1212 7 52.154
120 849 31 64.888
121 827 31 86.531
122 1382 42 5.175
123 1165 41 2.069
124 1088 40 72.844
125 791 34 64.955
126 284 29 81.488
127 1342 7 94.806
128 779 53 91.976
129 1034 20 77.657
130 916 36 43.544
131 624 11 97.803
132 163 52 8.484
133 1264 24 69.725
134 634 48 15.848
135 699 51 15.666
136 55 2 75.985
137 921 44 71.682
138 321 35 16.356
139 953 34 32.281
140 1272 26 24.783
141 904 47 48.969
142 1090 50 63.878
143 1013 36 95.342
144 745 14 42.684
145 1355 4 47.885
146 1184 16 74.336
147 992 19 81.605
148 448 21 98.176
149 133 31 11.795
150 1103 50 65.529
151 860 36 89.528
152 500 56 97.533
153 830 17 35.790
154 170 43 8.796
155 486 35 77.288
156 833 11 35.756
157 1415 59 70.125
158 901 29 45.211
159 1021 35 35.916
160 1203 34 27.847
161 53 37 72.535
162 1419 32 10.428
163 1225 25 58.989
164 973 50 58.334
165 585 17 84.559
166 1062 16 7.581
167 95 51 78.261
168 1385 15 38.048
169 574 15 64.483
170 850 23 38.351
171 766 55 32.109
172 527 36 66.271
173 793 8 67.699
174 787 47 9.582
175 1002 3 42.755
176 267 51 39.057
177 1274 13 47.208
178 134 57 58.144
179 692 6 43.239
180 573 40 24.140
181 537 46 34.188
182 66 23 94.274
183 1392 43 75.118
184 959 51 89.987
185 1232 42 21.249
186 1128 50 43.967
187 1210 29 96.490
188 434 41 85.600
189 90 26 67.057
190 1265 1 18.397
191 1002 58 46.749
192 1271 56 49.997
193 1098 5 19.197
194 1135 12 26.239
195 509 57 73.194
196 602 40 66.679
197 758 45 63.116
198 952 12 28.737
199 412 14 61.899
200 1308 40 80.860