200
1 890 51 1.648
2 959 52 96.765
3 888 58 51.892
4 72 16 57.953
5 357 38 96.901
6 1273 26 67.790
7 156 14 54.071
8 989 22 2.487
9 467 49 17.420
10 1312 11 85.443
11 1297 52 56.972
12 604 13 9.672
13 1390 13 65.750
14 283 26 17.994
15 888 24 94.320
16 656 12 90.190
17 619 56 49.448
18 527 36 11.037
19 1199 7 13.382
20 931 40 97.449
21 556 56 92.577
22 277 36 98.847
23 176 11 48.399
24 856 50 50.500
25 1157 17 4.759
26 690 42 87.858
27 205 18 6.900
28 64 32 62.793
29 196 42 63.446
30 223 30 69.069
31 959 16 49.098
32 1260 53 46.137
33 254 34 62.783
34 138 7 10.276
35 1335 25 21.683
36 1140 43 80.493
37 1254 45 10.943
38 930 55 39.995
39 344 58 84.644
40 713 5 93.167
41 290 57 9.934
42 706 15 28.636
43 623 23 73.759
44 241 26 36.261
45 1152 16 39.859
46 162 48 8.937
47 155 51 7.830
48 698 42 19.536
49 248 19 16.625
50 1233 45 34.236
51 828 59 8.615
52 1044 24 31.150
53 57 41 58.096
54 98 26 69.447
55 1257 10 42.367
56 333 4 74.587
57 474 34 97.125
58 841 43 32.876
59 1265 24 68.841
60 160 26 25.632
61 262 32 65.134
62 23 2 2.696
63 1189 9 23.178
64 235 46 36.011
65 1356 34 19.669
66 773 13 32.581
67 449 48 27.110
68 1167 21 58.141
69 405 29 45.190
70 622 14 10.269
71 811 60 19.371
72 40 54 67.882
73 336 24 29.656
74 811 46 82.613
75 469 45 38.219
76 639 46 31.418
77 17 13 43.303
78 377 50 70.574
79 716 20 56.582
80 156 47 38.594
81 426 46 60.135
82 222 41 45.426
83 990 2 63.164
84 671 24 20.684
85 1127 41 9.306
86 150 58 57.944
87 1163 60 37.294
88 1138 41 6.525
89 937 53 46.973
90 1219 28 52.231
91 111 20 47.221
92 1254 59 77.112
93 1259 2 94.165
94 575 58 7.403
95 933 60 86.110
96 866 59 79.577
97 752 14 80.272
98 292 51 45.881
99 813 7 75.891
100 578 14 41.606
101 931 47 60.480
102 406 10 42.339
103 495 5 42.895
104 446 58 79.613
105 1249 49 97.605
106 1303 2 8.137
107 234 31 97.339
108 603 29 33.220
109 1208 35 18.519
110 1077 49 14.655
111 368 4 70.790
112 627 60 40.306
113 305 14 66.826
114 1265 6 22.758
115 398 41 97.339
116 330 31 40.012
117 440 8 9.205
118 1337 60 38.915
119 1266 57 78.902
120 1030 34 60.757
121 316 21 61.135
122 212 53 0.589
123 431 38 41.074
124 134 50 57.915
125 305 51 96.621
126 506 36 61.940
127 118 56 48.496
128 1302 34 49.956
129 882 55 7.539
130 1011 57 26.377
131 198 33 51.630
132 480 18 10.928
133 1399 38 67.187
134 30 2 73.693
135 732 31 78.829
136 644 54 55.212
137 962 46 92.854
138 79 54 91.616
139 959 21 37.210
140 1420 35 86.958
141 245 37 94.813
142 996 37 31.363
143 1070 19 68.746
144 977 39 76.969
145 164 29 20.398
146 1349 49 50.061
147 697 42 60.426
148 1268 53 22.664
149 616 59 97.114
150 270 34 96.911
151 324 54 28.321
152 287 43 60.268
153 1 45 2.059
154 321 2 1.743
155 543 37 8.314
156 264 13 55.137
157 400 33 10.314
158 525 44 85.518
159 120 15 23.290
160 1162 8 20.692
161 25 27 81.216
162 261 2 2.482
163 761 26 52.987
164 978 31 64.098
165 591 14 7.850
166 581 48 17.509
167 1361 8 18.889
168 945 1 41.625
169 1221 7 13.452
170 621 50 31.703
171 1341 10 3.580
172 1196 20 35.801
173 1162 6 67.612
174 398 23 68.532
175 778 32 11.532
176 1316 56 0.874
177 480 6 47.853
178 834 23 75.996
179 1336 29 65.441
180 946 28 71.622
181 652 36 96.273
182 390 35 58.986
183 255 57 6.452
184 873 1 81.598
185 788 24 70.574
186 725 17 10.518
187 1205 48 35.803
188 1009 17 69.165
189 1103 40 9.661
190 389 45 12.872
191 1296 6 3.996
192 1254 54 15.100
193 1150 38 75.224
194 432 13 39.952
195 649 3 65.910
196 1144 8 80.705
197 111 51 67.528
198 290 18 51.876
199 627 20 60.588
200 98 41 9.439