200
1 131 24 18.453
2 975 21 46.026
3 25 38 7.472
4 990 31 3.959
5 686 40 77.170
6 1039 38 52.227
7 906 5 94.697
8 1189 46 16.202
9 169 8 88.766
10 1318 53 82.072
11 1395 2 1.050
12 391 14 86.677
13 87 2 0.251
14 734 42 39.186
15 420 32 88.970
16 172 29 50.471
17 719 15 43.767
18 1193 38 10.383
19 644 50 95.946
20 634 5 3.898
21 1237 20 35.095
22 375 12 86.170
23 428 49 34.349
24 1201 23 6.860
25 1019 25 87.469
26 1248 1 80.346
27 1352 21 41.637
28 1153 38 81.514
29 284 12 49.970
30 754 9 55.721
31 85 12 5.226
32 745 48 76.574
33 734 2 1.394
34 396 55 72.285
35 673 29 54.849
36 699 12 29.364
37 505 22 96.367
38 955 48 24.587
39 993 53 12.740
40 476 13 94.170
41 315 6 55.457
42 144 59 11.094
43 624 46 87.529
44 1431 34 36.364
45 446 16 53.313
46 1306 37 93.802
47 703 33 33.449
48 460 23 95.720
49 1009 27 62.287
50 96 18 66.418
51 1406 58 74.474
52 177 8 29.460
53 410 11 75.902
54 786 52 49.632
55 1178 10 22.832
56 376 51 50.876
57 579 1 25.817
58 498 22 90.422
59 606 59 50.584
60 1143 4 41.442
61 700 28 63.023
62 502 15 85.378
63 930 33 91.635
64 937 24 66.507
65 426 32 19.466
66 1098 30 68.713
67 631 37 88.243
68 414 29 89.435
69 693 23 36.746
70 766 22 24.264
71 930 23 14.947
72 1141 49 9.805
73 572 17 22.043
74 481 12 80.473
75 425 41 43.463
76 514 42 55.768
77 365 12 8.622
78 377 47 57.378
79 875 31 31.578
80 824 55 76.235
81 281 16 81.562
82 291 17 76.830
83 162 10 61.515
84 350 21 39.514
85 314 53 79.706
86 251 47 74.580
87 146 53 55.172
88 1038 47 89.666
89 136 57 99.740
90 322 33 74.969
91 210 30 34.354
92 1231 38 13.551
93 28 46 46.169
94 1407 39 6.684
95 1127 11 71.039
96 971 43 21.499
97 198 43 56.069
98 1194 45 20.008
99 955 19 30.182
100 363 40 4.450
101 1109 36 17.860
102 1279 27 38.264
103 31 41 75.138
104 693 44 9.052
105 442 49 44.293
106 584 31 36.719
107 212 19 83.753
108 1238 32 50.877
109 1402 57 82.293
110 826 32 60.884
111 982 2 85.962
112 1349 25 39.736
113 1058 57 88.106
114 1039 10 93.871
115 171 4 29.119
116 1182 29 72.279
117 653 50 86.560
118 1291 27 88.710
119 1075 51 73.513
120 801 23 84.029
121 627 51 92.673
122 1259 59 26.330
123 1231 4 5.329
124 720 31 42.518
125 474 25 33.508
126 1298 50 9.877
127 648 40 29.978
128 1323 54 61.615
129 1252 52 99.672
130 1225 19 76.573
131 1059 40 98.043
132 789 16 93.456
133 166 54 81.854
134 448 46 62.303
135 21 20 64.548
136 1027 22 21.051
137 1358 47 39.262
138 410 50 72.451
139 662 35 73.216
140 466 33 9.546
141 739 58 1.932
142 609 8 56.257
143 991 52 30.391
144 1182 5 29.725
145 722 7 66.565
146 975 12 86.016
147 1100 3 22.835
148 334 12 46.517
149 680 36 30.238
150 286 3 17.608
151 168 8 36.407
152 1241 39 21.538
153 609 13 17.661
154 982 48 26.626
155 1430 19 63.984
156 497 42 67.079
157 667 26 28.910
158 863 19 29.677
159 1206 15 73.483
160 1201 42 60.158
161 344 50 93.276
162 57 1 31.360
163 1068 4 48.963
164 459 26 26.961
165 938 56 85.022
166 376 7 43.332
167 687 57 48.036
168 304 7 27.024
169 739 23 25.082
170 564 30 99.241
171 914 35 16.791
172 613 34 90.162
173 166 21 8.453
174 1059 31 39.598
175 418 38 55.214
176 817 45 32.596
177 283 20 12.992
178 1219 56 2.740
179 1301 8 31.207
180 1128 25 48.041
181 998 30 11.633
182 26 9 25.405
183 1399 5 36.097
184 939 17 63.173
185 1122 54 4.758
186 955 38 38.339
187 673 40 39.946
188 1354 55 83.648
189 649 13 48.305
190 550 47 0.833
191 284 27 43.309
192 1107 51 57.172
193 981 48 56.210
194 855 18 35.252
195 816 53 59.609
196 1010 48 82.022
197 925 25 99.229
198 629 14 83.105
199 1381 44 64.299
200 707 22 25.770