200
1 131 41 28.630
2 369 29 84.787
3 848 42 15.185
4 1215 53 68.699
5 987 32 59.794
6 546 21 26.560
7 624 7 27.617
8 21 34 42.137
9 1379 12 78.418
10 201 21 6.029
11 1038 46 97.250
12 746 33 9.233
13 1184 9 95.444
14 1338 21 23.740
15 227 14 10.077
16 416 17 20.540
17 164 2 73.296
18 1199 23 16.066
19 451 49 64.423
20 215 23 41.983
21 766 55 52.259
22 72 56 49.656
23 1289 12 60.263
24 1280 13 73.313
25 252 15 33.356
26 1069 29 45.514
27 485 30 48.656
28 697 50 87.121
29 1316 49 91.659
30 1096 48 84.681
31 1060 44 71.938
32 792 40 36.063
33 1159 32 4.269
34 1383 35 23.534
35 901 18 93.564
36 61 22 78.088
37 1224 5 85.340
38 647 9 23.318
39 820 36 34.901
40 271 42 0.873
41 1267 19 51.611
42 824 6 32.990
43 1338 37 43.899
44 935 18 45.569
45 855 3 23.129
46 521 6 29.117
47 95 18 91.775
48 476 1 12.307
49 904 36 16.035
50 190 16 50.975
51 191 46 30.771
52 399 7 68.497
53 56 19 75.898
54 202 56 50.857
55 1236 51 48.943
56 1267 45 85.194
57 752 2 75.997
58 975 26 80.408
59 319 37 21.623
60 1440 5 37.089
61 1424 17 23.812
62 1363 1 62.690
63 1197 53 85.308
64 144 17 62.287
65 425 31 47.867
66 185 54 55.296
67 289 5 39.922
68 1030 37 34.705
69 22 46 55.040
70 1113 56 78.662
71 760 57 73.791
72 954 43 49.219
73 910 28 8.774
74 978 34 47.246
75 1236 49 57.155
76 653 23 66.645
77 867 24 27.718
78 993 48 17.490
79 841 56 99.193
80 438 25 47.203
81 1126 9 66.795
82 493 2 3.123
83 922 14 42.768
84 1113 36 6.140
85 392 59 95.691
86 566 42 97.895
87 812 20 0.701
88 1051 38 29.214
89 578 47 23.903
90 845 38 13.152
91 1287 22 75.840
92 177 11 60.749
93 1362 46 38.398
94 811 44 89.770
95 5 1 26.436
96 250 34 79.870
97 187 49 5.959
98 124 17 88.997
99 68 55 11.682
100 995 47 87.627
101 828 42 70.913
102 1390 58 53.414
103 1083 39 77.054
104 190 17 43.529
105 1184 59 38.971
106 1076 43 56.783
107 1081 11 49.943
108 706 7 57.094
109 1308 45 91.094
110 582 28 89.278
111 351 46 22.011
112 1118 7 40.242
113 263 33 31.631
114 178 41 59.512
115 483 40 40.704
116 762 29 13.791
117 479 17 99.029
118 633 13 72.102
119 299 9 15.188
120 1299 7 72.654
121 1260 52 26.231
122 425 54 2.381
123 598 23 29.887
124 235 58 57.453
125 1163 26 94.789
126 458 58 21.020
127 737 8 28.513
128 1035 47 9.516
129 36 50 4.810
130 154 40 80.594
131 788 24 68.784
132 491 11 39.706
133 817 58 90.510
134 1201 55 33.499
135 358 56 0.329
136 336 4 40.336
137 268 12 73.915
138 1233 28 19.028
139 382 17 16.706
140 943 25 7.135
141 359 41 75.261
142 698 31 22.752
143 332 5 37.563
144 188 35 81.502
145 62 16 22.406
146 654 31 10.892
147 1025 17 68.136
148 1298 2 40.984
149 754 10 27.301
150 368 25 38.911
151 809 24 91.804
152 680 45 81.567
153 320 9 34.098
154 947 8 67.609
155 229 13 93.653
156 970 58 30.396
157 299 1 19.061
158 1294 1 85.145
159 964 44 97.603
160 232 59 25.793
161 633 30 25.465
162 912 55 87.568
163 1279 12 95.530
164 852 9 40.132
165 528 51 24.112
166 1417 24 29.740
167 642 24 25.330
168 744 42 59.866
169 342 6 31.335
170 510 51 47.077
171 420 57 99.915
172 880 5 29.101
173 1326 33 43.033
174 767 2 7.363
175 1291 19 98.140
176 357 35 60.898
177 115 59 29.366
178 334 41 81.139
179 911 22 20.995
180 387 7 26.945
181 465 43 96.938
182 1388 12 66.566
183 212 4 36.211
184 466 31 28.105
185 856 23 75.156
186 1021 16 64.086
187 1408 28 21.966
188 691 3 53.558
189 304 56 8.447
190 1379 42 48.126
191 774 50 31.529
192 752 36 6.862
193 124 13 14.515
194 452 23 53.463
195 223 39 62.292
196 176 9 84.796
197 34 37 40.477
198 1329 6 67.250
199 1280 58 59.358
200 338 31 93.357