200
1 835 28 57.451
2 53 14 4.431
3 392 55 78.053
4 1318 38 40.467
5 259 46 56.666
6 1097 18 63.321
7 1129 6 68.223
8 780 46 11.212
9 371 7 49.041
10 948 20 50.292
11 808 43 7.426
12 1371 4 71.818
13 1331 31 73.438
14 545 33 30.315
15 1222 49 24.558
16 1388 43 66.614
17 483 59 22.111
18 219 16 80.654
19 386 15 98.111
20 359 44 75.890
21 207 49 51.511
22 498 40 56.035
23 150 24 31.107
24 1435 55 68.104
25 612 12 17.985
26 223 36 84.264
27 1435 12 96.123
28 1036 48 36.711
29 867 38 23.759
30 324 17 77.092
31 1328 16 85.935
32 219 46 14.914
33 251 8 23.404
34 818 54 73.144
35 1129 38 71.891
36 657 34 38.034
37 1239 7 59.906
38 1160 39 95.354
39 1052 39 53.456
40 1075 17 80.335
41 863 46 87.507
42 1223 38 48.017
43 1118 41 99.350
44 1420 39 88.298
45 1293 11 73.763
46 91 3 1.591
47 629 19 55.647
48 263 55 68.634
49 285 30 31.315
50 994 31 2.754
51 749 7 36.062
52 625 44 91.109
53 800 35 28.729
54 399 16 88.533
55 1428 55 39.786
56 239 38 18.951
57 1258 55 51.515
58 1200 58 65.891
59 474 24 44.720
60 925 60 28.477
61 264 4 75.711
62 818 32 95.627
63 573 52 4.623
64 832 52 75.078
65 394 50 43.982
66 410 51 40.770
67 395 11 82.634
68 1253 27 98.574
69 1204 20 47.923
70 1332 16 34.828
71 170 15 13.776
72 738 40 25.085
73 530 25 44.439
74 310 26 82.509
75 1319 48 13.196
76 629 2 59.026
77 8 5 65.010
78 218 33 45.252
79 1146 14 77.999
80 71 34 94.467
81 209 59 28.506
82 1207 28 85.274
83 765 4 46.988
84 1421 20 55.928
85 1218 31 56.199
86 658 2 43.382
87 334 10 38.973
88 966 48 88.857
89 61 51 27.458
90 24 40 85.061
91 1320 49 13.483
92 997 50 8.712
93 94 53 50.829
94 1144 54 11.645
95 1242 42 73.728
96 1049 2 82.260
97 719 36 44.956
98 1428 7 62.414
99 109 4 25.850
100 788 7 23.553
101 538 33 65.830
102 331 25 7.048
103 305 37 0.858
104 874 10 17.486
105 568 54 13.176
106 874 21 15.855
107 273 49 80.877
108 687 6 47.377
109 1036 56 51.649
110 61 52 79.849
111 682 29 22.066
112 740 10 90.906
113 757 1 23.357
114 1258 18 50.512
115 724 48 79.268
116 815 10 6.852
117 95 16 34.307
118 1111 54 64.610
119 1233 33 18.668
120 1036 49 10.912
121 565 36 44.584
122 451 12 75.813
123 73 5 26.935
124 410 23 86.606
125 818 38 93.653
126 195 15 65.529
127 569 26 62.890
128 46 48 77.498
129 201 59 97.243
130 126 45 25.455
131 341 26 51.210
132 47 16 3.542
133 702 2 3.383
134 16 48 44.866
135 227 11 9.396
136 1326 17 8.445
137 1309 16 99.124
138 1323 27 0.233
139 1283 51 93.653
140 244 2 24.387
141 128 34 10.756
142 1338 18 91.903
143 1125 29 97.403
144 1331 18 27.330
145 691 3 35.350
146 977 21 59.745
147 42 50 59.522
148 229 4 36.574
149 857 5 45.270
150 138 14 21.321
151 443 26 93.477
152 881 16 56.486
153 421 54 34.161
154 698 32 23.937
155 105 3 0.650
156 243 52 70.175
157 1436 8 89.497
158 597 4 53.797
159 90 52 83.126
160 486 12 82.692
161 438 44 73.991
162 184 49 29.686
163 835 53 91.780
164 174 29 11.063
165 1073 51 41.188
166 827 11 72.966
167 1436 42 80.622
168 1141 55 82.376
169 896 19 26.716
170 1274 26 57.030
171 487 13 77.557
172 777 13 71.170
173 1212 47 51.160
174 1371 48 95.738
175 441 6 6.157
176 757 47 21.538
177 754 2 43.172
178 287 52 64.892
179 366 5 25.622
180 502 21 69.577
181 423 12 58.542
182 740 7 92.979
183 739 59 34.906
184 854 12 77.989
185 1333 37 42.661
186 168 35 67.959
187 699 53 26.313
188 1278 13 29.359
189 200 47 52.781
190 1431 39 36.392
191 212 22 90.294
192 301 29 22.567
193 824 17 83.083
194 578 22 0.803
195 1341 55 12.766
196 1219 25 6.734
197 1392 24 24.488
198 376 10 82.267
199 793 23 99.010
200 1104 60 89.458