200
1 1129 39 43.124
2 1149 5 95.560
3 260 47 33.308
4 28 47 71.496
5 587 14 34.902
6 32 53 54.348
7 1023 15 64.947
8 140 59 14.555
9 909 23 51.303
10 519 26 41.771
11 1112 37 97.518
12 1322 10 82.081
13 70 4 53.802
14 893 11 2.889
15 452 48 49.955
16 1259 5 17.577
17 736 25 23.587
18 301 13 42.534
19 363 47 50.495
20 1170 11 57.224
21 727 51 41.844
22 1426 21 40.988
23 592 24 35.821
24 407 54 45.672
25 791 37 68.276
26 130 17 79.662
27 1159 3 34.956
28 686 25 36.233
29 1208 18 3.514
30 1127 12 74.293
31 101 48 39.284
32 362 3 3.038
33 546 58 67.170
34 553 34 81.166
35 596 31 90.225
36 651 21 3.900
37 898 46 36.037
38 1258 29 63.612
39 469 8 18.312
40 75 11 64.012
41 1435 45 40.352
42 1173 41 52.018
43 1000 35 1.406
44 547 29 21.310
45 24 55 65.411
46 1014 26 11.906
47 243 29 81.018
48 1087 54 18.294
49 777 35 50.245
50 1282 22 52.283
51 276 57 16.776
52 1206 3 92.360
53 301 48 86.585
54 558 49 70.702
55 24 49 43.470
56 1165 55 0.033
57 20 2 9.615
58 622 5 44.099
59 996 31 19.945
60 252 12 49.782
61 1171 7 46.004
62 1437 10 58.600
63 127 46 79.019
64 1160 37 86.726
65 162 59 86.057
66 1207 58 8.488
67 891 35 75.522
68 254 37 46.376
69 1043 3 70.488
70 814 29 13.680
71 368 9 17.647
72 1124 22 92.743
73 421 15 4.118
74 465 6 71.266
75 706 27 56.010
76 1147 25 78.369
77 963 31 23.829
78 1162 6 16.144
79 772 17 5.605
80 388 22 32.859
81 597 25 5.804
82 1286 42 2.346
83 1232 9 21.189
84 678 7 86.651
85 213 32 46.552
86 1273 20 69.718
87 404 24 78.466
88 1290 39 88.423
89 1046 23 63.105
90 1021 27 78.804
91 336 46 79.650
92 1392 53 10.267
93 209 34 19.237
94 552 28 6.493
95 221 27 69.175
96 928 6 97.863
97 450 46 48.483
98 723 34 83.869
99 1057 38 91.636
100 99 35 29.665
101 427 44 24.248
102 542 18 80.341
103 268 10 55.377
104 869 20 4.807
105 373 40 72.072
106 292 28 76.699
107 712 42 1.581
108 306 31 12.521
109 1405 4 24.086
110 290 40 81.267
111 596 41 84.381
112 347 10 83.579
113 713 22 29.823
114 532 47 72.466
115 551 58 77.199
116 685 12 29.073
117 1245 5 85.451
118 247 39 91.226
119 597 43 22.553
120 343 8 80.345
121 717 22 67.632
122 310 25 9.744
123 690 13 21.859
124 658 38 35.888
125 274 52 44.684
126 414 15 31.623
127 579 3 94.467
128 193 60 71.028
129 811 53 20.127
130 596 44 60.880
131 171 17 7.853
132 840 27 23.741
133 1018 42 79.668
134 1064 45 69.378
135 54 4 56.506
136 1254 36 20.459
137 676 8 32.961
138 1236 7 23.070
139 777 41 50.777
140 1103 39 94.356
141 227 36 62.110
142 1121 4 74.530
143 908 43 2.040
144 629 55 8.725
145 707 34 38.897
146 70 21 34.973
147 246 5 24.375
148 1321 53 80.872
149 745 15 35.383
150 325 28 15.335
151 449 41 36.180
152 1178 25 93.731
153 25 34 95.661
154 1417 35 0.556
155 699 40 77.152
156 663 48 68.792
157 1049 49 4.516
158 379 33 92.069
159 424 5 14.937
160 1312 47 79.283
161 1408 31 33.484
162 343 49 51.464
163 667 41 44.343
164 1362 8 24.734
165 310 22 85.814
166 759 41 64.103
167 170 39 54.404
168 424 59 77.380
169 130 55 93.869
170 712 45 14.777
171 351 3 95.342
172 860 26 16.425
173 1158 2 38.838
174 1195 21 84.152
175 99 60 63.110
176 1191 29 44.760
177 1353 42 32.640
178 949 4 10.448
179 199 6 39.878
180 846 43 92.862
181 494 14 96.030
182 1119 8 18.835
183 1391 7 40.681
184 388 19 29.718
185 1189 32 64.987
186 1395 8 27.697
187 1414 58 64.662
188 265 43 42.390
189 946 25 71.361
190 383 16 80.040
191 908 59 24.386
192 540 36 40.731
193 1208 39 0.638
194 562 57 19.600
195 230 56 99.148
196 865 51 48.069
197 272 25 25.056
198 236 42 16.783
199 164 30 73.946
200 177 24 87.763