200
1 1214 24 92.954
2 440 14 61.527
3 417 44 11.857
4 541 7 82.796
5 119 21 27.913
6 788 42 25.359
7 408 10 16.513
8 825 16 57.192
9 1329 25 26.453
10 529 4 28.317
11 912 55 46.086
12 988 53 57.865
13 655 26 27.534
14 1188 19 80.462
15 603 53 78.804
16 873 44 79.609
17 1120 57 45.371
18 994 15 39.883
19 108 45 71.931
20 163 40 21.496
21 364 1 4.409
22 706 3 24.320
23 690 1 31.999
24 1094 48 40.095
25 1238 23 45.640
26 774 37 85.462
27 987 33 39.305
28 852 17 81.790
29 344 58 96.689
30 559 52 3.676
31 1346 48 81.729
32 236 50 23.851
33 200 48 14.408
34 182 1 89.828
35 1225 33 91.447
36 1418 47 33.021
37 994 32 71.718
38 922 56 38.326
39 1258 45 82.746
40 780 29 19.252
41 1346 19 28.619
42 851 30 51.680
43 586 37 12.684
44 497 36 83.693
45 307 30 16.219
46 1237 38 55.228
47 864 26 12.183
48 123 39 44.027
49 707 16 23.053
50 132 41 69.628
51 407 26 23.950
52 983 29 28.160
53 495 3 93.530
54 745 30 92.063
55 587 18 39.343
56 1411 30 36.393
57 205 29 55.048
58 2 20 28.693
59 1033 24 71.468
60 971 24 9.877
61 1149 20 45.899
62 140 3 1.733
63 1033 26 43.792
64 65 27 44.300
65 1048 33 5.760
66 914 10 36.373
67 869 14 77.766
68 1105 23 32.995
69 507 55 48.060
70 184 8 51.833
71 1384 13 93.674
72 1071 3 21.245
73 1334 48 38.997
74 1404 50 0.180
75 1431 45 95.762
76 111 11 24.328
77 51 32 32.895
78 888 27 36.448
79 532 2 99.400
80 422 39 73.906
81 1070 54 89.421
82 49 39 16.455
83 51 47 95.354
84 437 51 43.688
85 14 27 81.336
86 907 36 70.907
87 661 3 97.534
88 424 15 94.491
89 379 10 78.336
90 198 53 25.645
91 610 25 71.746
92 983 5 35.943
93 850 41 89.932
94 1289 30 59.121
95 116 34 82.910
96 435 38 24.160
97 1117 23 9.502
98 588 5 97.008
99 946 7 17.834
100 942 18 93.038
101 769 17 37.638
102 497 32 42.535
103 1292 52 66.709
104 482 6 10.394
105 1012 32 78.799
106 107 15 98.139
107 1337 49 56.781
108 1062 15 11.307
109 1140 42 41.095
110 1007 54 31.645
111 106 17 31.864
112 1357 45 1.495
113 1303 37 31.636
114 829 1 44.349
115 441 25 51.696
116 361 3 26.847
117 1188 24 49.538
118 796 25 81.735
119 1014 54 85.806
120 410 13 46.145
121 246 48 20.798
122 273 44 70.759
123 1025 37 17.919
124 893 35 28.713
125 886 15 59.101
126 1351 31 91.269
127 1015 33 62.432
128 161 28 54.537
129 603 46 80.253
130 1027 8 88.887
131 1263 9 55.544
132 406 16 63.032
133 1411 56 61.968
134 1430 31 95.734
135 1144 6 79.024
136 306 4 23.367
137 1025 18 82.832
138 1179 16 38.053
139 347 10 3.509
140 921 28 55.673
141 43 11 14.501
142 23 45 63.945
143 228 31 14.389
144 810 48 56.678
145 159 47 13.350
146 156 41 87.536
147 300 2 88.441
148 1287 31 35.589
149 430 29 92.330
150 696 38 34.467
151 573 15 62.561
152 7 38 90.136
153 517 39 48.242
154 831 3 8.753
155 859 58 50.382
156 893 25 71.197
157 795 7 54.597
158 369 44 67.796
159 196 45 79.618
160 851 14 79.223
161 379 11 29.195
162 350 32 37.523
163 680 18 15.112
164 467 1 52.815
165 377 17 74.876
166 1363 16 12.634
167 988 57 77.269
168 677 32 13.892
169 609 30 30.008
170 501 22 3.730
171 257 7 70.380
172 1247 21 41.348
173 408 26 46.695
174 894 56 95.556
175 243 26 84.907
176 903 26 57.100
177 438 42 29.606
178 1044 55 57.688
179 1384 41 73.424
180 677 3 12.249
181 689 2 40.859
182 256 59 68.501
183 326 55 16.837
184 105 60 65.121
185 874 59 9.391
186 383 59 19.001
187 373 60 61.751
188 38 33 26.241
189 647 6 53.768
190 50 34 26.911
191 310 39 77.809
192 439 53 7.377
193 135 3 98.596
194 699 11 3.246
195 1377 52 17.653
196 1365 32 81.904
197 1292 49 18.640
198 996 50 33.518
199 440 59 2.428
200 780 30 11.268