200
1 490 57 18.675
2 644 33 22.999
3 762 13 26.105
4 1344 57 29.635
5 558 2 91.827
6 644 45 49.772
7 881 8 76.100
8 1261 53 29.406
9 642 9 39.394
10 728 16 72.473
11 1278 60 10.350
12 741 37 60.155
13 170 48 27.195
14 1126 42 84.050
15 858 43 87.774
16 476 23 35.124
17 707 49 9.872
18 1278 56 4.661
19 1139 41 86.796
20 36 24 89.659
21 1285 21 57.024
22 1408 45 95.327
23 1238 52 68.803
24 152 19 45.677
25 1367 7 80.722
26 1051 24 74.606
27 1231 55 21.204
28 381 30 61.355
29 753 52 13.814
30 999 50 82.941
31 974 3 75.315
32 405 44 83.255
33 330 7 79.292
34 825 49 37.485
35 1153 5 68.966
36 643 20 12.029
37 417 9 8.765
38 638 11 21.936
39 1151 24 93.515
40 373 12 77.937
41 617 40 38.349
42 1017 3 26.735
43 275 46 34.685
44 1212 45 78.370
45 677 33 6.946
46 681 4 2.151
47 436 14 58.807
48 1064 38 87.132
49 545 31 21.156
50 772 59 25.131
51 921 55 37.987
52 124 24 69.380
53 20 22 53.343
54 171 58 39.243
55 460 40 33.596
56 273 45 39.731
57 385 39 75.440
58 1048 35 77.137
59 59 12 3.586
60 916 29 50.764
61 632 48 61.016
62 591 36 38.134
63 968 7 51.302
64 140 24 86.205
65 1158 60 64.212
66 637 40 17.869
67 515 36 84.796
68 570 55 74.559
69 914 59 33.441
70 1255 48 84.496
71 1038 30 72.088
72 1256 1 78.367
73 1054 29 11.494
74 1377 6 7.927
75 681 18 75.126
76 1224 6 53.333
77 1046 41 20.414
78 171 5 40.582
79 6 30 17.673
80 711 27 61.830
81 932 1 21.629
82 1353 26 75.566
83 86 41 12.692
84 1395 37 8.394
85 916 59 4.366
86 983 18 15.512
87 1286 7 31.152
88 1121 23 93.204
89 1334 36 44.778
90 443 33 46.186
91 719 49 24.837
92 562 24 96.975
93 231 36 15.820
94 1134 52 64.736
95 560 9 54.573
96 1159 24 44.596
97 1184 19 89.030
98 551 60 16.141
99 1437 48 15.646
100 1325 5 81.889
101 523 16 69.024
102 804 11 64.425
103 249 44 30.551
104 165 58 30.045
105 507 24 54.754
106 543 45 97.033
107 973 50 0.957
108 881 60 66.618
109 1042 15 14.499
110 962 3 63.483
111 10 35 38.082
112 487 11 28.217
113 573 13 43.461
114 540 43 18.867
115 301 33 85.596
116 550 3 31.417
117 158 22 55.901
118 329 26 75.581
119 1092 55 64.191
120 709 24 64.819
121 857 10 7.068
122 410 41 67.986
123 1131 26 19.754
124 1118 27 38.391
125 1076 16 86.006
126 104 3 62.242
127 406 40 54.146
128 778 18 10.691
129 888 19 70.488
130 791 30 78.668
131 285 58 23.425
132 439 50 11.976
133 614 20 49.002
134 1275 25 56.592
135 1431 28 72.774
136 517 28 0.757
137 975 57 41.840
138 1269 48 85.412
139 349 7 75.106
140 137 23 44.267
141 56 52 34.135
142 1240 20 32.998
143 782 46 4.620
144 1439 11 56.203
145 124 20 25.565
146 377 59 29.239
147 1160 55 79.397
148 178 41 12.458
149 285 43 11.240
150 1152 8 60.263
151 66 48 72.461
152 48 33 58.027
153 126 54 19.293
154 1106 44 64.342
155 549 34 24.022
156 213 24 53.065
157 336 35 76.313
158 666 37 2.741
159 1079 22 93.289
160 554 41 26.118
161 415 60 98.770
162 648 22 38.051
163 90 28 17.597
164 1029 1 8.436
165 777 28 68.530
166 1363 24 65.961
167 955 58 41.063
168 125 34 18.030
169 896 40 99.432
170 498 38 85.390
171 327 37 15.494
172 219 35 30.730
173 559 25 17.559
174 545 2 20.660
175 1299 29 31.721
176 370 14 44.820
177 57 9 26.788
178 837 35 65.744
179 971 17 48.860
180 918 11 36.573
181 1134 24 41.694
182 1147 34 8.746
183 249 59 47.869
184 1288 39 17.812
185 256 41 74.659
186 730 39 72.805
187 1222 9 54.574
188 1072 20 22.083
189 1029 52 4.252
190 790 10 34.276
191 1019 38 93.746
192 659 56 20.763
193 291 2 55.472
194 539 9 53.277
195 1424 58 18.516
196 723 35 92.919
197 378 13 98.696
198 536 29 77.325
199 317 21 94.732
200 336 35 99.653