200
1 879 32 58.803
2 842 26 58.171
3 496 14 84.489
4 1258 45 74.666
5 790 13 10.293
6 1278 53 83.838
7 760 37 6.812
8 1109 31 62.901
9 428 50 93.383
10 734 32 48.105
11 1411 47 2.052
12 1068 13 27.351
13 628 3 92.084
14 922 19 30.660
15 697 48 67.296
16 1161 60 84.782
17 1347 41 94.800
18 170 48 17.425
19 534 6 48.380
20 156 33 43.115
21 807 12 97.453
22 1086 18 97.966
23 558 27 71.116
24 1263 40 1.680
25 580 32 5.294
26 746 16 39.512
27 419 47 48.767
28 1082 52 30.471
29 668 27 71.790
30 1272 31 55.594
31 468 34 10.686
32 1240 49 75.207
33 158 12 17.172
34 1377 17 41.923
35 794 30 14.687
36 997 18 19.651
37 1325 22 60.296
38 1049 26 88.054
39 1277 21 22.653
40 1095 40 34.254
41 119 34 2.848
42 994 1 72.281
43 1058 14 2.302
44 1159 41 80.511
45 408 11 68.967
46 1437 47 71.565
47 202 9 4.563
48 1322 17 43.735
49 60 38 58.064
50 216 46 74.215
51 1024 32 28.428
52 919 38 66.634
53 1423 36 95.810
54 1178 35 16.602
55 839 48 63.394
56 1201 33 85.024
57 1284 5 34.208
58 1419 47 6.971
59 499 57 6.348
60 187 2 71.494
61 998 24 97.840
62 1226 42 84.762
63 349 33 59.703
64 178 2 9.141
65 470 45 79.786
66 517 25 41.836
67 1364 25 60.323
68 1095 38 19.338
69 1159 1 4.136
70 935 32 78.127
71 66 60 54.314
72 693 9 42.966
73 260 18 58.896
74 1294 7 83.924
75 228 26 79.226
76 679 14 67.246
77 204 19 30.208
78 797 23 10.623
79 274 8 92.274
80 879 53 84.494
81 445 50 77.216
82 1194 44 57.361
83 591 41 24.933
84 1169 13 84.087
85 951 22 33.315
86 1099 39 50.127
87 1188 37 86.231
88 1089 30 28.319
89 503 18 47.958
90 1383 21 12.024
91 1277 45 50.550
92 940 47 81.920
93 41 7 81.004
94 980 29 12.927
95 313 13 47.292
96 273 2 54.416
97 316 44 8.298
98 1326 27 32.775
99 1240 3 82.710
100 1085 16 1.947
101 438 42 81.808
102 551 12 97.355
103 1108 55 90.652
104 949 25 37.609
105 252 33 66.323
106 47 57 73.291
107 605 6 33.324
108 995 9 34.428
109 887 56 12.487
110 1016 50 29.615
111 620 26 9.758
112 839 28 55.510
113 1366 59 51.861
114 1393 38 14.620
115 904 59 96.576
116 294 39 21.398
117 635 44 89.671
118 365 35 54.192
119 1401 19 61.502
120 99 54 65.990
121 294 1 10.804
122 1131 23 58.522
123 787 52 9.974
124 560 41 24.949
125 178 21 54.798
126 435 24 98.766
127 209 27 32.896
128 1296 39 57.509
129 369 23 46.197
130 597 29 14.236
131 1181 19 40.215
132 1341 33 93.312
133 1284 33 87.089
134 921 55 78.870
135 1375 40 90.205
136 28 42 25.597
137 971 52 5.650
138 344 33 34.094
139 1102 49 0.173
140 1009 1 20.318
141 135 54 70.801
142 234 52 57.410
143 72 30 47.540
144 411 57 32.296
145 858 11 55.503
146 66 44 50.492
147 1317 13 22.962
148 104 59 82.178
149 781 10 89.936
150 1064 28 13.708
151 1177 44 4.915
152 403 26 50.187
153 173 29 19.376
154 881 4 48.812
155 309 5 93.928
156 1316 21 94.324
157 900 38 90.255
158 237 39 77.841
159 1440 36 45.041
160 1040 35 92.581
161 287 22 14.896
162 322 52 49.009
163 329 34 37.691
164 277 19 82.785
165 249 14 80.047
166 339 27 36.114
167 634 41 48.914
168 798 7 50.815
169 71 12 62.772
170 957 27 12.398
171 664 4 88.388
172 1357 40 60.337
173 1287 60 29.165
174 1238 57 48.157
175 83 23 49.833
176 638 18 91.882
177 53 22 89.481
178 1407 38 95.158
179 871 38 48.800
180 164 36 99.541
181 1362 9 58.644
182 1362 26 62.895
183 248 21 4.785
184 813 47 47.501
185 1039 34 71.491
186 159 10 10.964
187 1057 24 19.323
188 71 5 3.673
189 1101 34 76.980
190 998 27 27.552
191 64 21 82.696
192 392 9 86.170
193 1332 9 81.057
194 332 57 60.040
195 1027 6 28.476
196 1426 31 2.056
197 976 40 70.924
198 217 11 0.107
199 1102 43 59.087
200 1248 53 43.273