200
1 682 9 26.853
2 305 1 92.820
3 793 53 31.520
4 433 48 28.215
5 51 46 38.466
6 1209 23 92.107
7 481 12 67.027
8 1367 24 9.290
9 1211 48 3.043
10 874 31 1.283
11 1218 52 73.373
12 1 55 44.752
13 696 12 40.031
14 875 48 49.619
15 1297 11 23.042
16 45 7 90.044
17 476 37 12.702
18 101 40 51.191
19 634 35 44.720
20 1069 52 56.932
21 341 12 97.108
22 1433 37 80.336
23 220 12 7.438
24 1113 13 71.432
25 791 26 9.692
26 1211 34 34.660
27 649 43 99.420
28 203 13 31.751
29 1287 34 86.727
30 932 37 18.355
31 315 3 59.806
32 1090 33 68.453
33 177 24 6.877
34 397 29 58.798
35 1391 47 26.985
36 36 1 93.035
37 1030 50 10.916
38 1408 41 68.334
39 1098 17 34.175
40 1097 48 3.832
41 1321 11 23.686
42 1201 19 85.158
43 248 7 87.315
44 40 56 4.300
45 406 13 49.434
46 439 20 93.430
47 903 58 64.320
48 484 12 13.044
49 250 6 41.546
50 1106 8 22.469
51 476 33 61.434
52 666 7 90.335
53 1327 51 54.546
54 752 27 12.190
55 309 31 16.434
56 286 59 28.917
57 925 51 40.215
58 796 19 90.285
59 867 13 55.441
60 574 9 55.919
61 471 33 87.880
62 295 6 61.202
63 785 3 10.788
64 689 24 44.174
65 926 21 44.838
66 777 55 96.477
67 393 50 98.939
68 618 33 69.126
69 313 33 57.493
70 701 21 35.371
71 1354 59 34.324
72 1255 36 70.862
73 187 5 13.658
74 1382 37 87.658
75 733 10 38.019
76 851 20 13.791
77 873 11 7.388
78 545 30 10.173
79 987 56 26.662
80 1307 34 73.353
81 24 14 88.693
82 694 41 78.863
83 323 12 15.171
84 413 3 40.996
85 919 34 67.668
86 1409 31 67.659
87 216 46 60.629
88 110 59 72.076
89 1115 13 23.694
90 1397 58 35.625
91 651 31 18.003
92 926 42 53.788
93 772 6 49.606
94 965 54 20.217
95 375 1 50.871
96 461 40 54.072
97 960 39 60.459
98 354 22 8.496
99 849 44 52.751
100 1393 55 26.230
101 634 34 64.907
102 780 46 55.785
103 1248 29 86.496
104 270 27 43.453
105 836 43 62.928
106 356 41 57.392
107 614 35 23.182
108 96 43 49.327
109 1429 18 97.612
110 1028 1 85.520
111 836 1 67.630
112 161 22 58.099
113 1050 14 97.086
114 1039 5 31.569
115 1293 10 69.493
116 1030 4 65.925
117 137 59 61.689
118 1132 42 72.212
119 537 24 9.172
120 641 58 87.876
121 22 12 17.648
122 319 31 27.932
123 1164 33 18.642
124 393 1 75.924
125 883 11 57.637
126 160 35 77.749
127 699 6 92.425
128 622 48 38.084
129 1123 16 76.887
130 731 9 11.545
131 1123 50 22.666
132 413 57 16.290
133 974 36 78.114
134 1141 34 21.347
135 511 24 27.481
136 1139 47 95.949
137 1196 26 5.277
138 769 29 43.668
139 519 47 21.393
140 410 51 88.721
141 887 40 75.805
142 506 57 52.769
143 1098 16 73.224
144 1328 40 53.397
145 877 19 94.580
146 1251 14 37.332
147 1248 42 51.970
148 885 34 30.211
149 1069 31 43.621
150 819 53 18.106
151 98 11 34.993
152 614 18 11.307
153 685 2 25.660
154 301 35 21.148
155 707 38 45.424
156 1153 23 98.730
157 488 55 52.763
158 756 43 83.777
159 83 10 21.575
160 634 50 26.925
161 200 42 18.305
162 789 36 25.665
163 881 44 20.740
164 430 56 98.819
165 471 55 56.385
166 715 18 5.421
167 642 8 69.274
168 793 34 28.042
169 222 27 54.225
170 1241 52 31.009
171 338 40 72.227
172 1400 11 25.841
173 556 22 23.190
174 472 30 99.720
175 1190 46 13.136
176 1192 19 57.892
177 818 30 70.797
178 264 27 44.077
179 1216 11 72.836
180 980 58 95.592
181 165 32 25.352
182 642 58 60.464
183 224 19 61.714
184 1109 1 5.312
185 1013 27 9.286
186 435 51 93.443
187 1059 31 86.677
188 1203 38 11.320
189 454 2 94.772
190 865 4 23.061
191 680 27 61.617
192 388 40 23.982
193 1216 13 17.934
194 90 9 57.148
195 393 48 85.901
196 263 23 8.907
197 1037 17 28.860
198 304 41 51.279
199 532 36 94.254
200 327 13 81.802