200
1 1109 38 62.946
2 1001 44 74.640
3 1024 58 24.511
4 532 40 74.954
5 30 13 66.494
6 1202 39 97.765
7 194 56 88.558
8 568 25 5.334
9 248 8 7.391
10 113 24 7.962
11 1395 48 42.340
12 275 14 58.506
13 848 54 41.079
14 1193 47 2.677
15 1277 50 53.197
16 819 36 64.496
17 1073 38 12.780
18 613 2 51.707
19 1430 33 76.508
20 1100 38 57.261
21 1302 40 79.641
22 222 23 88.011
23 987 53 7.438
24 253 26 68.593
25 920 2 68.107
26 147 33 35.215
27 1075 5 50.356
28 773 5 19.465
29 494 37 41.333
30 916 16 88.596
31 626 49 11.846
32 279 10 20.427
33 536 22 15.719
34 331 44 68.691
35 934 57 59.320
36 121 22 88.300
37 567 34 15.173
38 944 43 94.192
39 646 51 1.875
40 919 10 31.930
41 473 33 76.683
42 1038 4 13.879
43 615 17 97.563
44 436 42 15.793
45 298 18 65.580
46 375 37 14.458
47 844 41 8.664
48 44 44 82.590
49 698 38 73.281
50 273 38 41.310
51 1173 17 67.531
52 531 34 27.368
53 748 4 71.121
54 174 37 82.067
55 1278 59 41.962
56 78 5 4.964
57 119 59 4.787
58 475 44 99.366
59 381 46 88.303
60 1143 5 69.380
61 1252 33 31.427
62 777 8 1.202
63 200 47 32.498
64 1046 59 57.907
65 646 25 77.673
66 590 6 9.930
67 134 8 9.820
68 1320 18 63.272
69 277 4 96.981
70 677 5 88.832
71 715 59 78.144
72 71 29 16.369
73 491 33 88.615
74 666 19 6.737
75 455 52 17.569
76 181 59 58.875
77 145 52 32.647
78 623 13 62.575
79 1326 1 63.560
80 392 44 81.704
81 1170 46 9.766
82 1238 57 74.139
83 378 57 78.562
84 487 35 70.747
85 436 50 2.811
86 235 27 6.466
87 1157 32 60.191
88 479 41 6.266
89 1266 26 49.316
90 437 38 36.717
91 521 22 38.979
92 1075 53 87.555
93 986 11 33.011
94 1387 28 60.695
95 80 20 16.288
96 535 3 48.146
97 1191 23 22.067
98 863 42 10.079
99 150 48 13.190
100 1211 44 97.911
101 826 60 15.243
102 266 54 14.776
103 277 41 59.346
104 1102 52 21.985
105 547 59 24.132
106 968 4 67.276
107 557 47 25.586
108 1219 21 60.298
109 131 18 29.147
110 38 27 68.497
111 1173 33 69.455
112 292 46 44.279
113 562 56 70.268
114 196 30 93.081
115 1056 24 96.872
116 481 55 61.835
117 1364 59 48.230
118 323 27 10.806
119 406 9 71.547
120 1050 35 36.802
121 342 41 24.440
122 952 55 8.598
123 822 17 15.265
124 984 26 17.353
125 16 18 12.402
126 1030 48 50.984
127 1364 60 86.417
128 1147 39 84.206
129 188 55 70.312
130 1266 31 11.572
131 908 36 12.730
132 8 45 37.514
133 937 26 96.183
134 1390 28 31.214
135 1253 28 30.659
136 141 24 80.762
137 991 28 64.023
138 206 59 31.865
139 1356 54 95.621
140 514 20 74.119
141 258 17 1.993
142 1336 14 83.488
143 949 60 96.301
144 817 46 45.267
145 564 34 25.431
146 143 25 49.772
147 1436 19 48.662
148 856 40 43.246
149 804 50 53.629
150 563 29 0.159
151 127 15 35.707
152 1216 57 81.267
153 474 6 20.208
154 986 59 21.659
155 1043 45 34.945
156 732 60 25.719
157 709 38 13.082
158 204 3 98.805
159 204 51 94.337
160 307 36 62.030
161 610 5 40.192
162 1345 48 89.601
163 283 49 32.125
164 177 41 32.497
165 764 20 71.540
166 308 9 13.892
167 769 51 18.780
168 912 10 43.965
169 108 12 64.558
170 1067 39 36.184
171 1054 41 23.927
172 662 34 79.929
173 442 47 45.877
174 970 28 71.010
175 669 13 67.709
176 173 41 22.181
177 1163 39 69.256
178 112 53 18.970
179 1240 7 29.273
180 1099 60 46.605
181 939 32 3.794
182 548 48 59.961
183 236 36 27.573
184 138 49 68.867
185 1150 53 5.722
186 1399 43 10.258
187 737 59 14.062
188 202 42 4.232
189 35 48 10.460
190 767 17 81.257
191 195 59 24.032
192 675 9 98.462
193 382 2 17.949
194 55 60 32.182
195 758 44 12.965
196 244 49 10.980
197 282 24 73.117
198 952 40 43.137
199 930 42 93.965
200 270 16 20.873