200
1 771 45 1.664
2 664 55 35.741
3 179 37 10.350
4 838 6 82.811
5 996 33 58.358
6 854 16 51.159
7 55 30 42.426
8 1392 20 63.605
9 757 38 39.102
10 454 60 96.022
11 578 14 27.090
12 874 24 52.908
13 764 57 61.580
14 768 19 31.698
15 1080 39 52.522
16 241 35 32.577
17 117 55 65.624
18 1083 38 61.989
19 891 15 63.551
20 696 50 66.269
21 801 19 74.036
22 607 42 95.511
23 892 8 13.712
24 466 16 55.729
25 1270 31 68.479
26 923 25 47.419
27 294 15 86.168
28 1310 47 56.167
29 1139 21 63.903
30 1397 32 54.799
31 1006 24 14.396
32 904 34 40.489
33 551 43 75.863
34 937 38 37.578
35 1409 14 78.527
36 1058 14 88.181
37 1403 55 39.930
38 1340 6 82.632
39 441 29 96.214
40 756 57 75.418
41 681 16 11.421
42 1437 21 92.390
43 608 38 70.713
44 277 14 86.815
45 210 30 84.490
46 697 17 98.321
47 720 11 97.156
48 828 12 14.822
49 356 20 70.314
50 216 53 26.453
51 160 43 48.089
52 381 54 99.316
53 618 59 75.380
54 282 43 38.730
55 1219 25 78.851
56 1369 26 84.189
57 1430 16 49.306
58 218 23 28.325
59 1319 43 29.019
60 396 5 91.521
61 585 16 32.626
62 931 39 39.076
63 1259 29 97.579
64 1012 23 11.149
65 375 38 87.902
66 630 17 24.954
67 1421 15 9.626
68 426 34 70.903
69 964 45 3.149
70 1252 22 41.996
71 277 54 62.413
72 794 6 63.438
73 1114 46 25.755
74 572 7 34.528
75 284 53 21.263
76 573 12 29.637
77 711 29 69.083
78 119 22 47.694
79 246 13 0.710
80 797 21 30.626
81 198 32 54.969
82 91 42 46.749
83 694 12 59.304
84 1075 57 61.925
85 330 18 86.183
86 1051 21 35.533
87 159 13 91.590
88 1036 45 6.703
89 521 10 74.433
90 1274 41 96.705
91 1091 34 47.998
92 870 53 96.372
93 1392 53 55.309
94 538 3 9.201
95 1097 45 20.922
96 576 33 7.382
97 151 59 99.651
98 983 9 66.689
99 588 18 88.109
100 968 59 52.603
101 53 12 59.969
102 749 40 81.836
103 199 26 0.482
104 242 10 21.965
105 113 32 71.286
106 842 18 87.406
107 1171 20 53.027
108 290 13 81.493
109 1066 36 17.820
110 106 11 79.217
111 76 52 53.714
112 1198 52 26.153
113 1170 18 74.999
114 1205 10 9.577
115 394 27 91.283
116 261 13 91.019
117 822 44 34.016
118 1192 32 35.708
119 774 52 46.040
120 1158 49 11.897
121 598 36 53.645
122 866 37 15.518
123 459 28 35.048
124 1420 40 9.639
125 1392 33 85.118
126 594 14 18.899
127 358 17 1.387
128 1102 48 18.032
129 1065 60 48.575
130 634 56 96.625
131 271 7 88.215
132 1046 43 15.060
133 1410 3 28.067
134 1136 31 49.080
135 285 4 40.096
136 1330 22 50.946
137 839 35 20.470
138 994 39 88.905
139 922 22 67.662
140 694 31 31.633
141 372 2 66.985
142 664 60 65.878
143 1312 8 20.061
144 1360 27 77.609
145 678 6 7.280
146 1228 58 87.055
147 373 37 89.133
148 476 51 24.207
149 194 15 3.008
150 32 38 52.251
151 952 58 16.889
152 570 53 0.459
153 835 4 9.450
154 136 11 2.205
155 485 11 38.707
156 437 58 52.987
157 494 57 55.625
158 200 44 48.492
159 481 26 54.158
160 1439 22 62.772
161 1385 27 62.896
162 933 23 51.626
163 1097 14 73.435
164 458 59 19.245
165 583 60 12.701
166 1370 16 65.871
167 1059 9 97.249
168 560 41 81.598
169 356 59 92.412
170 706 28 2.033
171 762 5 47.089
172 196 34 89.741
173 995 23 27.000
174 212 43 38.968
175 341 44 50.339
176 265 16 54.568
177 157 33 83.563
178 499 10 69.018
179 329 16 30.329
180 1438 48 9.869
181 1110 24 13.265
182 1072 52 63.539
183 74 39 63.717
184 459 13 56.152
185 384 39 29.723
186 321 47 54.255
187 1345 2 7.854
188 336 39 27.209
189 239 43 16.722
190 618 19 7.629
191 371 7 26.060
192 492 30 17.440
193 826 17 17.188
194 398 27 2.685
195 65 34 46.400
196 627 14 27.656
197 362 58 74.508
198 1132 34 91.877
199 165 47 15.521
200 233 55 22.576