200
1 210 7 51.857
2 15 41 33.560
3 1180 9 94.078
4 494 47 79.417
5 9 4 77.827
6 409 56 44.434
7 353 15 63.277
8 978 7 38.901
9 156 28 68.314
10 1423 60 39.143
11 742 57 76.365
12 521 48 26.904
13 1036 11 0.147
14 807 49 8.870
15 663 8 42.922
16 787 57 1.844
17 1394 37 54.588
18 309 60 5.375
19 262 18 35.447
20 1297 34 53.464
21 111 58 14.907
22 112 28 74.780
23 78 9 86.506
24 93 49 43.739
25 1410 4 10.393
26 505 21 8.385
27 919 50 20.924
28 1226 53 65.802
29 1230 45 34.182
30 658 39 67.392
31 405 50 76.456
32 154 50 11.741
33 236 56 90.158
34 974 23 16.177
35 581 24 53.632
36 1174 15 22.020
37 1383 21 87.420
38 352 8 89.086
39 1219 44 14.762
40 183 49 21.322
41 203 59 11.232
42 1192 3 3.559
43 297 49 15.038
44 331 38 25.123
45 946 52 50.988
46 654 25 69.682
47 1071 58 34.129
48 225 53 39.440
49 1333 52 27.639
50 1417 15 76.781
51 348 50 89.102
52 334 60 34.939
53 1067 53 20.472
54 553 16 44.038
55 1018 33 78.239
56 945 42 31.391
57 658 24 76.222
58 465 12 80.258
59 1103 25 54.914
60 336 30 24.545
61 978 16 64.727
62 888 9 61.528
63 495 41 6.286
64 441 51 35.848
65 84 3 55.116
66 4 17 92.415
67 1120 56 91.784
68 568 3 81.458
69 1168 21 8.145
70 566 51 21.288
71 1037 10 18.452
72 1065 58 39.298
73 756 42 97.738
74 460 56 61.883
75 24 6 55.214
76 430 39 28.157
77 937 24 41.356
78 543 51 28.704
79 13 3 72.231
80 481 60 58.366
81 553 33 60.491
82 1190 45 54.781
83 669 46 69.713
84 415 21 62.342
85 1291 45 90.031
86 927 40 53.637
87 1183 56 16.346
88 601 35 25.622
89 969 48 87.619
90 1137 50 91.117
91 469 5 30.463
92 267 8 54.679
93 501 5 63.790
94 894 55 10.878
95 841 57 38.739
96 234 12 49.848
97 1319 36 28.114
98 521 2 17.394
99 438 10 33.624
100 978 16 9.909
101 1120 42 17.538
102 756 40 79.689
103 303 39 8.534
104 1100 3 3.828
105 1338 41 37.810
106 372 21 35.964
107 716 44 76.391
108 592 23 97.973
109 242 13 87.009
110 1169 21 20.433
111 975 53 40.965
112 149 20 10.945
113 148 47 26.187
114 171 53 13.640
115 678 11 27.563
116 842 26 24.185
117 34 43 64.862
118 787 10 74.081
119 1360 50 96.017
120 569 36 40.579
121 6 49 47.879
122 1054 38 52.127
123 999 23 91.504
124 390 14 95.834
125 796 54 97.938
126 491 48 94.569
127 642 20 81.620
128 468 24 12.564
129 1107 40 16.521
130 1236 32 77.026
131 952 15 27.808
132 796 12 84.819
133 775 54 37.336
134 279 28 55.481
135 15 15 85.331
136 1151 22 98.598
137 1108 43 1.190
138 1259 59 15.741
139 1119 3 37.155
140 601 49 84.614
141 903 51 74.393
142 327 15 88.389
143 918 57 10.918
144 477 23 13.036
145 1067 55 21.879
146 1400 3 45.826
147 158 5 82.422
148 1008 45 88.255
149 1224 2 91.892
150 332 25 33.048
151 477 27 9.450
152 346 20 10.112
153 531 47 38.011
154 1278 29 19.942
155 1425 35 81.825
156 849 36 0.433
157 1218 11 28.584
158 1120 42 17.929
159 18 24 35.826
160 1245 10 59.992
161 834 7 20.699
162 371 53 95.991
163 639 42 12.327
164 959 16 22.242
165 1176 13 13.963
166 1166 55 91.483
167 468 14 85.286
168 889 35 97.059
169 465 33 7.902
170 280 56 22.460
171 140 56 87.907
172 557 55 29.380
173 1059 10 11.863
174 707 59 31.373
175 856 31 36.049
176 1246 54 1.599
177 461 53 26.575
178 1332 43 92.262
179 376 54 89.669
180 74 42 38.198
181 865 35 57.238
182 1339 8 56.193
183 1412 7 88.677
184 1354 34 93.885
185 536 11 60.525
186 98 39 89.506
187 632 18 60.537
188 874 21 4.912
189 1130 15 10.334
190 915 20 52.583
191 1094 15 33.196
192 1211 18 13.965
193 1398 9 82.242
194 309 2 75.722
195 803 36 89.950
196 312 60 20.882
197 220 26 64.932
198 583 5 23.641
199 217 18 99.210
200 886 9 63.169