200
1 678 33 73.068
2 613 32 69.351
3 1047 11 32.778
4 109 6 39.436
5 911 26 63.928
6 956 11 14.826
7 763 56 10.562
8 846 51 28.154
9 1315 22 98.729
10 1247 56 43.236
11 1031 23 12.359
12 923 28 82.316
13 690 27 98.536
14 426 30 17.997
15 527 45 19.387
16 599 30 50.693
17 130 24 37.748
18 991 17 81.522
19 258 1 59.309
20 402 15 12.323
21 1160 31 63.463
22 595 14 30.365
23 1200 41 93.679
24 1166 5 98.161
25 596 14 97.361
26 72 43 41.297
27 99 36 44.489
28 436 11 74.707
29 1437 39 57.335
30 1335 28 17.582
31 425 47 49.142
32 509 41 32.063
33 1133 46 0.078
34 787 14 23.508
35 1173 36 39.051
36 440 47 98.277
37 1364 15 53.571
38 724 56 23.303
39 420 23 20.614
40 1084 39 14.614
41 1044 50 36.788
42 1393 16 90.377
43 309 41 60.119
44 1147 1 57.802
45 79 52 29.368
46 859 15 96.499
47 205 21 46.418
48 1251 55 20.655
49 126 52 44.838
50 689 25 39.476
51 198 20 54.210
52 1404 48 0.443
53 1299 54 70.575
54 1412 51 2.261
55 913 42 94.872
56 1189 4 90.710
57 103 3 73.740
58 1234 44 87.652
59 153 21 64.527
60 887 13 15.486
61 1125 33 56.086
62 513 17 72.997
63 740 18 23.914
64 1006 55 23.901
65 170 21 30.175
66 1223 37 70.578
67 223 28 91.925
68 1249 48 41.101
69 1262 44 34.928
70 471 59 25.053
71 1123 48 63.973
72 218 54 63.830
73 255 3 70.661
74 1101 38 80.085
75 367 38 34.208
76 471 27 26.058
77 667 33 37.660
78 597 17 51.378
79 973 51 4.196
80 828 44 39.865
81 224 12 10.418
82 526 36 60.702
83 784 37 6.558
84 806 51 15.456
85 189 12 29.432
86 1368 53 21.011
87 50 40 74.033
88 45 41 8.975
89 780 58 4.597
90 115 15 94.130
91 1212 38 95.050
92 290 5 96.242
93 45 30 43.000
94 1155 14 83.816
95 394 35 2.278
96 1429 2 73.173
97 85 13 3.099
98 224 44 66.282
99 848 2 23.053
100 463 37 99.559
101 940 30 24.763
102 1382 34 62.118
103 895 21 41.232
104 24 9 1.251
105 1286 50 19.559
106 607 15 17.150
107 1251 22 41.110
108 1172 48 53.502
109 994 37 30.678
110 862 30 83.078
111 5 40 44.528
112 494 32 20.078
113 522 42 9.546
114 1338 36 32.364
115 935 37 35.456
116 517 33 79.623
117 850 8 44.749
118 387 38 12.478
119 215 7 72.425
120 436 8 96.757
121 889 52 53.377
122 446 25 93.541
123 1180 28 7.382
124 446 27 46.651
125 1270 40 36.584
126 183 2 90.972
127 741 54 6.361
128 354 55 36.763
129 646 28 82.098
130 552 46 44.381
131 570 37 78.572
132 1329 8 16.174
133 1105 29 61.781
134 569 47 31.505
135 987 25 29.641
136 1174 41 95.727
137 1000 49 49.920
138 763 34 40.655
139 375 9 72.720
140 316 34 71.135
141 1061 14 97.029
142 1362 39 76.804
143 1107 46 39.180
144 130 15 21.781
145 800 8 0.767
146 197 3 92.771
147 780 41 42.278
148 390 27 75.672
149 736 21 63.916
150 546 43 16.493
151 1074 42 21.959
152 1428 4 95.870
153 841 40 26.678
154 556 13 99.416
155 981 6 78.161
156 984 55 72.551
157 1271 20 52.970
158 1343 3 81.727
159 29 48 42.694
160 231 11 89.725
161 605 52 16.140
162 1080 26 93.756
163 130 19 46.888
164 1121 16 32.851
165 1298 50 51.782
166 1113 54 8.213
167 863 10 78.355
168 90 13 30.718
169 1058 20 83.688
170 210 26 94.099
171 594 13 50.386
172 889 49 41.395
173 229 19 94.825
174 507 26 21.112
175 26 52 74.970
176 1238 21 82.082
177 870 4 52.018
178 593 35 8.179
179 1222 8 17.995
180 1145 12 46.045
181 1299 58 95.670
182 586 54 68.528
183 1069 18 64.359
184 126 38 30.744
185 1338 37 94.466
186 669 43 94.271
187 674 50 59.018
188 300 8 36.557
189 297 27 16.723
190 1226 9 72.882
191 488 37 27.038
192 119 43 11.060
193 429 58 93.252
194 1191 35 88.628
195 1311 37 65.863
196 32 59 2.335
197 1423 40 4.134
198 384 13 99.019
199 886 38 62.178
200 1040 57 0.424