200
1 364 50 73.385
2 26 50 73.357
3 1249 41 54.968
4 397 37 93.497
5 1182 52 71.283
6 1368 7 89.889
7 6 60 1.779
8 1289 19 91.280
9 520 52 31.154
10 21 51 36.732
11 1376 52 12.698
12 346 49 13.872
13 940 4 12.818
14 90 16 75.718
15 606 34 12.496
16 138 49 70.352
17 1192 40 17.465
18 950 54 15.817
19 842 17 2.425
20 541 56 14.228
21 114 47 18.551
22 1302 15 86.812
23 113 25 36.146
24 967 27 42.388
25 1037 32 73.274
26 480 10 24.726
27 1417 26 89.795
28 1415 59 76.309
29 792 19 71.219
30 24 38 80.985
31 320 2 12.672
32 1221 23 24.435
33 1308 14 24.170
34 584 60 98.958
35 737 50 35.829
36 1058 32 41.304
37 781 45 39.108
38 623 26 60.130
39 168 44 98.684
40 390 2 32.943
41 1257 35 52.881
42 596 45 23.762
43 250 8 43.570
44 664 20 65.821
45 174 13 92.841
46 684 13 75.881
47 1037 30 61.788
48 1432 47 83.001
49 303 23 59.391
50 573 14 1.986
51 432 36 64.062
52 443 4 35.903
53 1015 25 37.442
54 1289 35 79.911
55 929 18 49.314
56 185 50 94.825
57 860 3 86.167
58 575 16 21.353
59 1011 1 2.487
60 410 57 17.206
61 1351 37 3.326
62 1383 30 17.267
63 1180 7 5.037
64 747 5 94.672
65 788 45 44.749
66 818 33 34.825
67 7 58 65.765
68 247 47 70.466
69 833 14 42.455
70 1065 51 58.911
71 362 13 65.564
72 1138 16 83.548
73 1293 3 23.629
74 537 47 33.976
75 486 36 4.276
76 978 20 23.811
77 898 3 2.042
78 776 13 62.559
79 848 39 23.277
80 742 31 87.854
81 951 39 68.335
82 123 1 1.469
83 33 21 44.715
84 1423 27 53.270
85 677 9 43.206
86 879 12 50.947
87 41 11 82.749
88 457 16 7.685
89 1041 56 77.704
90 724 55 65.747
91 39 2 38.451
92 327 39 75.829
93 878 24 14.498
94 1060 37 0.871
95 541 31 53.438
96 269 51 93.700
97 1425 47 8.052
98 990 1 61.706
99 249 31 49.006
100 53 5 95.339
101 481 14 49.685
102 1401 37 63.844
103 820 2 52.557
104 1404 24 71.637
105 431 13 98.703
106 611 22 10.856
107 29 41 81.818
108 156 30 0.860
109 162 59 48.253
110 967 21 74.384
111 957 1 76.599
112 1216 30 56.823
113 786 42 10.460
114 656 8 66.067
115 1397 41 60.828
116 1359 44 36.420
117 153 3 76.111
118 187 55 89.329
119 1213 57 89.229
120 1244 45 97.064
121 644 20 34.603
122 133 32 38.685
123 1153 60 54.645
124 738 47 95.127
125 858 38 7.215
126 515 17 27.508
127 448 44 88.898
128 1275 13 23.052
129 1078 28 80.226
130 754 12 25.991
131 1272 41 25.699
132 515 31 30.570
133 486 58 98.862
134 995 57 67.507
135 1047 17 44.837
136 75 46 9.246
137 324 34 23.032
138 813 26 30.783
139 460 26 73.585
140 857 22 84.338
141 144 45 73.424
142 1080 34 1.809
143 626 59 36.923
144 26 30 60.116
145 835 27 60.345
146 82 15 58.579
147 1387 52 25.514
148 1063 13 96.706
149 644 10 81.636
150 999 2 1.073
151 654 55 23.564
152 677 24 81.610
153 804 6 51.382
154 919 36 51.670
155 416 43 65.378
156 1073 9 34.182
157 99 3 17.936
158 496 6 5.922
159 295 30 14.755
160 589 59 49.788
161 1236 17 33.172
162 1002 6 31.133
163 174 12 51.841
164 527 25 59.084
165 871 15 52.907
166 272 49 84.368
167 374 34 26.486
168 743 1 44.031
169 312 18 0.658
170 1414 5 96.173
171 837 33 39.192
172 46 56 28.813
173 158 52 72.299
174 73 23 14.868
175 724 34 84.292
176 742 42 62.706
177 7 30 67.649
178 1069 17 27.537
179 1398 49 52.651
180 866 5 78.126
181 657 59 97.416
182 284 43 64.780
183 1354 47 51.170
184 1340 20 22.889
185 677 22 38.129
186 339 32 58.374
187 290 41 52.209
188 671 22 70.843
189 788 1 63.034
190 1284 12 58.878
191 104 47 99.217
192 651 42 34.216
193 1081 45 77.108
194 483 49 53.466
195 673 14 64.081
196 68 12 68.231
197 382 49 29.648
198 838 59 19.919
199 367 43 88.421
200 31 28 37.248