200
1 1198 12 60.379
2 403 27 43.534
3 147 18 87.821
4 277 11 34.885
5 126 49 19.815
6 1145 57 0.424
7 593 35 19.668
8 949 41 25.727
9 1170 51 7.268
10 743 20 44.328
11 242 40 27.923
12 1358 53 89.315
13 1095 42 64.766
14 1077 39 89.239
15 1322 24 56.127
16 595 40 98.714
17 297 20 67.188
18 704 10 31.663
19 579 25 27.811
20 848 2 50.084
21 185 53 4.532
22 930 57 98.285
23 545 46 84.052
24 253 15 54.086
25 429 42 4.773
26 861 14 75.251
27 1296 15 56.897
28 845 10 62.636
29 1376 59 42.514
30 822 10 78.507
31 808 14 64.531
32 259 20 69.384
33 746 22 85.252
34 73 46 63.849
35 1026 26 88.690
36 482 50 51.786
37 493 2 34.752
38 1089 15 96.402
39 469 15 39.666
40 515 29 65.427
41 537 42 77.613
42 598 14 18.360
43 1133 55 12.106
44 690 52 33.653
45 1030 11 94.918
46 574 41 88.824
47 1306 40 10.795
48 636 17 19.106
49 193 54 24.949
50 1159 36 90.166
51 377 55 34.307
52 819 17 7.775
53 275 6 37.818
54 574 21 59.081
55 375 58 13.353
56 845 39 9.666
57 1371 33 88.322
58 1094 43 10.463
59 176 47 83.698
60 615 58 23.594
61 581 30 85.457
62 462 41 92.313
63 455 48 34.084
64 188 15 65.706
65 106 56 57.573
66 737 31 24.530
67 526 46 4.732
68 241 1 32.411
69 329 51 80.982
70 969 1 42.993
71 70 36 39.559
72 1098 17 9.293
73 564 23 4.299
74 1049 52 58.559
75 1240 53 83.305
76 1344 56 13.332
77 578 56 81.591
78 24 24 89.606
79 470 36 54.947
80 372 49 71.742
81 1044 60 77.246
82 392 54 18.999
83 446 56 44.505
84 150 51 2.095
85 426 53 87.886
86 1085 16 82.056
87 1091 35 9.874
88 630 39 71.469
89 42 27 71.923
90 1109 58 15.121
91 863 18 71.666
92 725 55 96.103
93 52 11 86.675
94 797 25 29.019
95 549 53 66.227
96 1329 9 1.226
97 934 20 81.736
98 307 30 32.881
99 301 17 24.460
100 1056 36 94.218
101 721 9 35.918
102 816 31 48.594
103 788 42 10.678
104 1088 26 1.426
105 297 59 95.027
106 761 13 15.624
107 278 9 62.136
108 546 15 67.904
109 1111 58 19.833
110 701 38 21.926
111 454 22 58.801
112 126 26 67.599
113 643 15 52.316
114 1436 16 95.182
115 350 28 70.785
116 1255 49 45.253
117 870 13 48.627
118 1000 32 1.468
119 557 48 53.535
120 849 59 34.556
121 355 35 78.332
122 781 57 16.219
123 309 32 90.226
124 1107 48 2.477
125 315 38 49.002
126 114 34 6.640
127 350 29 66.289
128 1247 39 79.353
129 1035 35 41.229
130 589 17 11.511
131 692 24 90.939
132 835 28 55.485
133 1040 10 25.029
134 1426 32 12.157
135 362 6 58.886
136 364 26 5.867
137 1382 35 3.435
138 1061 24 36.328
139 573 38 2.440
140 165 60 89.730
141 82 54 25.269
142 114 35 26.832
143 681 27 39.804
144 167 12 45.976
145 279 11 39.122
146 1049 21 5.454
147 598 46 86.295
148 1014 9 65.542
149 130 45 67.460
150 1416 19 86.610
151 1348 24 6.332
152 1028 5 57.966
153 971 19 99.049
154 1261 23 27.115
155 1354 35 32.344
156 87 33 72.486
157 932 43 18.701
158 760 24 70.840
159 1371 14 50.296
160 568 13 7.707
161 483 29 4.777
162 1405 41 6.748
163 1118 59 36.735
164 942 49 75.519
165 396 12 48.978
166 994 13 92.882
167 1376 36 5.475
168 622 28 66.582
169 920 31 20.418
170 57 16 81.316
171 721 40 11.297
172 129 29 17.118
173 17 34 71.759
174 1433 58 40.049
175 783 18 67.010
176 476 18 67.972
177 243 3 6.021
178 80 38 99.038
179 1417 29 39.449
180 326 46 64.658
181 1150 40 6.343
182 178 39 58.245
183 1236 58 46.742
184 794 31 98.891
185 1060 17 53.974
186 863 29 80.712
187 1296 47 65.992
188 1040 52 27.508
189 611 60 30.735
190 1344 23 52.412
191 131 23 21.177
192 612 58 29.104
193 1205 22 29.357
194 126 22 46.013
195 1179 22 90.632
196 1423 41 50.616
197 651 42 67.398
198 316 37 97.832
199 1230 35 77.847
200 415 31 42.740