200
1 521 23 55.152
2 907 34 46.398
3 1152 5 91.888
4 762 40 9.226
5 1105 32 46.016
6 1164 39 25.120
7 1055 60 45.976
8 222 19 14.523
9 87 54 1.954
10 824 44 19.936
11 73 14 27.258
12 413 12 87.303
13 1096 12 39.525
14 1052 35 91.199
15 1116 15 1.903
16 26 20 93.300
17 502 2 6.395
18 609 60 11.802
19 905 55 25.182
20 591 46 30.771
21 1162 8 94.668
22 1088 42 21.805
23 892 23 66.579
24 609 35 36.464
25 340 19 57.882
26 1217 10 28.521
27 907 44 8.431
28 140 19 39.672
29 726 54 98.741
30 1229 35 69.260
31 1169 20 28.665
32 605 22 9.384
33 848 5 52.620
34 3 12 36.655
35 431 19 11.916
36 970 31 48.902
37 564 36 94.795
38 449 56 24.753
39 1400 8 29.245
40 1413 3 1.099
41 41 18 64.618
42 673 31 53.753
43 325 15 0.366
44 44 37 6.175
45 548 2 14.245
46 931 16 31.589
47 1422 3 64.278
48 12 44 69.519
49 1190 52 2.250
50 218 56 23.322
51 927 60 15.321
52 480 47 62.100
53 281 55 43.862
54 1433 39 72.859
55 1389 50 69.723
56 299 14 97.203
57 1201 46 50.350
58 1307 42 99.101
59 175 14 76.479
60 471 28 19.742
61 536 55 92.208
62 418 39 50.294
63 433 21 25.367
64 591 29 86.029
65 1197 46 1.527
66 233 26 76.527
67 264 1 89.074
68 1236 24 97.220
69 39 40 16.580
70 444 58 53.406
71 1007 23 96.882
72 704 44 66.154
73 1208 8 89.182
74 108 13 66.437
75 334 32 70.767
76 220 35 53.940
77 305 21 26.933
78 1435 20 46.144
79 1013 39 18.718
80 932 60 54.463
81 357 31 50.120
82 1139 60 26.169
83 1131 2 31.469
84 641 37 76.018
85 90 22 15.537
86 194 40 72.174
87 286 57 66.699
88 1367 56 46.333
89 1229 3 7.803
90 828 2 99.867
91 711 40 72.105
92 992 5 10.762
93 1150 28 69.030
94 1091 10 6.935
95 182 12 8.798
96 454 40 43.575
97 1339 58 99.341
98 192 35 53.598
99 491 5 3.111
100 470 29 39.684
101 577 38 22.475
102 866 18 46.581
103 928 29 40.108
104 72 12 27.862
105 360 5 87.125
106 726 52 85.115
107 1109 33 95.536
108 248 3 72.066
109 309 33 15.701
110 602 39 8.635
111 18 15 62.966
112 1151 4 17.628
113 245 12 3.123
114 181 25 81.409
115 1088 14 68.810
116 856 47 99.691
117 1108 60 52.148
118 342 54 44.045
119 228 24 95.472
120 654 32 53.814
121 307 44 50.883
122 229 4 78.195
123 657 20 86.232
124 665 50 21.646
125 1049 42 74.120
126 124 43 85.128
127 969 36 81.221
128 1406 49 90.008
129 1082 20 69.197
130 628 2 11.038
131 119 20 33.261
132 761 47 15.789
133 167 1 60.914
134 439 53 6.024
135 912 44 28.756
136 665 9 14.930
137 365 11 38.049
138 514 51 97.897
139 1221 32 44.399
140 60 13 93.671
141 362 29 61.372
142 1084 10 12.471
143 976 52 44.580
144 1369 51 33.592
145 929 44 83.402
146 629 54 24.392
147 23 48 76.214
148 1434 31 25.685
149 306 8 38.950
150 1270 53 73.236
151 179 36 81.818
152 929 16 98.861
153 1031 58 13.672
154 1005 38 75.012
155 606 33 90.113
156 408 59 94.170
157 800 46 36.764
158 1398 41 35.933
159 796 32 51.988
160 18 51 53.725
161 563 36 17.923
162 87 26 38.323
163 949 15 73.755
164 757 52 60.424
165 80 53 12.928
166 1299 37 23.086
167 572 4 26.800
168 987 49 67.884
169 1262 5 36.677
170 891 26 74.479
171 1112 3 7.241
172 1127 34 63.352
173 218 11 40.668
174 233 18 10.472
175 145 20 8.118
176 793 8 52.774
177 213 1 84.591
178 184 34 55.893
179 59 30 15.029
180 386 48 1.410
181 464 37 82.221
182 34 37 5.580
183 1407 49 38.639
184 431 26 80.450
185 491 37 22.041
186 1318 16 98.939
187 533 51 24.816
188 871 9 22.071
189 331 37 92.868
190 660 37 44.770
191 622 37 41.163
192 1047 23 98.918
193 1310 39 47.683
194 721 57 87.441
195 213 51 61.724
196 316 50 26.262
197 37 11 73.864
198 525 39 60.363
199 1346 1 96.362
200 1344 38 25.549