200
1 804 54 92.904
2 816 29 99.923
3 766 21 36.004
4 911 37 54.442
5 672 1 60.797
6 1414 39 63.436
7 1358 26 51.678
8 103 1 45.564
9 515 60 17.693
10 702 10 93.019
11 796 48 9.153
12 469 54 39.355
13 1351 6 33.453
14 940 33 87.572
15 1012 37 55.443
16 1056 25 25.814
17 1396 42 42.428
18 1412 54 23.047
19 604 21 58.354
20 1439 20 61.029
21 165 36 68.585
22 296 58 74.312
23 283 12 50.066
24 151 18 22.536
25 680 17 93.319
26 1268 53 38.806
27 1167 1 84.974
28 1362 3 42.292
29 708 25 11.099
30 1075 41 47.652
31 1155 28 61.824
32 698 13 56.483
33 192 11 13.342
34 1259 56 51.621
35 22 41 85.140
36 1102 28 92.319
37 368 40 61.562
38 971 30 67.768
39 1027 6 24.387
40 57 53 77.719
41 1397 22 75.631
42 968 35 49.168
43 450 56 3.328
44 1192 50 85.798
45 786 55 84.701
46 1067 25 13.963
47 266 44 37.434
48 429 23 97.330
49 259 29 5.580
50 154 1 11.205
51 19 33 42.922
52 984 40 16.968
53 873 30 99.423
54 574 28 90.786
55 665 2 9.210
56 517 56 9.687
57 1260 16 98.735
58 1186 59 69.259
59 230 11 37.352
60 263 57 59.186
61 830 6 18.097
62 775 55 5.466
63 1409 12 29.249
64 186 55 58.074
65 676 34 73.406
66 274 8 15.422
67 356 7 18.309
68 19 24 34.637
69 927 4 72.336
70 1192 37 16.809
71 1279 59 21.211
72 156 54 91.720
73 330 32 86.701
74 592 52 59.825
75 758 1 41.050
76 29 51 29.138
77 672 46 40.465
78 1244 17 76.101
79 458 44 85.648
80 1341 25 96.010
81 1197 4 15.926
82 952 8 83.583
83 1213 10 49.370
84 1124 54 66.287
85 601 2 3.533
86 29 23 52.446
87 1303 56 25.932
88 1085 9 56.166
89 317 18 33.806
90 707 36 8.001
91 1220 16 57.090
92 1419 12 19.698
93 1278 38 87.551
94 644 30 28.009
95 1428 23 19.390
96 1406 3 96.236
97 690 42 65.281
98 87 57 17.839
99 398 6 34.797
100 493 18 91.361
101 440 21 27.615
102 844 54 77.844
103 48 23 21.061
104 1367 59 47.713
105 904 14 64.467
106 429 58 82.368
107 974 27 39.491
108 33 53 97.560
109 484 51 48.476
110 61 43 1.613
111 1304 11 72.083
112 1417 16 16.432
113 1363 48 21.766
114 1103 20 93.180
115 826 18 34.377
116 781 51 70.898
117 317 42 47.985
118 1321 42 18.753
119 605 57 88.671
120 305 49 3.986
121 29 33 14.390
122 809 57 70.691
123 637 30 42.747
124 681 17 93.893
125 1235 30 97.303
126 701 33 57.180
127 1126 12 50.835
128 400 17 28.686
129 1284 9 15.614
130 1300 33 16.734
131 635 2 91.229
132 720 15 66.929
133 1085 11 2.367
134 1310 52 24.599
135 1054 13 67.886
136 1022 51 82.262
137 1305 6 44.254
138 715 22 7.480
139 521 22 14.227
140 870 59 54.009
141 408 21 80.511
142 1067 59 40.599
143 502 59 12.966
144 285 57 64.075
145 364 4 25.259
146 1012 34 12.446
147 194 35 16.032
148 965 51 63.247
149 298 13 42.224
150 741 47 10.763
151 239 52 18.093
152 546 28 45.126
153 861 16 78.782
154 1373 29 37.762
155 119 31 77.717
156 157 11 62.670
157 293 30 86.183
158 795 17 21.329
159 305 10 24.854
160 259 35 94.704
161 786 4 46.958
162 1089 33 24.089
163 65 54 78.408
164 163 42 40.590
165 407 6 19.380
166 16 6 97.779
167 766 59 25.864
168 561 1 75.823
169 1224 59 44.480
170 204 32 28.633
171 403 42 26.427
172 134 13 7.641
173 734 27 33.149
174 329 9 52.083
175 1431 9 80.543
176 1115 10 33.564
177 133 53 25.836
178 71 15 44.300
179 816 18 83.114
180 542 10 60.107
181 927 17 61.396
182 986 60 16.761
183 513 20 94.502
184 291 3 79.200
185 1031 52 33.829
186 1109 11 54.175
187 187 54 37.154
188 163 60 57.851
189 1358 55 99.774
190 1267 58 55.166
191 1216 44 71.118
192 101 11 26.879
193 1311 56 43.746
194 957 2 28.832
195 190 50 80.665
196 1017 2 46.918
197 1167 50 17.759
198 933 51 39.899
199 1025 11 54.124
200 1048 47 87.045