200
1 539 20 30.556
2 385 47 85.045
3 5 19 28.398
4 1185 34 98.138
5 767 57 91.024
6 632 17 54.870
7 150 30 47.237
8 1402 30 32.015
9 855 19 68.184
10 438 32 71.763
11 899 40 81.790
12 842 44 60.790
13 1394 60 51.322
14 846 40 9.259
15 178 48 81.145
16 279 11 67.334
17 255 12 67.393
18 831 19 5.451
19 739 55 67.834
20 103 14 65.742
21 998 16 4.670
22 527 39 41.494
23 111 53 2.544
24 112 33 76.944
25 409 33 47.466
26 103 13 71.657
27 163 41 13.860
28 1323 40 57.960
29 1092 38 66.834
30 326 53 50.295
31 687 4 97.055
32 263 32 64.421
33 1232 14 16.018
34 153 44 48.004
35 444 53 4.599
36 192 48 59.094
37 878 45 81.208
38 213 11 73.778
39 1227 51 35.265
40 693 12 76.499
41 561 47 20.769
42 130 12 7.750
43 1400 30 49.001
44 980 52 47.354
45 946 9 29.896
46 1217 37 27.251
47 1052 30 60.976
48 301 7 3.756
49 96 38 10.047
50 1293 44 50.820
51 16 60 46.196
52 1367 31 20.962
53 135 9 8.026
54 203 29 79.582
55 153 31 52.785
56 732 48 28.807
57 36 25 77.707
58 957 17 90.885
59 520 24 26.025
60 925 18 31.792
61 1041 11 38.343
62 1124 19 58.349
63 1394 6 97.811
64 517 27 77.355
65 627 30 72.895
66 474 34 94.518
67 298 31 23.068
68 588 38 61.218
69 851 29 3.742
70 777 33 7.108
71 137 21 97.673
72 582 10 7.516
73 434 43 82.606
74 1008 39 20.781
75 47 30 88.257
76 71 54 7.011
77 238 26 42.064
78 180 39 43.234
79 909 49 6.707
80 372 52 77.191
81 41 20 92.172
82 672 14 0.953
83 1380 12 72.552
84 1284 34 27.268
85 737 12 94.485
86 1050 43 6.886
87 534 23 6.646
88 584 54 72.277
89 130 38 59.603
90 857 44 56.055
91 242 51 61.780
92 524 35 80.728
93 600 58 98.199
94 846 59 4.459
95 1048 8 75.865
96 1325 2 40.028
97 695 56 6.875
98 857 14 41.207
99 491 8 37.093
100 281 32 73.024
101 591 57 14.321
102 518 36 83.317
103 704 9 67.798
104 345 6 76.801
105 1084 58 32.749
106 1351 23 86.245
107 491 26 65.217
108 325 42 40.158
109 949 44 11.780
110 1381 39 2.896
111 401 59 89.715
112 176 56 6.814
113 1219 46 91.753
114 905 11 75.766
115 973 60 52.091
116 1248 4 88.037
117 1197 51 89.888
118 108 26 64.997
119 619 58 46.614
120 378 3 80.615
121 1050 25 21.706
122 23 17 28.011
123 753 60 85.510
124 360 32 63.196
125 718 27 19.877
126 1051 15 61.473
127 604 54 56.756
128 529 2 19.814
129 1367 58 4.825
130 825 35 64.322
131 1022 11 69.900
132 622 43 29.844
133 113 25 50.624
134 1153 46 54.052
135 460 27 19.735
136 784 32 35.749
137 1170 48 12.034
138 828 14 60.435
139 559 9 44.755
140 645 59 32.712
141 183 1 72.094
142 869 56 81.270
143 702 15 98.460
144 872 57 45.610
145 431 36 3.857
146 459 51 54.575
147 426 6 54.029
148 1192 37 81.927
149 558 50 95.287
150 1221 35 38.115
151 485 16 36.189
152 972 44 3.967
153 1296 9 64.532
154 79 49 91.274
155 1394 43 85.301
156 394 37 27.826
157 217 37 87.263
158 1196 19 0.459
159 97 38 82.824
160 754 59 61.973
161 297 37 84.814
162 267 27 26.012
163 1079 14 19.909
164 1162 38 8.390
165 1113 46 9.930
166 939 58 62.376
167 1399 57 24.646
168 1044 14 77.950
169 1079 18 26.478
170 491 39 95.576
171 144 45 83.435
172 1271 23 13.096
173 1030 16 9.777
174 236 23 44.728
175 236 12 5.095
176 365 36 48.334
177 725 8 50.012
178 1000 30 40.337
179 950 15 73.859
180 1171 56 71.839
181 1398 59 78.791
182 1050 39 57.320
183 1147 9 66.596
184 1413 56 42.836
185 479 12 65.224
186 1303 48 88.698
187 406 14 47.654
188 720 18 45.446
189 738 25 69.216
190 571 2 38.324
191 1304 57 83.189
192 1126 47 10.294
193 502 22 74.609
194 902 14 37.691
195 1352 46 8.610
196 364 19 39.117
197 683 25 41.926
198 1169 26 84.922
199 929 1 78.195
200 1435 15 43.749