200
1 554 43 88.093
2 446 11 66.754
3 278 13 32.348
4 267 53 77.559
5 609 55 39.993
6 462 33 11.377
7 182 2 18.112
8 1388 20 64.527
9 235 28 8.342
10 1062 8 86.818
11 126 27 67.574
12 513 51 2.078
13 258 16 21.510
14 684 42 45.967
15 486 55 11.259
16 59 54 54.986
17 737 54 94.960
18 1293 25 40.558
19 912 14 92.502
20 1203 31 62.307
21 648 11 61.890
22 1012 25 28.161
23 391 39 7.793
24 1107 4 44.674
25 949 29 92.974
26 388 3 6.629
27 1279 23 88.022
28 791 2 27.421
29 968 26 14.163
30 1231 13 96.782
31 1302 33 47.298
32 99 46 82.282
33 846 46 47.342
34 700 53 5.294
35 1304 3 75.900
36 302 1 2.130
37 660 1 97.213
38 1247 42 10.837
39 766 51 89.091
40 449 45 94.627
41 914 25 75.779
42 1081 26 27.241
43 748 5 87.153
44 421 8 61.561
45 1060 45 86.848
46 555 45 99.132
47 1364 6 23.842
48 1268 9 81.012
49 743 26 60.327
50 829 35 41.746
51 775 54 69.039
52 1164 15 39.925
53 682 4 72.288
54 1281 13 10.129
55 8 10 19.785
56 413 57 20.765
57 562 14 51.060
58 771 47 1.853
59 1085 30 96.291
60 174 40 9.752
61 448 50 59.648
62 741 6 85.391
63 1141 30 37.365
64 1363 10 66.372
65 116 30 62.537
66 505 60 23.407
67 16 20 23.486
68 718 20 11.473
69 888 41 19.451
70 157 26 31.667
71 787 15 74.931
72 64 24 30.611
73 627 24 16.831
74 1195 40 33.153
75 562 26 48.148
76 1028 21 82.053
77 571 11 29.318
78 754 9 99.527
79 793 27 9.620
80 858 8 80.697
81 175 23 62.728
82 653 39 66.261
83 557 1 64.344
84 868 38 60.509
85 844 28 45.618
86 213 40 49.968
87 1348 4 50.554
88 829 42 4.696
89 817 52 84.931
90 111 46 83.864
91 1345 9 25.583
92 31 14 0.586
93 551 12 2.946
94 373 53 95.698
95 509 1 10.936
96 639 30 2.964
97 350 6 62.558
98 147 11 61.232
99 24 4 16.758
100 776 4 51.640
101 1162 29 58.580
102 1270 4 53.026
103 1108 13 12.877
104 428 7 61.702
105 1432 26 74.843
106 1164 10 94.333
107 1263 16 95.383
108 1112 53 80.935
109 1054 16 87.889
110 1059 17 42.096
111 460 40 3.528
112 1367 9 94.701
113 752 44 77.683
114 1227 43 67.418
115 235 37 39.395
116 83 16 3.849
117 619 6 13.366
118 618 19 42.846
119 850 47 74.024
120 254 40 26.428
121 116 3 84.647
122 185 60 53.339
123 103 16 48.113
124 313 19 53.466
125 1145 57 52.068
126 381 50 24.640
127 371 13 27.306
128 498 6 16.245
129 1201 21 52.921
130 932 8 20.978
131 423 7 80.327
132 893 7 94.526
133 1402 21 28.888
134 12 12 63.902
135 1126 9 76.679
136 1137 35 45.275
137 356 34 15.110
138 1208 27 50.113
139 1284 59 21.029
140 1152 47 10.491
141 108 26 54.695
142 182 20 6.021
143 921 4 44.798
144 997 52 45.577
145 385 35 64.716
146 1126 5 67.212
147 1225 45 38.175
148 1344 44 73.343
149 1226 34 17.517
150 186 4 94.375
151 456 45 63.321
152 998 54 85.610
153 1308 56 72.244
154 1257 20 95.722
155 1216 52 30.807
156 913 44 81.827
157 1290 42 38.712
158 321 39 97.546
159 1324 27 73.139
160 704 2 48.069
161 450 24 27.219
162 970 40 10.080
163 1230 24 43.628
164 911 45 59.521
165 1097 16 92.723
166 1363 44 88.672
167 111 53 34.300
168 1047 48 77.866
169 1426 50 24.785
170 402 11 45.378
171 99 6 15.955
172 934 34 30.184
173 106 2 20.073
174 900 32 74.971
175 842 6 55.681
176 1275 18 26.979
177 344 32 54.262
178 449 7 66.431
179 393 20 41.485
180 366 4 12.778
181 34 32 16.077
182 373 1 18.158
183 300 7 34.553
184 1034 22 91.268
185 510 44 14.816
186 102 56 66.230
187 129 7 15.061
188 1316 49 91.749
189 902 33 13.491
190 141 45 20.264
191 898 41 53.143
192 112 34 95.268
193 943 59 58.374
194 867 48 81.371
195 161 43 70.145
196 708 30 30.116
197 1328 18 42.821
198 865 21 38.739
199 199 41 99.889
200 63 58 12.104