200
1 222 39 28.241
2 610 33 58.721
3 866 54 53.250
4 1416 4 69.705
5 606 39 4.651
6 1302 30 59.277
7 917 16 84.708
8 420 8 43.601
9 318 14 12.794
10 367 6 36.532
11 415 1 71.996
12 1129 4 55.227
13 573 46 14.169
14 663 8 22.724
15 1326 40 82.950
16 1094 22 7.685
17 763 13 70.532
18 1182 46 51.552
19 1326 40 46.201
20 675 54 39.163
21 167 8 38.109
22 209 29 31.642
23 211 15 69.607
24 1125 16 37.959
25 128 56 89.190
26 343 38 77.996
27 1229 10 43.167
28 201 21 7.069
29 1321 58 30.535
30 701 56 60.211
31 322 20 18.585
32 57 58 40.223
33 1333 41 86.366
34 616 12 5.757
35 531 60 50.700
36 660 5 40.760
37 304 20 90.673
38 77 23 50.613
39 1123 24 71.720
40 174 16 51.589
41 1283 13 99.076
42 81 22 87.210
43 142 35 53.445
44 1107 3 80.874
45 527 20 11.396
46 1245 17 69.093
47 976 11 26.990
48 1334 40 56.739
49 575 4 71.548
50 201 51 85.935
51 191 38 76.005
52 3 7 69.364
53 1345 37 92.928
54 516 4 53.901
55 267 25 13.274
56 112 54 46.805
57 496 54 0.826
58 857 48 36.272
59 1295 3 94.807
60 1210 41 0.506
61 152 13 44.014
62 244 3 54.629
63 509 40 54.472
64 307 6 96.639
65 1009 46 91.076
66 542 35 77.000
67 1183 9 46.933
68 35 59 57.616
69 734 27 97.052
70 1106 15 59.920
71 43 24 46.493
72 1054 50 97.272
73 198 24 70.414
74 783 43 28.592
75 1341 39 70.227
76 850 30 59.127
77 182 50 50.460
78 1106 47 74.746
79 818 10 88.833
80 759 15 71.536
81 1087 55 14.942
82 1117 3 77.928
83 382 35 92.321
84 102 2 62.548
85 288 25 54.584
86 303 55 66.794
87 1137 18 45.225
88 1405 24 43.453
89 1239 51 57.779
90 820 13 77.867
91 289 28 99.973
92 908 48 63.841
93 615 3 71.552
94 1217 8 36.911
95 361 45 39.187
96 1182 41 58.658
97 740 52 75.580
98 345 50 89.330
99 225 51 39.805
100 1287 52 79.228
101 1072 42 32.537
102 522 18 54.839
103 886 16 32.578
104 758 3 39.138
105 1321 1 14.423
106 1245 4 94.514
107 514 28 90.283
108 146 4 65.500
109 1229 24 52.103
110 1308 21 42.839
111 149 58 92.515
112 1150 10 70.213
113 299 31 62.136
114 594 38 53.569
115 491 47 32.183
116 74 54 18.222
117 139 7 42.057
118 1255 4 31.245
119 857 43 9.610
120 1204 26 43.583
121 594 13 7.786
122 888 46 93.514
123 1234 54 32.693
124 1393 39 36.380
125 1042 8 10.355
126 16 60 80.003
127 587 32 57.115
128 132 23 56.856
129 492 51 43.004
130 433 41 35.389
131 1203 15 5.137
132 73 13 25.818
133 628 24 7.884
134 360 24 33.484
135 398 7 97.022
136 1089 28 2.521
137 752 58 62.684
138 937 4 11.584
139 1225 23 73.504
140 672 34 12.307
141 1019 41 78.877
142 1024 12 36.916
143 347 53 27.278
144 327 2 27.173
145 977 47 82.671
146 1144 51 84.927
147 1439 55 13.726
148 553 19 35.651
149 319 36 74.761
150 1412 34 81.630
151 151 4 87.961
152 618 37 44.336
153 75 39 26.969
154 961 51 98.007
155 212 10 77.986
156 1211 33 0.020
157 188 42 28.582
158 1248 60 62.954
159 837 28 10.514
160 1420 41 42.861
161 1102 13 1.398
162 848 3 66.188
163 830 49 28.032
164 161 17 77.068
165 597 21 18.768
166 730 50 17.936
167 569 36 54.111
168 586 9 52.749
169 317 57 75.642
170 830 14 47.985
171 489 14 53.268
172 1216 32 7.388
173 1179 2 79.915
174 731 41 89.534
175 1377 30 57.724
176 506 54 90.622
177 245 13 24.402
178 935 52 84.447
179 749 55 85.211
180 179 58 72.668
181 1417 12 30.210
182 487 50 22.206
183 1362 25 25.475
184 423 6 24.678
185 994 57 31.514
186 487 4 65.695
187 1200 40 9.915
188 1233 36 9.001
189 400 29 14.063
190 1146 16 58.335
191 262 4 64.974
192 525 17 28.386
193 1217 51 85.176
194 879 30 67.762
195 1383 35 11.782
196 119 39 55.890
197 1014 9 24.830
198 559 13 25.433
199 911 23 81.343
200 876 21 57.886