200
1 1106 6 21.907
2 215 58 73.218
3 1233 45 46.932
4 64 20 11.127
5 78 10 54.308
6 590 22 33.009
7 1430 29 62.720
8 496 34 24.895
9 624 52 34.136
10 840 35 36.078
11 242 9 92.383
12 1027 19 87.594
13 800 4 92.913
14 232 51 45.774
15 550 9 93.431
16 1019 42 59.721
17 193 59 87.668
18 260 15 10.531
19 1187 23 91.363
20 20 9 20.620
21 1346 59 78.810
22 221 52 26.861
23 1412 44 98.699
24 105 12 89.809
25 1306 32 70.676
26 215 1 52.953
27 1435 39 7.261
28 467 38 94.852
29 872 28 64.871
30 96 32 41.442
31 2 60 71.406
32 413 8 20.215
33 1299 22 2.264
34 984 49 43.563
35 1191 21 57.958
36 876 25 57.292
37 1029 22 97.100
38 1160 48 8.217
39 1317 14 29.247
40 959 49 71.507
41 1086 46 25.566
42 277 2 21.281
43 679 22 2.519
44 93 5 48.525
45 465 17 5.195
46 724 20 29.453
47 1002 37 74.499
48 243 42 32.801
49 925 16 56.236
50 62 46 97.763
51 188 6 59.844
52 480 52 78.298
53 294 36 98.972
54 1119 36 95.927
55 551 46 13.930
56 477 13 11.954
57 1051 51 24.605
58 278 56 96.106
59 645 26 80.402
60 67 17 4.126
61 824 34 1.150
62 52 10 58.930
63 503 39 42.261
64 849 35 75.470
65 1305 38 78.598
66 55 56 50.362
67 1413 53 54.859
68 43 19 84.501
69 899 25 14.588
70 1356 50 56.295
71 700 40 12.720
72 989 46 84.253
73 608 17 63.503
74 1005 50 10.186
75 525 33 93.048
76 619 20 73.318
77 1084 58 64.033
78 491 49 96.798
79 66 54 29.253
80 685 7 85.111
81 1159 46 82.740
82 839 47 4.493
83 17 32 97.161
84 1013 35 90.986
85 45 25 58.031
86 965 49 56.653
87 19 21 75.068
88 346 5 40.803
89 1353 9 47.908
90 722 3 19.804
91 1293 55 23.424
92 306 57 12.800
93 457 45 81.808
94 1210 44 34.098
95 1295 21 82.049
96 166 46 12.103
97 821 7 30.599
98 136 19 35.524
99 426 45 17.009
100 378 16 63.278
101 779 5 84.632
102 374 56 95.970
103 252 41 19.425
104 802 36 54.241
105 775 26 29.300
106 560 3 36.460
107 1257 38 83.059
108 66 11 74.920
109 1330 5 12.382
110 1099 49 3.584
111 582 53 83.037
112 25 31 39.199
113 274 35 37.111
114 107 23 70.756
115 671 48 16.947
116 1440 17 43.708
117 780 57 38.329
118 1187 37 73.420
119 351 7 38.802
120 927 8 12.226
121 1430 5 76.209
122 195 36 97.712
123 1368 17 46.337
124 1401 2 79.526
125 1051 7 47.275
126 693 24 33.947
127 737 36 58.226
128 1298 9 59.303
129 1021 22 47.894
130 789 15 21.186
131 564 19 9.351
132 430 1 21.613
133 360 18 14.310
134 487 56 67.716
135 1159 39 95.283
136 508 38 88.986
137 623 12 91.178
138 1251 56 87.155
139 216 28 16.738
140 1294 8 32.064
141 1301 55 42.427
142 276 57 73.258
143 34 49 94.523
144 1135 14 3.193
145 860 51 91.542
146 1349 11 11.689
147 985 26 94.268
148 514 36 73.484
149 275 44 49.347
150 248 27 74.544
151 730 54 27.574
152 619 39 36.261
153 870 29 50.567
154 720 15 5.136
155 749 46 56.741
156 1353 54 4.688
157 1008 19 96.649
158 854 16 79.018
159 1240 58 58.449
160 823 44 36.469
161 908 37 59.023
162 551 15 74.830
163 449 1 46.347
164 59 9 12.263
165 184 17 71.047
166 225 19 71.411
167 217 21 90.388
168 884 60 9.847
169 1031 48 82.439
170 1229 51 21.128
171 1363 56 51.804
172 440 23 7.456
173 1438 52 53.572
174 471 19 3.027
175 614 21 58.742
176 602 32 61.648
177 587 23 98.992
178 289 56 3.602
179 1407 23 14.514
180 1299 57 93.148
181 466 30 64.439
182 743 44 62.727
183 1239 9 18.276
184 1182 17 49.789
185 962 1 51.010
186 97 56 64.103
187 1301 16 88.369
188 759 11 31.095
189 714 51 82.485
190 1242 37 30.555
191 200 8 22.284
192 245 8 5.206
193 274 49 57.574
194 273 46 98.441
195 74 26 63.281
196 1440 31 21.979
197 1068 15 99.128
198 425 22 26.626
199 285 18 79.927
200 300 44 66.686