200
1 317 42 45.542
2 639 16 40.492
3 768 20 6.215
4 1064 26 60.245
5 1335 46 33.290
6 153 19 30.043
7 22 35 84.832
8 769 3 88.200
9 995 48 45.857
10 99 46 18.733
11 585 13 97.857
12 218 51 80.826
13 111 10 17.260
14 953 19 54.711
15 83 6 75.948
16 159 16 45.905
17 1373 10 96.952
18 647 48 0.943
19 933 31 17.603
20 989 7 29.356
21 862 10 46.317
22 319 33 18.979
23 597 56 88.779
24 480 55 22.713
25 1392 58 56.565
26 470 2 86.135
27 1115 47 85.638
28 355 1 39.070
29 72 25 99.780
30 1217 25 2.681
31 305 2 46.569
32 589 58 42.389
33 1164 20 38.342
34 855 43 63.642
35 298 40 59.907
36 1349 13 96.872
37 162 11 83.425
38 1007 27 86.734
39 115 12 78.374
40 952 6 78.199
41 295 46 99.582
42 214 58 53.547
43 361 23 13.983
44 821 48 98.889
45 1316 13 50.911
46 888 30 3.635
47 930 52 34.981
48 820 2 55.108
49 1075 26 69.173
50 757 17 15.104
51 770 51 66.040
52 965 25 55.679
53 364 8 94.577
54 913 6 22.038
55 384 53 57.932
56 847 24 89.080
57 518 51 72.308
58 417 28 89.320
59 443 1 97.960
60 597 48 36.600
61 757 51 71.293
62 680 27 44.996
63 994 17 16.556
64 734 21 21.371
65 1261 43 56.802
66 1036 36 80.482
67 4 43 14.699
68 339 38 74.461
69 105 54 43.289
70 430 48 80.266
71 1003 17 13.072
72 1019 57 8.419
73 458 54 65.188
74 493 49 45.911
75 567 10 65.753
76 1291 18 35.108
77 635 44 82.762
78 607 13 70.527
79 1351 44 0.739
80 1162 29 84.133
81 481 23 42.029
82 305 55 29.811
83 1232 21 28.446
84 552 49 71.882
85 848 17 71.868
86 1356 45 39.766
87 33 52 24.248
88 12 45 35.339
89 892 15 57.269
90 419 35 19.118
91 535 36 28.608
92 328 56 56.398
93 715 19 58.236
94 622 4 88.186
95 1420 13 93.210
96 595 41 83.628
97 1291 47 74.843
98 778 1 97.045
99 219 9 77.016
100 399 38 7.645
101 549 14 88.642
102 1109 48 62.445
103 1066 44 54.759
104 254 35 69.874
105 932 14 61.718
106 1018 6 50.241
107 1377 22 26.156
108 565 29 63.459
109 719 3 68.396
110 323 28 63.180
111 771 52 56.137
112 1055 3 56.515
113 742 9 92.235
114 1023 48 62.633
115 785 58 73.574
116 907 21 89.428
117 1261 28 61.371
118 446 40 8.558
119 1433 43 98.833
120 1293 46 29.096
121 1152 32 92.468
122 764 58 65.876
123 379 26 37.647
124 977 28 13.387
125 296 15 81.018
126 927 14 6.465
127 1298 19 46.722
128 655 32 30.996
129 1178 36 27.597
130 47 1 35.579
131 460 54 83.618
132 386 17 57.933
133 1249 15 39.821
134 1266 23 40.619
135 818 38 96.180
136 1397 21 34.434
137 886 6 61.495
138 966 48 49.761
139 1080 4 26.267
140 1119 16 49.787
141 1386 23 17.717
142 1330 35 34.181
143 832 25 21.401
144 1087 32 45.956
145 1377 44 11.550
146 371 50 85.030
147 1180 16 87.832
148 926 45 21.587
149 52 28 84.708
150 1310 37 89.261
151 846 7 72.206
152 414 13 96.647
153 339 16 92.322
154 1168 38 15.526
155 373 47 81.634
156 554 47 72.742
157 690 60 41.785
158 317 34 69.190
159 1420 4 3.253
160 751 9 45.066
161 799 13 99.703
162 1331 29 43.925
163 521 37 44.591
164 670 33 96.896
165 16 56 4.039
166 782 20 52.175
167 843 40 5.891
168 962 54 87.958
169 787 18 12.781
170 1059 23 42.509
171 495 55 67.666
172 320 43 42.530
173 634 46 76.083
174 1014 8 45.364
175 1220 8 56.847
176 1283 23 68.758
177 647 21 60.382
178 952 60 75.255
179 1308 19 59.443
180 118 28 50.863
181 1396 9 36.031
182 589 2 0.050
183 1254 6 4.995
184 424 23 2.233
185 1122 49 46.683
186 1011 43 3.108
187 238 3 88.449
188 246 2 43.896
189 643 34 54.999
190 900 41 22.081
191 23 32 2.820
192 1232 52 61.663
193 55 8 77.718
194 1203 46 27.708
195 1241 1 69.859
196 261 28 69.232
197 719 35 96.165
198 810 31 55.502
199 1114 14 72.639
200 299 35 12.171