200
1 36 6 36.387
2 692 8 57.673
3 362 34 24.199
4 986 47 4.805
5 512 42 97.424
6 1269 43 1.981
7 1192 43 60.755
8 842 45 71.172
9 1213 16 81.276
10 1089 33 43.981
11 16 32 51.445
12 1012 28 85.462
13 135 54 0.500
14 226 35 64.140
15 268 53 18.446
16 443 39 47.162
17 1036 33 56.768
18 458 55 28.174
19 1192 46 20.448
20 379 23 1.085
21 1008 58 19.813
22 270 34 69.151
23 205 9 49.462
24 84 6 19.316
25 1324 5 0.303
26 1068 30 32.554
27 212 46 63.381
28 1170 22 77.325
29 848 46 49.187
30 1193 20 32.625
31 987 24 16.564
32 872 51 33.593
33 552 21 80.968
34 1435 12 32.354
35 565 54 17.328
36 830 19 48.561
37 1032 2 58.504
38 143 26 18.046
39 1142 47 82.485
40 658 30 22.964
41 118 25 11.153
42 1236 53 34.434
43 1032 60 75.384
44 815 35 70.656
45 441 34 91.462
46 643 21 2.591
47 337 21 78.510
48 876 21 77.369
49 776 42 2.745
50 402 44 81.470
51 634 19 5.944
52 653 5 29.428
53 807 28 61.053
54 371 31 88.018
55 1290 55 88.875
56 1002 35 60.766
57 476 4 23.121
58 559 34 25.600
59 1212 3 60.487
60 1149 33 42.836
61 876 4 94.723
62 691 1 1.787
63 594 35 61.244
64 622 57 84.825
65 985 45 32.768
66 1170 55 97.052
67 91 33 42.158
68 168 51 22.803
69 905 28 78.858
70 1196 36 2.660
71 254 28 97.081
72 652 17 58.115
73 686 40 93.550
74 153 48 24.592
75 582 38 65.140
76 98 8 43.059
77 20 59 7.429
78 386 42 63.476
79 1062 30 75.773
80 37 34 93.312
81 899 3 2.573
82 845 1 59.187
83 737 14 24.230
84 132 10 96.808
85 1394 10 38.579
86 478 39 45.530
87 893 11 45.055
88 1124 37 24.454
89 438 44 68.590
90 516 28 51.909
91 810 56 77.950
92 1139 17 69.228
93 172 21 6.494
94 104 32 1.626
95 6 8 17.620
96 599 51 16.408
97 786 33 42.069
98 735 57 4.961
99 456 37 76.929
100 222 19 72.804
101 428 57 41.025
102 871 5 14.328
103 439 19 33.400
104 1288 14 93.944
105 1149 19 54.681
106 1368 54 86.120
107 277 19 80.436
108 820 42 90.789
109 1309 15 74.449
110 838 18 35.016
111 399 44 86.344
112 587 50 56.467
113 951 39 56.225
114 1088 4 41.681
115 919 11 28.089
116 828 47 70.039
117 1236 55 89.545
118 527 51 0.412
119 106 10 65.722
120 70 44 60.874
121 587 44 27.935
122 995 14 3.216
123 259 51 32.191
124 112 52 65.413
125 941 50 34.991
126 417 44 67.280
127 1096 2 30.879
128 538 9 64.183
129 243 39 69.510
130 1315 32 30.126
131 1122 39 98.704
132 927 35 93.574
133 758 44 33.198
134 835 55 15.328
135 550 39 94.784
136 505 10 37.435
137 571 3 95.867
138 426 47 58.030
139 465 32 35.703
140 743 33 19.808
141 177 46 56.292
142 1072 1 21.641
143 905 17 40.020
144 1143 48 59.047
145 1109 49 98.156
146 225 54 17.481
147 291 3 75.903
148 962 5 71.316
149 1248 39 65.166
150 110 26 6.928
151 818 49 21.043
152 1049 14 79.169
153 266 54 1.290
154 777 11 75.526
155 3 35 11.509
156 579 20 60.914
157 1018 11 68.092
158 1073 34 13.105
159 1282 35 99.033
160 922 59 71.284
161 1379 50 26.627
162 1114 43 7.055
163 356 1 0.237
164 1319 23 99.494
165 1011 43 90.398
166 367 24 22.075
167 277 38 45.634
168 986 20 35.027
169 743 10 30.485
170 997 57 7.122
171 1246 9 83.571
172 545 8 14.052
173 776 46 61.776
174 1215 9 57.151
175 1149 47 80.403
176 457 40 55.574
177 495 18 3.172
178 769 59 92.574
179 941 4 86.891
180 1248 3 30.850
181 621 15 91.167
182 99 23 52.321
183 1030 9 68.475
184 259 44 36.403
185 778 36 31.775
186 431 20 41.980
187 213 46 70.329
188 1329 29 47.181
189 1141 29 53.113
190 442 34 39.765
191 962 48 24.827
192 446 23 95.568
193 65 35 39.884
194 1066 4 92.311
195 457 40 23.827
196 226 33 32.106
197 1303 34 61.929
198 1382 16 35.457
199 86 22 0.594
200 897 35 81.012