200
1 1107 6 23.060
2 920 39 73.127
3 517 46 45.254
4 343 21 27.098
5 287 1 45.181
6 295 53 81.175
7 157 17 14.954
8 1117 3 63.017
9 1100 14 14.000
10 30 45 49.745
11 591 58 97.790
12 590 25 81.974
13 1208 7 97.659
14 975 45 64.979
15 1182 36 87.476
16 713 41 1.248
17 1171 53 72.282
18 1186 60 57.465
19 962 5 61.530
20 384 14 38.843
21 1162 13 83.375
22 606 34 29.370
23 236 3 78.317
24 1023 29 25.576
25 551 39 11.530
26 92 36 92.555
27 1071 15 99.970
28 1327 30 40.048
29 1206 26 66.273
30 234 28 40.622
31 934 38 67.239
32 647 35 44.484
33 688 54 67.173
34 721 17 53.892
35 1013 38 22.887
36 821 34 63.437
37 958 23 49.298
38 204 41 3.564
39 977 49 97.744
40 850 3 63.248
41 1012 13 81.462
42 62 8 16.310
43 1341 40 82.929
44 95 51 72.094
45 1253 37 6.560
46 274 59 13.695
47 1218 5 25.565
48 1216 20 79.668
49 724 6 81.010
50 595 18 7.681
51 636 37 47.485
52 679 54 63.479
53 144 30 63.871
54 739 23 3.106
55 53 18 37.740
56 1338 39 23.748
57 863 48 85.639
58 577 24 76.923
59 1203 21 5.738
60 25 18 25.234
61 428 29 12.151
62 28 4 32.613
63 680 47 11.473
64 877 41 20.810
65 1435 9 41.171
66 384 28 23.773
67 1292 9 37.362
68 1125 5 79.407
69 904 51 38.685
70 182 32 73.630
71 589 49 24.488
72 619 16 76.061
73 709 8 82.252
74 653 45 92.781
75 296 26 27.766
76 237 30 95.262
77 594 53 40.272
78 653 5 64.210
79 781 15 99.345
80 875 8 16.376
81 382 28 78.644
82 119 57 71.795
83 929 14 6.455
84 782 7 26.137
85 1332 52 19.447
86 507 54 76.436
87 591 1 27.940
88 664 54 51.533
89 1173 29 83.300
90 1106 59 85.248
91 834 56 63.908
92 1202 17 93.684
93 178 12 77.892
94 1020 3 77.757
95 341 20 80.203
96 897 41 29.939
97 360 54 86.525
98 247 22 91.072
99 193 48 14.714
100 168 36 89.460
101 337 2 85.977
102 70 40 97.019
103 56 46 18.906
104 1099 33 62.072
105 1397 56 45.908
106 236 24 45.814
107 1052 34 52.476
108 1123 22 54.908
109 76 46 42.822
110 127 7 20.758
111 1344 17 2.913
112 564 8 97.258
113 476 8 44.730
114 1009 33 97.179
115 442 45 18.621
116 648 52 12.492
117 1395 41 73.209
118 620 40 18.278
119 109 31 25.122
120 1114 11 57.270
121 110 55 69.715
122 387 43 79.456
123 1002 43 74.741
124 369 38 9.921
125 912 53 98.450
126 1307 54 62.926
127 907 45 80.605
128 708 45 87.712
129 305 25 65.260
130 120 41 85.726
131 188 14 16.542
132 1074 3 93.016
133 880 35 88.194
134 430 1 53.948
135 740 55 79.480
136 821 24 52.934
137 938 55 72.174
138 422 16 40.974
139 965 1 41.353
140 766 34 32.334
141 1034 56 42.367
142 719 20 48.903
143 384 20 35.209
144 272 32 57.561
145 1230 54 73.881
146 101 15 24.402
147 1417 34 7.602
148 1033 20 89.706
149 1021 55 37.086
150 666 9 10.913
151 495 57 60.354
152 90 39 86.798
153 674 4 64.071
154 529 55 8.319
155 108 2 45.779
156 911 32 30.601
157 831 33 5.598
158 57 49 70.623
159 1252 51 57.734
160 677 58 85.800
161 482 21 2.360
162 1347 9 33.082
163 1117 13 37.384
164 343 34 62.591
165 28 23 98.258
166 261 15 79.818
167 1163 56 18.104
168 246 43 95.135
169 69 32 55.827
170 929 34 99.221
171 836 25 8.740
172 669 45 55.682
173 936 22 42.928
174 25 39 65.948
175 796 3 73.934
176 1025 24 67.882
177 976 47 65.319
178 1159 36 23.555
179 270 31 78.438
180 667 40 66.509
181 435 23 28.883
182 517 23 69.576
183 994 50 93.433
184 1422 19 46.350
185 44 59 43.343
186 900 34 47.651
187 42 12 21.160
188 91 11 72.993
189 1296 41 89.240
190 724 55 87.108
191 276 28 26.476
192 400 29 60.801
193 96 33 6.196
194 1324 15 26.855
195 238 15 92.479
196 1018 42 73.599
197 835 11 24.466
198 247 57 35.026
199 1227 19 86.597
200 1229 54 88.291