200
1 1365 31 41.829
2 267 54 25.619
3 270 29 79.366
4 1277 30 16.243
5 367 12 76.507
6 243 14 27.463
7 244 36 65.279
8 376 14 49.733
9 1387 6 35.834
10 350 42 13.028
11 741 39 78.592
12 185 33 74.025
13 258 36 0.049
14 867 53 48.616
15 429 14 72.268
16 1137 56 59.963
17 362 59 43.179
18 1001 27 1.715
19 276 49 64.452
20 1147 23 20.219
21 858 12 71.973
22 394 33 82.832
23 524 47 0.760
24 1326 24 21.685
25 371 49 85.320
26 465 22 96.052
27 148 55 81.785
28 1307 26 48.253
29 860 24 44.729
30 144 34 69.676
31 1312 20 67.220
32 701 44 11.353
33 337 20 97.938
34 380 11 48.543
35 1153 7 87.228
36 491 53 95.151
37 1351 27 40.078
38 380 10 41.745
39 1244 20 74.097
40 987 51 82.978
41 809 6 90.057
42 256 37 43.233
43 832 6 82.022
44 131 13 23.080
45 1255 47 9.463
46 767 36 57.052
47 96 32 84.146
48 1341 51 47.155
49 1403 47 73.892
50 650 18 59.004
51 454 27 46.861
52 515 56 84.578
53 561 8 41.443
54 834 47 50.180
55 578 57 85.364
56 1088 9 2.151
57 943 2 83.175
58 933 6 74.371
59 77 29 75.956
60 505 28 42.096
61 702 38 4.082
62 271 56 90.674
63 1113 26 41.952
64 638 19 68.200
65 1331 2 82.581
66 395 26 66.351
67 768 43 77.454
68 1003 20 76.375
69 933 16 88.600
70 934 56 73.030
71 538 60 78.208
72 958 9 49.873
73 418 18 12.299
74 1075 29 57.650
75 274 60 3.955
76 68 35 21.041
77 890 50 89.445
78 1292 10 83.170
79 741 58 59.121
80 869 28 28.213
81 1162 11 80.604
82 1193 14 86.887
83 429 10 18.181
84 305 30 32.053
85 1165 58 25.431
86 144 60 18.536
87 138 17 16.430
88 505 33 51.063
89 217 60 59.142
90 8 7 65.110
91 61 8 66.040
92 839 13 60.340
93 895 41 73.766
94 29 20 39.921
95 803 23 71.656
96 561 41 51.147
97 497 7 78.951
98 962 19 86.106
99 583 18 26.018
100 1427 43 48.877
101 854 9 19.767
102 945 24 35.035
103 470 54 23.478
104 1171 27 77.913
105 77 23 70.547
106 57 46 91.670
107 1280 51 22.095
108 675 11 93.087
109 1275 40 30.055
110 451 53 79.948
111 1026 27 64.735
112 1281 43 65.579
113 411 44 47.116
114 1007 45 97.528
115 1097 36 45.005
116 341 47 97.797
117 579 8 32.154
118 1073 42 23.781
119 1272 25 48.464
120 679 35 3.576
121 1429 40 37.541
122 854 4 93.129
123 443 46 56.281
124 1091 32 31.774
125 728 42 78.570
126 796 52 61.203
127 721 52 99.404
128 589 12 75.278
129 1294 20 34.579
130 587 40 41.069
131 1343 28 9.833
132 930 22 13.178
133 273 57 95.174
134 881 11 39.686
135 414 35 79.108
136 1193 40 53.571
137 566 60 58.978
138 33 22 13.175
139 1282 13 61.356
140 787 30 62.911
141 89 28 10.562
142 372 50 10.722
143 875 43 99.255
144 667 24 10.611
145 230 21 99.789
146 114 47 72.223
147 1433 14 22.955
148 1065 46 87.524
149 20 40 42.102
150 190 21 77.472
151 780 32 70.056
152 948 25 97.922
153 750 55 98.687
154 546 7 74.732
155 415 39 58.462
156 391 1 4.206
157 1154 40 12.075
158 476 25 53.401
159 18 35 6.723
160 1066 33 17.756
161 230 33 51.243
162 557 46 11.890
163 254 47 65.225
164 515 10 84.322
165 393 43 41.404
166 1285 11 71.612
167 595 58 70.330
168 396 41 35.915
169 1022 43 47.163
170 1219 12 83.090
171 960 47 82.781
172 967 40 48.940
173 1295 28 63.826
174 1274 8 64.215
175 1372 55 29.252
176 603 6 39.092
177 1188 20 90.050
178 1212 38 58.952
179 435 44 29.883
180 763 52 31.841
181 593 18 86.152
182 1203 2 48.258
183 730 57 85.117
184 692 32 40.550
185 1005 31 68.737
186 618 4 1.425
187 581 32 83.472
188 735 18 99.475
189 21 34 20.071
190 207 26 7.028
191 274 58 66.872
192 1043 50 14.386
193 1431 31 43.978
194 1282 5 29.504
195 216 51 12.148
196 597 28 47.354
197 1112 38 4.806
198 611 25 26.364
199 257 3 76.350
200 294 25 49.634