200
1 297 58 97.133
2 594 56 75.899
3 1099 43 11.367
4 1022 17 62.918
5 486 36 80.576
6 534 12 57.717
7 477 36 14.828
8 640 41 10.684
9 1366 48 43.915
10 1091 56 6.808
11 1016 22 22.113
12 149 32 37.771
13 420 45 60.119
14 936 43 17.591
15 115 27 55.125
16 498 35 59.593
17 1072 28 88.069
18 1374 22 67.457
19 453 32 29.129
20 1136 4 71.834
21 1122 18 97.625
22 1162 41 95.515
23 1033 1 65.369
24 5 57 30.701
25 670 43 36.718
26 349 9 64.419
27 1176 58 44.970
28 688 2 80.966
29 1121 15 15.020
30 275 33 87.981
31 792 33 99.546
32 1185 40 39.668
33 484 33 10.775
34 1216 52 61.512
35 93 34 42.268
36 327 39 55.384
37 590 14 4.256
38 680 30 93.008
39 950 12 44.959
40 466 16 98.259
41 920 2 69.751
42 160 11 30.367
43 597 3 54.811
44 191 59 47.929
45 142 57 89.861
46 1093 31 11.443
47 554 25 53.390
48 464 1 19.705
49 1265 27 61.105
50 347 1 2.357
51 226 9 37.067
52 581 31 67.820
53 29 35 65.645
54 1077 37 26.164
55 936 1 43.342
56 1412 37 54.054
57 654 8 28.107
58 1314 26 20.654
59 493 33 4.078
60 1100 14 77.824
61 1102 34 3.895
62 91 19 33.575
63 1065 33 71.765
64 812 16 16.415
65 178 41 90.635
66 1198 57 14.778
67 357 11 75.835
68 305 52 1.518
69 491 10 20.620
70 255 57 95.438
71 347 52 90.565
72 1344 23 56.674
73 586 52 21.677
74 1205 8 45.543
75 696 17 13.260
76 924 18 66.330
77 521 33 20.276
78 419 54 19.138
79 1409 25 43.487
80 1181 6 15.595
81 54 17 56.068
82 1193 48 0.431
83 365 16 7.820
84 791 4 3.764
85 1394 30 46.681
86 527 29 16.985
87 303 21 55.532
88 565 49 26.976
89 114 31 17.435
90 1279 19 27.759
91 594 28 64.816
92 79 14 23.194
93 334 32 6.029
94 1138 37 54.688
95 1418 39 79.792
96 466 26 57.912
97 293 44 50.640
98 455 39 39.304
99 74 49 65.854
100 182 19 67.249
101 1185 35 90.505
102 793 5 37.421
103 925 18 5.081
104 50 2 62.379
105 1143 5 4.578
106 1238 32 20.860
107 283 41 79.137
108 1422 43 27.986
109 1004 56 78.725
110 406 19 70.720
111 1357 11 1.055
112 983 49 44.350
113 364 31 52.327
114 945 44 81.656
115 1030 8 65.482
116 380 60 95.852
117 247 5 56.759
118 696 51 33.465
119 994 29 52.931
120 1383 51 43.697
121 1398 8 85.975
122 1340 3 12.286
123 838 30 19.827
124 268 49 75.736
125 978 15 80.031
126 1285 53 63.363
127 1376 54 91.827
128 917 6 83.181
129 397 46 24.885
130 167 25 57.353
131 387 57 40.098
132 614 32 41.170
133 415 55 21.217
134 1320 32 83.851
135 56 15 78.079
136 1070 33 93.861
137 1086 47 61.574
138 1427 14 47.499
139 706 53 39.607
140 1178 52 40.018
141 735 2 64.590
142 1256 10 81.242
143 682 54 34.500
144 680 11 85.534
145 637 2 3.838
146 646 6 20.809
147 816 47 72.510
148 1174 47 98.859
149 1378 56 71.860
150 1216 13 82.262
151 1326 31 68.826
152 1187 50 67.622
153 1055 44 58.428
154 1214 15 10.370
155 273 22 94.247
156 913 17 57.644
157 1195 14 83.937
158 635 34 89.322
159 586 52 6.686
160 1159 28 38.601
161 700 10 19.332
162 203 58 35.632
163 694 37 27.934
164 197 49 33.021
165 11 29 80.657
166 891 44 95.821
167 679 14 15.773
168 903 40 20.081
169 4 14 78.004
170 1141 17 35.893
171 700 40 99.417
172 918 1 75.139
173 517 49 22.629
174 199 16 22.007
175 634 51 49.036
176 1021 42 38.872
177 1395 60 79.153
178 894 50 18.021
179 1249 50 66.433
180 305 41 22.738
181 1026 15 72.437
182 703 31 80.543
183 750 22 19.636
184 949 4 3.896
185 737 34 84.983
186 704 39 45.828
187 475 60 22.652
188 434 41 34.917
189 874 21 87.172
190 1380 42 34.544
191 1395 2 87.243
192 527 33 10.018
193 826 2 45.988
194 1415 15 95.934
195 1437 35 80.294
196 722 36 15.444
197 217 32 39.428
198 1360 22 56.880
199 644 55 44.111
200 260 28 46.911