200
1 983 18 50.234
2 832 56 71.345
3 695 59 56.628
4 1339 60 99.636
5 680 5 53.625
6 1032 28 32.312
7 803 19 99.710
8 103 10 72.788
9 398 56 79.927
10 976 39 75.958
11 631 54 85.888
12 1198 42 16.452
13 634 58 28.523
14 118 13 40.467
15 1438 51 64.568
16 1260 5 98.925
17 936 11 21.097
18 1124 15 39.896
19 1122 45 98.305
20 77 21 19.734
21 1218 57 59.955
22 549 46 64.757
23 1379 52 86.808
24 598 29 83.785
25 1013 5 85.410
26 106 22 92.519
27 1164 56 30.287
28 1085 53 94.601
29 922 2 3.380
30 144 8 44.123
31 407 2 66.456
32 573 22 22.035
33 630 53 20.330
34 1011 36 47.260
35 1090 55 37.291
36 953 10 15.923
37 702 17 32.269
38 50 7 40.499
39 347 33 36.844
40 1128 60 31.725
41 100 43 92.405
42 397 21 77.658
43 270 6 64.112
44 458 6 73.506
45 1074 29 68.473
46 209 59 5.453
47 1158 16 6.504
48 104 35 69.583
49 48 17 16.857
50 146 43 51.237
51 806 18 20.487
52 1285 49 14.854
53 139 24 47.236
54 407 11 72.304
55 1003 28 79.798
56 595 18 46.851
57 643 5 19.952
58 157 21 48.012
59 1407 15 12.535
60 1016 38 70.031
61 964 44 90.244
62 529 5 46.016
63 369 6 1.138
64 1140 2 44.831
65 1320 24 39.561
66 344 42 2.207
67 235 38 2.156
68 1273 31 0.160
69 944 3 40.398
70 379 24 70.434
71 1353 31 40.901
72 804 39 49.098
73 414 12 74.995
74 557 47 23.840
75 584 47 43.007
76 912 31 29.659
77 1091 56 22.268
78 1362 38 14.116
79 451 27 53.379
80 1110 38 80.807
81 521 24 10.121
82 804 14 73.986
83 1039 31 62.600
84 759 51 52.235
85 273 12 73.439
86 624 55 80.265
87 148 9 3.202
88 1022 34 57.753
89 534 44 85.694
90 822 54 85.460
91 1210 29 27.985
92 1394 34 18.771
93 1418 29 80.023
94 759 26 44.895
95 974 54 26.882
96 703 11 37.621
97 416 47 8.948
98 511 45 21.734
99 278 58 93.333
100 897 50 31.152
101 560 52 54.903
102 1431 60 44.335
103 193 10 60.282
104 1186 6 36.471
105 1058 56 41.872
106 604 34 89.815
107 640 7 93.549
108 751 7 97.741
109 663 7 44.204
110 867 53 64.443
111 124 19 36.793
112 40 46 52.145
113 747 17 14.835
114 225 1 15.614
115 1438 25 26.509
116 1415 32 9.945
117 130 8 64.610
118 654 16 1.094
119 955 45 81.984
120 1224 25 13.783
121 309 5 0.905
122 521 45 58.602
123 802 28 85.242
124 539 8 88.596
125 1310 6 90.892
126 559 60 74.427
127 808 48 52.779
128 876 36 72.768
129 1424 9 89.106
130 1353 21 18.842
131 1011 24 5.767
132 709 23 15.317
133 794 38 56.843
134 513 49 63.627
135 384 3 59.559
136 386 40 7.238
137 1326 46 8.566
138 896 28 50.930
139 917 46 42.392
140 566 10 38.855
141 1033 55 95.574
142 641 3 14.738
143 40 7 1.626
144 1165 51 78.203
145 1297 39 45.562
146 1028 51 14.166
147 417 9 56.510
148 797 22 98.614
149 386 59 63.703
150 894 30 86.182
151 1363 42 32.871
152 1411 1 0.591
153 1010 12 9.930
154 756 2 0.796
155 834 45 24.291
156 1339 41 2.241
157 656 12 81.991
158 1336 44 95.877
159 1096 33 45.113
160 124 30 29.520
161 1297 10 8.978
162 297 43 2.170
163 60 58 97.909
164 534 33 49.116
165 1191 39 25.599
166 949 12 40.150
167 221 51 6.332
168 1027 57 57.769
169 346 38 62.494
170 276 48 28.943
171 869 44 4.226
172 1309 1 36.990
173 156 14 8.179
174 1304 22 64.256
175 1303 19 60.546
176 18 46 77.287
177 1013 9 78.942
178 70 12 50.711
179 37 38 32.304
180 536 10 22.327
181 819 41 22.349
182 792 45 43.092
183 1423 14 60.113
184 321 30 88.649
185 935 54 15.321
186 889 13 18.690
187 1089 52 8.309
188 346 30 46.090
189 414 27 89.857
190 1286 14 32.793
191 460 60 62.702
192 35 10 96.204
193 945 29 86.622
194 1402 45 60.734
195 1116 25 39.408
196 624 9 84.510
197 774 5 37.717
198 416 24 43.815
199 1257 54 84.180
200 443 2 10.384