200
1 321 50 91.858
2 1378 33 20.409
3 240 27 85.117
4 899 58 16.298
5 51 33 38.460
6 976 48 82.383
7 604 44 94.185
8 22 30 89.729
9 228 22 99.300
10 873 48 52.335
11 695 36 74.006
12 146 24 41.706
13 223 52 33.954
14 619 54 99.332
15 734 44 63.612
16 1331 24 16.570
17 86 38 60.865
18 968 10 8.627
19 645 31 17.375
20 914 29 87.424
21 557 59 9.788
22 1281 23 2.988
23 189 32 49.023
24 755 7 52.614
25 1029 3 76.886
26 490 50 96.285
27 260 11 25.301
28 849 46 11.145
29 270 32 65.826
30 1172 39 10.454
31 1086 37 25.826
32 796 3 56.915
33 831 32 21.179
34 789 24 63.628
35 703 48 14.041
36 894 55 1.984
37 972 9 81.960
38 696 32 66.737
39 918 45 31.165
40 225 29 95.900
41 1161 31 25.796
42 481 32 78.520
43 349 59 53.966
44 1014 25 11.460
45 1205 59 98.749
46 273 21 31.674
47 501 48 49.367
48 123 9 24.330
49 195 54 86.044
50 253 46 99.074
51 57 1 95.870
52 787 44 34.176
53 158 32 95.702
54 19 21 27.087
55 804 52 1.126
56 181 31 78.513
57 534 13 22.042
58 316 37 37.551
59 574 40 47.095
60 521 59 78.888
61 541 30 11.863
62 963 12 25.278
63 847 44 10.628
64 665 5 12.698
65 582 13 76.584
66 647 38 22.910
67 1252 15 9.316
68 812 22 49.552
69 642 13 73.181
70 664 45 13.508
71 1317 16 5.217
72 993 3 3.744
73 583 6 77.483
74 322 2 27.074
75 251 1 40.105
76 394 27 14.142
77 1414 10 99.430
78 1014 26 8.198
79 1343 13 19.843
80 70 42 50.970
81 1251 17 28.294
82 438 46 39.876
83 1165 41 43.084
84 518 56 61.224
85 795 43 5.188
86 1368 50 33.257
87 718 19 22.180
88 1375 16 5.089
89 1432 9 72.441
90 327 30 50.628
91 1260 56 64.346
92 1152 57 66.541
93 1311 48 5.407
94 642 27 81.926
95 359 9 45.111
96 77 6 71.890
97 244 7 78.764
98 1395 21 51.756
99 489 33 23.258
100 1402 5 27.157
101 1383 35 14.058
102 251 58 96.114
103 1296 21 83.771
104 685 16 17.590
105 1203 14 98.469
106 796 11 44.559
107 145 20 84.211
108 697 57 98.199
109 1095 24 17.588
110 1410 35 26.540
111 873 30 21.777
112 275 39 77.924
113 442 49 40.103
114 266 2 90.162
115 77 60 59.440
116 713 1 8.208
117 516 46 96.029
118 825 10 8.948
119 500 5 98.197
120 205 36 2.239
121 1313 37 58.326
122 48 49 76.806
123 1029 43 20.601
124 375 11 38.527
125 1364 50 35.962
126 982 37 94.997
127 1002 23 44.078
128 30 60 61.927
129 317 55 16.080
130 1235 39 6.156
131 7 2 61.267
132 1025 42 22.837
133 403 22 30.062
134 1176 50 31.643
135 1113 37 71.421
136 415 14 37.163
137 997 41 26.322
138 1062 39 78.980
139 1170 19 2.530
140 206 4 45.718
141 847 48 3.524
142 1261 20 76.202
143 885 32 41.014
144 654 3 58.911
145 558 19 84.766
146 1282 17 30.490
147 1177 20 91.449
148 953 60 27.409
149 1377 6 57.572
150 1432 23 86.778
151 338 44 28.870
152 38 28 92.267
153 629 56 5.834
154 1140 51 24.243
155 1253 52 59.510
156 1239 45 99.595
157 64 50 25.478
158 991 27 48.753
159 374 48 14.319
160 1121 34 36.149
161 749 18 16.603
162 53 23 50.698
163 311 26 86.914
164 145 59 16.862
165 1272 1 30.909
166 1084 20 79.962
167 652 9 35.495
168 1293 6 92.353
169 1138 8 65.359
170 1014 46 49.572
171 142 44 27.949
172 1404 7 8.043
173 1315 33 29.193
174 18 16 25.885
175 110 14 27.588
176 523 42 77.308
177 516 44 2.636
178 641 30 94.898
179 518 8 39.689
180 1399 19 97.358
181 741 52 23.504
182 917 46 40.850
183 1302 50 12.121
184 1439 27 25.497
185 1158 11 18.039
186 298 34 85.949
187 1372 13 10.260
188 453 48 56.852
189 31 31 39.387
190 1279 9 82.292
191 490 22 43.761
192 801 24 81.000
193 876 7 69.266
194 607 1 9.748
195 947 7 66.141
196 1257 24 73.614
197 882 14 11.450
198 1260 16 96.460
199 184 14 29.158
200 1157 5 16.865