200
1 673 13 61.612
2 775 54 93.442
3 746 21 88.331
4 49 56 80.372
5 1122 28 49.579
6 653 14 22.544
7 227 38 56.941
8 450 2 13.968
9 925 58 74.628
10 189 38 79.403
11 1180 28 70.622
12 883 22 10.963
13 1270 9 90.913
14 724 21 56.934
15 1001 18 60.822
16 799 32 41.752
17 1067 20 98.768
18 422 19 92.182
19 963 54 5.967
20 412 16 88.732
21 956 55 59.248
22 583 37 2.859
23 349 48 1.116
24 1018 18 42.140
25 530 18 3.285
26 252 38 53.385
27 710 50 80.330
28 1222 12 31.160
29 1059 46 81.612
30 1015 58 72.559
31 1044 46 54.611
32 1056 17 37.094
33 191 37 18.441
34 84 9 83.310
35 114 12 96.385
36 954 1 44.297
37 470 51 72.044
38 871 40 46.085
39 1414 38 60.115
40 393 38 41.431
41 80 36 34.800
42 734 36 92.193
43 499 49 4.490
44 1342 21 54.228
45 1335 27 49.870
46 1166 59 57.362
47 1298 56 82.645
48 254 14 43.890
49 108 1 5.302
50 1129 57 25.877
51 590 32 80.328
52 555 47 18.931
53 1410 22 23.402
54 724 52 27.999
55 543 47 1.534
56 740 23 31.930
57 411 36 35.761
58 847 23 3.259
59 1001 27 56.249
60 483 60 60.509
61 427 15 76.862
62 283 37 21.165
63 1269 9 53.341
64 253 17 3.982
65 22 6 63.184
66 1426 24 26.287
67 253 47 25.453
68 214 32 54.054
69 1289 23 90.593
70 473 7 67.883
71 412 54 76.695
72 371 59 4.925
73 963 35 48.206
74 141 25 21.170
75 259 39 79.447
76 277 32 2.332
77 410 33 81.232
78 77 10 90.882
79 1390 48 25.415
80 339 34 80.887
81 774 5 22.830
82 1094 56 74.861
83 1274 7 18.470
84 753 38 27.587
85 1177 46 20.564
86 242 3 12.619
87 606 9 91.672
88 1113 36 67.936
89 764 30 46.590
90 1040 14 32.794
91 1205 56 3.404
92 312 22 90.199
93 331 22 94.447
94 1065 39 26.911
95 300 51 70.606
96 873 60 87.543
97 1412 15 10.574
98 949 54 98.295
99 314 10 31.110
100 3 60 59.883
101 1217 24 72.572
102 996 20 36.616
103 404 23 15.035
104 919 11 14.940
105 84 35 10.026
106 813 9 58.856
107 1224 29 77.913
108 1237 25 15.309
109 1150 39 18.983
110 441 60 92.243
111 1300 57 12.928
112 320 59 73.417
113 884 2 61.945
114 585 34 33.130
115 936 37 95.127
116 795 17 53.632
117 946 32 95.764
118 1091 52 66.621
119 566 5 5.733
120 1201 51 81.199
121 450 59 34.825
122 1143 5 46.342
123 401 34 49.023
124 1148 43 64.685
125 495 41 74.537
126 213 59 95.924
127 375 2 20.660
128 949 45 45.934
129 590 16 28.341
130 247 54 35.999
131 995 40 97.366
132 335 13 56.739
133 922 51 3.584
134 1297 5 89.698
135 411 29 60.572
136 665 48 14.626
137 1278 21 73.670
138 87 60 17.197
139 394 5 20.511
140 1111 49 46.267
141 334 34 70.114
142 304 16 56.700
143 592 21 94.595
144 791 3 11.901
145 525 19 61.563
146 27 43 98.215
147 920 4 33.289
148 857 15 55.564
149 30 58 25.926
150 463 3 31.177
151 1039 10 66.770
152 79 47 51.977
153 1049 8 95.945
154 260 7 89.579
155 1079 7 53.054
156 402 8 35.741
157 1307 1 34.853
158 58 38 33.786
159 619 13 37.454
160 199 51 95.522
161 560 22 96.503
162 723 20 84.446
163 955 9 11.280
164 793 56 83.546
165 70 43 98.508
166 923 46 7.117
167 610 18 60.075
168 1195 33 94.284
169 1347 10 79.838
170 561 6 56.466
171 338 56 46.160
172 594 22 68.038
173 45 52 91.279
174 844 40 24.048
175 386 36 69.688
176 669 30 97.408
177 1138 29 85.870
178 524 29 44.034
179 425 34 44.293
180 527 24 85.695
181 727 49 16.796
182 983 35 84.422
183 1349 3 27.155
184 741 58 23.340
185 1217 22 27.169
186 1073 50 97.817
187 566 28 39.319
188 859 28 90.417
189 248 22 16.515
190 724 50 79.374
191 704 17 49.513
192 1272 15 42.974
193 726 39 8.594
194 523 38 13.148
195 480 3 47.606
196 1226 23 27.200
197 742 18 80.444
198 613 11 73.610
199 198 37 29.391
200 177 21 4.584