200
1 1335 16 48.211
2 920 6 5.365
3 827 1 20.011
4 1397 1 96.141
5 1003 35 76.271
6 1304 26 17.985
7 1005 38 75.778
8 1241 45 31.616
9 236 17 52.429
10 896 42 5.799
11 456 25 76.897
12 133 8 66.771
13 689 48 33.347
14 793 44 14.600
15 563 33 30.228
16 1422 43 93.453
17 383 41 38.251
18 1139 40 43.847
19 1223 51 36.173
20 484 24 60.706
21 1404 53 99.194
22 1134 21 88.524
23 1253 57 26.502
24 1228 35 62.092
25 358 48 82.208
26 468 4 56.375
27 275 49 47.076
28 288 35 57.795
29 1402 9 34.454
30 1228 33 1.923
31 206 58 65.505
32 1396 5 48.133
33 711 3 58.426
34 150 13 65.917
35 187 54 42.456
36 943 35 21.372
37 419 15 14.080
38 1264 51 46.692
39 1218 15 91.420
40 1201 20 50.447
41 448 28 7.357
42 359 39 76.912
43 594 54 63.252
44 408 44 70.117
45 1222 31 95.513
46 1405 53 10.874
47 1002 37 73.853
48 999 37 36.939
49 804 44 23.230
50 273 4 49.723
51 1164 8 42.363
52 1339 56 64.569
53 386 53 70.696
54 1311 23 46.072
55 648 22 39.871
56 789 15 45.213
57 514 56 72.816
58 78 28 43.814
59 418 53 90.840
60 338 33 89.948
61 147 11 79.478
62 928 55 73.567
63 696 47 68.461
64 1024 29 50.522
65 490 22 83.418
66 1229 26 36.853
67 182 39 33.346
68 1338 4 81.059
69 266 57 37.240
70 305 36 26.677
71 531 59 51.676
72 973 16 51.151
73 362 51 79.986
74 811 16 50.662
75 1312 37 34.728
76 727 33 19.522
77 976 29 29.684
78 818 4 67.806
79 801 50 9.261
80 147 14 17.113
81 1255 20 79.737
82 1378 48 35.589
83 1150 6 30.740
84 18 31 73.183
85 773 40 25.542
86 888 23 4.416
87 1266 41 44.190
88 1181 7 56.881
89 610 39 97.184
90 857 23 25.583
91 918 14 19.869
92 1396 57 8.112
93 896 54 43.781
94 1075 28 71.463
95 262 56 61.423
96 26 37 21.067
97 166 10 11.095
98 1027 15 75.016
99 124 39 65.216
100 832 42 76.629
101 704 6 7.899
102 1087 2 75.786
103 971 37 50.599
104 1361 15 17.904
105 810 25 46.996
106 1295 47 1.412
107 1144 51 28.854
108 337 34 35.089
109 321 29 32.232
110 1211 44 51.442
111 1041 20 38.243
112 1409 48 81.979
113 950 25 54.789
114 347 33 61.749
115 502 16 88.367
116 123 37 17.528
117 117 28 85.533
118 1240 32 71.838
119 845 45 98.379
120 79 44 71.021
121 647 12 68.274
122 1213 25 6.874
123 99 20 6.227
124 822 39 29.134
125 965 54 91.130
126 921 51 42.012
127 452 20 63.124
128 103 44 19.733
129 712 14 52.271
130 255 18 60.169
131 372 29 56.247
132 197 43 6.628
133 1216 52 94.434
134 704 16 86.897
135 275 43 13.624
136 267 52 93.242
137 691 24 78.056
138 956 5 90.677
139 40 34 6.029
140 1067 46 68.971
141 1347 18 79.641
142 220 36 31.128
143 175 36 61.538
144 516 33 2.848
145 1094 27 97.468
146 1070 52 97.100
147 1385 19 47.317
148 1169 39 42.129
149 1345 40 26.038
150 136 53 73.622
151 1298 7 50.051
152 838 4 37.611
153 1004 60 93.407
154 470 37 84.760
155 35 4 57.362
156 1128 2 17.018
157 619 35 24.002
158 323 53 14.358
159 628 18 82.036
160 591 22 50.750
161 520 1 65.677
162 892 50 94.426
163 194 51 95.064
164 489 49 92.091
165 1048 15 8.102
166 465 27 92.405
167 1427 56 77.904
168 824 11 69.308
169 856 14 63.708
170 62 5 65.664
171 1217 55 77.024
172 529 1 1.586
173 735 28 92.965
174 1228 7 53.865
175 468 37 5.341
176 1068 32 95.723
177 1250 34 86.752
178 1063 43 55.539
179 772 33 94.028
180 7 57 75.773
181 978 28 57.568
182 688 26 81.986
183 597 37 94.969
184 1321 25 44.178
185 713 12 74.420
186 722 20 56.154
187 1068 35 12.377
188 443 32 73.220
189 418 53 37.283
190 346 20 68.212
191 1402 27 86.380
192 735 4 78.596
193 197 23 9.404
194 1413 15 7.161
195 699 50 97.652
196 1131 21 88.522
197 185 56 23.817
198 570 43 95.949
199 1155 39 90.728
200 1233 30 18.454