200
1 1385 26 19.022
2 1214 37 25.289
3 1006 16 13.087
4 575 16 83.587
5 561 37 64.175
6 893 44 89.933
7 751 1 49.770
8 540 47 73.978
9 496 53 61.885
10 1057 15 71.570
11 156 2 4.990
12 542 58 77.088
13 440 16 29.900
14 459 40 4.409
15 255 22 20.996
16 903 53 84.236
17 373 9 35.429
18 39 27 93.060
19 859 10 53.944
20 169 17 1.404
21 282 38 12.264
22 1055 29 17.647
23 553 1 61.809
24 1029 8 40.217
25 629 24 87.463
26 617 47 12.719
27 476 36 70.430
28 830 41 83.745
29 652 43 52.041
30 597 10 38.117
31 1083 28 99.977
32 1066 58 22.270
33 335 3 33.192
34 552 38 31.176
35 86 43 21.594
36 735 46 49.559
37 404 57 43.517
38 1256 39 42.499
39 632 32 15.056
40 408 29 30.739
41 575 54 78.075
42 422 6 12.646
43 794 10 89.653
44 914 7 11.807
45 641 13 90.517
46 1239 53 33.777
47 783 29 38.328
48 539 35 76.471
49 287 9 71.616
50 222 48 7.132
51 809 53 7.145
52 259 17 85.385
53 330 8 24.892
54 483 30 89.233
55 1084 17 69.626
56 692 55 39.941
57 1356 45 53.728
58 162 2 13.044
59 915 40 81.903
60 17 1 37.809
61 1143 57 85.014
62 319 7 60.433
63 70 56 9.465
64 279 17 21.884
65 998 45 89.544
66 1391 19 80.354
67 751 34 15.364
68 210 11 99.380
69 653 2 15.687
70 554 37 53.369
71 1399 22 1.210
72 161 39 0.766
73 946 46 45.309
74 513 43 43.277
75 916 57 17.046
76 306 43 85.792
77 1382 49 24.930
78 622 35 64.212
79 252 9 3.417
80 897 52 42.854
81 981 20 62.391
82 222 43 87.832
83 204 48 60.543
84 672 43 5.263
85 1400 16 29.684
86 699 2 95.859
87 1404 9 31.247
88 758 51 60.359
89 269 4 36.550
90 91 52 1.381
91 156 9 39.889
92 977 47 56.160
93 481 51 84.505
94 1244 41 3.996
95 596 55 8.961
96 835 4 90.063
97 1288 37 41.968
98 114 21 62.779
99 544 12 39.832
100 376 19 82.179
101 618 52 33.240
102 987 3 26.912
103 394 14 24.697
104 6 42 9.754
105 589 27 27.026
106 349 27 61.183
107 14 53 8.542
108 1078 37 76.117
109 271 24 82.605
110 864 17 63.944
111 1231 27 53.777
112 230 60 89.424
113 439 43 38.393
114 432 23 27.327
115 1284 35 45.426
116 1284 53 75.996
117 1152 5 67.511
118 1219 32 88.623
119 1109 9 44.348
120 661 24 55.745
121 709 7 30.362
122 1170 29 36.747
123 1271 16 50.653
124 1094 21 61.594
125 1383 60 49.021
126 722 39 15.094
127 222 42 49.730
128 79 21 19.016
129 31 36 62.158
130 686 24 83.836
131 563 58 3.315
132 999 59 42.850
133 734 26 87.979
134 166 3 38.928
135 774 49 90.877
136 624 2 4.477
137 788 49 38.990
138 242 46 44.040
139 1028 60 13.665
140 1217 5 22.877
141 1226 20 80.090
142 438 1 84.632
143 977 35 6.613
144 254 28 79.066
145 1290 58 80.259
146 478 34 96.393
147 124 60 91.779
148 1184 18 93.147
149 274 26 32.553
150 812 27 38.219
151 18 14 87.421
152 359 56 79.187
153 153 22 80.822
154 63 60 82.937
155 433 58 24.673
156 229 45 85.207
157 923 11 95.727
158 136 10 40.226
159 1201 6 22.687
160 193 39 47.218
161 1182 5 75.086
162 1166 5 50.597
163 1392 25 99.477
164 983 32 4.560
165 128 28 56.910
166 219 26 79.010
167 1249 51 39.510
168 1437 19 1.689
169 527 40 63.656
170 788 22 5.228
171 868 50 37.867
172 913 50 32.043
173 495 7 79.150
174 1020 34 61.051
175 1409 45 4.689
176 1001 49 25.807
177 1071 15 34.060
178 61 20 80.804
179 1255 38 35.092
180 188 3 10.190
181 423 58 53.489
182 235 23 81.017
183 923 20 86.621
184 927 29 64.757
185 254 57 89.638
186 1265 30 2.681
187 643 17 71.635
188 139 36 11.994
189 545 29 28.972
190 203 17 68.883
191 593 30 9.499
192 14 36 48.097
193 317 43 17.727
194 193 5 59.839
195 669 47 45.018
196 1439 39 36.551
197 128 42 22.855
198 593 60 24.926
199 796 17 89.768
200 257 4 12.569