200
1 1343 13 85.389
2 1026 17 69.623
3 853 50 46.012
4 1278 58 93.316
5 606 24 62.544
6 914 27 44.083
7 584 23 80.201
8 465 31 62.171
9 1163 25 35.247
10 1341 20 48.335
11 403 49 7.603
12 1360 37 62.812
13 264 14 25.595
14 1323 30 81.435
15 541 47 31.226
16 1308 45 97.477
17 1157 54 20.707
18 416 20 13.893
19 968 53 23.386
20 858 29 91.697
21 181 13 33.555
22 343 10 13.666
23 1422 31 86.381
24 766 50 74.509
25 1433 41 86.409
26 261 32 77.987
27 220 55 17.739
28 745 26 76.304
29 339 52 98.666
30 44 26 5.034
31 732 38 9.582
32 569 53 67.875
33 39 11 83.255
34 633 26 32.269
35 176 16 28.762
36 675 9 82.456
37 1012 54 51.599
38 25 54 33.924
39 1007 6 53.473
40 919 42 22.331
41 1171 19 43.516
42 1365 38 71.657
43 264 25 91.745
44 557 14 63.168
45 514 60 95.936
46 618 8 74.472
47 1061 14 79.751
48 637 46 47.721
49 398 21 0.130
50 548 27 95.842
51 847 56 8.373
52 326 6 82.114
53 1093 49 79.456
54 748 31 0.054
55 565 60 32.819
56 523 10 6.514
57 358 27 46.434
58 1160 6 85.225
59 306 16 49.040
60 551 46 18.055
61 336 17 8.223
62 1175 7 94.254
63 1367 25 82.013
64 365 18 17.435
65 1416 58 19.456
66 92 6 21.248
67 1363 7 2.266
68 574 47 80.210
69 1172 58 41.608
70 845 50 26.578
71 1437 58 3.563
72 1100 21 88.262
73 882 29 36.554
74 697 53 20.222
75 269 3 29.544
76 917 8 31.346
77 885 51 6.605
78 676 35 52.544
79 685 19 25.963
80 562 53 42.136
81 473 24 16.697
82 955 17 94.438
83 809 20 81.494
84 495 6 81.351
85 1051 5 78.742
86 1011 55 95.530
87 484 29 46.868
88 169 39 3.514
89 551 49 9.855
90 1266 60 74.919
91 433 3 12.948
92 376 57 82.520
93 13 18 67.164
94 246 13 40.491
95 539 36 73.452
96 558 20 41.765
97 1071 6 51.487
98 952 15 43.042
99 266 42 44.044
100 153 6 53.760
101 262 8 23.002
102 505 59 50.214
103 500 31 78.273
104 1352 10 32.574
105 282 9 4.539
106 225 27 1.972
107 819 6 13.646
108 860 43 68.322
109 73 2 36.980
110 598 6 44.985
111 1093 33 76.292
112 1249 30 40.341
113 107 34 89.540
114 219 10 7.757
115 200 7 37.166
116 200 37 79.864
117 820 26 31.521
118 707 20 49.181
119 831 29 56.568
120 396 23 63.702
121 229 36 1.719
122 390 60 84.998
123 276 46 77.686
124 415 58 28.946
125 1289 8 10.257
126 196 54 25.502
127 1297 6 89.079
128 1171 30 32.689
129 1220 23 15.922
130 1085 39 23.392
131 822 57 54.706
132 124 38 72.507
133 1112 49 11.732
134 1011 29 91.633
135 1327 33 39.095
136 739 6 66.058
137 976 27 47.045
138 1132 54 58.484
139 738 25 62.089
140 139 17 49.548
141 181 24 69.442
142 906 11 13.649
143 1179 35 98.853
144 824 3 35.685
145 120 10 36.496
146 746 21 41.539
147 783 24 82.913
148 777 26 80.864
149 1352 29 55.742
150 328 57 49.424
151 1271 52 8.905
152 95 38 29.450
153 360 15 77.310
154 1124 20 19.823
155 1285 38 21.363
156 297 21 55.755
157 1329 17 19.053
158 285 5 30.258
159 1041 39 23.188
160 715 50 62.172
161 1356 2 22.496
162 885 19 79.685
163 742 8 74.814
164 801 29 43.575
165 33 56 96.797
166 801 34 72.663
167 951 8 79.853
168 704 31 6.592
169 1055 38 30.507
170 1397 10 63.085
171 1007 41 22.155
172 435 20 1.514
173 148 28 61.306
174 945 18 55.875
175 966 41 88.643
176 1070 27 95.962
177 728 46 29.687
178 590 17 43.191
179 323 36 95.042
180 1241 6 57.026
181 184 16 47.336
182 1393 15 89.814
183 828 4 95.479
184 706 34 66.094
185 1392 15 67.210
186 383 34 76.821
187 102 22 75.654
188 1381 4 39.651
189 629 4 49.213
190 749 31 33.341
191 469 21 61.631
192 487 5 24.522
193 424 6 13.431
194 1138 49 83.984
195 460 18 67.574
196 538 5 31.538
197 601 7 72.371
198 1080 7 32.125
199 535 19 40.274
200 176 36 95.483