200
1 64 24 87.177
2 661 3 81.177
3 817 42 34.429
4 483 17 43.672
5 265 53 42.229
6 1207 59 14.517
7 460 26 17.072
8 175 24 2.265
9 778 39 46.696
10 1402 34 60.892
11 1133 41 17.380
12 763 33 39.373
13 1046 23 74.005
14 1265 58 70.536
15 167 5 21.704
16 211 10 48.883
17 78 54 25.483
18 908 21 4.444
19 625 12 28.200
20 707 48 79.943
21 1321 56 24.054
22 446 18 61.337
23 1024 5 50.144
24 1019 24 10.639
25 508 48 56.824
26 1096 18 77.680
27 1185 29 36.919
28 214 27 26.992
29 633 7 71.248
30 1373 40 78.122
31 1022 10 99.677
32 1337 32 27.043
33 485 13 75.954
34 558 52 83.585
35 423 4 18.131
36 472 34 87.865
37 998 16 69.299
38 664 26 71.720
39 555 39 79.973
40 639 30 11.541
41 719 35 24.799
42 1320 25 23.709
43 258 32 85.367
44 299 25 29.999
45 606 40 47.751
46 1236 3 75.665
47 367 10 15.281
48 630 29 4.241
49 1051 6 6.584
50 157 35 17.469
51 771 33 11.182
52 1032 59 88.579
53 1078 4 61.036
54 470 42 96.688
55 516 11 29.746
56 221 44 50.621
57 25 25 9.112
58 594 27 89.396
59 812 57 97.927
60 988 5 45.513
61 950 9 85.970
62 1336 4 64.174
63 238 42 77.252
64 109 53 31.141
65 937 20 61.604
66 1309 1 87.874
67 1147 4 62.650
68 975 25 11.719
69 351 5 43.647
70 1208 38 20.814
71 1095 14 12.350
72 111 55 50.213
73 225 25 2.829
74 176 45 9.970
75 1329 43 83.620
76 766 19 77.499
77 319 1 71.591
78 796 56 75.419
79 219 14 3.470
80 276 26 97.687
81 1386 1 63.228
82 346 8 69.018
83 450 59 42.851
84 987 15 40.052
85 601 22 16.856
86 892 14 95.170
87 438 55 80.538
88 1025 35 19.973
89 520 39 96.131
90 57 6 13.286
91 807 59 84.536
92 95 11 58.384
93 1326 59 78.627
94 1022 36 57.566
95 666 39 56.128
96 1176 21 55.628
97 567 56 62.630
98 945 53 40.139
99 1032 35 4.710
100 895 48 89.482
101 944 35 61.482
102 1424 5 4.286
103 37 33 62.170
104 597 31 0.883
105 1135 51 92.811
106 1162 42 7.394
107 1299 41 13.235
108 170 17 68.233
109 924 10 81.004
110 1386 31 65.063
111 162 5 29.943
112 832 30 52.808
113 144 3 7.800
114 931 36 80.743
115 60 21 6.281
116 45 56 60.890
117 127 19 77.218
118 398 1 37.278
119 770 8 11.459
120 1234 20 43.724
121 949 37 81.286
122 1276 38 66.203
123 201 46 6.977
124 209 25 19.991
125 1005 25 89.149
126 518 31 21.676
127 707 27 89.195
128 202 20 78.962
129 554 10 82.220
130 1439 45 26.741
131 356 29 19.298
132 1356 27 20.726
133 314 45 84.907
134 300 27 72.294
135 944 36 32.509
136 923 23 17.470
137 853 21 43.342
138 1377 19 28.377
139 615 60 74.345
140 894 17 83.850
141 983 11 73.924
142 696 49 53.242
143 1362 5 43.280
144 211 6 68.588
145 158 45 20.971
146 1071 25 13.364
147 132 42 56.842
148 284 37 43.726
149 1414 43 93.464
150 53 27 19.246
151 734 60 37.869
152 190 49 49.705
153 1312 17 45.601
154 135 17 90.104
155 1302 18 29.315
156 1332 21 54.215
157 452 25 65.898
158 773 56 64.932
159 694 9 88.971
160 920 6 84.526
161 739 49 96.641
162 403 49 96.805
163 942 6 8.031
164 782 25 72.119
165 160 43 37.477
166 863 53 68.323
167 795 27 69.079
168 449 54 36.758
169 162 31 51.653
170 1421 24 8.018
171 1 59 9.678
172 236 2 95.439
173 760 41 28.041
174 301 12 13.939
175 1064 17 82.190
176 908 25 72.922
177 438 23 36.027
178 94 58 76.897
179 616 45 63.737
180 729 19 30.032
181 1439 54 31.756
182 150 39 51.851
183 682 28 38.360
184 629 37 68.431
185 832 3 17.502
186 1015 11 74.322
187 42 29 78.410
188 1126 1 25.693
189 1199 14 22.073
190 1082 27 95.978
191 974 33 70.588
192 798 5 11.204
193 611 59 56.814
194 440 7 57.764
195 300 42 81.527
196 17 10 40.539
197 1050 8 37.922
198 927 57 98.149
199 862 34 25.935
200 567 11 52.595