200
1 1261 44 75.303
2 364 1 55.135
3 1385 13 91.980
4 1403 28 80.180
5 720 60 97.607
6 393 59 95.612
7 1312 40 59.584
8 1068 60 12.709
9 24 2 67.980
10 892 9 7.920
11 599 40 57.657
12 64 57 82.418
13 1034 54 76.740
14 74 54 56.553
15 789 57 79.326
16 1303 41 11.463
17 300 56 97.685
18 535 8 33.758
19 207 4 9.832
20 757 47 34.252
21 437 27 38.528
22 737 3 31.286
23 783 58 79.456
24 578 20 22.521
25 398 32 87.031
26 562 53 66.354
27 740 19 73.883
28 729 15 95.951
29 1353 11 29.579
30 1233 5 55.561
31 1306 5 9.797
32 594 39 57.054
33 819 10 92.826
34 15 22 50.786
35 1362 38 56.810
36 1030 23 24.379
37 408 43 67.073
38 631 32 62.342
39 1275 18 87.972
40 449 4 8.644
41 720 8 82.487
42 60 19 68.713
43 972 25 15.924
44 902 31 28.074
45 1152 57 54.314
46 977 16 98.909
47 695 40 74.134
48 215 41 3.532
49 1064 50 15.806
50 1246 19 50.036
51 1432 49 73.437
52 31 22 53.157
53 173 58 15.236
54 1374 31 30.629
55 936 37 73.545
56 265 26 30.711
57 739 53 73.699
58 52 6 50.975
59 137 42 44.695
60 560 4 49.308
61 201 23 90.839
62 73 60 73.383
63 878 10 62.524
64 618 11 33.783
65 162 20 90.629
66 412 40 78.322
67 351 47 67.144
68 801 13 28.761
69 1242 57 54.094
70 1203 35 66.607
71 584 41 2.716
72 486 34 78.039
73 785 34 6.160
74 587 36 31.134
75 241 60 8.175
76 1023 44 98.287
77 333 17 12.739
78 27 57 13.871
79 109 46 32.647
80 277 7 1.196
81 881 51 57.391
82 490 22 89.548
83 1069 12 92.551
84 651 32 55.838
85 447 60 81.455
86 761 35 85.084
87 757 57 27.281
88 646 5 78.637
89 1302 47 53.076
90 233 57 77.388
91 879 59 15.930
92 955 35 62.948
93 443 1 97.158
94 358 42 71.637
95 1411 33 45.968
96 612 48 95.796
97 63 3 69.680
98 842 60 95.703
99 161 60 28.648
100 180 6 18.537
101 731 36 72.803
102 1145 6 52.323
103 1219 57 74.149
104 779 47 49.786
105 930 37 10.813
106 1231 44 84.846
107 1229 48 42.275
108 1008 41 35.106
109 431 12 93.360
110 107 25 77.255
111 437 21 32.206
112 45 51 80.333
113 552 6 3.395
114 1124 4 70.411
115 289 7 54.998
116 83 3 58.892
117 943 39 68.591
118 1058 19 66.576
119 391 40 77.951
120 548 21 25.706
121 683 30 51.247
122 586 20 87.639
123 10 6 81.650
124 1355 26 13.092
125 534 8 94.089
126 336 20 28.133
127 428 4 13.421
128 310 57 65.169
129 396 17 15.838
130 1113 34 38.512
131 953 50 60.834
132 144 47 42.116
133 638 6 29.262
134 603 58 37.724
135 518 11 86.087
136 963 60 46.414
137 977 12 14.748
138 1304 11 73.352
139 1238 31 33.806
140 336 26 7.975
141 759 50 84.395
142 255 29 89.316
143 635 8 2.858
144 926 43 35.960
145 1411 2 67.703
146 541 60 27.404
147 835 13 68.900
148 377 26 70.211
149 590 58 11.431
150 482 35 22.997
151 425 35 96.819
152 468 60 21.100
153 208 52 71.108
154 856 28 62.305
155 1144 51 0.396
156 1089 55 6.570
157 69 39 43.308
158 1129 18 80.122
159 1396 19 41.383
160 1325 8 89.897
161 1143 11 37.830
162 425 50 1.913
163 1417 41 31.758
164 1296 42 24.511
165 291 27 17.490
166 1220 18 44.186
167 1139 6 96.409
168 1399 42 59.902
169 1375 7 36.943
170 1297 34 14.732
171 979 16 97.766
172 298 24 48.925
173 501 45 73.469
174 59 60 27.173
175 426 55 59.062
176 782 47 97.642
177 996 45 7.743
178 809 27 45.318
179 1248 43 45.357
180 918 7 30.038
181 542 47 69.252
182 1041 7 65.052
183 258 58 61.748
184 116 22 20.671
185 646 38 16.364
186 206 5 62.975
187 57 30 16.670
188 891 36 8.839
189 842 21 78.883
190 469 8 73.867
191 733 15 27.382
192 915 59 75.993
193 1096 11 78.558
194 63 50 1.915
195 475 30 77.483
196 767 25 19.150
197 1143 5 72.512
198 579 42 3.147
199 296 46 16.338
200 662 20 69.138