200
1 863 58 62.804
2 387 20 65.363
3 802 37 77.147
4 439 55 59.230
5 671 15 66.950
6 1006 6 82.395
7 112 20 35.001
8 1432 34 65.531
9 1392 6 5.793
10 441 7 66.790
11 65 4 44.448
12 1114 37 64.484
13 373 59 71.946
14 56 3 92.182
15 1262 29 37.775
16 781 20 52.797
17 1345 59 47.177
18 1131 29 20.346
19 82 47 6.692
20 409 28 82.499
21 243 60 22.578
22 189 21 63.736
23 545 36 43.283
24 492 6 80.331
25 946 5 92.750
26 1284 1 96.403
27 610 20 23.628
28 275 58 86.738
29 370 41 53.068
30 156 16 64.161
31 731 58 15.783
32 1061 18 31.195
33 926 43 94.319
34 1247 55 93.740
35 858 39 11.903
36 570 42 38.811
37 1387 31 65.722
38 1192 40 35.300
39 1388 23 44.571
40 495 4 73.016
41 159 57 14.658
42 1139 37 54.329
43 934 43 40.391
44 1182 16 39.362
45 265 48 26.475
46 568 37 99.884
47 99 49 88.975
48 627 4 8.224
49 675 9 9.450
50 1191 31 30.725
51 129 40 95.362
52 664 60 79.633
53 1307 42 72.694
54 64 3 78.371
55 1118 29 76.802
56 662 13 55.615
57 1058 14 51.780
58 8 19 26.781
59 436 53 9.404
60 33 18 91.478
61 1098 14 43.390
62 55 4 47.579
63 204 50 19.083
64 113 17 2.528
65 693 49 91.857
66 470 41 57.846
67 422 46 16.173
68 1003 58 25.123
69 1380 2 6.074
70 659 36 37.414
71 337 8 53.437
72 843 19 51.500
73 517 21 25.966
74 274 38 20.444
75 479 43 24.795
76 1184 40 20.257
77 1374 19 14.735
78 614 2 46.182
79 1343 55 29.340
80 429 57 58.189
81 1248 25 35.448
82 296 7 82.677
83 185 15 84.045
84 1323 57 46.157
85 409 17 86.519
86 330 53 15.190
87 387 16 26.140
88 241 28 61.122
89 1330 44 17.868
90 809 15 28.025
91 647 21 98.779
92 445 57 39.662
93 785 35 93.818
94 557 16 69.050
95 209 57 58.859
96 229 43 99.118
97 1409 29 25.041
98 1154 14 67.383
99 1190 24 56.427
100 1385 39 49.418
101 579 27 58.613
102 600 40 66.530
103 544 26 44.563
104 909 24 21.138
105 203 19 37.801
106 561 20 41.462
107 435 25 55.201
108 1396 40 75.746
109 706 25 67.929
110 83 50 17.380
111 105 59 37.609
112 167 16 55.823
113 926 14 73.846
114 144 1 28.693
115 1353 47 23.492
116 848 59 20.649
117 1146 54 70.300
118 746 58 87.314
119 3 25 98.775
120 79 14 13.359
121 137 4 59.864
122 1024 31 95.983
123 125 3 91.339
124 1308 54 79.365
125 303 34 86.335
126 852 2 18.636
127 103 44 44.959
128 357 22 75.494
129 409 6 36.624
130 451 2 32.431
131 958 17 72.674
132 380 31 36.546
133 685 46 24.225
134 341 19 38.163
135 851 6 81.327
136 241 9 95.977
137 719 36 60.222
138 681 1 55.712
139 322 37 19.845
140 1163 37 22.167
141 35 22 85.401
142 189 1 70.151
143 188 32 72.952
144 1438 53 60.320
145 1008 11 10.740
146 372 6 32.828
147 691 32 86.644
148 597 14 58.036
149 1357 12 38.551
150 669 31 2.988
151 532 59 94.295
152 472 28 94.534
153 478 26 30.152
154 831 5 17.044
155 1125 6 67.457
156 331 13 34.412
157 1082 1 41.605
158 400 33 19.886
159 1399 52 6.811
160 475 23 31.869
161 1404 23 97.773
162 692 44 98.166
163 143 53 81.382
164 947 20 21.274
165 355 21 47.962
166 1379 45 49.233
167 401 55 24.502
168 367 21 28.494
169 1304 40 18.442
170 632 50 5.341
171 498 12 32.049
172 399 41 82.739
173 1224 9 39.579
174 998 25 11.053
175 733 25 68.827
176 531 60 78.924
177 601 54 42.631
178 626 32 53.868
179 1097 45 99.345
180 1397 40 38.606
181 1231 15 44.525
182 1069 24 98.212
183 1187 4 87.588
184 1255 60 72.054
185 96 47 62.202
186 210 4 25.003
187 642 2 9.177
188 1343 16 31.302
189 652 28 40.571
190 1287 56 90.677
191 391 43 58.927
192 561 46 84.394
193 889 30 40.089
194 217 38 70.997
195 1417 22 73.213
196 16 32 75.547
197 449 12 90.862
198 556 34 10.704
199 154 20 50.296
200 772 48 48.707