200
1 879 10 63.855
2 52 36 98.816
3 670 23 25.847
4 631 11 94.885
5 478 43 69.177
6 1228 56 35.317
7 79 46 63.988
8 173 1 20.196
9 1014 19 91.903
10 900 7 2.357
11 106 6 96.787
12 538 35 13.175
13 161 29 52.089
14 430 13 13.162
15 1123 21 47.594
16 1385 8 51.801
17 749 52 86.118
18 486 6 21.650
19 86 31 62.426
20 410 5 86.656
21 394 15 79.604
22 162 25 56.975
23 472 21 65.849
24 924 30 55.705
25 990 8 69.078
26 1210 21 22.646
27 1107 3 74.426
28 261 51 72.844
29 406 15 99.312
30 172 46 90.869
31 677 14 8.624
32 955 55 32.016
33 1189 24 5.147
34 680 45 70.331
35 679 44 84.353
36 675 38 61.757
37 980 20 3.016
38 399 28 55.376
39 1355 49 62.949
40 1398 14 93.463
41 788 30 86.619
42 759 4 31.877
43 169 27 60.436
44 892 32 37.150
45 560 49 18.091
46 7 50 51.852
47 121 18 95.428
48 246 46 1.303
49 514 9 69.357
50 680 37 53.549
51 1359 29 2.020
52 1169 31 35.950
53 780 36 72.431
54 890 24 60.145
55 108 3 1.223
56 344 60 34.167
57 456 17 23.968
58 987 46 2.511
59 1122 4 12.898
60 882 58 39.750
61 1048 32 96.783
62 368 4 40.844
63 115 26 6.631
64 1238 33 52.665
65 253 33 57.749
66 473 21 14.526
67 3 35 4.237
68 1383 14 75.944
69 657 7 6.193
70 680 53 95.108
71 265 29 95.952
72 628 49 16.338
73 1261 35 10.537
74 784 53 13.548
75 83 9 17.364
76 1055 55 84.627
77 509 45 56.318
78 680 14 62.478
79 789 51 9.863
80 1287 23 10.245
81 989 44 99.376
82 1358 8 46.431
83 461 25 13.527
84 999 36 92.877
85 593 27 29.525
86 59 14 7.943
87 1428 52 69.426
88 181 37 62.818
89 659 49 89.587
90 440 50 66.731
91 232 18 97.976
92 98 43 60.072
93 1229 24 57.347
94 108 45 27.687
95 103 1 79.749
96 1018 23 31.565
97 1213 9 2.894
98 77 48 5.139
99 1271 51 53.129
100 1235 53 96.389
101 953 39 7.855
102 540 44 77.136
103 731 27 33.874
104 1286 25 83.458
105 65 27 96.882
106 38 60 65.925
107 765 17 41.310
108 162 29 32.480
109 375 35 18.136
110 1257 52 32.735
111 444 49 11.530
112 263 12 42.934
113 589 49 64.523
114 951 53 61.540
115 962 33 46.151
116 1238 46 45.469
117 144 51 93.754
118 1250 60 15.645
119 1109 32 47.754
120 280 35 33.862
121 554 11 60.630
122 266 52 84.497
123 818 54 25.665
124 195 38 70.117
125 993 42 81.596
126 1123 21 24.581
127 393 22 32.316
128 266 34 41.294
129 1050 32 2.130
130 628 43 50.658
131 1369 39 13.967
132 934 29 24.264
133 800 43 61.970
134 543 1 13.828
135 684 52 68.177
136 1409 38 50.749
137 654 27 41.816
138 962 59 97.852
139 1337 25 21.512
140 1053 23 8.798
141 85 20 80.623
142 503 55 43.684
143 466 51 90.268
144 525 48 48.828
145 133 37 16.187
146 1365 22 32.022
147 121 45 98.018
148 792 19 1.566
149 169 32 62.671
150 205 41 13.102
151 1135 44 83.348
152 504 35 45.676
153 805 44 15.053
154 1299 38 46.696
155 16 60 5.589
156 259 1 39.396
157 893 55 3.008
158 563 58 29.010
159 468 20 26.201
160 1153 21 7.399
161 449 31 9.297
162 350 13 42.652
163 956 6 27.679
164 304 39 48.746
165 802 21 62.031
166 769 50 47.549
167 898 18 62.933
168 1042 9 75.039
169 1119 53 97.849
170 1364 18 84.671
171 286 11 85.970
172 360 33 72.671
173 156 39 63.085
174 313 38 50.794
175 198 43 20.407
176 190 20 48.158
177 806 60 11.406
178 168 45 47.204
179 1386 6 23.339
180 1200 14 48.374
181 1313 31 2.323
182 463 59 53.434
183 77 1 94.478
184 1298 13 76.554
185 1124 41 82.555
186 724 43 4.166
187 91 6 26.876
188 148 57 2.264
189 730 33 98.496
190 1373 31 2.684
191 1131 59 38.587
192 820 5 21.775
193 602 3 7.786
194 1252 2 19.280
195 1144 14 0.276
196 807 28 99.372
197 1435 37 51.619
198 448 34 64.703
199 1372 9 27.226
200 94 8 84.066