200
1 649 14 85.636
2 842 29 2.985
3 150 14 42.979
4 1066 11 38.524
5 982 47 86.092
6 356 8 20.604
7 929 53 86.735
8 507 9 42.645
9 810 33 25.948
10 869 43 83.740
11 1182 39 92.509
12 1064 26 75.989
13 200 60 54.791
14 1225 59 80.977
15 719 58 29.968
16 380 43 4.614
17 658 45 25.764
18 1212 38 57.994
19 1365 12 23.168
20 1277 36 81.923
21 1006 28 2.515
22 962 20 73.007
23 764 17 88.032
24 493 33 52.172
25 1256 33 96.302
26 1371 25 91.199
27 907 23 54.635
28 744 60 88.517
29 1246 32 46.764
30 828 29 73.017
31 1364 46 14.900
32 360 43 75.661
33 1368 46 98.740
34 1120 14 41.866
35 18 47 21.967
36 1047 34 93.121
37 760 10 20.036
38 271 18 99.936
39 956 58 96.632
40 520 22 30.617
41 21 58 31.688
42 1018 20 23.436
43 76 10 12.985
44 439 49 14.592
45 508 53 46.386
46 207 31 68.891
47 954 57 97.679
48 625 3 66.738
49 875 56 32.490
50 574 52 57.264
51 310 44 7.137
52 1332 16 21.201
53 180 7 88.757
54 459 9 20.545
55 74 5 79.867
56 884 19 96.046
57 146 2 10.488
58 417 39 61.065
59 179 44 73.767
60 1187 9 99.092
61 1225 42 18.423
62 873 24 60.768
63 1371 30 0.109
64 107 57 18.229
65 1294 24 56.390
66 634 25 66.365
67 1080 42 20.624
68 726 47 42.765
69 521 47 77.251
70 1328 51 41.036
71 966 16 32.511
72 1056 11 13.295
73 373 31 3.272
74 207 21 45.333
75 334 11 48.687
76 499 17 94.877
77 228 58 15.850
78 546 5 89.621
79 535 20 24.103
80 476 31 30.550
81 1024 45 67.635
82 831 42 96.887
83 130 31 76.102
84 1344 59 7.387
85 573 22 86.816
86 64 49 85.042
87 1069 26 40.400
88 144 27 37.402
89 170 22 70.593
90 467 47 96.865
91 293 21 38.747
92 340 53 88.980
93 1257 9 93.584
94 1077 14 47.202
95 776 32 49.072
96 940 60 55.696
97 2 48 46.979
98 1200 24 92.573
99 357 15 50.208
100 998 30 67.269
101 175 2 87.779
102 110 41 86.351
103 97 12 70.399
104 1388 20 6.319
105 195 7 55.449
106 560 13 13.454
107 351 39 93.811
108 1265 32 92.609
109 364 55 14.777
110 545 50 87.328
111 709 54 91.969
112 807 44 2.690
113 1055 23 95.454
114 1262 39 10.121
115 1184 59 69.033
116 1429 56 51.056
117 785 4 75.955
118 382 49 0.882
119 447 6 36.475
120 288 15 51.096
121 614 15 89.458
122 245 9 55.242
123 993 42 67.039
124 416 23 55.285
125 145 24 65.619
126 288 22 29.837
127 1195 48 79.744
128 665 11 89.992
129 1350 55 54.683
130 535 57 1.844
131 997 28 12.713
132 69 57 19.430
133 1114 23 7.183
134 1021 5 24.142
135 1205 10 28.428
136 761 22 51.121
137 276 47 77.148
138 1221 48 23.083
139 1000 8 0.795
140 1087 51 52.710
141 630 23 82.559
142 778 46 14.660
143 199 30 51.791
144 206 54 81.715
145 884 13 39.265
146 1048 22 62.301
147 1069 2 38.158
148 120 52 14.172
149 584 54 41.645
150 967 30 46.928
151 529 51 76.201
152 686 7 69.387
153 584 37 54.236
154 1309 31 46.417
155 1257 18 73.705
156 934 1 64.625
157 1123 42 49.467
158 554 7 20.709
159 991 33 48.803
160 904 37 87.537
161 1287 3 86.714
162 294 2 57.068
163 822 20 34.250
164 586 14 38.987
165 685 48 43.005
166 1217 51 35.552
167 1216 34 61.214
168 1169 34 71.006
169 692 52 92.034
170 55 34 74.750
171 577 20 39.245
172 1192 50 66.678
173 1049 6 96.681
174 718 6 79.046
175 713 51 69.341
176 583 33 59.980
177 780 25 31.018
178 948 22 57.921
179 1031 16 87.296
180 227 32 52.723
181 32 39 99.972
182 65 9 54.389
183 1115 50 47.029
184 1210 19 81.750
185 46 50 27.937
186 589 31 72.839
187 1136 47 85.522
188 43 55 85.422
189 1021 29 72.165
190 1407 32 47.482
191 1031 43 43.567
192 1131 45 41.926
193 190 41 45.818
194 192 58 33.306
195 881 24 60.780
196 630 44 70.655
197 393 39 9.089
198 1293 20 65.596
199 1265 57 93.779
200 248 11 21.684