200
1 1308 54 58.771
2 1022 12 82.464
3 220 40 87.574
4 1244 25 28.728
5 1397 23 25.139
6 913 54 29.340
7 948 52 66.227
8 1247 29 57.461
9 151 50 31.450
10 572 58 8.626
11 525 40 84.112
12 1115 15 60.060
13 1155 15 41.346
14 1 53 79.443
15 264 36 35.498
16 1023 3 51.626
17 809 22 13.230
18 313 33 43.572
19 9 11 85.780
20 591 25 87.933
21 76 44 35.236
22 1355 33 99.586
23 805 45 20.897
24 247 3 42.148
25 581 8 89.838
26 755 39 88.571
27 770 26 30.860
28 951 59 81.473
29 539 16 48.870
30 1023 14 26.929
31 1328 12 96.128
32 551 10 96.138
33 606 4 77.949
34 527 13 94.247
35 250 45 0.862
36 218 23 63.941
37 1128 34 38.644
38 1255 8 55.341
39 766 22 65.556
40 1333 51 16.679
41 1136 51 90.819
42 1132 43 44.752
43 721 56 80.774
44 863 58 60.748
45 270 46 83.788
46 1089 14 45.496
47 697 37 12.486
48 487 25 15.118
49 1292 15 8.852
50 65 36 60.197
51 453 34 81.534
52 1256 40 5.338
53 172 45 62.109
54 705 28 39.678
55 1376 49 79.851
56 501 12 80.082
57 1043 7 20.092
58 994 17 83.216
59 1425 58 42.704
60 41 32 99.642
61 938 11 13.600
62 878 54 56.591
63 701 39 90.093
64 1398 35 9.234
65 693 26 27.196
66 212 30 23.230
67 669 26 45.192
68 355 15 97.804
69 852 5 3.447
70 1387 51 72.157
71 1028 50 55.451
72 790 55 42.503
73 251 3 17.502
74 777 18 15.653
75 280 37 93.802
76 320 23 64.410
77 596 47 99.033
78 399 43 37.294
79 1265 29 0.746
80 454 60 43.486
81 38 13 51.052
82 753 26 37.550
83 258 45 98.219
84 1067 36 69.295
85 311 32 69.580
86 918 51 6.362
87 1286 14 49.633
88 120 4 57.129
89 1361 40 87.727
90 436 48 88.904
91 62 46 93.367
92 1350 53 94.053
93 1326 9 81.134
94 487 10 65.040
95 908 32 75.509
96 856 29 90.965
97 139 41 20.548
98 192 34 92.490
99 712 32 3.445
100 535 50 63.041
101 234 27 34.286
102 494 11 44.649
103 1062 38 20.557
104 16 27 71.222
105 1186 14 15.409
106 338 48 42.281
107 1349 53 99.641
108 931 33 96.753
109 220 38 2.083
110 739 29 12.480
111 486 11 59.978
112 1239 46 28.494
113 1089 56 30.301
114 89 49 22.898
115 218 48 68.520
116 759 30 45.171
117 845 15 44.535
118 1321 54 22.906
119 1159 56 39.234
120 1278 2 43.271
121 1352 41 39.299
122 642 29 48.720
123 624 28 75.084
124 1428 46 33.689
125 1112 44 43.677
126 1386 7 45.938
127 1175 32 70.331
128 291 2 43.952
129 618 25 22.122
130 56 2 46.254
131 801 5 41.376
132 562 23 78.400
133 415 32 82.510
134 518 41 32.700
135 473 28 52.932
136 1092 3 23.418
137 219 51 39.588
138 1395 9 37.795
139 286 8 32.156
140 1118 54 92.036
141 716 9 90.573
142 151 58 64.162
143 684 55 61.159
144 695 32 65.837
145 977 16 20.793
146 895 38 28.152
147 35 46 76.653
148 357 8 89.490
149 384 45 19.757
150 82 60 26.740
151 711 48 74.942
152 161 12 83.040
153 1118 20 42.483
154 1028 28 9.976
155 1359 16 24.026
156 589 39 49.920
157 1016 53 55.826
158 977 5 39.046
159 1107 37 54.101
160 641 26 59.214
161 916 18 77.070
162 958 18 11.812
163 933 40 21.349
164 1050 31 96.099
165 1437 43 14.939
166 818 50 13.944
167 780 28 52.667
168 539 32 37.922
169 1372 51 3.746
170 739 49 11.402
171 716 55 20.303
172 1185 25 78.608
173 717 25 89.953
174 680 4 16.222
175 79 18 44.354
176 797 5 57.460
177 1332 15 86.676
178 776 42 49.827
179 1200 47 86.227
180 1170 20 70.863
181 970 14 48.770
182 1089 31 50.773
183 1030 11 68.379
184 476 28 74.175
185 525 40 6.966
186 1153 36 36.451
187 469 53 6.838
188 7 27 52.780
189 1395 34 16.486
190 973 10 73.510
191 464 33 34.602
192 871 4 2.659
193 527 32 19.711
194 479 17 78.813
195 694 17 77.444
196 1144 44 37.978
197 1247 3 92.593
198 590 31 61.037
199 26 50 61.307
200 1196 7 84.591