200
1 723 6 33.185
2 1027 43 88.335
3 1001 37 61.854
4 673 44 52.491
5 668 19 91.867
6 1277 43 40.156
7 389 60 27.049
8 869 18 15.270
9 849 1 76.134
10 1165 56 95.384
11 1027 39 58.910
12 1067 26 93.902
13 252 29 71.677
14 358 31 24.831
15 1273 47 61.751
16 1141 38 47.151
17 682 37 32.644
18 1433 54 67.349
19 1353 23 47.967
20 785 32 88.090
21 193 37 44.681
22 863 22 27.342
23 12 34 13.422
24 993 11 11.471
25 1408 1 17.830
26 1238 14 40.206
27 590 16 33.142
28 367 13 27.353
29 1253 12 4.443
30 268 29 43.983
31 214 52 60.068
32 702 6 81.925
33 1183 19 69.325
34 1353 40 36.952
35 1242 14 70.288
36 834 39 67.022
37 1049 51 23.553
38 655 12 85.723
39 789 50 96.746
40 1005 21 32.814
41 1295 35 3.081
42 872 58 80.257
43 18 45 79.283
44 1104 40 76.954
45 97 42 56.981
46 1121 12 26.335
47 797 10 42.373
48 217 21 6.005
49 509 18 55.967
50 352 16 48.378
51 971 58 67.736
52 58 48 70.549
53 700 7 77.291
54 153 9 25.239
55 640 42 20.165
56 324 27 12.461
57 1288 58 48.776
58 1306 2 68.805
59 505 20 29.721
60 111 23 83.319
61 184 48 63.041
62 239 36 54.162
63 1025 3 33.311
64 855 24 62.538
65 511 32 11.439
66 931 26 98.510
67 244 35 3.439
68 740 35 79.588
69 482 20 12.343
70 479 40 16.775
71 356 42 55.032
72 1277 23 20.985
73 587 23 84.976
74 344 49 86.609
75 655 5 57.666
76 12 39 44.043
77 607 27 30.894
78 249 9 96.529
79 789 22 36.370
80 499 54 77.235
81 1436 56 77.379
82 1047 11 90.967
83 659 25 47.806
84 1023 18 68.936
85 931 24 92.784
86 995 51 74.144
87 1283 46 54.202
88 676 38 8.449
89 389 23 44.362
90 913 54 71.792
91 613 4 68.055
92 1098 24 72.481
93 891 32 0.615
94 688 50 3.190
95 1197 29 66.014
96 727 60 62.145
97 835 2 46.015
98 297 36 92.380
99 401 8 95.071
100 147 38 28.814
101 624 11 70.626
102 74 18 22.721
103 319 24 90.545
104 1004 45 56.530
105 978 51 66.961
106 310 16 59.055
107 949 17 95.875
108 34 33 80.144
109 1024 46 58.545
110 1042 57 77.744
111 896 47 84.677
112 430 11 91.406
113 1198 46 82.927
114 79 45 59.166
115 691 16 38.303
116 1289 9 81.332
117 726 4 64.851
118 1025 50 94.606
119 1039 11 76.376
120 739 32 19.878
121 502 49 65.541
122 1159 22 58.554
123 625 10 44.200
124 300 22 27.362
125 1288 16 40.147
126 1043 19 64.627
127 626 44 43.433
128 1058 55 98.395
129 703 53 82.726
130 858 6 82.465
131 229 3 5.885
132 578 12 83.164
133 522 45 71.133
134 1071 30 18.677
135 867 38 90.787
136 406 27 10.855
137 774 49 28.953
138 632 6 40.784
139 779 31 17.819
140 722 9 28.947
141 1164 15 12.420
142 708 23 69.908
143 574 18 76.213
144 1233 52 67.351
145 336 16 17.390
146 1439 8 11.970
147 917 56 51.028
148 623 51 21.060
149 919 45 95.128
150 399 30 24.463
151 658 36 30.961
152 935 1 62.494
153 670 26 32.534
154 982 47 63.064
155 300 14 45.246
156 504 29 21.745
157 453 40 2.583
158 152 49 77.295
159 791 2 64.327
160 419 22 41.943
161 1370 6 79.876
162 362 58 0.683
163 1351 31 44.516
164 62 32 23.217
165 913 52 44.305
166 635 22 49.557
167 615 56 60.237
168 734 60 20.480
169 683 21 70.602
170 919 23 38.482
171 942 29 27.799
172 600 30 78.185
173 1197 36 22.037
174 472 22 65.284
175 1165 9 94.329
176 53 24 63.181
177 1071 29 94.201
178 1293 52 13.801
179 412 50 37.821
180 504 26 80.189
181 640 12 79.451
182 948 60 83.189
183 1003 50 25.892
184 539 14 91.398
185 236 43 4.871
186 156 11 58.417
187 1 60 48.421
188 249 5 34.513
189 459 38 52.489
190 1271 31 45.164
191 499 44 91.351
192 296 42 12.081
193 1059 32 72.555
194 286 35 29.054
195 760 43 95.823
196 1060 21 29.909
197 773 33 20.492
198 1342 56 9.995
199 1438 21 67.447
200 561 45 41.382