200
1 1405 56 9.896
2 773 27 49.297
3 471 6 18.221
4 270 43 41.044
5 1422 3 8.535
6 225 40 58.559
7 810 40 36.353
8 860 51 2.828
9 748 34 88.440
10 1380 59 20.120
11 74 49 60.243
12 947 28 54.709
13 1321 8 76.509
14 1101 53 61.846
15 1366 53 42.262
16 1334 27 62.409
17 686 60 87.607
18 417 21 53.904
19 153 1 5.361
20 747 46 2.885
21 885 18 95.093
22 254 55 44.820
23 698 42 29.252
24 848 12 35.759
25 1280 60 20.584
26 1393 44 99.345
27 511 35 63.232
28 1027 50 8.314
29 746 1 57.889
30 110 23 67.153
31 509 12 42.217
32 532 4 99.235
33 904 24 19.052
34 1081 30 22.829
35 729 53 72.082
36 1109 18 93.800
37 930 34 92.707
38 506 54 85.081
39 1304 21 60.739
40 1381 17 40.007
41 1259 32 66.661
42 782 59 15.893
43 761 4 19.963
44 877 3 87.231
45 631 51 59.843
46 1045 36 79.506
47 742 21 74.847
48 1411 46 63.178
49 694 39 0.456
50 1029 18 37.693
51 126 9 75.726
52 291 26 42.968
53 836 21 48.121
54 888 29 71.814
55 229 42 30.142
56 455 18 58.086
57 746 36 64.446
58 121 52 93.708
59 1253 37 10.407
60 179 26 12.574
61 1257 26 34.112
62 1379 1 62.024
63 414 24 4.910
64 526 4 20.455
65 452 35 30.883
66 830 20 81.682
67 293 54 67.743
68 1140 52 41.490
69 289 41 29.071
70 921 45 75.072
71 491 34 23.193
72 460 40 70.264
73 332 51 12.530
74 383 59 21.294
75 1385 48 27.686
76 1371 35 1.411
77 324 30 76.297
78 906 12 97.111
79 1082 49 72.948
80 1260 59 96.473
81 707 16 96.866
82 42 56 79.776
83 914 42 91.092
84 161 33 71.497
85 672 15 62.069
86 157 27 96.124
87 78 24 94.718
88 748 36 77.028
89 977 28 7.497
90 1238 35 49.243
91 1216 15 2.123
92 660 40 20.998
93 124 26 26.713
94 280 55 75.510
95 1093 48 84.116
96 946 26 70.789
97 1000 3 29.341
98 1426 15 27.864
99 1097 17 53.352
100 768 19 31.614
101 686 4 22.276
102 1299 55 73.806
103 1387 24 95.668
104 1358 26 54.953
105 1427 15 22.086
106 88 33 31.151
107 1280 43 89.889
108 987 53 14.912
109 691 8 93.881
110 1019 43 46.060
111 587 17 54.915
112 854 39 72.689
113 799 13 48.578
114 1227 22 12.834
115 820 35 63.748
116 1250 7 38.813
117 1405 15 28.298
118 930 46 54.483
119 1031 16 93.638
120 320 45 44.676
121 588 58 54.125
122 193 34 25.030
123 936 20 75.091
124 1295 56 69.723
125 894 5 79.646
126 1294 14 32.475
127 1352 40 17.367
128 59 42 11.876
129 804 21 9.096
130 368 44 81.129
131 104 20 66.388
132 835 48 63.447
133 529 4 13.845
134 374 28 88.439
135 770 5 3.387
136 1413 49 7.834
137 840 38 22.543
138 657 1 74.501
139 523 19 35.666
140 148 43 80.896
141 1064 56 4.832
142 1401 13 10.715
143 1098 54 6.371
144 534 50 83.322
145 1249 40 10.355
146 1438 6 39.633
147 773 41 75.341
148 774 56 56.081
149 123 16 78.162
150 56 30 91.458
151 393 30 61.678
152 1088 46 99.701
153 1227 1 79.508
154 52 50 68.699
155 882 54 45.590
156 979 42 61.226
157 436 45 71.534
158 648 2 38.501
159 96 30 17.002
160 247 56 52.792
161 995 2 18.601
162 502 19 12.328
163 1014 46 91.543
164 1197 36 44.750
165 269 30 55.874
166 69 31 61.241
167 9 32 38.331
168 209 41 87.296
169 768 57 91.824
170 965 38 46.558
171 607 23 64.943
172 180 33 51.992
173 1049 45 98.950
174 304 55 41.712
175 597 36 56.296
176 144 40 94.516
177 203 56 55.231
178 895 51 86.332
179 290 19 43.088
180 466 10 2.722
181 83 42 40.956
182 1335 8 26.737
183 169 33 83.485
184 1191 44 94.314
185 1120 52 31.168
186 1156 42 3.212
187 1253 52 6.256
188 1224 48 86.735
189 1131 52 65.832
190 1101 48 26.319
191 1160 60 83.081
192 171 34 75.551
193 934 36 13.557
194 816 17 46.432
195 800 30 88.249
196 396 3 19.123
197 815 13 86.782
198 154 52 93.031
199 722 16 48.336
200 1052 14 54.453