200
1 222 44 69.509
2 761 55 25.201
3 466 23 25.608
4 77 15 24.626
5 1021 17 9.056
6 1248 11 95.487
7 374 19 24.601
8 584 38 53.530
9 1392 8 55.118
10 867 10 9.373
11 1182 36 6.776
12 578 18 48.119
13 294 21 81.542
14 657 5 15.255
15 910 26 94.571
16 1042 60 68.802
17 135 16 76.088
18 897 37 73.769
19 1256 30 57.754
20 1226 57 97.408
21 200 5 58.163
22 731 55 93.890
23 500 17 18.591
24 9 42 94.739
25 370 25 97.258
26 918 54 43.668
27 175 5 83.566
28 1356 34 76.240
29 757 35 65.624
30 1231 28 77.125
31 840 53 7.538
32 1410 58 71.205
33 1008 52 42.955
34 224 1 91.603
35 108 36 13.566
36 1132 58 12.845
37 320 12 5.056
38 823 20 26.028
39 1249 37 3.550
40 1242 20 73.190
41 244 5 52.765
42 649 60 45.771
43 932 57 6.667
44 180 53 3.179
45 757 38 8.456
46 1278 35 60.389
47 1426 10 5.746
48 580 43 6.689
49 649 6 28.562
50 588 42 38.927
51 912 35 11.252
52 1160 15 91.586
53 728 43 92.439
54 1068 27 2.571
55 451 15 35.699
56 1165 50 71.202
57 972 50 53.001
58 93 38 75.528
59 60 57 34.491
60 936 20 78.056
61 44 58 93.882
62 737 10 55.310
63 472 42 2.422
64 1029 31 86.367
65 1319 9 70.388
66 1044 12 18.723
67 269 19 98.790
68 64 17 11.708
69 1148 6 50.597
70 1273 54 92.951
71 1298 35 4.111
72 1113 48 36.518
73 806 42 39.665
74 575 38 20.740
75 356 45 36.446
76 730 32 38.765
77 236 57 96.034
78 1063 18 25.333
79 177 4 13.411
80 141 34 75.129
81 1158 42 68.781
82 1287 34 11.512
83 764 3 4.169
84 675 15 75.521
85 355 45 69.203
86 838 28 41.818
87 1349 42 10.306
88 34 46 89.366
89 274 46 28.783
90 682 58 61.182
91 647 38 21.231
92 7 42 32.298
93 714 59 44.454
94 636 21 78.724
95 417 14 14.943
96 586 46 83.040
97 578 28 1.398
98 1164 21 88.550
99 129 19 39.719
100 352 52 47.990
101 1025 55 45.633
102 71 50 8.438
103 101 37 23.376
104 725 32 1.895
105 501 52 8.333
106 421 47 82.658
107 460 22 22.885
108 11 5 55.624
109 239 27 38.744
110 1332 9 64.028
111 893 12 79.673
112 729 30 68.519
113 488 19 7.913
114 986 11 18.798
115 867 3 59.427
116 767 60 43.043
117 1162 4 12.272
118 1050 11 33.633
119 19 29 69.164
120 820 12 99.877
121 1240 55 58.066
122 1174 38 90.356
123 930 42 32.757
124 699 55 34.257
125 183 55 98.502
126 189 53 41.067
127 20 5 99.922
128 186 49 55.311
129 344 59 16.007
130 237 44 98.112
131 213 12 92.979
132 9 19 39.374
133 93 22 14.040
134 1208 17 43.782
135 923 7 33.731
136 1037 21 60.076
137 1223 34 52.434
138 1428 47 11.878
139 817 34 41.531
140 638 9 9.506
141 626 51 23.402
142 345 52 1.647
143 219 51 74.037
144 498 44 24.512
145 1319 13 1.215
146 373 16 9.520
147 873 41 93.999
148 453 48 73.181
149 1401 1 0.188
150 1414 43 11.696
151 1049 16 90.056
152 1290 19 97.841
153 531 55 14.456
154 1053 51 94.039
155 1156 22 80.905
156 1400 16 61.040
157 325 19 42.173
158 258 16 61.061
159 55 59 94.229
160 1205 33 18.422
161 1389 52 48.711
162 722 22 10.902
163 1004 4 92.682
164 1229 24 16.069
165 346 27 31.316
166 475 58 7.273
167 208 19 57.482
168 10 37 46.967
169 1004 15 51.362
170 608 59 3.074
171 384 56 59.978
172 1327 7 48.044
173 1402 20 59.171
174 146 56 95.524
175 1365 38 92.410
176 591 36 20.272
177 325 23 47.142
178 1182 60 7.765
179 439 11 18.091
180 777 8 44.548
181 1189 39 13.176
182 789 3 13.419
183 668 21 45.056
184 1127 60 99.280
185 882 44 80.416
186 968 52 3.199
187 255 23 82.063
188 414 53 80.595
189 30 33 23.804
190 60 9 91.404
191 987 59 18.943
192 88 57 8.556
193 617 18 25.007
194 460 4 30.385
195 434 6 12.404
196 916 11 70.725
197 112 36 11.697
198 391 45 91.868
199 405 12 52.474
200 1293 42 23.149