200
1 834 50 94.230
2 1290 18 13.348
3 104 47 45.532
4 956 27 42.567
5 192 41 70.833
6 1290 55 76.546
7 262 48 77.640
8 1185 55 63.777
9 1415 9 87.074
10 1126 11 58.674
11 1414 5 5.193
12 1367 35 14.117
13 1291 56 44.318
14 860 28 94.634
15 374 56 98.930
16 708 11 28.072
17 675 30 91.993
18 80 53 94.627
19 1070 26 94.401
20 681 36 65.222
21 402 26 70.722
22 173 21 7.997
23 1028 48 21.458
24 1140 37 96.415
25 43 5 11.742
26 444 57 60.791
27 782 59 62.072
28 961 6 36.513
29 371 40 3.493
30 1150 29 57.806
31 318 47 90.405
32 951 13 8.300
33 324 34 19.408
34 970 55 7.114
35 116 55 24.875
36 1015 13 23.117
37 498 4 35.512
38 364 11 7.119
39 542 50 14.209
40 571 34 80.473
41 65 30 96.236
42 495 13 45.373
43 280 49 20.597
44 554 60 97.426
45 873 54 47.378
46 1107 33 82.039
47 37 12 64.253
48 1034 10 85.939
49 1077 27 99.245
50 19 35 48.830
51 1272 7 91.137
52 1146 16 71.610
53 1232 25 42.990
54 29 7 0.931
55 129 58 20.895
56 911 29 12.519
57 831 55 51.860
58 738 55 62.367
59 1298 57 20.679
60 414 57 69.042
61 1171 22 66.275
62 1048 20 45.862
63 585 20 31.072
64 899 52 89.419
65 314 47 10.516
66 907 7 1.725
67 1330 54 73.032
68 297 58 94.716
69 1047 13 51.462
70 1104 37 38.217
71 901 8 29.563
72 993 7 58.196
73 748 25 53.874
74 683 20 55.401
75 342 22 41.791
76 163 37 25.998
77 1192 55 53.473
78 1132 46 21.222
79 263 16 3.004
80 669 41 59.994
81 884 58 74.328
82 238 2 83.621
83 367 16 30.666
84 1257 17 24.991
85 1366 28 93.085
86 1051 42 93.329
87 466 40 74.136
88 1092 49 85.544
89 46 20 57.497
90 1121 56 60.709
91 1219 19 98.605
92 1396 38 13.712
93 1046 10 85.343
94 684 17 66.880
95 112 40 67.689
96 867 2 67.776
97 258 19 13.261
98 796 22 86.875
99 1108 58 83.845
100 905 6 62.028
101 669 10 37.830
102 1100 11 24.023
103 247 9 41.001
104 1213 60 42.414
105 560 42 92.466
106 1281 52 94.987
107 891 32 7.838
108 592 59 90.739
109 1385 57 37.062
110 995 55 80.410
111 1175 45 52.993
112 1330 47 26.798
113 123 49 79.444
114 436 16 9.351
115 320 38 1.313
116 844 35 8.328
117 596 27 71.174
118 36 59 14.362
119 419 55 27.520
120 685 38 17.251
121 79 38 61.867
122 1315 47 44.961
123 1065 49 64.385
124 1331 58 46.599
125 535 51 86.771
126 143 47 0.721
127 607 11 55.581
128 359 4 5.329
129 175 29 99.495
130 730 3 48.006
131 75 2 44.963
132 91 19 24.139
133 350 36 94.884
134 291 40 58.452
135 192 45 58.859
136 566 49 13.731
137 672 23 48.701
138 176 14 21.697
139 631 49 29.470
140 977 60 50.297
141 41 37 63.608
142 48 57 95.379
143 1219 42 88.701
144 912 49 30.217
145 832 58 31.012
146 633 52 30.244
147 75 37 48.772
148 1139 12 17.115
149 1211 23 13.439
150 167 40 75.745
151 50 20 95.795
152 616 50 1.573
153 694 54 45.960
154 730 24 48.074
155 1329 17 49.620
156 370 59 64.583
157 1297 57 66.080
158 196 19 36.979
159 1439 53 27.970
160 862 19 43.440
161 259 60 27.741
162 623 24 42.468
163 768 34 67.301
164 5 26 66.625
165 442 21 25.031
166 887 17 10.962
167 812 48 80.256
168 398 43 31.478
169 455 38 95.036
170 1321 11 24.537
171 1234 27 83.865
172 382 40 35.139
173 13 49 63.526
174 113 19 12.065
175 106 57 27.385
176 995 60 98.073
177 1133 17 93.359
178 1296 16 4.823
179 1274 23 12.983
180 641 43 63.950
181 1079 3 26.047
182 441 58 89.931
183 1085 7 87.046
184 1160 20 43.918
185 70 26 59.632
186 1118 52 76.848
187 729 40 65.414
188 73 2 35.523
189 133 52 33.146
190 437 11 14.197
191 280 46 29.877
192 604 39 56.182
193 1242 24 44.199
194 238 46 79.388
195 3 43 62.850
196 1417 9 55.397
197 120 10 88.462
198 253 49 2.411
199 1370 12 3.513
200 1300 2 14.032