200
1 1223 20 19.028
2 252 11 77.366
3 521 16 89.544
4 485 12 68.338
5 1308 7 72.666
6 1352 43 60.094
7 1287 48 17.979
8 841 51 26.373
9 208 50 40.435
10 819 25 48.253
11 70 6 36.476
12 246 13 52.204
13 161 4 15.925
14 1034 44 48.671
15 106 4 98.347
16 1189 33 62.564
17 697 38 45.994
18 867 28 66.220
19 730 46 96.397
20 917 51 75.401
21 583 42 60.962
22 806 4 45.961
23 558 46 18.792
24 1118 51 28.020
25 24 17 33.816
26 603 60 60.001
27 41 8 90.036
28 78 12 99.972
29 102 20 40.789
30 138 58 87.159
31 113 10 63.279
32 1382 32 72.526
33 855 19 66.449
34 462 13 92.063
35 1428 28 2.083
36 1387 18 63.767
37 1284 24 11.352
38 621 22 17.510
39 769 32 50.595
40 599 33 23.189
41 351 21 71.793
42 375 55 17.980
43 107 16 90.371
44 819 45 22.626
45 168 52 52.813
46 38 41 20.209
47 902 18 10.254
48 1300 45 9.239
49 528 22 28.289
50 666 46 56.723
51 830 42 26.227
52 807 8 78.211
53 493 18 56.994
54 430 48 72.317
55 1064 7 73.259
56 21 30 36.776
57 283 20 9.712
58 638 10 77.510
59 934 31 11.349
60 947 46 31.206
61 314 51 88.212
62 306 34 34.882
63 299 4 30.975
64 594 9 41.368
65 806 51 6.471
66 909 39 0.115
67 1386 20 37.942
68 81 52 29.194
69 288 19 84.621
70 683 53 74.991
71 132 43 0.667
72 1389 25 76.676
73 1229 13 51.966
74 803 57 3.006
75 773 47 76.483
76 637 14 44.603
77 1075 23 79.616
78 390 31 62.410
79 1263 19 93.603
80 516 38 0.048
81 597 12 97.829
82 1243 24 25.133
83 911 22 59.945
84 244 57 19.224
85 262 10 48.779
86 998 17 27.736
87 383 25 54.196
88 640 55 23.205
89 703 2 9.657
90 1016 4 70.473
91 112 30 77.108
92 844 26 28.914
93 1375 16 43.180
94 806 18 41.497
95 12 10 33.296
96 1005 25 31.263
97 1259 4 71.965
98 1388 41 96.669
99 1380 18 26.192
100 898 42 87.978
101 1386 4 87.562
102 193 60 81.195
103 403 24 84.062
104 560 16 3.914
105 967 54 52.215
106 1293 3 58.147
107 246 54 74.176
108 1103 28 77.042
109 1015 27 73.091
110 184 12 64.893
111 1338 13 17.848
112 1228 25 81.505
113 638 40 42.087
114 1168 37 54.721
115 182 40 32.644
116 354 41 25.056
117 1342 35 97.740
118 565 23 9.253
119 302 36 18.747
120 389 58 58.398
121 1072 23 14.022
122 1021 3 95.794
123 1383 2 34.139
124 1347 11 94.655
125 160 14 16.384
126 226 10 54.914
127 74 20 21.841
128 71 47 84.371
129 1372 6 14.585
130 207 45 41.739
131 721 25 98.255
132 483 43 14.300
133 406 44 49.644
134 750 54 59.788
135 1097 13 70.938
136 93 1 83.338
137 28 10 67.702
138 959 16 29.569
139 291 46 47.679
140 241 26 19.670
141 853 19 70.167
142 884 6 21.556
143 321 34 35.680
144 281 54 38.577
145 563 30 62.845
146 964 25 0.020
147 466 31 71.861
148 574 13 29.107
149 358 55 78.606
150 717 23 72.689
151 745 2 41.883
152 126 37 2.838
153 1245 58 84.177
154 1153 15 54.572
155 624 28 13.376
156 393 48 16.468
157 1035 35 53.633
158 527 48 35.783
159 1245 8 33.505
160 689 11 21.579
161 156 19 30.115
162 871 29 47.534
163 532 46 4.668
164 793 31 25.440
165 569 27 11.327
166 66 54 35.203
167 132 15 69.690
168 453 58 46.013
169 1364 46 66.231
170 1256 28 99.996
171 845 48 73.532
172 1317 48 20.181
173 949 28 53.350
174 1326 19 43.696
175 974 42 64.851
176 1018 4 71.764
177 620 7 11.523
178 632 47 73.576
179 625 28 19.150
180 1037 35 8.962
181 169 32 86.957
182 396 24 92.719
183 641 25 36.449
184 1381 1 74.533
185 1250 21 80.432
186 1268 7 33.757
187 1368 52 39.048
188 1328 39 28.377
189 1400 7 2.319
190 1264 22 54.068
191 1338 43 17.138
192 726 43 25.814
193 735 1 32.313
194 151 35 8.567
195 550 13 85.117
196 649 50 74.519
197 197 12 37.032
198 225 30 91.765
199 69 9 81.725
200 153 11 73.705