200
1 514 40 34.162
2 561 21 22.974
3 716 12 94.235
4 462 34 23.174
5 966 21 27.007
6 982 29 81.732
7 951 21 53.076
8 1076 54 17.317
9 581 52 40.793
10 266 31 65.944
11 302 33 9.940
12 748 2 86.018
13 890 10 63.407
14 984 20 77.507
15 1354 39 42.550
16 498 58 37.775
17 703 30 62.127
18 543 51 39.501
19 1130 58 38.419
20 247 28 14.821
21 894 44 88.013
22 15 53 11.172
23 1035 7 99.105
24 354 18 98.068
25 806 44 64.552
26 105 20 15.036
27 761 14 84.840
28 496 36 22.278
29 694 31 41.454
30 65 53 75.705
31 543 57 4.764
32 479 56 12.765
33 1314 7 30.036
34 721 43 82.996
35 612 19 14.434
36 1124 49 56.070
37 1017 23 17.478
38 1183 8 95.035
39 157 10 76.098
40 72 16 14.216
41 735 50 30.160
42 406 43 42.937
43 464 17 42.762
44 52 5 25.516
45 474 17 89.398
46 435 9 30.865
47 1373 57 97.497
48 482 54 96.213
49 513 56 66.381
50 1025 51 39.416
51 435 7 37.093
52 770 37 83.337
53 1033 52 82.873
54 737 24 88.374
55 868 41 32.129
56 951 39 55.324
57 582 1 79.643
58 116 2 39.548
59 1047 33 14.402
60 1365 45 23.566
61 423 4 55.121
62 23 15 19.188
63 632 28 18.166
64 81 47 94.036
65 607 29 21.339
66 62 51 74.100
67 1012 6 16.930
68 1337 55 9.747
69 1219 33 20.762
70 681 17 81.256
71 786 3 18.373
72 1107 39 90.592
73 983 9 80.307
74 427 45 59.686
75 1341 42 26.429
76 1157 10 68.714
77 920 47 54.801
78 645 38 75.338
79 1437 19 39.716
80 610 26 80.437
81 464 8 16.873
82 512 49 75.638
83 373 42 15.680
84 247 4 92.081
85 1246 19 22.154
86 1326 47 61.879
87 1132 12 96.847
88 786 7 96.648
89 633 27 96.445
90 806 46 36.486
91 1273 31 1.058
92 1153 4 31.547
93 760 10 93.638
94 124 21 55.592
95 850 46 33.217
96 353 57 5.969
97 697 49 54.297
98 459 10 87.876
99 961 39 64.706
100 118 25 45.272
101 25 22 26.302
102 73 53 69.709
103 810 41 48.850
104 1360 31 13.859
105 1082 44 99.296
106 324 25 80.508
107 35 13 71.612
108 1311 14 29.334
109 110 13 25.789
110 456 55 41.680
111 4 12 43.354
112 601 51 19.605
113 1032 4 10.915
114 164 39 14.802
115 694 41 70.343
116 1044 28 58.665
117 407 2 56.990
118 994 38 29.526
119 79 50 37.243
120 860 52 63.276
121 997 39 63.831
122 145 49 50.714
123 1412 24 17.786
124 506 26 42.019
125 1405 35 8.754
126 481 4 19.959
127 1080 52 0.539
128 48 38 87.008
129 949 18 72.936
130 347 47 73.077
131 47 54 71.911
132 838 47 73.483
133 45 28 18.194
134 365 48 5.870
135 1079 49 67.907
136 967 27 23.509
137 839 2 57.201
138 1064 59 60.114
139 14 20 13.138
140 888 5 55.034
141 969 22 7.555
142 498 41 3.039
143 1352 59 77.531
144 1151 52 85.335
145 1074 28 19.801
146 257 31 36.083
147 207 29 24.657
148 557 5 57.241
149 555 36 39.373
150 336 12 93.359
151 668 32 91.854
152 429 58 17.305
153 399 48 52.849
154 643 5 25.164
155 386 59 66.168
156 90 26 51.081
157 994 16 29.260
158 989 14 99.488
159 190 60 8.835
160 906 31 34.707
161 1394 54 53.515
162 1017 7 98.365
163 514 35 84.015
164 166 34 84.774
165 823 25 52.695
166 166 5 79.236
167 890 37 36.371
168 246 13 80.572
169 550 22 39.760
170 1195 60 97.634
171 765 9 29.695
172 808 44 40.710
173 1425 41 83.156
174 806 58 34.632
175 294 33 85.642
176 1302 5 8.431
177 1236 55 82.302
178 1272 12 2.999
179 279 36 32.566
180 243 60 3.648
181 67 43 96.398
182 860 14 40.495
183 247 29 33.878
184 1273 49 3.114
185 1023 18 60.351
186 299 32 10.917
187 1145 51 14.674
188 184 34 24.853
189 1073 14 24.874
190 243 46 44.563
191 126 16 33.380
192 202 37 89.053
193 1183 12 63.719
194 8 29 0.002
195 1295 32 97.552
196 1165 49 65.210
197 908 2 37.325
198 1202 24 7.262
199 1379 59 22.321
200 1381 13 11.477