200
1 327 37 70.830
2 1052 6 33.413
3 95 23 32.069
4 559 31 4.227
5 713 46 91.156
6 1406 56 43.365
7 322 57 10.262
8 524 50 51.687
9 30 19 23.767
10 503 6 82.463
11 361 41 7.535
12 144 37 44.946
13 923 59 22.371
14 400 50 26.553
15 307 15 92.503
16 1231 34 67.506
17 1259 5 85.747
18 881 47 45.199
19 1005 20 39.856
20 997 47 27.525
21 67 41 7.573
22 240 57 80.827
23 155 9 76.927
24 1260 57 14.394
25 783 35 71.664
26 978 35 90.223
27 1370 45 77.202
28 671 14 96.355
29 666 8 66.979
30 251 42 10.283
31 617 2 3.320
32 37 34 71.349
33 755 27 74.835
34 102 33 80.187
35 650 55 34.234
36 53 24 13.149
37 1395 19 87.172
38 1216 52 91.083
39 1011 24 36.986
40 829 47 67.517
41 817 9 79.657
42 279 38 81.757
43 1252 2 74.991
44 91 16 88.601
45 62 14 8.329
46 404 19 83.671
47 1349 23 95.843
48 149 6 23.410
49 604 12 65.681
50 1266 51 95.413
51 621 43 42.823
52 49 28 80.774
53 1431 45 87.923
54 1052 54 97.529
55 1151 59 8.432
56 936 31 81.607
57 517 59 91.294
58 1328 26 71.582
59 510 40 87.494
60 770 47 73.568
61 674 41 35.993
62 114 28 74.569
63 918 53 21.316
64 367 42 55.150
65 93 58 41.347
66 1038 42 82.196
67 155 41 4.806
68 303 20 3.821
69 754 7 51.595
70 533 54 84.529
71 924 46 10.407
72 1047 52 12.008
73 1203 7 9.428
74 467 50 38.988
75 1088 51 60.545
76 223 11 77.641
77 1086 13 43.317
78 1067 53 49.154
79 288 37 9.297
80 153 36 73.533
81 397 48 23.283
82 566 16 94.620
83 899 56 44.681
84 1284 53 65.318
85 1399 55 39.436
86 1201 31 59.474
87 1419 9 75.350
88 904 42 56.833
89 993 45 42.718
90 1099 30 80.182
91 1021 5 27.441
92 285 29 64.488
93 73 56 94.710
94 114 49 28.210
95 892 52 22.360
96 607 1 99.267
97 234 47 7.523
98 1290 18 56.285
99 1158 5 73.132
100 456 55 71.858
101 590 24 14.327
102 751 9 45.262
103 434 39 48.268
104 547 18 86.750
105 1156 22 14.646
106 409 4 18.272
107 215 58 60.980
108 865 20 50.769
109 338 54 38.386
110 663 39 81.051
111 1362 38 8.308
112 934 53 87.288
113 627 34 21.727
114 683 54 25.904
115 231 60 78.689
116 101 20 90.623
117 1363 55 1.568
118 561 33 80.021
119 213 10 46.823
120 760 4 93.885
121 424 58 93.170
122 1144 8 24.557
123 1306 19 11.028
124 376 28 7.778
125 596 41 79.818
126 816 41 40.779
127 625 11 72.834
128 1109 26 6.234
129 700 29 36.142
130 748 39 29.079
131 555 30 31.014
132 707 42 57.854
133 367 32 88.179
134 991 6 20.909
135 182 60 85.219
136 1050 27 41.889
137 278 15 15.773
138 1054 43 52.001
139 130 9 79.799
140 939 36 54.141
141 28 4 87.174
142 324 6 91.430
143 919 14 68.873
144 649 52 91.986
145 71 48 89.971
146 690 57 4.464
147 1238 44 46.201
148 921 5 70.736
149 604 22 3.103
150 190 48 15.004
151 764 4 9.244
152 493 46 97.652
153 1335 14 77.938
154 496 4 44.512
155 356 47 26.497
156 1293 26 27.360
157 798 60 21.311
158 262 18 0.063
159 114 29 21.507
160 962 46 52.916
161 1238 45 69.269
162 395 12 1.337
163 832 52 18.202
164 383 34 62.921
165 243 17 1.061
166 759 21 3.560
167 932 11 37.051
168 36 41 8.887
169 51 48 79.447
170 1224 59 99.718
171 709 37 70.673
172 1300 24 17.356
173 561 57 73.396
174 1313 2 88.188
175 962 21 42.676
176 121 27 63.512
177 665 49 75.493
178 228 12 15.246
179 412 53 23.383
180 1199 38 18.245
181 576 36 45.165
182 214 36 19.472
183 555 23 89.191
184 420 4 24.303
185 701 22 17.184
186 413 19 11.859
187 242 42 67.615
188 19 6 50.075
189 463 8 56.050
190 1399 53 82.094
191 1146 13 50.367
192 468 7 32.898
193 1077 29 39.292
194 989 50 27.197
195 671 6 54.490
196 60 57 10.933
197 219 6 93.066
198 922 35 97.015
199 324 42 77.223
200 652 37 30.428