200
1 609 32 59.737
2 635 34 76.491
3 219 4 39.866
4 37 23 38.763
5 1250 43 90.110
6 514 2 38.383
7 433 51 74.414
8 1404 44 37.348
9 182 41 36.238
10 382 4 42.230
11 1158 18 44.782
12 728 40 80.278
13 129 27 15.348
14 259 5 48.183
15 948 22 5.534
16 664 1 85.659
17 264 5 70.916
18 1353 29 44.306
19 793 54 14.295
20 1391 56 43.540
21 341 47 42.151
22 18 18 77.919
23 881 40 84.426
24 1073 51 36.812
25 1035 44 40.905
26 689 25 74.141
27 323 16 19.719
28 646 11 18.142
29 517 49 12.263
30 785 33 57.399
31 1140 56 2.714
32 721 35 54.692
33 367 4 96.431
34 294 51 92.278
35 669 33 65.375
36 1093 23 75.514
37 571 41 3.325
38 51 15 49.685
39 1240 36 81.005
40 418 45 70.473
41 519 32 58.918
42 501 7 68.499
43 124 13 52.852
44 137 50 2.356
45 417 49 13.140
46 1050 54 53.397
47 552 17 60.280
48 753 14 23.808
49 1040 16 73.366
50 476 15 27.133
51 682 37 61.707
52 628 6 63.924
53 1297 1 46.758
54 1011 12 91.611
55 1087 50 15.743
56 262 22 71.296
57 250 28 83.218
58 98 54 8.972
59 506 11 22.064
60 595 48 68.205
61 948 39 42.105
62 304 19 94.656
63 663 55 73.807
64 273 8 94.655
65 113 2 32.446
66 805 36 3.485
67 547 52 92.309
68 287 55 56.541
69 740 33 13.354
70 1232 15 24.733
71 1083 51 68.542
72 177 34 27.163
73 1182 43 8.272
74 50 1 91.342
75 681 24 18.313
76 433 4 24.661
77 1065 13 53.057
78 570 41 88.473
79 1009 53 16.328
80 825 37 49.771
81 424 11 54.247
82 848 5 49.674
83 89 31 81.322
84 1087 43 65.693
85 1396 36 7.888
86 1351 16 21.402
87 678 22 85.177
88 1393 41 31.225
89 21 40 39.501
90 1113 52 41.284
91 1277 46 52.988
92 307 26 40.046
93 1416 25 25.422
94 1340 34 60.482
95 1125 40 53.643
96 1143 31 34.110
97 358 24 46.766
98 789 51 32.340
99 541 10 93.791
100 141 32 89.549
101 450 51 92.062
102 1278 21 9.200
103 1338 53 27.334
104 152 34 58.221
105 733 37 27.871
106 246 46 77.607
107 371 44 60.902
108 1199 33 41.339
109 1045 49 76.650
110 604 9 1.287
111 147 16 13.564
112 320 45 92.276
113 184 47 66.071
114 828 56 92.504
115 277 37 49.953
116 1121 27 56.959
117 1388 57 45.900
118 231 31 15.222
119 863 11 5.577
120 600 38 4.252
121 112 16 87.612
122 1211 11 51.206
123 76 15 50.240
124 80 38 57.897
125 949 45 92.111
126 1212 53 53.169
127 1039 19 22.347
128 349 35 36.358
129 1190 46 25.048
130 345 33 41.402
131 76 20 40.195
132 195 6 93.730
133 1108 16 76.508
134 1232 9 39.026
135 669 18 63.339
136 1136 19 23.929
137 498 28 84.642
138 656 20 92.120
139 789 12 37.034
140 372 48 61.605
141 1040 49 91.478
142 636 43 63.940
143 1360 49 95.374
144 1178 2 29.254
145 430 26 16.121
146 1104 21 80.634
147 819 14 35.976
148 1302 22 28.532
149 962 49 2.295
150 97 50 47.156
151 264 29 6.178
152 232 9 63.167
153 249 58 90.633
154 182 55 20.738
155 1001 20 4.194
156 105 13 98.017
157 1103 47 27.700
158 706 21 25.677
159 356 7 83.154
160 1337 55 61.558
161 597 17 7.542
162 419 25 16.542
163 1163 60 89.957
164 1074 21 18.180
165 788 25 92.082
166 1113 28 8.063
167 743 39 2.840
168 478 7 28.512
169 1332 15 37.717
170 1382 56 40.743
171 884 40 80.119
172 176 54 74.185
173 1048 3 58.948
174 1182 15 47.301
175 629 51 5.265
176 913 34 49.628
177 414 14 17.794
178 1097 17 27.862
179 768 24 74.848
180 248 44 34.525
181 916 55 3.007
182 427 8 76.212
183 343 1 75.317
184 1014 24 62.637
185 852 52 19.794
186 549 29 89.279
187 1168 49 51.596
188 200 1 45.144
189 1095 23 89.682
190 27 40 29.167
191 745 27 17.987
192 1152 38 81.442
193 1381 27 26.122
194 271 38 50.232
195 134 34 54.179
196 573 2 21.508
197 916 20 55.449
198 1025 7 75.112
199 1334 37 50.870
200 678 44 19.233