200
1 862 50 76.323
2 1150 43 1.974
3 589 49 10.852
4 1181 22 9.363
5 997 32 45.406
6 1225 50 56.128
7 475 53 32.440
8 437 47 59.917
9 454 29 40.655
10 403 21 73.841
11 379 55 27.748
12 1301 16 53.015
13 82 11 91.415
14 217 12 34.438
15 544 16 92.497
16 122 12 78.963
17 102 4 30.459
18 600 59 31.663
19 443 28 5.100
20 230 2 43.813
21 1136 57 75.742
22 1259 44 42.305
23 543 38 50.245
24 1231 21 2.620
25 933 21 7.773
26 951 15 20.569
27 750 25 32.111
28 1163 59 55.311
29 377 27 25.973
30 179 32 66.103
31 1118 31 33.912
32 803 42 18.257
33 614 4 99.848
34 1354 42 10.251
35 595 36 23.389
36 361 47 59.722
37 1421 4 66.740
38 57 54 46.865
39 760 2 75.476
40 443 51 20.960
41 529 15 10.109
42 1079 12 99.705
43 738 54 29.036
44 1047 11 80.445
45 273 40 39.344
46 595 43 91.494
47 1400 42 64.495
48 945 8 2.660
49 537 43 89.326
50 361 58 43.779
51 619 26 6.638
52 918 28 40.435
53 1098 23 48.557
54 548 20 63.019
55 1386 5 35.178
56 742 29 27.047
57 164 13 63.613
58 599 29 54.251
59 878 32 68.439
60 102 25 84.140
61 577 18 37.344
62 29 3 71.427
63 725 45 76.818
64 113 46 73.328
65 470 57 28.809
66 950 38 64.765
67 739 1 9.226
68 72 60 84.230
69 700 3 14.921
70 224 38 76.695
71 1018 16 52.276
72 42 6 74.628
73 1259 58 76.078
74 1319 58 38.686
75 135 34 62.627
76 1217 30 34.600
77 552 50 7.310
78 390 57 77.663
79 483 46 29.593
80 31 56 26.331
81 513 4 70.784
82 777 15 37.060
83 7 21 26.395
84 1301 50 19.790
85 663 16 65.126
86 519 57 90.377
87 1000 3 85.608
88 922 39 71.661
89 813 49 62.041
90 713 32 35.265
91 1356 15 53.318
92 1003 54 51.849
93 482 6 8.244
94 964 59 24.144
95 1014 37 81.627
96 640 24 20.065
97 1295 43 30.501
98 185 60 22.687
99 940 47 39.431
100 1036 41 5.815
101 417 28 4.138
102 1279 9 20.904
103 419 5 31.888
104 1251 20 85.879
105 1186 44 11.384
106 1316 18 84.279
107 976 19 66.094
108 909 6 9.529
109 265 10 82.688
110 1289 60 60.317
111 430 7 26.241
112 1009 4 71.069
113 1410 3 42.832
114 934 3 14.991
115 80 57 34.843
116 1268 44 80.671
117 1289 23 66.270
118 1348 4 14.544
119 1037 37 56.811
120 101 21 71.331
121 365 31 49.483
122 939 54 97.308
123 1116 21 0.849
124 438 29 83.183
125 1326 29 54.268
126 956 56 89.933
127 186 42 3.903
128 577 56 28.394
129 941 7 3.697
130 381 10 36.229
131 850 8 60.928
132 685 51 75.681
133 814 14 37.998
134 1043 19 8.124
135 707 19 47.446
136 191 3 67.501
137 579 57 99.362
138 390 45 28.126
139 76 41 81.211
140 643 51 47.893
141 930 57 57.311
142 610 38 12.174
143 624 6 31.653
144 1374 45 0.830
145 629 57 1.460
146 69 4 15.799
147 741 44 97.979
148 958 20 1.974
149 1377 59 57.197
150 1353 7 44.886
151 730 14 61.050
152 642 33 50.456
153 682 31 9.115
154 1037 56 85.904
155 521 10 61.673
156 613 36 18.011
157 233 8 65.859
158 902 40 29.690
159 1409 55 80.655
160 1163 51 98.443
161 1041 2 7.749
162 638 22 82.774
163 179 35 74.653
164 847 19 44.595
165 303 11 78.411
166 236 51 90.006
167 255 34 91.709
168 593 19 1.083
169 107 56 95.142
170 1426 52 82.080
171 227 47 48.338
172 455 9 92.159
173 1180 37 44.220
174 1398 52 94.382
175 1383 41 77.779
176 1335 9 80.691
177 842 57 62.167
178 837 27 20.117
179 607 54 86.290
180 1084 15 84.041
181 438 30 34.261
182 1240 42 53.546
183 796 45 36.943
184 45 3 76.232
185 1432 45 90.047
186 1150 31 47.716
187 652 30 79.269
188 420 1 36.407
189 1024 52 87.467
190 677 8 21.553
191 1102 30 78.769
192 80 57 0.012
193 48 51 64.438
194 349 41 15.149
195 1330 19 55.325
196 673 3 15.234
197 552 3 56.359
198 844 37 69.306
199 508 40 88.717
200 857 36 7.163