200
1 410 50 49.513
2 738 17 45.733
3 1377 21 11.846
4 1171 12 76.828
5 19 17 24.078
6 296 39 84.541
7 1058 22 24.379
8 670 25 20.383
9 687 47 91.560
10 123 31 56.533
11 989 13 89.005
12 645 19 79.305
13 671 21 9.601
14 340 43 99.091
15 982 31 86.002
16 518 8 47.086
17 1000 44 87.260
18 1223 16 0.294
19 169 1 8.859
20 1040 35 4.730
21 665 23 21.312
22 660 25 52.018
23 815 57 89.676
24 232 24 57.938
25 529 51 53.900
26 178 41 27.519
27 351 18 4.627
28 630 52 32.891
29 971 1 2.579
30 546 51 77.596
31 1254 28 47.012
32 626 47 39.438
33 703 35 47.430
34 1054 55 44.330
35 1403 18 70.669
36 955 55 85.141
37 861 52 98.352
38 1049 52 24.247
39 167 44 55.639
40 790 26 51.288
41 1189 33 86.204
42 1305 11 80.309
43 1414 40 35.419
44 911 29 21.837
45 1278 18 99.924
46 1328 45 52.231
47 1062 39 84.342
48 665 25 38.569
49 1323 3 75.570
50 977 12 87.603
51 814 33 0.266
52 922 50 87.739
53 1197 30 85.827
54 643 9 55.161
55 848 58 75.991
56 394 27 26.524
57 1092 8 25.298
58 200 4 16.031
59 697 52 97.264
60 240 3 45.518
61 211 7 90.630
62 826 10 77.573
63 797 4 22.671
64 1396 35 23.639
65 868 14 81.344
66 850 3 57.140
67 1245 21 30.500
68 456 25 96.569
69 1386 54 94.781
70 38 42 23.373
71 1432 49 13.208
72 202 50 21.955
73 114 7 36.972
74 521 18 27.745
75 621 46 50.634
76 1008 22 91.348
77 1182 53 22.683
78 1323 17 82.376
79 807 19 54.246
80 219 48 30.631
81 728 2 66.966
82 882 17 1.190
83 455 15 9.870
84 646 23 58.906
85 448 35 36.993
86 1114 57 18.548
87 481 17 1.379
88 1128 50 16.087
89 24 6 53.033
90 1012 41 66.106
91 1127 10 3.265
92 316 33 54.192
93 17 38 92.267
94 521 14 35.676
95 601 54 76.011
96 1430 33 52.653
97 1287 33 84.364
98 392 11 27.508
99 809 4 90.436
100 1152 46 46.307
101 1326 21 34.242
102 171 33 62.054
103 88 13 15.326
104 1067 24 3.940
105 378 55 95.031
106 238 59 81.206
107 1313 49 94.356
108 984 28 59.539
109 619 5 97.227
110 49 42 49.365
111 1433 15 73.774
112 1334 9 98.803
113 357 42 26.733
114 266 47 41.741
115 923 43 19.922
116 1112 49 39.366
117 44 37 92.361
118 1310 11 64.819
119 174 25 52.775
120 809 50 76.092
121 1061 9 80.226
122 287 49 84.626
123 613 55 42.475
124 1200 19 36.689
125 1437 42 43.280
126 56 55 87.681
127 867 6 11.734
128 1355 15 83.239
129 1267 33 71.396
130 712 9 6.089
131 86 42 60.534
132 507 24 90.529
133 585 49 57.468
134 782 60 39.494
135 1183 25 36.579
136 706 1 27.619
137 935 23 3.377
138 1088 28 97.889
139 739 4 50.634
140 4 47 59.745
141 1427 44 68.367
142 1325 47 78.443
143 669 12 5.551
144 651 24 29.903
145 298 50 23.290
146 1008 60 17.780
147 300 52 14.135
148 1040 33 49.213
149 1059 42 17.984
150 1144 58 14.705
151 1030 52 85.877
152 88 14 68.545
153 154 50 9.037
154 230 58 76.435
155 242 38 2.860
156 159 40 9.733
157 234 4 56.579
158 472 51 22.773
159 899 54 62.250
160 372 52 46.073
161 1386 59 97.750
162 344 6 21.648
163 453 26 54.256
164 959 46 18.119
165 817 1 55.685
166 1281 23 83.196
167 94 33 1.709
168 567 56 36.767
169 775 56 26.761
170 206 2 64.180
171 924 33 99.366
172 553 10 67.979
173 914 39 9.985
174 867 23 66.176
175 828 20 94.677
176 1367 31 62.541
177 980 41 68.596
178 53 38 62.168
179 1369 12 48.699
180 426 34 36.569
181 1062 54 39.451
182 1110 1 9.349
183 1116 5 34.589
184 106 42 88.476
185 617 48 38.745
186 826 3 79.801
187 699 20 9.468
188 1411 59 68.835
189 173 28 53.574
190 634 6 30.193
191 802 14 70.150
192 925 15 94.231
193 1186 43 73.600
194 1091 49 63.879
195 611 33 82.734
196 302 25 89.120
197 262 17 23.270
198 231 6 9.690
199 670 18 57.855
200 212 59 96.495