200
1 507 5 53.971
2 1 34 33.286
3 70 23 29.726
4 756 29 22.271
5 444 40 61.452
6 552 25 23.092
7 869 45 0.580
8 421 14 48.194
9 1402 58 99.705
10 822 53 21.177
11 294 25 47.182
12 220 54 56.193
13 1417 60 37.661
14 133 4 45.832
15 110 28 88.237
16 953 33 36.533
17 35 20 10.843
18 1189 41 37.272
19 601 46 54.569
20 1419 22 28.650
21 1185 8 83.159
22 159 45 77.345
23 1223 5 38.756
24 735 10 26.201
25 538 15 7.670
26 1078 35 55.246
27 1243 44 36.289
28 828 32 92.769
29 559 5 75.161
30 964 23 37.279
31 1138 40 32.406
32 667 32 63.363
33 273 41 17.898
34 647 29 98.388
35 34 24 30.166
36 29 40 38.825
37 726 4 45.027
38 402 50 87.975
39 8 23 54.325
40 4 31 38.478
41 1375 20 45.788
42 841 20 50.503
43 701 49 73.595
44 22 57 22.913
45 241 1 70.655
46 1402 34 77.421
47 1062 5 50.712
48 1136 6 45.915
49 957 19 41.731
50 746 49 96.913
51 1373 28 81.296
52 1315 46 35.410
53 656 35 26.811
54 1161 2 53.606
55 1232 16 46.249
56 331 54 68.421
57 625 30 6.484
58 487 16 33.041
59 1145 21 70.566
60 435 55 63.461
61 940 8 19.386
62 297 13 69.966
63 15 23 64.445
64 1294 59 7.480
65 574 29 18.828
66 916 31 37.839
67 884 9 93.571
68 706 2 43.548
69 390 6 95.246
70 304 27 70.378
71 965 7 52.522
72 1200 56 36.365
73 409 20 43.472
74 1337 9 5.789
75 535 4 21.545
76 510 59 62.255
77 323 54 34.886
78 451 56 99.450
79 1419 10 37.694
80 834 17 96.435
81 180 3 69.514
82 1313 32 6.463
83 54 6 52.427
84 19 57 33.877
85 620 25 29.683
86 66 52 49.340
87 1219 43 30.170
88 281 45 20.931
89 149 32 38.575
90 1325 39 31.878
91 893 46 54.325
92 819 48 39.697
93 1223 19 24.333
94 397 19 19.356
95 476 44 72.408
96 307 11 53.278
97 846 7 20.718
98 854 36 35.054
99 648 38 73.814
100 66 21 99.825
101 938 41 67.418
102 1390 57 18.000
103 1426 10 6.336
104 850 6 76.009
105 270 54 61.876
106 134 15 47.189
107 172 45 71.563
108 42 24 66.418
109 462 45 61.824
110 47 23 29.109
111 1158 14 87.715
112 1068 51 69.030
113 1429 32 17.698
114 657 45 8.363
115 1081 16 45.787
116 616 59 43.579
117 1041 2 60.106
118 295 44 6.846
119 1095 55 6.299
120 901 52 18.062
121 1128 53 86.073
122 779 53 76.141
123 160 21 83.998
124 1118 44 16.895
125 1156 56 74.956
126 836 53 63.739
127 1289 58 33.801
128 1332 2 66.873
129 420 24 76.372
130 1206 26 34.057
131 919 46 66.731
132 210 4 70.306
133 653 14 70.414
134 1107 44 93.891
135 543 42 87.726
136 259 2 12.254
137 1217 23 80.929
138 212 26 1.324
139 897 1 35.669
140 328 8 9.572
141 999 9 84.905
142 351 29 9.796
143 6 51 43.604
144 1134 16 84.555
145 1103 1 89.306
146 117 31 90.068
147 274 2 9.204
148 308 43 80.678
149 1002 23 54.098
150 1070 10 77.875
151 1234 14 90.165
152 1082 31 29.809
153 1126 37 66.168
154 518 49 56.305
155 528 43 83.835
156 738 24 57.115
157 472 49 80.318
158 852 10 26.479
159 512 56 2.351
160 584 22 66.132
161 962 44 48.873
162 1250 44 11.853
163 760 26 28.591
164 701 24 38.619
165 1307 35 46.418
166 916 57 52.031
167 1031 58 12.642
168 477 16 78.321
169 10 27 32.820
170 153 14 21.266
171 8 47 2.714
172 961 50 99.507
173 877 25 31.050
174 159 12 14.884
175 633 18 16.123
176 1174 31 90.555
177 971 37 45.750
178 1233 18 13.879
179 727 10 39.294
180 210 33 74.391
181 980 23 33.814
182 1156 20 36.223
183 616 3 99.760
184 524 52 27.196
185 1391 48 98.846
186 793 4 50.542
187 1292 7 16.398
188 148 30 85.633
189 1308 19 50.478
190 975 42 67.267
191 1274 12 99.152
192 1440 50 60.567
193 1405 52 5.312
194 1024 7 1.677
195 730 53 50.761
196 1329 41 70.743
197 1309 27 64.847
198 535 5 29.408
199 1217 6 44.709
200 1394 1 3.904