200
1 1154 18 19.585
2 364 20 16.506
3 123 28 33.088
4 1107 48 40.948
5 1207 17 42.960
6 370 48 85.147
7 1384 31 41.537
8 769 35 77.832
9 1286 36 70.344
10 327 56 15.433
11 421 40 80.566
12 493 24 2.505
13 1024 10 54.086
14 620 9 70.537
15 520 7 26.874
16 1247 2 52.657
17 1400 47 31.610
18 945 48 49.850
19 1349 25 33.311
20 1315 33 94.260
21 1211 57 38.182
22 1255 14 94.766
23 763 29 24.789
24 370 14 70.317
25 529 19 65.542
26 154 6 43.520
27 28 52 3.308
28 583 11 59.925
29 441 11 98.381
30 795 60 50.686
31 163 27 83.598
32 134 17 81.910
33 1102 7 64.414
34 311 35 65.472
35 1431 35 94.025
36 1329 12 51.958
37 781 28 13.964
38 1196 59 11.147
39 97 33 67.237
40 12 18 62.695
41 155 18 11.782
42 432 45 3.775
43 1348 29 23.082
44 191 45 24.737
45 1375 16 29.693
46 143 30 16.268
47 428 37 1.848
48 474 55 80.481
49 8 10 34.355
50 930 3 76.943
51 1408 30 52.176
52 479 60 83.706
53 1292 47 77.364
54 1148 39 69.709
55 655 7 11.599
56 300 43 36.813
57 1087 45 64.843
58 160 3 24.864
59 454 45 21.550
60 132 32 50.913
61 1282 4 83.986
62 935 7 31.234
63 424 49 94.323
64 367 48 51.022
65 249 22 86.487
66 1247 3 1.479
67 185 16 52.183
68 39 23 43.820
69 222 39 96.509
70 52 44 43.987
71 1051 25 64.027
72 304 43 99.072
73 610 41 44.272
74 1115 25 33.435
75 725 53 3.942
76 905 36 56.994
77 703 41 78.362
78 396 48 64.889
79 175 12 60.335
80 265 12 83.288
81 219 11 91.794
82 908 34 44.102
83 262 17 7.597
84 1285 35 82.368
85 1208 32 5.900
86 124 9 65.949
87 1369 3 23.550
88 479 20 5.126
89 553 5 27.643
90 1333 15 49.094
91 1160 2 78.517
92 615 59 58.190
93 608 54 60.238
94 634 1 46.204
95 97 43 77.810
96 1031 59 55.961
97 905 26 30.017
98 6 53 93.413
99 1136 45 64.151
100 87 44 18.760
101 767 13 15.301
102 1251 48 30.421
103 250 22 42.332
104 1183 16 30.157
105 1136 34 32.344
106 19 32 19.522
107 573 21 75.236
108 423 31 51.631
109 520 19 5.706
110 550 25 15.680
111 402 48 58.834
112 608 8 50.929
113 774 2 82.392
114 1333 39 64.097
115 616 21 28.177
116 1230 7 45.335
117 102 28 42.668
118 912 27 19.025
119 1121 40 50.830
120 967 26 75.838
121 1195 37 91.319
122 1425 3 14.232
123 1167 46 88.020
124 698 45 23.917
125 614 39 32.670
126 1396 23 92.064
127 605 2 3.526
128 596 24 99.860
129 1418 59 77.488
130 908 52 80.144
131 1350 16 14.791
132 235 51 2.263
133 142 39 68.316
134 928 47 37.796
135 650 28 31.260
136 46 30 72.503
137 400 3 29.108
138 585 21 44.442
139 714 27 49.438
140 764 57 95.927
141 104 22 34.076
142 74 22 95.460
143 163 5 22.952
144 919 29 86.354
145 175 1 82.083
146 57 6 87.347
147 1010 49 27.587
148 363 43 34.470
149 298 34 33.047
150 216 47 25.593
151 1067 50 9.345
152 1247 36 90.004
153 923 16 39.243
154 1376 5 43.329
155 550 8 55.399
156 1007 35 21.908
157 807 49 90.037
158 568 56 34.221
159 1196 9 22.637
160 1022 34 82.941
161 1116 37 15.837
162 993 27 37.374
163 1124 37 67.449
164 1223 34 89.396
165 909 14 15.425
166 1390 49 8.180
167 912 37 14.758
168 984 53 54.245
169 615 10 15.670
170 502 25 56.534
171 173 23 86.473
172 1338 41 85.776
173 920 39 45.842
174 674 44 29.049
175 1340 49 36.864
176 88 34 44.070
177 1026 27 31.446
178 1074 39 13.960
179 591 7 99.747
180 289 1 47.187
181 46 6 86.865
182 315 19 6.515
183 68 56 85.250
184 501 59 71.018
185 1117 16 47.318
186 344 2 35.654
187 335 39 92.793
188 761 16 97.699
189 293 36 79.305
190 497 36 31.401
191 616 23 65.504
192 1196 40 55.169
193 210 44 28.354
194 557 49 15.401
195 1044 3 99.122
196 273 7 44.956
197 940 46 72.998
198 1348 14 76.789
199 960 49 41.062
200 465 13 27.791