200
1 1142 14 67.866
2 296 37 58.254
3 577 32 88.380
4 1248 7 55.888
5 1039 5 20.704
6 456 39 92.070
7 906 15 23.482
8 942 13 53.219
9 291 33 25.772
10 380 46 38.450
11 61 15 17.504
12 711 52 59.196
13 380 22 74.327
14 1083 25 24.204
15 641 56 34.253
16 269 56 17.345
17 833 52 81.355
18 1017 29 31.100
19 20 10 62.881
20 872 24 90.597
21 490 45 3.689
22 150 18 29.447
23 1271 39 85.563
24 772 49 29.198
25 1203 49 75.947
26 992 6 35.385
27 1124 23 34.877
28 333 38 15.943
29 239 54 19.979
30 498 38 65.570
31 664 40 33.167
32 48 23 92.792
33 150 48 1.179
34 1130 15 59.012
35 1042 42 57.635
36 578 28 39.826
37 1259 45 66.542
38 929 31 40.714
39 778 40 74.390
40 1263 35 81.419
41 906 21 24.633
42 332 18 9.491
43 751 7 54.370
44 1439 48 89.904
45 199 17 28.135
46 1057 26 20.033
47 83 13 15.275
48 146 37 36.119
49 1247 32 48.956
50 45 23 51.305
51 112 40 39.316
52 1419 30 62.468
53 503 36 8.492
54 970 54 88.093
55 522 46 87.478
56 159 52 66.696
57 867 18 7.714
58 271 27 13.567
59 262 11 43.657
60 1325 14 81.711
61 1265 55 37.462
62 620 14 85.023
63 628 39 80.267
64 1228 21 14.419
65 1370 3 38.547
66 216 9 97.605
67 586 5 60.935
68 134 12 46.140
69 29 32 71.027
70 585 46 42.270
71 683 12 10.697
72 10 3 97.055
73 964 28 16.063
74 894 28 81.654
75 1100 18 62.297
76 390 1 15.479
77 947 15 57.953
78 1431 49 98.506
79 661 17 60.585
80 1205 13 25.964
81 91 24 54.559
82 1001 31 10.284
83 386 32 35.221
84 309 48 82.686
85 885 36 18.962
86 1165 51 66.104
87 361 48 21.275
88 32 16 35.269
89 725 16 93.590
90 674 21 93.837
91 1196 43 84.271
92 872 29 6.424
93 1035 52 21.184
94 695 47 19.794
95 231 13 13.437
96 285 25 64.788
97 677 28 58.683
98 21 11 81.468
99 980 54 44.494
100 234 11 32.907
101 955 20 59.957
102 475 50 37.597
103 480 11 97.998
104 1275 51 35.388
105 361 36 66.117
106 1116 44 66.606
107 15 58 68.032
108 1332 44 96.344
109 718 4 20.854
110 894 58 64.289
111 223 8 22.320
112 875 27 85.148
113 950 60 16.570
114 912 31 84.832
115 99 20 21.942
116 399 12 3.646
117 360 24 63.187
118 1071 24 55.627
119 771 31 61.701
120 975 36 46.410
121 124 28 27.459
122 927 53 68.729
123 529 26 2.540
124 1226 50 49.726
125 493 2 77.376
126 309 26 92.778
127 946 9 94.709
128 1297 50 71.624
129 897 19 99.744
130 1367 39 45.158
131 1296 12 66.076
132 1311 45 2.768
133 285 41 36.354
134 840 18 74.014
135 216 50 82.682
136 930 13 32.953
137 369 29 40.924
138 1151 47 30.210
139 78 34 54.141
140 1012 19 68.535
141 482 53 60.398
142 918 29 54.977
143 670 12 60.308
144 1087 21 48.390
145 350 12 47.034
146 440 28 95.884
147 512 49 55.054
148 256 42 85.711
149 388 1 62.097
150 533 18 49.947
151 1004 47 98.750
152 1154 38 67.143
153 98 31 1.637
154 343 13 16.006
155 232 54 11.574
156 1379 9 93.948
157 954 40 45.912
158 524 41 59.278
159 1366 2 36.947
160 92 11 51.972
161 521 50 15.177
162 15 13 70.186
163 838 18 83.260
164 541 45 12.992
165 264 8 93.911
166 493 54 39.482
167 327 35 36.561
168 1356 47 11.437
169 1040 20 17.650
170 1022 23 20.984
171 661 34 39.623
172 1321 25 35.321
173 1319 40 72.201
174 233 10 89.237
175 895 18 54.363
176 1391 26 31.281
177 435 8 70.567
178 235 45 48.740
179 511 37 24.014
180 1109 56 82.611
181 711 59 8.127
182 26 32 3.612
183 899 8 9.928
184 1370 34 57.336
185 987 47 47.861
186 64 53 65.396
187 730 11 53.909
188 739 39 54.508
189 42 11 25.852
190 944 3 59.848
191 1249 9 93.235
192 1398 60 69.109
193 787 43 57.991
194 966 15 20.805
195 150 27 72.435
196 329 46 98.622
197 1308 33 50.459
198 51 13 52.701
199 146 9 10.330
200 319 18 27.194