200
1 1178 54 73.349
2 1010 32 18.325
3 418 33 64.274
4 971 33 13.034
5 942 47 12.195
6 828 22 6.382
7 568 10 15.510
8 393 27 57.342
9 819 6 47.092
10 988 52 3.997
11 58 30 72.612
12 1392 36 22.796
13 209 11 76.444
14 1368 3 27.272
15 1394 13 78.414
16 451 5 95.609
17 1010 44 90.290
18 349 36 51.435
19 1171 3 34.921
20 627 9 65.589
21 109 56 83.704
22 754 31 63.967
23 480 47 7.853
24 1369 42 4.670
25 1216 16 58.924
26 196 7 95.456
27 589 40 68.999
28 842 53 73.919
29 1287 28 15.906
30 556 14 51.665
31 1381 13 96.907
32 667 46 70.681
33 1424 42 68.273
34 170 45 68.671
35 1345 28 83.163
36 1267 49 3.406
37 1319 1 52.503
38 141 50 54.027
39 140 47 52.147
40 533 8 25.266
41 442 14 94.059
42 1409 7 92.707
43 154 33 22.455
44 377 47 18.304
45 63 5 76.254
46 1356 32 56.378
47 1171 5 53.799
48 1004 21 40.333
49 450 5 64.392
50 496 47 21.867
51 477 33 73.036
52 1276 6 51.140
53 365 19 16.974
54 1318 43 8.591
55 444 15 38.761
56 789 23 94.157
57 489 13 74.626
58 167 4 69.972
59 1196 50 10.760
60 1113 35 28.041
61 1043 21 38.231
62 1224 8 5.995
63 852 35 94.746
64 503 10 90.276
65 1102 20 58.217
66 738 5 90.970
67 1203 6 78.136
68 1138 55 36.291
69 18 58 16.441
70 1399 19 20.726
71 890 30 63.685
72 1050 23 22.146
73 791 25 81.118
74 737 48 45.159
75 423 9 11.509
76 775 21 76.823
77 350 38 6.994
78 230 50 44.499
79 474 50 49.783
80 1249 45 48.030
81 88 10 74.915
82 510 34 59.752
83 456 60 45.217
84 286 18 59.386
85 878 47 64.851
86 671 47 30.978
87 846 32 27.747
88 1248 7 39.742
89 370 54 3.228
90 461 1 33.482
91 1394 14 85.629
92 868 40 14.929
93 821 13 59.699
94 313 18 0.096
95 127 43 89.905
96 680 51 46.801
97 578 11 1.210
98 1278 26 30.023
99 253 10 7.027
100 1195 32 58.354
101 1143 22 51.173
102 1276 16 8.818
103 421 48 6.992
104 321 43 50.100
105 1031 7 11.777
106 1252 20 20.049
107 106 33 16.335
108 984 3 84.826
109 864 39 26.281
110 1032 21 49.635
111 874 3 87.150
112 1387 11 9.381
113 909 30 80.132
114 1019 31 68.284
115 886 39 94.232
116 732 21 18.187
117 348 44 56.941
118 17 39 84.837
119 405 47 28.696
120 584 17 69.873
121 817 13 68.762
122 885 8 68.014
123 757 6 64.404
124 943 25 31.670
125 68 52 9.356
126 1104 1 1.018
127 572 59 0.403
128 570 60 77.904
129 1144 43 15.113
130 895 46 56.957
131 1012 36 5.558
132 819 14 63.962
133 1423 47 97.304
134 404 39 75.669
135 112 36 89.132
136 1321 15 17.855
137 816 14 33.417
138 979 38 71.105
139 1278 48 82.196
140 491 10 22.463
141 1303 54 97.702
142 1230 35 96.049
143 61 48 93.116
144 759 55 24.578
145 442 1 50.502
146 225 35 45.681
147 1082 32 93.338
148 1105 51 4.993
149 417 56 69.543
150 668 58 51.594
151 954 43 7.491
152 23 33 32.471
153 18 49 31.470
154 319 41 3.958
155 1034 4 82.590
156 393 26 92.640
157 1142 4 72.655
158 1153 8 12.594
159 1379 40 18.674
160 1105 33 83.710
161 497 9 56.182
162 1149 35 40.781
163 1423 44 25.204
164 36 9 75.576
165 1124 59 74.265
166 951 51 51.223
167 376 19 27.254
168 1219 19 34.365
169 250 36 72.015
170 1439 10 19.851
171 847 40 73.063
172 381 12 72.157
173 167 44 31.350
174 616 16 78.971
175 1098 49 66.812
176 1149 35 23.362
177 1359 17 67.523
178 219 56 8.498
179 178 35 0.466
180 488 41 34.009
181 994 9 81.501
182 458 5 6.290
183 1278 34 73.600
184 1325 34 17.438
185 912 53 96.788
186 1403 38 92.764
187 277 24 35.817
188 290 53 23.503
189 686 21 53.849
190 767 12 53.165
191 1328 19 14.328
192 1270 40 74.918
193 1206 25 22.737
194 11 55 23.473
195 309 47 63.750
196 539 13 28.035
197 1229 12 92.888
198 911 21 79.917
199 721 52 59.858
200 381 53 98.950