200
1 383 39 73.570
2 851 3 13.875
3 1415 6 95.147
4 53 24 45.982
5 1191 33 27.113
6 1219 58 4.764
7 123 13 39.771
8 49 30 92.866
9 399 48 38.703
10 136 9 93.014
11 32 24 37.740
12 1005 6 19.090
13 295 20 85.109
14 310 45 56.515
15 697 45 9.907
16 1123 8 42.185
17 1309 14 7.544
18 893 6 56.861
19 1027 29 76.937
20 832 22 94.870
21 836 32 70.077
22 321 1 94.149
23 824 21 14.296
24 77 7 85.875
25 73 12 89.264
26 967 56 59.886
27 1069 12 57.745
28 1191 53 79.364
29 791 18 83.750
30 792 3 61.302
31 389 24 93.930
32 363 23 80.635
33 429 54 91.042
34 149 32 13.223
35 1096 54 33.725
36 1104 8 15.669
37 562 39 34.697
38 1150 29 55.042
39 1094 56 81.320
40 1397 42 77.615
41 473 45 82.963
42 923 4 42.028
43 640 5 64.419
44 1411 41 69.068
45 1321 48 93.907
46 1003 53 19.857
47 1436 34 13.835
48 550 16 1.954
49 611 42 11.787
50 296 20 5.336
51 513 9 50.961
52 395 19 77.075
53 1363 59 62.340
54 47 42 32.331
55 377 39 82.338
56 1029 14 22.032
57 1225 11 81.675
58 1422 37 52.401
59 258 56 52.296
60 67 8 49.115
61 949 30 84.438
62 1375 28 64.590
63 1089 52 31.728
64 580 15 55.466
65 1102 56 44.341
66 1341 34 0.823
67 619 20 20.194
68 1265 1 25.619
69 1408 51 26.651
70 825 2 59.574
71 1327 52 20.230
72 399 7 3.392
73 164 21 21.513
74 184 18 59.230
75 1110 5 46.086
76 686 60 39.162
77 1066 24 44.150
78 204 14 83.870
79 742 29 53.637
80 695 48 95.209
81 190 8 9.093
82 745 26 90.368
83 59 36 29.234
84 449 59 26.546
85 1122 31 56.609
86 739 13 59.309
87 1239 23 53.758
88 49 57 52.267
89 274 4 63.463
90 582 14 36.075
91 440 22 13.056
92 742 50 35.541
93 1166 49 97.025
94 986 36 50.328
95 684 39 4.680
96 590 44 78.535
97 434 18 23.944
98 42 8 77.412
99 455 47 36.763
100 1284 12 53.166
101 1162 3 57.682
102 1316 1 11.694
103 795 1 26.853
104 1211 45 15.254
105 140 14 76.322
106 87 40 66.094
107 268 37 60.240
108 432 45 61.847
109 1230 21 47.470
110 29 58 95.478
111 236 9 87.698
112 1305 10 66.417
113 345 55 14.235
114 149 13 71.657
115 751 41 61.656
116 1049 54 1.985
117 61 57 57.284
118 650 23 50.267
119 375 40 74.944
120 454 21 27.938
121 711 16 82.313
122 990 18 91.832
123 721 2 11.141
124 295 47 7.670
125 258 41 1.246
126 608 14 68.348
127 79 16 78.199
128 279 41 58.864
129 1274 21 14.228
130 56 38 65.382
131 262 38 85.812
132 82 8 97.953
133 1411 23 90.880
134 1112 13 29.880
135 995 45 26.411
136 1206 38 52.856
137 725 35 11.737
138 972 54 11.365
139 493 32 65.292
140 715 19 3.156
141 1046 9 63.831
142 321 20 66.686
143 36 18 50.792
144 21 3 73.282
145 736 41 85.596
146 670 43 27.128
147 631 14 83.102
148 685 49 76.661
149 1177 17 56.667
150 622 3 82.243
151 707 35 7.461
152 409 19 71.894
153 1219 2 25.050
154 578 44 33.390
155 491 47 21.848
156 1132 44 61.515
157 1267 27 73.307
158 866 20 95.065
159 218 45 3.986
160 968 32 85.264
161 560 47 93.149
162 968 48 94.354
163 839 47 13.763
164 1244 49 22.588
165 913 57 73.996
166 440 50 68.231
167 586 2 63.724
168 785 55 0.071
169 1056 53 29.788
170 41 51 97.774
171 378 11 72.257
172 1297 5 68.285
173 730 36 23.906
174 860 42 35.391
175 168 48 35.556
176 1285 27 87.259
177 785 53 80.972
178 1314 52 27.448
179 744 36 82.269
180 982 33 6.247
181 754 55 17.662
182 236 47 94.044
183 846 39 36.025
184 844 35 43.324
185 790 17 9.124
186 150 25 71.422
187 308 18 73.502
188 153 52 55.010
189 1008 43 91.487
190 1166 15 62.686
191 813 7 98.622
192 645 9 94.015
193 661 52 17.089
194 1155 2 12.896
195 398 50 57.722
196 1208 11 29.867
197 496 40 17.150
198 224 28 42.428
199 563 27 98.878
200 1026 5 49.504