200
1 918 13 62.476
2 838 20 16.282
3 34 27 97.085
4 806 52 88.918
5 321 31 65.473
6 654 22 55.484
7 656 26 5.402
8 399 33 92.383
9 68 5 65.264
10 1243 59 98.430
11 492 27 56.862
12 1079 49 84.658
13 1291 48 38.492
14 421 36 69.537
15 1297 18 47.460
16 1289 52 21.527
17 1114 36 46.300
18 283 22 29.431
19 1176 60 31.114
20 905 49 72.133
21 881 15 42.759
22 888 22 81.618
23 473 48 12.964
24 580 28 46.946
25 936 14 58.980
26 974 8 69.008
27 573 2 24.810
28 662 4 85.463
29 946 38 95.485
30 542 8 59.295
31 1097 11 19.659
32 1254 4 7.583
33 565 15 41.243
34 830 9 19.527
35 1380 57 34.040
36 35 21 18.457
37 1011 8 27.831
38 185 39 8.376
39 243 57 75.129
40 1409 23 73.670
41 47 29 34.816
42 655 12 89.177
43 261 18 37.071
44 1247 39 29.939
45 704 57 3.804
46 498 52 51.145
47 176 42 73.329
48 570 1 42.244
49 854 55 8.666
50 281 42 28.533
51 1397 60 19.575
52 1173 25 15.255
53 862 15 59.709
54 1007 10 66.116
55 1423 39 14.344
56 676 47 6.786
57 1293 1 7.702
58 363 1 78.487
59 661 52 34.517
60 651 7 69.262
61 322 5 72.020
62 992 23 96.565
63 1149 6 48.099
64 1363 3 35.637
65 1005 14 46.898
66 967 39 33.955
67 835 51 91.217
68 1408 15 60.276
69 472 27 44.636
70 1271 9 69.197
71 956 3 16.590
72 1012 28 27.543
73 152 7 99.550
74 1411 25 71.348
75 511 14 31.534
76 1333 60 52.938
77 755 36 83.989
78 990 20 66.764
79 327 53 9.034
80 56 39 1.948
81 240 57 98.406
82 1297 36 56.467
83 1179 4 73.753
84 656 3 54.476
85 289 59 58.629
86 876 43 64.751
87 753 36 91.699
88 1306 54 60.832
89 623 55 59.837
90 1164 12 32.367
91 236 22 5.027
92 1069 35 7.595
93 643 57 35.785
94 565 58 73.589
95 1133 55 71.080
96 1343 32 81.468
97 1007 29 93.022
98 802 52 99.153
99 1154 36 26.180
100 138 4 48.224
101 847 48 34.559
102 505 60 93.482
103 856 46 67.620
104 428 5 44.342
105 892 2 38.300
106 1059 20 53.597
107 772 15 57.024
108 736 1 82.121
109 97 22 94.997
110 947 19 26.334
111 1274 53 29.116
112 318 50 91.319
113 900 33 58.963
114 34 18 35.810
115 325 41 45.381
116 638 23 81.125
117 1097 18 29.303
118 421 16 15.520
119 116 30 34.704
120 1402 40 69.581
121 1028 47 3.152
122 1338 48 81.556
123 1149 31 56.974
124 1151 3 75.200
125 401 55 93.293
126 1309 23 45.528
127 241 45 58.296
128 745 53 8.848
129 505 35 53.801
130 533 55 93.795
131 1191 23 68.285
132 740 23 67.619
133 555 1 78.024
134 715 6 8.935
135 769 17 67.061
136 366 47 55.576
137 987 6 6.395
138 694 51 0.429
139 325 4 88.139
140 1 15 91.921
141 1142 25 52.615
142 1126 55 67.404
143 1337 48 85.187
144 71 30 46.580
145 15 48 52.669
146 1136 33 46.656
147 743 26 25.273
148 607 43 61.158
149 866 15 87.745
150 1328 28 6.464
151 177 15 95.337
152 1354 60 1.186
153 690 28 41.054
154 814 47 87.123
155 234 14 88.008
156 1357 30 37.278
157 827 28 64.251
158 514 26 3.314
159 87 58 41.488
160 694 1 72.278
161 1019 20 26.042
162 967 35 26.126
163 1199 22 25.186
164 655 2 15.719
165 25 36 35.259
166 1433 52 19.936
167 226 35 81.469
168 745 57 9.860
169 474 40 47.220
170 1426 19 34.291
171 180 11 79.209
172 290 29 0.532
173 458 10 8.511
174 176 28 1.019
175 468 27 6.348
176 1222 38 77.948
177 822 54 92.193
178 1184 21 14.897
179 405 5 46.096
180 447 28 58.745
181 1131 46 61.207
182 287 46 3.839
183 497 44 0.324
184 1332 42 12.401
185 1119 13 65.813
186 1174 49 55.702
187 1064 9 15.362
188 974 7 71.324
189 188 54 39.628
190 2 17 30.244
191 273 40 2.300
192 1145 24 48.935
193 1035 43 52.424
194 330 57 68.239
195 1231 27 91.378
196 948 41 50.581
197 362 9 56.551
198 633 41 95.661
199 427 17 79.084
200 113 42 15.031