200
1 661 34 46.212
2 898 55 85.818
3 829 44 96.079
4 1140 39 71.902
5 1297 23 94.754
6 908 32 48.280
7 1247 25 82.427
8 1301 3 19.891
9 890 41 64.186
10 1400 31 74.085
11 918 53 45.879
12 236 53 1.435
13 24 51 24.740
14 1412 10 30.595
15 739 49 78.814
16 753 4 54.895
17 748 31 86.033
18 1091 41 7.047
19 417 21 35.736
20 1125 14 93.687
21 872 20 25.219
22 630 53 1.467
23 652 9 81.846
24 873 29 69.343
25 778 53 75.075
26 1369 43 10.164
27 671 9 88.282
28 1029 24 82.514
29 1079 8 20.487
30 958 2 7.678
31 583 16 95.425
32 764 25 21.190
33 816 60 68.025
34 1274 21 88.448
35 197 23 80.353
36 1060 49 22.322
37 58 57 41.103
38 99 23 70.755
39 540 23 15.712
40 368 27 50.929
41 688 1 43.129
42 1213 38 30.215
43 335 9 99.313
44 321 13 41.174
45 527 49 43.171
46 754 40 10.370
47 1349 48 84.556
48 302 36 21.884
49 1435 19 84.584
50 874 19 73.407
51 892 4 80.267
52 795 7 15.299
53 717 58 18.263
54 956 33 45.115
55 168 28 84.316
56 34 37 46.327
57 929 33 63.603
58 1288 39 76.644
59 599 40 53.802
60 549 38 92.400
61 756 21 69.701
62 1197 24 72.852
63 175 6 11.006
64 308 11 86.233
65 895 43 75.962
66 263 39 91.426
67 1275 4 43.863
68 171 18 68.476
69 1062 48 92.227
70 394 46 12.133
71 382 28 15.308
72 159 37 28.926
73 194 27 34.081
74 794 28 89.596
75 810 4 67.128
76 114 33 44.182
77 607 42 5.562
78 490 34 18.601
79 100 48 44.430
80 952 17 77.290
81 962 10 49.908
82 162 45 98.442
83 670 15 74.999
84 775 60 38.082
85 53 13 41.531
86 1068 30 11.686
87 802 23 29.303
88 833 5 60.617
89 244 23 78.028
90 331 44 47.868
91 1320 45 0.689
92 287 3 51.924
93 905 54 91.269
94 47 15 4.185
95 343 23 68.117
96 1267 22 8.128
97 1143 5 50.188
98 798 55 60.496
99 1193 54 24.404
100 1181 55 98.209
101 834 14 83.352
102 825 24 49.691
103 893 7 9.571
104 856 26 19.025
105 1023 15 93.638
106 149 53 73.376
107 58 46 44.450
108 852 39 28.695
109 191 5 82.719
110 385 13 69.279
111 1131 8 68.648
112 64 4 0.110
113 956 24 74.762
114 1193 35 82.133
115 703 17 0.978
116 1124 48 32.802
117 255 13 38.362
118 567 38 18.175
119 248 35 89.153
120 435 8 35.095
121 570 60 91.413
122 180 23 18.273
123 483 59 65.707
124 1268 59 80.839
125 834 55 11.971
126 90 25 12.862
127 40 2 23.327
128 1074 9 45.010
129 420 51 61.749
130 1219 52 92.397
131 592 16 0.592
132 227 11 77.533
133 1128 54 81.086
134 1085 15 31.159
135 1231 21 49.198
136 101 37 28.546
137 289 5 69.642
138 1096 22 7.830
139 318 53 95.752
140 875 39 9.009
141 615 32 70.491
142 215 52 2.450
143 430 37 82.123
144 1204 56 76.777
145 1177 57 54.516
146 184 42 6.756
147 73 12 12.335
148 1262 49 25.557
149 1416 21 67.239
150 384 56 89.656
151 1197 16 35.555
152 1196 20 25.033
153 1272 38 89.536
154 966 58 35.928
155 321 9 55.564
156 970 50 36.687
157 286 40 53.634
158 304 6 88.522
159 1297 6 47.707
160 1424 56 31.945
161 541 5 89.244
162 355 42 53.022
163 1169 38 95.155
164 1141 19 51.557
165 670 41 16.269
166 446 12 63.745
167 1249 12 56.694
168 1275 41 14.968
169 753 37 56.150
170 930 35 74.948
171 546 43 81.374
172 621 25 23.773
173 632 22 29.087
174 751 4 69.884
175 1286 18 45.427
176 245 27 82.940
177 43 60 42.761
178 1319 13 18.863
179 362 59 59.577
180 737 2 36.150
181 777 48 99.825
182 899 7 87.901
183 573 6 80.438
184 598 7 83.701
185 208 16 23.984
186 1031 57 57.039
187 1189 13 97.175
188 1342 26 55.970
189 879 24 71.356
190 625 54 3.017
191 180 22 73.466
192 347 42 61.634
193 1346 1 33.753
194 402 49 24.546
195 288 56 15.579
196 78 37 1.703
197 48 11 18.220
198 717 3 16.413
199 466 13 0.362
200 1144 49 14.576