200
1 319 38 88.497
2 590 45 26.721
3 1035 3 30.890
4 1417 37 11.574
5 873 37 57.963
6 969 22 1.539
7 835 42 11.312
8 630 39 72.200
9 337 51 46.192
10 1235 20 52.387
11 205 60 85.609
12 1440 37 37.182
13 332 5 0.175
14 1312 39 77.491
15 231 39 74.254
16 1384 15 3.336
17 263 26 45.517
18 63 24 38.872
19 955 1 67.325
20 234 28 29.567
21 473 31 69.786
22 596 1 52.189
23 30 26 74.082
24 39 20 84.160
25 69 13 86.968
26 1158 33 36.294
27 450 34 31.967
28 249 51 58.081
29 128 56 6.840
30 883 49 66.211
31 442 10 4.462
32 920 43 88.147
33 1372 48 41.262
34 977 15 79.418
35 4 19 57.321
36 880 29 43.114
37 868 29 43.236
38 651 23 85.576
39 486 45 19.029
40 1236 22 36.910
41 976 9 17.912
42 944 27 13.273
43 608 59 85.049
44 78 27 47.822
45 310 42 88.383
46 689 14 26.427
47 81 24 59.119
48 259 2 14.477
49 230 1 3.404
50 1085 3 58.957
51 1424 40 69.486
52 1409 15 91.241
53 202 17 21.209
54 230 6 99.138
55 1060 54 80.283
56 606 25 30.000
57 1431 35 12.201
58 850 45 54.709
59 354 48 68.517
60 400 57 60.237
61 1376 5 24.455
62 599 12 99.388
63 355 32 11.318
64 1086 21 43.017
65 1338 25 71.779
66 1087 3 58.829
67 1271 4 53.813
68 1195 52 99.150
69 668 21 69.180
70 1176 36 13.971
71 718 22 2.505
72 684 20 5.968
73 181 13 41.006
74 1075 40 4.604
75 832 8 73.493
76 1411 37 44.857
77 310 20 53.335
78 138 48 3.380
79 1023 47 37.670
80 81 8 76.512
81 706 36 21.487
82 18 17 11.075
83 837 36 83.429
84 719 21 57.773
85 850 52 95.432
86 263 39 10.452
87 649 33 76.071
88 594 53 28.682
89 902 23 53.923
90 1440 32 10.807
91 1208 10 32.221
92 733 21 84.949
93 246 14 8.534
94 1151 56 55.107
95 1206 21 90.030
96 538 55 3.789
97 268 6 67.328
98 399 15 42.666
99 183 53 90.916
100 1100 38 47.735
101 1003 9 78.179
102 372 38 29.462
103 1072 25 68.966
104 84 4 47.621
105 982 42 2.706
106 157 27 25.369
107 746 16 89.135
108 156 5 7.495
109 62 34 67.534
110 871 31 11.132
111 1411 35 42.258
112 778 14 89.824
113 418 29 49.969
114 814 54 85.283
115 971 21 92.489
116 890 51 85.871
117 1342 43 40.734
118 1394 12 23.399
119 506 41 19.055
120 954 22 49.486
121 705 44 39.854
122 835 40 35.763
123 1410 28 72.993
124 1425 56 11.144
125 243 55 20.459
126 1359 10 62.956
127 1342 13 53.832
128 469 26 74.047
129 682 29 98.411
130 1306 40 34.019
131 634 19 23.712
132 1284 32 72.630
133 822 13 75.355
134 84 29 60.295
135 214 44 57.229
136 360 20 50.678
137 1398 28 50.509
138 380 29 16.167
139 1377 58 93.942
140 610 6 42.920
141 1228 60 20.202
142 925 51 38.283
143 301 41 48.721
144 724 60 22.534
145 634 6 0.769
146 914 59 89.391
147 853 42 69.213
148 511 50 52.173
149 1301 12 87.349
150 1033 40 95.776
151 287 58 71.157
152 467 41 51.167
153 229 49 56.443
154 1369 18 77.787
155 984 34 18.730
156 635 53 13.038
157 436 13 89.742
158 400 48 35.855
159 285 59 99.766
160 1402 36 95.916
161 1076 11 10.587
162 274 55 86.237
163 785 19 99.367
164 578 23 36.159
165 1113 18 86.747
166 1285 47 68.297
167 334 10 85.505
168 1300 43 44.097
169 543 18 98.992
170 839 48 92.466
171 993 28 5.099
172 1293 41 8.010
173 1434 28 49.617
174 800 11 14.770
175 641 29 48.814
176 315 9 32.089
177 708 7 51.811
178 1063 19 66.717
179 999 24 26.505
180 901 10 16.750
181 678 12 34.722
182 1073 34 64.585
183 509 34 8.825
184 360 45 29.097
185 42 10 90.967
186 1155 33 15.281
187 853 22 63.054
188 126 42 10.374
189 949 42 93.903
190 749 59 34.637
191 28 1 60.775
192 742 4 69.464
193 982 28 95.920
194 252 54 49.678
195 716 7 69.293
196 1296 57 71.553
197 638 20 37.440
198 794 52 29.657
199 486 15 66.014
200 1363 40 43.945