200
1 1131 10 29.881
2 247 26 14.795
3 1238 3 27.406
4 873 37 58.055
5 1087 39 7.369
6 661 3 84.470
7 1103 28 77.089
8 1164 2 91.833
9 1049 57 60.190
10 848 52 26.497
11 781 15 11.037
12 795 6 76.450
13 96 57 81.002
14 1368 33 71.431
15 1273 19 8.573
16 1195 14 1.819
17 797 22 42.277
18 593 19 99.651
19 516 43 22.614
20 1 58 35.258
21 880 45 67.774
22 856 11 79.418
23 722 16 14.985
24 745 25 77.224
25 386 1 60.910
26 182 36 70.010
27 465 44 12.946
28 1208 43 76.601
29 1179 43 31.419
30 1211 39 46.860
31 94 24 19.548
32 1264 30 63.295
33 436 46 15.933
34 860 29 54.994
35 1109 24 81.393
36 1410 13 71.550
37 769 23 58.596
38 479 26 20.467
39 455 16 13.786
40 830 12 12.771
41 1178 59 58.102
42 68 32 73.976
43 226 56 55.702
44 864 33 52.112
45 1204 32 41.190
46 373 24 92.469
47 954 60 31.097
48 1238 28 91.479
49 1420 38 64.082
50 558 37 14.939
51 975 15 40.053
52 880 25 80.084
53 1291 54 13.169
54 473 16 95.764
55 81 14 63.789
56 518 57 91.786
57 789 3 24.301
58 1192 12 76.505
59 9 33 78.349
60 365 16 2.178
61 253 16 10.334
62 1408 60 76.641
63 362 12 60.010
64 1127 52 70.922
65 148 59 91.209
66 1294 34 15.217
67 854 55 78.807
68 886 44 29.908
69 1238 42 77.002
70 43 8 6.503
71 354 13 62.127
72 481 21 99.220
73 1274 31 19.490
74 565 39 2.812
75 1188 38 60.510
76 1261 54 70.261
77 1189 58 48.260
78 13 36 57.174
79 1194 23 48.806
80 1394 57 80.737
81 403 2 95.929
82 1243 21 96.419
83 762 57 25.531
84 878 50 44.102
85 350 33 33.212
86 98 11 25.545
87 36 47 61.109
88 1094 51 19.610
89 941 27 2.571
90 552 17 46.024
91 154 19 95.086
92 586 6 24.977
93 886 59 78.377
94 448 52 72.685
95 930 4 92.551
96 409 16 69.167
97 1011 27 6.235
98 45 24 23.136
99 1402 46 73.170
100 1066 4 92.213
101 1267 8 41.888
102 465 54 67.038
103 1226 37 70.100
104 1426 7 12.017
105 1205 5 46.156
106 684 58 53.396
107 253 34 3.516
108 308 28 96.860
109 114 24 91.012
110 1240 3 83.481
111 309 53 15.487
112 1219 13 13.243
113 1104 12 6.871
114 218 25 43.689
115 234 22 47.414
116 622 43 97.182
117 1287 40 19.290
118 487 52 82.313
119 1061 18 11.517
120 1235 31 94.322
121 244 56 43.818
122 474 55 27.105
123 174 38 19.746
124 845 47 70.468
125 1227 20 29.294
126 487 51 38.202
127 1017 58 29.802
128 914 46 64.474
129 144 46 22.688
130 397 14 9.214
131 474 47 47.526
132 7 59 42.214
133 288 21 72.724
134 895 10 31.834
135 471 25 75.273
136 898 36 56.963
137 1093 13 91.643
138 1146 25 20.983
139 1038 17 87.749
140 144 18 68.270
141 254 50 68.032
142 1144 59 65.464
143 71 13 79.644
144 261 2 89.897
145 211 11 11.899
146 95 43 87.429
147 1225 51 92.033
148 261 37 5.492
149 143 24 5.171
150 913 35 62.265
151 1032 17 16.367
152 1254 40 48.688
153 604 54 71.893
154 569 57 53.489
155 787 13 76.692
156 770 37 71.051
157 286 13 13.159
158 882 18 48.331
159 1098 33 54.884
160 995 36 32.944
161 21 39 13.214
162 1330 15 55.253
163 853 30 96.445
164 339 4 71.706
165 621 48 77.926
166 409 31 92.576
167 619 38 87.726
168 1175 2 99.740
169 308 1 55.834
170 269 28 85.614
171 407 24 41.080
172 987 51 69.091
173 1336 11 31.930
174 795 34 44.543
175 271 12 97.177
176 1144 44 50.414
177 336 44 83.884
178 79 38 89.794
179 575 19 40.561
180 473 60 47.284
181 730 55 3.854
182 890 54 63.443
183 427 14 82.190
184 115 35 92.532
185 1026 39 68.911
186 799 36 78.681
187 995 56 63.689
188 195 8 38.207
189 888 8 13.670
190 848 14 71.419
191 512 17 8.266
192 1434 39 91.741
193 1371 13 18.962
194 324 48 18.294
195 932 42 2.445
196 545 27 38.638
197 12 31 40.353
198 691 10 86.172
199 1153 23 39.145
200 1362 42 49.741