200
1 839 50 60.904
2 539 44 79.518
3 638 17 54.716
4 411 52 80.656
5 33 2 54.453
6 316 6 26.670
7 1005 29 54.132
8 429 50 6.730
9 1016 9 74.283
10 1346 45 70.901
11 1309 42 78.020
12 465 23 31.264
13 248 23 83.858
14 1364 41 13.455
15 446 53 42.492
16 667 55 31.421
17 225 60 49.815
18 182 48 37.924
19 837 7 78.050
20 942 42 85.343
21 96 1 58.136
22 796 59 65.943
23 268 8 31.187
24 315 60 29.873
25 1337 12 43.905
26 353 5 3.464
27 749 53 55.245
28 319 50 42.595
29 893 40 15.510
30 916 53 20.901
31 843 37 33.524
32 133 16 68.525
33 1092 5 72.258
34 1158 22 48.529
35 285 19 67.666
36 30 3 69.239
37 462 44 79.652
38 21 37 83.443
39 1413 24 40.056
40 1001 54 83.025
41 7 29 43.887
42 157 50 44.799
43 220 43 0.597
44 310 34 50.915
45 872 22 5.239
46 1347 33 63.008
47 427 16 50.218
48 1222 60 9.053
49 789 55 70.473
50 1101 48 71.349
51 474 30 43.543
52 990 13 45.879
53 257 57 58.467
54 761 28 12.792
55 466 34 19.435
56 470 9 14.735
57 928 14 9.561
58 38 47 58.432
59 166 34 52.997
60 214 2 51.469
61 730 22 35.396
62 980 46 5.076
63 2 12 14.369
64 64 1 21.287
65 1077 18 83.927
66 1292 59 79.243
67 12 28 61.441
68 110 11 80.023
69 1375 22 71.859
70 371 4 40.999
71 247 48 65.608
72 795 12 16.729
73 958 6 17.016
74 138 13 46.847
75 1211 59 38.365
76 1439 22 9.204
77 52 39 79.489
78 1018 4 12.465
79 1319 28 15.984
80 1333 34 10.051
81 630 34 19.323
82 689 22 85.573
83 1166 4 92.987
84 221 9 53.370
85 531 16 20.409
86 1324 33 41.599
87 1310 55 64.775
88 223 53 49.327
89 984 42 76.452
90 1085 55 47.295
91 720 37 80.846
92 999 2 94.795
93 808 59 63.982
94 440 1 23.874
95 1147 27 49.589
96 1358 59 78.204
97 876 14 95.182
98 679 60 99.082
99 685 53 74.890
100 51 37 19.923
101 428 14 83.205
102 673 56 80.184
103 367 53 15.111
104 1115 42 80.884
105 1239 54 69.992
106 112 53 10.248
107 1013 11 95.386
108 192 35 28.945
109 510 60 91.482
110 717 40 62.273
111 647 26 99.707
112 943 4 86.195
113 125 52 38.516
114 925 5 98.357
115 406 58 82.241
116 1023 43 71.614
117 1100 49 16.165
118 1243 10 16.656
119 560 10 1.944
120 1089 40 20.764
121 920 24 91.672
122 1020 49 17.476
123 698 4 84.884
124 751 54 95.671
125 496 26 33.431
126 1339 32 92.867
127 568 34 48.873
128 1143 58 8.294
129 29 28 74.363
130 520 23 32.172
131 1391 60 7.393
132 930 35 74.016
133 589 41 61.852
134 1124 15 94.401
135 1339 11 90.598
136 1286 34 59.879
137 768 49 62.989
138 802 46 80.463
139 746 58 72.851
140 1073 26 72.018
141 536 6 37.233
142 27 52 59.678
143 353 52 32.353
144 1058 30 17.419
145 645 38 30.581
146 563 6 98.986
147 294 37 70.260
148 582 49 13.598
149 373 46 22.409
150 216 56 84.132
151 411 52 10.985
152 24 26 87.145
153 325 16 40.660
154 461 2 71.839
155 1216 2 1.843
156 1104 17 56.198
157 303 41 95.102
158 1393 34 25.185
159 363 11 18.583
160 948 38 30.614
161 924 2 99.736
162 868 6 58.509
163 1214 22 8.989
164 1335 50 43.350
165 854 39 15.421
166 1382 12 22.340
167 220 58 1.590
168 837 30 11.382
169 968 9 50.112
170 821 38 54.460
171 254 32 2.419
172 166 9 8.371
173 1240 29 13.067
174 916 41 66.050
175 1183 49 72.187
176 553 48 7.786
177 1385 38 69.519
178 857 39 43.235
179 998 39 94.335
180 917 58 59.317
181 779 22 47.878
182 61 52 84.405
183 611 28 21.178
184 457 54 93.770
185 292 34 15.016
186 1345 55 40.983
187 874 15 45.407
188 620 51 74.297
189 382 19 8.595
190 559 18 97.358
191 1266 52 39.782
192 439 11 78.828
193 1394 48 97.066
194 129 10 14.940
195 658 32 90.574
196 484 37 5.215
197 158 47 96.374
198 781 27 55.778
199 989 2 9.969
200 44 32 67.643