200
1 1283 45 45.203
2 713 43 55.707
3 574 19 64.868
4 912 19 83.579
5 1437 51 52.875
6 769 26 15.380
7 17 32 26.470
8 203 4 71.173
9 1055 23 98.838
10 1390 44 5.613
11 1057 39 99.912
12 1013 12 0.174
13 458 32 61.003
14 629 12 51.017
15 720 3 21.502
16 1073 55 69.091
17 734 6 65.886
18 403 30 99.843
19 1238 40 85.839
20 1330 29 0.666
21 1240 3 64.157
22 775 34 29.754
23 1272 51 67.571
24 894 51 52.447
25 65 39 33.025
26 1158 59 72.847
27 705 52 89.359
28 105 45 73.019
29 127 3 22.878
30 62 45 48.707
31 295 33 46.351
32 1348 18 48.007
33 1094 37 10.349
34 1196 20 18.758
35 267 36 8.406
36 126 58 90.318
37 673 49 67.040
38 333 23 43.404
39 331 4 97.046
40 1155 54 7.948
41 283 43 54.250
42 292 4 93.469
43 842 19 57.192
44 1212 58 76.859
45 95 17 63.559
46 990 12 96.136
47 822 24 1.564
48 1214 22 44.034
49 1129 18 96.763
50 221 26 5.098
51 248 25 59.418
52 422 56 13.861
53 1114 57 64.592
54 468 17 81.385
55 139 33 28.171
56 1239 45 71.236
57 1226 50 38.466
58 284 34 69.380
59 1434 52 13.327
60 93 42 90.092
61 385 14 56.699
62 747 54 53.609
63 1247 43 6.080
64 814 27 64.477
65 327 21 84.137
66 1371 43 70.947
67 765 58 7.273
68 383 42 65.468
69 702 29 10.225
70 957 17 85.377
71 129 49 40.729
72 317 41 6.175
73 780 9 64.540
74 1201 59 2.674
75 1110 17 48.014
76 777 23 68.805
77 381 9 94.758
78 87 55 97.246
79 200 58 94.712
80 863 21 21.580
81 664 12 84.773
82 1072 14 61.619
83 291 15 72.611
84 512 50 22.528
85 604 25 70.324
86 1382 52 45.861
87 466 14 27.449
88 289 10 27.005
89 1033 20 24.063
90 975 20 96.311
91 382 36 30.351
92 1186 3 86.725
93 1248 23 73.989
94 244 43 65.128
95 323 32 99.833
96 1238 43 31.577
97 1024 15 78.221
98 1378 40 13.926
99 430 43 38.712
100 788 55 26.039
101 1416 18 97.226
102 1418 24 70.617
103 887 59 29.244
104 941 47 78.746
105 1181 58 62.460
106 984 59 52.919
107 1190 49 12.772
108 1163 4 1.561
109 56 15 75.360
110 867 33 8.874
111 1439 27 46.042
112 807 10 38.133
113 625 50 54.604
114 575 51 17.828
115 980 9 87.541
116 1121 56 85.582
117 306 60 90.007
118 901 5 74.980
119 71 43 85.155
120 524 56 11.714
121 1280 49 13.747
122 938 32 48.909
123 70 56 81.058
124 547 9 72.075
125 1277 35 29.338
126 86 51 89.535
127 1156 53 44.785
128 1152 35 82.409
129 456 16 81.608
130 1338 14 54.539
131 480 30 41.465
132 969 40 97.605
133 1405 23 90.862
134 807 10 13.488
135 1100 48 24.727
136 400 29 79.012
137 416 36 66.751
138 399 55 50.583
139 995 42 77.430
140 37 20 34.180
141 1327 11 58.679
142 380 41 7.538
143 959 47 10.229
144 1143 33 26.721
145 55 41 81.256
146 891 30 77.373
147 513 33 75.188
148 992 44 14.806
149 1011 3 76.282
150 287 13 91.509
151 1011 32 85.196
152 240 18 94.746
153 1328 30 61.678
154 40 52 7.877
155 159 42 12.158
156 273 48 8.879
157 1264 51 54.043
158 66 55 24.990
159 32 54 26.123
160 138 26 83.566
161 484 5 97.776
162 769 8 72.950
163 1072 47 30.816
164 450 40 19.732
165 264 12 16.987
166 1271 12 92.270
167 691 49 2.737
168 1195 29 80.601
169 725 34 78.782
170 268 55 94.328
171 670 10 65.549
172 789 12 16.962
173 1375 34 62.893
174 580 30 34.321
175 1368 34 91.741
176 926 51 51.213
177 282 30 53.746
178 309 31 84.338
179 1016 60 48.443
180 1041 54 54.656
181 947 54 91.332
182 287 59 51.987
183 1400 19 21.192
184 313 57 92.404
185 1106 32 58.036
186 1049 46 22.447
187 83 23 37.317
188 241 32 73.565
189 427 40 43.364
190 349 30 42.252
191 318 53 69.129
192 552 26 16.200
193 1437 51 95.161
194 856 12 0.739
195 1436 56 7.001
196 285 26 12.310
197 736 54 94.569
198 395 33 43.783
199 1215 13 61.870
200 1222 7 11.889