200
1 586 56 36.274
2 1359 4 51.579
3 909 58 68.128
4 807 47 34.348
5 632 16 23.911
6 987 20 31.909
7 587 37 59.969
8 1415 39 86.209
9 990 48 81.799
10 236 33 9.167
11 1374 59 42.097
12 926 51 70.996
13 510 1 31.136
14 1241 47 36.925
15 121 35 65.277
16 1226 21 31.083
17 533 49 13.121
18 355 58 92.140
19 691 13 14.655
20 832 2 62.083
21 407 11 37.789
22 981 35 78.396
23 613 52 47.696
24 854 18 9.034
25 206 33 51.195
26 867 53 91.418
27 1111 9 82.445
28 981 13 11.504
29 8 54 12.236
30 1323 47 82.528
31 1399 42 61.410
32 992 23 56.128
33 383 47 37.689
34 614 44 81.626
35 507 12 61.912
36 417 46 38.844
37 1238 37 2.202
38 552 38 94.337
39 471 30 39.449
40 1362 4 22.416
41 187 58 89.241
42 497 58 66.480
43 567 25 3.993
44 455 45 69.378
45 293 25 74.678
46 931 44 61.501
47 853 26 77.914
48 1301 7 7.286
49 1423 42 68.054
50 1123 12 32.014
51 159 35 76.496
52 107 43 29.103
53 927 33 11.273
54 271 49 47.364
55 82 8 25.699
56 249 43 55.636
57 118 30 83.118
58 284 19 43.878
59 668 49 45.885
60 633 16 26.754
61 1147 32 14.642
62 224 46 25.459
63 865 12 31.873
64 464 60 69.585
65 828 52 88.909
66 236 7 21.606
67 377 44 52.596
68 349 60 28.848
69 266 49 4.696
70 562 4 36.618
71 1428 33 68.764
72 409 26 67.083
73 1429 51 55.559
74 537 13 73.695
75 888 53 40.105
76 70 34 28.783
77 1216 47 45.557
78 1188 43 54.674
79 355 5 17.844
80 79 12 90.678
81 1211 44 55.813
82 514 31 2.382
83 1066 11 55.803
84 1266 7 51.566
85 1212 39 6.853
86 759 22 28.877
87 1267 15 91.685
88 191 37 27.238
89 1259 12 19.214
90 19 21 50.993
91 1009 3 63.957
92 1054 40 31.291
93 138 5 4.651
94 1015 7 63.424
95 354 11 94.200
96 800 5 27.868
97 1068 56 85.042
98 876 22 71.111
99 177 8 88.875
100 556 4 6.985
101 364 17 41.731
102 1225 59 84.154
103 444 55 49.068
104 1340 4 15.629
105 670 50 26.613
106 648 40 39.325
107 677 18 78.042
108 950 41 84.598
109 1111 60 76.551
110 237 13 56.302
111 721 46 82.987
112 1103 59 61.856
113 787 34 65.360
114 839 54 73.263
115 492 28 12.252
116 889 46 9.379
117 97 27 4.742
118 137 1 98.698
119 505 16 31.039
120 1005 23 69.418
121 114 47 88.688
122 905 16 46.042
123 326 58 23.908
124 54 4 77.203
125 987 41 30.523
126 1159 4 64.451
127 131 23 81.214
128 152 32 11.913
129 44 28 54.651
130 306 7 27.456
131 441 31 28.185
132 781 1 59.428
133 1122 60 54.848
134 186 27 81.677
135 809 52 21.094
136 388 60 99.346
137 924 11 54.483
138 63 60 87.312
139 658 29 58.468
140 583 18 57.956
141 107 23 96.012
142 302 4 8.053
143 544 53 1.017
144 330 6 50.112
145 9 23 14.117
146 625 39 7.806
147 238 7 74.891
148 76 53 51.565
149 1148 47 77.655
150 1202 54 70.742
151 1055 37 73.177
152 912 51 60.905
153 360 6 53.945
154 1406 51 84.487
155 809 56 85.593
156 301 59 77.717
157 524 51 53.512
158 1139 57 32.145
159 687 32 55.545
160 714 58 36.775
161 643 52 1.903
162 50 20 57.951
163 973 37 88.561
164 797 57 46.829
165 34 43 10.071
166 973 32 43.087
167 506 52 27.774
168 962 7 28.046
169 1059 48 18.340
170 162 59 8.205
171 1232 16 5.992
172 697 28 90.122
173 248 16 85.114
174 1436 28 12.156
175 290 10 99.510
176 98 25 74.541
177 597 59 72.169
178 1268 37 55.726
179 172 7 81.029
180 572 45 10.841
181 1284 16 28.673
182 354 17 19.790
183 80 51 81.010
184 1303 39 22.709
185 139 4 16.748
186 1144 29 6.966
187 1373 32 71.457
188 430 3 76.484
189 657 24 68.877
190 167 33 42.617
191 277 31 59.019
192 163 53 12.869
193 931 8 94.198
194 1319 53 4.908
195 912 7 19.222
196 642 57 31.930
197 268 48 26.943
198 909 11 12.685
199 1020 56 82.060
200 992 51 28.173