200
1 1322 41 4.393
2 1134 4 74.018
3 730 38 66.888
4 885 24 85.759
5 575 13 46.101
6 1120 22 33.475
7 145 53 77.911
8 622 45 6.340
9 8 25 67.445
10 405 36 27.819
11 926 20 19.272
12 778 30 7.197
13 795 33 32.636
14 1382 4 13.734
15 752 55 45.278
16 97 54 19.752
17 1030 32 17.420
18 248 38 14.056
19 1322 55 96.058
20 105 17 18.503
21 615 27 82.102
22 711 14 92.247
23 490 55 9.704
24 674 49 79.992
25 963 53 31.018
26 904 36 48.004
27 465 39 34.498
28 548 52 15.750
29 676 25 61.157
30 713 54 97.019
31 62 12 69.786
32 1272 39 43.858
33 455 18 76.828
34 1017 20 61.783
35 349 55 50.768
36 3 37 99.006
37 87 31 2.031
38 538 59 0.139
39 948 36 27.033
40 861 41 0.464
41 488 41 48.821
42 338 54 40.469
43 1184 45 34.231
44 1242 15 49.384
45 1151 14 83.512
46 1307 46 53.864
47 648 19 5.239
48 1118 48 0.704
49 491 34 11.394
50 475 4 34.957
51 500 9 99.874
52 264 47 97.532
53 1005 37 92.393
54 628 51 69.309
55 429 23 76.617
56 379 18 70.169
57 955 13 19.639
58 441 14 84.793
59 427 37 64.614
60 599 17 36.830
61 237 41 11.536
62 1255 37 19.572
63 1136 32 34.128
64 703 37 36.364
65 888 28 33.859
66 976 21 70.535
67 881 53 17.107
68 641 3 84.764
69 664 16 74.374
70 292 41 94.111
71 419 58 41.280
72 1391 13 55.730
73 340 4 39.270
74 926 47 89.288
75 701 27 97.730
76 504 49 16.806
77 172 31 57.900
78 544 54 37.642
79 787 60 53.695
80 54 13 79.943
81 394 27 46.248
82 381 20 66.587
83 574 2 7.860
84 25 21 45.698
85 262 34 68.175
86 134 28 67.506
87 859 2 83.790
88 307 36 25.846
89 414 36 44.247
90 1181 26 4.914
91 1021 16 93.720
92 62 59 95.317
93 216 31 37.950
94 638 1 87.127
95 517 57 29.938
96 663 21 79.006
97 854 45 53.084
98 1275 16 20.831
99 435 22 35.350
100 592 53 74.833
101 897 46 87.267
102 79 19 83.525
103 953 20 84.148
104 117 38 90.027
105 751 21 66.113
106 984 52 3.320
107 853 7 30.128
108 377 59 83.015
109 232 34 41.259
110 333 15 57.499
111 13 22 4.416
112 1028 27 77.374
113 386 39 29.363
114 151 25 68.752
115 1396 15 97.745
116 1072 20 4.638
117 669 19 94.257
118 590 3 57.603
119 1293 52 85.676
120 1179 25 41.471
121 1077 7 84.554
122 1247 16 67.034
123 855 22 61.102
124 758 51 39.962
125 158 1 35.939
126 441 52 17.240
127 638 30 68.161
128 1349 26 97.963
129 1295 48 99.784
130 431 46 18.733
131 1273 25 18.715
132 1214 58 50.734
133 358 5 40.074
134 1409 7 28.496
135 872 40 11.854
136 764 19 16.030
137 845 15 95.982
138 1234 45 39.252
139 1415 21 34.126
140 813 45 1.703
141 691 41 50.025
142 733 27 90.457
143 108 56 39.475
144 640 41 57.590
145 515 37 18.125
146 1232 26 63.885
147 402 33 55.496
148 1413 38 14.063
149 1402 2 7.931
150 1310 30 12.317
151 704 55 96.756
152 470 53 39.610
153 271 57 9.288
154 18 24 7.839
155 50 27 59.525
156 253 3 20.007
157 826 42 74.587
158 612 34 33.471
159 761 23 88.967
160 1019 43 71.469
161 233 53 96.258
162 953 52 34.317
163 473 40 1.653
164 243 51 96.883
165 244 19 8.219
166 122 37 11.153
167 808 43 47.334
168 1104 4 40.056
169 1312 12 33.449
170 1032 41 2.515
171 348 6 59.729
172 58 12 60.304
173 170 52 74.270
174 46 6 14.187
175 1193 25 91.574
176 1059 17 73.664
177 566 39 28.730
178 1323 34 4.285
179 241 6 97.638
180 403 44 81.100
181 111 60 32.104
182 254 60 89.631
183 188 5 20.529
184 92 26 37.716
185 639 35 74.666
186 771 20 51.973
187 847 57 27.195
188 1060 28 72.819
189 1070 15 61.365
190 1035 46 13.749
191 1328 56 64.826
192 243 46 87.613
193 143 25 64.193
194 209 49 56.150
195 818 11 81.399
196 458 48 65.552
197 1392 9 25.194
198 19 5 18.302
199 280 5 0.852
200 819 13 61.669