200
1 969 49 38.735
2 593 38 44.984
3 1270 16 12.416
4 125 57 12.095
5 378 45 92.430
6 504 11 57.025
7 1212 55 85.164
8 253 58 62.411
9 353 3 6.830
10 888 58 10.690
11 1133 58 66.704
12 1125 36 38.605
13 313 44 74.636
14 506 10 44.010
15 454 43 99.543
16 726 37 84.250
17 976 20 77.113
18 600 37 91.518
19 955 22 33.445
20 897 49 13.212
21 884 8 34.217
22 143 16 51.884
23 549 52 74.821
24 792 52 89.636
25 1411 13 38.376
26 1233 41 63.348
27 294 34 10.027
28 1437 56 51.744
29 706 44 31.022
30 345 18 88.445
31 571 26 12.338
32 933 29 8.909
33 859 32 32.267
34 572 33 55.721
35 55 7 56.585
36 1362 43 67.243
37 1177 53 17.171
38 284 3 13.610
39 357 24 79.340
40 577 10 32.365
41 1134 52 34.577
42 1354 14 14.771
43 149 49 62.015
44 253 50 54.665
45 1316 17 23.226
46 368 55 73.833
47 1338 41 31.059
48 545 2 87.925
49 539 54 22.075
50 752 47 92.345
51 1389 38 38.415
52 389 4 28.619
53 1376 4 37.127
54 1279 57 93.508
55 577 20 95.586
56 261 6 84.755
57 408 20 50.504
58 22 34 31.306
59 1130 55 3.780
60 1159 27 42.183
61 1305 48 47.759
62 972 33 28.903
63 926 43 83.697
64 107 38 32.006
65 2 52 53.864
66 434 29 8.010
67 1333 37 40.765
68 344 20 4.450
69 385 12 88.127
70 859 22 26.354
71 1009 19 69.603
72 384 48 34.403
73 468 58 74.691
74 1331 51 34.604
75 785 49 49.160
76 1434 46 16.725
77 1177 2 11.719
78 1372 58 60.570
79 571 26 37.381
80 379 30 22.305
81 243 29 30.614
82 1181 13 93.040
83 141 47 63.678
84 379 12 77.844
85 2 29 17.558
86 1 58 52.506
87 1117 37 86.054
88 2 45 53.540
89 10 19 77.675
90 1383 15 87.592
91 781 6 83.987
92 9 4 18.075
93 720 55 32.758
94 291 54 6.076
95 680 3 53.331
96 1113 20 49.877
97 243 28 28.705
98 693 20 49.199
99 803 12 2.637
100 514 39 0.586
101 1432 56 4.594
102 966 45 78.458
103 401 31 25.014
104 1099 21 32.433
105 358 58 56.858
106 232 44 35.013
107 270 11 13.467
108 611 32 55.425
109 1435 1 84.675
110 118 1 48.849
111 537 51 26.932
112 231 5 60.862
113 515 44 33.873
114 869 59 48.749
115 980 37 82.835
116 349 26 71.642
117 1367 56 59.096
118 303 44 29.449
119 358 7 46.394
120 747 38 79.872
121 596 32 60.560
122 49 14 75.671
123 671 4 17.247
124 1365 16 89.522
125 1092 52 43.331
126 1422 21 41.104
127 208 38 74.946
128 732 57 62.747
129 639 34 49.606
130 267 20 96.302
131 1166 49 30.676
132 187 45 10.969
133 624 52 27.845
134 469 8 21.602
135 553 58 13.188
136 1369 23 31.729
137 1145 50 0.465
138 1350 58 4.169
139 213 47 61.193
140 1236 17 30.373
141 666 36 9.619
142 675 1 46.576
143 1390 48 85.868
144 270 21 11.148
145 749 10 50.662
146 374 38 44.682
147 911 2 16.684
148 886 29 4.006
149 1079 57 36.306
150 1243 4 61.563
151 901 19 33.817
152 593 26 88.178
153 884 24 84.341
154 1133 39 0.439
155 328 32 93.174
156 418 31 39.531
157 1023 44 11.698
158 1075 16 99.599
159 2 56 68.308
160 789 30 90.203
161 22 9 93.444
162 1060 37 54.547
163 252 29 11.027
164 72 20 56.661
165 1315 33 93.516
166 1348 4 16.978
167 37 41 93.647
168 1120 23 1.197
169 535 51 69.807
170 1375 12 4.400
171 407 32 88.847
172 1031 55 31.243
173 1241 38 66.139
174 277 12 61.196
175 122 60 9.318
176 985 50 46.247
177 1164 33 34.177
178 414 56 71.746
179 12 21 28.047
180 651 56 93.324
181 1057 45 86.787
182 763 10 43.836
183 1068 36 12.701
184 706 25 15.333
185 780 22 68.422
186 1343 21 26.143
187 796 60 3.784
188 774 1 28.111
189 451 11 80.112
190 771 56 60.708
191 438 39 54.334
192 309 24 91.434
193 624 21 79.330
194 106 19 30.552
195 1188 8 57.383
196 90 10 17.512
197 1387 13 23.575
198 618 37 18.484
199 335 32 73.659
200 1297 13 97.301