200
1 32 51 17.388
2 992 46 65.959
3 536 19 16.436
4 1228 31 92.442
5 757 20 38.845
6 1208 21 90.683
7 361 38 28.166
8 756 35 35.816
9 1027 58 57.581
10 1307 49 34.518
11 29 27 17.688
12 1257 17 99.403
13 421 5 66.629
14 34 18 2.545
15 1021 34 41.479
16 820 49 37.644
17 180 8 0.523
18 701 19 8.337
19 1033 15 86.193
20 907 54 72.023
21 1224 26 48.022
22 480 54 56.197
23 1243 34 55.961
24 802 5 18.227
25 990 34 99.378
26 652 37 51.695
27 202 44 57.854
28 1430 18 44.308
29 505 23 62.894
30 1037 45 66.298
31 230 29 66.455
32 1131 5 10.064
33 1367 9 81.799
34 559 5 54.111
35 35 1 88.618
36 1262 53 8.757
37 377 39 81.669
38 1367 11 59.976
39 1304 46 54.033
40 666 9 93.923
41 988 4 94.638
42 248 23 51.746
43 934 39 35.676
44 1108 54 47.817
45 1365 28 16.891
46 390 1 81.067
47 474 32 11.544
48 1075 42 99.234
49 1305 4 89.071
50 15 43 25.806
51 1371 43 19.832
52 1357 42 91.160
53 1403 51 66.503
54 55 23 73.406
55 490 60 7.399
56 729 28 38.969
57 654 44 74.534
58 1193 4 80.562
59 1051 39 54.559
60 1162 28 36.156
61 91 17 73.082
62 533 37 2.523
63 492 19 29.562
64 1162 30 58.349
65 792 35 50.924
66 338 54 64.926
67 1396 12 55.466
68 375 35 90.422
69 1347 54 71.292
70 1162 36 62.522
71 614 16 96.959
72 868 39 6.130
73 840 3 41.622
74 1248 59 89.071
75 382 34 9.444
76 372 33 81.032
77 409 6 66.963
78 91 50 68.561
79 2 25 16.996
80 1106 47 94.961
81 598 11 41.109
82 915 50 69.210
83 850 21 72.499
84 1439 54 34.823
85 359 39 34.247
86 980 9 92.662
87 1052 59 91.483
88 1303 13 76.063
89 1339 1 9.207
90 1394 29 47.242
91 169 56 59.580
92 902 12 74.867
93 398 16 68.905
94 990 37 86.094
95 395 19 32.503
96 238 21 61.832
97 699 34 68.789
98 293 17 73.754
99 105 38 77.730
100 304 2 48.035
101 1408 25 21.613
102 1135 19 31.756
103 719 27 7.041
104 1396 31 98.603
105 543 41 69.828
106 1388 13 37.970
107 174 42 10.046
108 730 21 44.010
109 77 40 48.630
110 297 11 36.645
111 197 41 80.190
112 522 30 78.970
113 1103 24 60.689
114 596 41 14.978
115 205 33 96.082
116 90 23 35.846
117 922 56 7.620
118 548 23 29.166
119 626 23 20.764
120 1273 31 27.140
121 562 2 4.524
122 516 18 84.584
123 1070 27 0.179
124 1360 15 21.232
125 1335 3 93.924
126 249 50 52.635
127 251 40 50.134
128 907 29 87.695
129 184 9 87.373
130 823 5 39.777
131 693 33 85.049
132 483 11 2.227
133 618 5 81.989
134 431 57 63.979
135 367 12 32.053
136 1008 4 91.463
137 1006 58 70.925
138 1095 1 37.492
139 175 56 2.572
140 1141 46 77.467
141 415 28 7.276
142 1231 24 98.548
143 573 15 55.761
144 697 11 69.841
145 1091 22 31.616
146 1063 59 17.888
147 489 29 49.627
148 695 7 57.834
149 707 6 55.757
150 671 58 15.691
151 794 54 9.876
152 817 27 77.117
153 373 31 82.225
154 188 5 34.352
155 686 4 15.787
156 1272 51 44.939
157 1126 10 55.911
158 1014 21 88.138
159 657 17 39.302
160 134 49 39.440
161 351 1 7.283
162 936 29 34.277
163 459 26 90.358
164 1336 10 1.219
165 1430 22 19.966
166 1344 23 14.478
167 662 13 61.647
168 882 47 13.551
169 29 12 58.289
170 975 46 14.877
171 1005 53 22.524
172 111 18 19.324
173 237 10 67.880
174 614 59 88.928
175 555 13 83.711
176 429 44 30.956
177 894 55 82.670
178 848 8 10.877
179 699 14 69.832
180 523 10 54.953
181 1062 23 27.382
182 900 16 34.893
183 207 53 20.440
184 637 31 65.243
185 497 58 18.383
186 994 44 1.914
187 128 12 67.579
188 796 24 99.530
189 194 34 16.127
190 1060 7 21.832
191 1267 13 93.542
192 1361 28 84.661
193 632 45 99.131
194 1171 40 76.453
195 280 34 78.405
196 1372 24 6.465
197 1257 58 34.040
198 1347 18 19.391
199 842 25 39.043
200 994 17 86.531