200
1 1370 52 54.846
2 375 38 43.659
3 488 2 1.014
4 515 31 35.396
5 1322 20 4.286
6 868 59 19.978
7 616 50 80.324
8 934 13 5.711
9 1 20 11.591
10 298 34 1.315
11 879 23 26.225
12 152 60 85.507
13 440 20 68.195
14 333 38 44.957
15 1208 57 84.186
16 907 25 89.327
17 378 36 43.734
18 1068 5 88.579
19 833 30 86.503
20 1109 17 38.094
21 560 10 60.366
22 602 10 31.166
23 695 51 53.773
24 462 36 50.102
25 873 7 33.621
26 852 55 57.979
27 344 38 21.051
28 422 60 44.948
29 558 10 17.890
30 1240 32 16.081
31 92 23 69.800
32 314 32 69.222
33 42 50 76.343
34 671 19 3.467
35 1102 35 38.595
36 410 8 55.440
37 568 45 22.732
38 1171 33 4.817
39 201 22 43.247
40 979 29 38.065
41 39 5 33.353
42 949 55 36.621
43 740 45 72.711
44 704 16 41.305
45 922 20 97.444
46 1302 36 0.926
47 768 50 88.856
48 1381 20 48.259
49 711 17 44.223
50 974 25 63.537
51 341 56 61.229
52 1240 10 72.745
53 618 27 1.081
54 893 55 82.326
55 1414 36 30.975
56 1136 57 4.573
57 372 51 97.956
58 208 50 90.611
59 846 36 99.985
60 67 8 59.678
61 698 43 57.122
62 537 12 98.744
63 372 20 24.004
64 747 37 75.515
65 1057 52 62.742
66 41 32 80.559
67 123 10 89.979
68 1025 3 73.823
69 1297 12 81.766
70 460 41 45.525
71 767 9 12.554
72 1036 59 7.898
73 874 20 9.828
74 500 49 6.185
75 371 57 89.304
76 760 42 47.554
77 101 39 34.094
78 605 35 59.374
79 813 55 30.642
80 681 17 66.572
81 371 25 1.444
82 1168 23 97.701
83 1372 52 45.025
84 429 11 33.363
85 433 11 92.595
86 332 57 39.569
87 329 36 30.089
88 252 15 79.435
89 361 15 17.800
90 851 2 30.133
91 208 54 30.597
92 738 27 2.776
93 275 32 17.949
94 804 7 36.341
95 1431 46 70.130
96 200 39 46.804
97 1373 13 24.690
98 888 35 22.287
99 769 27 27.790
100 1358 33 57.856
101 425 10 78.734
102 503 42 26.097
103 61 24 78.795
104 1395 6 12.131
105 1259 60 99.576
106 1025 7 52.933
107 723 36 24.891
108 1106 38 98.847
109 405 36 44.593
110 771 56 61.445
111 378 42 36.168
112 1028 57 19.910
113 721 59 51.829
114 630 10 29.510
115 342 4 47.883
116 216 34 33.071
117 740 3 42.635
118 1060 3 19.011
119 1228 38 21.786
120 232 33 8.032
121 841 14 83.884
122 1059 4 42.935
123 826 38 96.646
124 214 53 7.122
125 1409 41 82.631
126 595 7 5.413
127 1234 15 44.377
128 696 52 69.586
129 552 60 12.643
130 683 23 39.866
131 1035 49 70.967
132 1203 30 81.165
133 1259 33 5.515
134 1260 8 66.128
135 488 24 66.596
136 1350 5 2.120
137 1403 18 18.639
138 232 43 81.079
139 1295 5 17.605
140 194 42 58.723
141 405 54 50.027
142 1402 42 87.266
143 367 3 84.303
144 504 30 17.232
145 1298 48 23.826
146 498 43 34.469
147 42 38 76.288
148 1266 29 52.017
149 1060 57 32.249
150 1322 25 3.580
151 696 23 78.996
152 732 8 46.660
153 329 44 91.984
154 1393 53 74.498
155 1133 20 15.631
156 771 47 62.715
157 504 59 67.059
158 167 34 78.356
159 517 52 2.188
160 434 14 96.927
161 192 42 91.384
162 606 32 41.387
163 611 26 10.368
164 157 50 26.074
165 519 58 23.740
166 1132 49 29.589
167 902 23 92.029
168 1294 32 26.717
169 366 56 56.536
170 1399 3 86.739
171 1242 39 53.943
172 1430 8 22.224
173 1308 49 87.975
174 740 33 15.301
175 226 7 8.029
176 151 5 89.914
177 203 49 93.738
178 960 6 57.515
179 241 6 78.122
180 904 47 81.279
181 566 39 26.872
182 1173 42 55.471
183 736 20 3.006
184 688 24 8.902
185 1 2 26.811
186 127 34 37.846
187 1212 39 74.269
188 660 18 67.479
189 581 26 18.171
190 1037 47 82.309
191 471 14 56.257
192 266 12 83.794
193 1273 57 16.670
194 241 16 99.689
195 1162 29 27.486
196 329 13 76.835
197 644 46 1.054
198 1283 60 94.416
199 898 45 10.126
200 1330 23 82.710