200
1 256 41 76.468
2 914 49 66.381
3 937 50 20.815
4 77 33 82.480
5 1087 35 55.503
6 1195 45 60.439
7 1005 57 49.481
8 591 49 13.569
9 1367 7 53.700
10 635 47 55.944
11 636 35 86.218
12 988 5 68.592
13 1091 47 93.138
14 420 43 7.038
15 418 48 40.887
16 365 55 85.850
17 365 51 20.463
18 286 13 80.784
19 1326 31 99.788
20 1200 8 35.476
21 648 24 82.441
22 436 7 61.653
23 582 5 74.683
24 666 28 60.160
25 32 60 27.592
26 506 39 82.358
27 459 46 85.735
28 575 2 64.831
29 1355 50 61.225
30 224 53 41.973
31 1247 47 77.942
32 265 41 15.511
33 616 59 49.755
34 1056 37 4.608
35 42 31 32.477
36 278 12 49.911
37 1318 6 51.674
38 1224 28 12.137
39 599 42 69.072
40 920 29 19.302
41 59 60 78.050
42 841 49 30.501
43 280 37 4.752
44 1129 21 85.306
45 276 1 87.081
46 1414 39 19.637
47 498 58 84.087
48 617 30 97.870
49 739 28 41.077
50 1431 23 5.893
51 1249 46 25.783
52 1083 38 74.374
53 431 38 8.412
54 732 5 52.334
55 603 5 51.035
56 1028 33 56.310
57 1210 29 31.744
58 541 42 72.132
59 1428 9 32.830
60 109 31 4.033
61 566 17 89.100
62 1346 35 19.400
63 912 32 98.779
64 1000 51 67.628
65 1176 5 20.084
66 1121 44 55.644
67 760 48 32.253
68 20 14 16.532
69 1307 5 24.439
70 671 54 43.568
71 610 10 19.367
72 646 36 41.529
73 927 2 46.445
74 1272 15 0.947
75 1055 41 74.629
76 195 35 39.702
77 213 53 26.337
78 78 34 41.614
79 36 26 26.438
80 970 55 86.950
81 64 55 93.656
82 802 1 61.553
83 721 9 35.247
84 62 9 30.590
85 711 40 68.261
86 1374 14 48.383
87 557 19 46.017
88 1294 20 4.540
89 620 19 70.057
90 462 1 97.509
91 64 51 43.581
92 574 33 92.782
93 1137 11 80.350
94 1144 37 65.651
95 591 52 42.554
96 284 22 90.865
97 1134 9 84.823
98 1217 35 90.174
99 202 8 76.922
100 35 21 38.246
101 1314 13 56.253
102 945 39 14.147
103 1296 1 13.221
104 946 27 9.358
105 1013 41 40.871
106 166 59 8.106
107 1244 33 9.837
108 194 3 40.224
109 533 39 77.245
110 3 5 89.087
111 1009 23 56.598
112 385 4 98.404
113 673 12 77.094
114 513 14 48.320
115 71 8 61.669
116 137 29 92.678
117 1379 7 68.311
118 1297 16 4.243
119 324 40 41.835
120 561 18 8.109
121 248 42 74.212
122 1388 44 57.896
123 1001 21 53.186
124 557 14 60.738
125 1137 46 41.245
126 1388 44 68.358
127 251 31 82.668
128 532 10 75.610
129 129 30 14.058
130 876 32 9.519
131 645 14 6.138
132 1337 60 23.110
133 1406 35 36.439
134 458 34 54.119
135 22 16 98.750
136 1231 40 28.900
137 647 51 6.357
138 454 33 57.684
139 1385 41 92.681
140 1253 49 64.460
141 376 22 54.938
142 679 9 7.678
143 374 45 8.829
144 417 19 49.864
145 281 56 54.884
146 279 27 25.570
147 1274 31 46.216
148 1160 8 11.611
149 875 45 61.148
150 1105 12 46.230
151 1127 37 93.487
152 893 2 29.606
153 970 22 13.425
154 75 42 53.253
155 963 48 3.073
156 168 3 99.727
157 621 52 10.186
158 909 45 94.477
159 1289 39 7.499
160 1231 16 79.362
161 42 39 8.591
162 502 2 64.925
163 12 53 77.003
164 1022 25 81.976
165 1235 54 35.334
166 531 22 35.640
167 1256 40 30.364
168 598 18 96.165
169 1369 27 96.387
170 733 17 53.309
171 675 13 62.460
172 1080 45 10.328
173 983 10 93.290
174 227 9 85.701
175 567 12 66.731
176 274 42 65.924
177 1045 27 11.480
178 363 16 1.804
179 852 47 5.727
180 1283 46 67.236
181 1034 55 69.513
182 686 57 96.518
183 1008 48 34.504
184 1240 39 92.030
185 1227 38 81.401
186 726 3 13.118
187 1210 7 73.619
188 766 15 99.409
189 978 8 17.898
190 1429 20 99.065
191 1007 38 77.317
192 493 2 23.978
193 638 24 85.317
194 194 30 73.711
195 1305 37 57.511
196 243 36 32.428
197 308 9 97.273
198 1397 57 46.245
199 387 26 36.312
200 886 55 65.312