200
1 6 38 64.332
2 813 39 32.732
3 256 23 64.933
4 145 40 52.531
5 967 19 89.072
6 650 5 65.013
7 1158 5 26.845
8 352 25 86.481
9 796 33 95.297
10 181 50 27.601
11 1416 17 90.489
12 426 54 13.580
13 1062 19 13.515
14 1166 11 71.445
15 652 25 68.855
16 698 41 1.645
17 27 10 17.739
18 973 12 14.936
19 1306 49 93.798
20 868 11 78.627
21 190 58 10.125
22 1205 10 8.625
23 549 19 64.822
24 544 32 57.253
25 617 41 30.786
26 427 49 81.762
27 1207 20 15.233
28 117 7 81.085
29 1405 48 75.607
30 111 25 7.189
31 258 26 15.136
32 675 58 41.912
33 768 53 10.259
34 120 34 79.732
35 947 2 93.770
36 182 30 9.560
37 677 54 53.016
38 251 18 41.369
39 811 41 13.923
40 956 11 89.774
41 1350 8 63.733
42 786 23 58.685
43 1005 46 77.184
44 1076 2 32.882
45 506 45 25.919
46 1071 34 94.532
47 1014 50 23.083
48 1013 52 27.492
49 1290 1 26.562
50 1047 21 74.805
51 1151 44 47.773
52 457 38 48.880
53 897 33 0.320
54 159 33 64.439
55 709 54 6.108
56 47 53 10.220
57 671 30 56.301
58 670 39 67.674
59 445 52 96.597
60 1052 6 32.945
61 602 48 74.996
62 1316 36 49.240
63 770 47 47.775
64 743 24 30.180
65 1097 8 22.453
66 112 3 40.998
67 148 43 2.453
68 1082 52 24.884
69 194 34 68.650
70 1003 45 13.841
71 1217 21 56.037
72 1157 39 87.428
73 200 39 58.637
74 477 18 3.491
75 467 53 53.881
76 1250 19 21.826
77 665 17 83.449
78 174 30 41.294
79 3 58 65.793
80 430 1 97.664
81 55 3 24.728
82 223 10 81.006
83 1085 45 72.598
84 242 37 50.668
85 1369 11 4.332
86 463 39 50.856
87 1259 10 85.216
88 1426 6 75.114
89 1283 29 91.967
90 1189 1 0.768
91 1415 34 69.153
92 1259 15 73.761
93 92 14 4.383
94 87 30 16.506
95 181 28 69.744
96 224 13 37.894
97 582 20 83.456
98 895 17 45.141
99 935 37 37.414
100 1082 55 67.420
101 1282 37 94.697
102 762 41 27.539
103 877 56 48.698
104 664 25 17.290
105 577 41 40.474
106 617 19 3.420
107 219 33 2.689
108 234 54 50.292
109 665 10 92.607
110 760 21 78.791
111 1212 30 5.390
112 818 25 13.454
113 968 4 32.487
114 1204 55 1.137
115 1291 33 64.587
116 1131 47 42.097
117 882 45 14.990
118 447 27 80.649
119 341 2 36.618
120 1440 46 54.550
121 936 34 57.205
122 519 43 6.844
123 453 35 19.972
124 827 48 27.325
125 820 56 30.082
126 1108 6 58.026
127 1373 43 62.077
128 107 39 70.457
129 817 15 79.368
130 330 48 3.536
131 1256 3 51.372
132 6 29 56.226
133 1275 1 87.136
134 1206 38 36.538
135 569 60 7.959
136 372 16 53.035
137 184 3 84.869
138 580 45 95.728
139 853 20 33.152
140 306 29 3.481
141 184 58 75.645
142 1222 56 43.980
143 280 40 7.728
144 1145 3 78.249
145 379 34 36.612
146 1234 1 86.587
147 7 46 83.592
148 1291 10 44.626
149 4 36 54.795
150 696 15 10.457
151 398 16 70.519
152 1144 46 92.938
153 265 7 6.085
154 1252 45 50.386
155 341 55 45.770
156 1360 35 39.785
157 111 39 35.221
158 914 32 30.391
159 164 2 21.531
160 502 15 28.600
161 49 60 80.223
162 468 51 51.625
163 121 6 81.179
164 539 49 78.034
165 177 7 47.939
166 1404 38 56.580
167 433 1 42.452
168 1084 30 81.951
169 981 7 3.601
170 981 40 2.512
171 1314 42 63.406
172 1138 43 27.214
173 1385 37 0.857
174 373 16 99.055
175 822 7 37.305
176 519 5 69.315
177 754 16 3.797
178 198 41 8.829
179 904 53 4.250
180 364 52 70.790
181 900 10 92.775
182 1131 11 87.729
183 234 12 17.086
184 242 8 0.493
185 924 23 94.266
186 1435 45 19.816
187 1148 18 96.626
188 452 3 0.018
189 235 15 78.726
190 152 26 96.388
191 155 57 35.817
192 526 3 65.420
193 1435 38 37.803
194 835 34 78.686
195 1262 29 53.018
196 588 40 87.119
197 560 51 74.011
198 214 40 46.299
199 943 36 43.284
200 604 24 95.017