200
1 1174 24 99.514
2 548 45 92.730
3 140 40 85.236
4 969 21 93.112
5 211 3 13.860
6 1225 38 81.867
7 1315 53 58.878
8 1425 5 50.635
9 1243 29 67.674
10 309 2 96.425
11 661 18 35.688
12 1419 32 4.329
13 777 30 71.968
14 546 36 34.139
15 69 17 6.914
16 1415 4 35.790
17 73 21 56.222
18 61 57 32.325
19 586 39 78.112
20 310 40 29.036
21 1022 46 27.524
22 962 39 12.283
23 998 4 86.390
24 964 1 39.463
25 293 8 36.609
26 397 12 61.673
27 178 4 85.434
28 58 6 92.865
29 1094 35 52.005
30 265 37 29.703
31 45 50 49.800
32 1423 60 58.231
33 843 23 93.282
34 1256 21 60.014
35 332 10 25.066
36 278 7 65.142
37 1199 25 64.202
38 391 50 84.033
39 684 14 56.149
40 72 16 63.525
41 462 30 76.854
42 1196 38 5.604
43 1337 17 74.608
44 720 23 79.421
45 263 35 12.029
46 727 50 82.151
47 1130 46 56.685
48 829 28 24.212
49 1021 19 91.599
50 123 44 15.903
51 1180 36 88.947
52 497 20 61.805
53 902 37 31.258
54 538 34 21.340
55 467 7 37.911
56 76 54 72.108
57 60 54 36.383
58 1148 56 71.346
59 672 4 41.828
60 434 23 56.243
61 849 9 89.624
62 281 54 34.917
63 182 41 46.997
64 1409 32 46.458
65 445 9 40.500
66 317 36 0.829
67 803 57 0.500
68 769 18 33.385
69 580 57 43.846
70 1217 48 64.567
71 1113 12 48.362
72 628 13 43.994
73 165 47 56.028
74 547 40 62.772
75 1275 28 66.727
76 1199 35 33.859
77 1191 21 49.387
78 519 35 64.928
79 1330 50 9.562
80 1339 35 24.510
81 828 7 17.052
82 891 14 70.786
83 701 26 88.600
84 339 32 32.294
85 826 52 78.366
86 93 12 75.114
87 326 14 68.551
88 489 17 75.492
89 435 55 60.173
90 1134 11 66.523
91 1095 46 53.488
92 1191 16 39.248
93 1289 50 4.521
94 452 5 54.270
95 856 56 69.859
96 404 18 86.374
97 20 27 72.339
98 353 3 94.312
99 397 10 83.030
100 1348 14 18.962
101 348 55 59.821
102 1370 40 28.546
103 175 12 74.448
104 91 58 27.523
105 190 19 42.774
106 872 52 63.954
107 351 43 41.174
108 738 17 79.518
109 388 6 41.693
110 1143 29 4.434
111 266 11 63.853
112 909 10 27.877
113 878 13 27.688
114 322 10 24.819
115 74 1 94.030
116 1198 30 23.936
117 981 24 77.218
118 157 28 87.040
119 590 16 78.247
120 268 3 65.237
121 1069 11 14.420
122 401 57 43.702
123 1061 27 36.592
124 1026 3 55.533
125 1134 49 31.963
126 144 10 20.842
127 1232 1 38.842
128 950 29 54.779
129 1175 48 15.324
130 929 50 63.844
131 190 36 75.340
132 597 30 88.581
133 726 55 98.994
134 285 41 53.691
135 1204 13 10.926
136 1417 50 59.429
137 434 51 93.857
138 1051 26 34.193
139 1195 35 83.633
140 387 13 13.180
141 1423 32 60.548
142 907 56 98.352
143 259 43 95.452
144 571 34 42.949
145 283 15 89.336
146 1262 18 5.426
147 881 2 24.551
148 718 2 86.846
149 127 42 80.436
150 1375 52 51.196
151 2 24 2.632
152 748 38 16.978
153 1248 7 61.338
154 520 24 68.209
155 873 26 33.013
156 897 40 6.736
157 1081 24 53.574
158 352 36 94.794
159 303 3 64.844
160 189 55 45.053
161 1225 35 54.113
162 1238 2 86.154
163 1152 11 56.068
164 849 7 56.706
165 1391 49 30.635
166 220 2 60.509
167 1373 50 8.436
168 1101 3 71.288
169 424 27 59.199
170 980 23 24.917
171 266 32 56.500
172 308 27 70.785
173 343 17 0.020
174 641 26 69.601
175 888 54 75.482
176 1282 48 48.694
177 351 25 29.369
178 198 7 10.274
179 837 19 39.493
180 649 47 72.059
181 1121 48 82.835
182 683 29 97.541
183 216 3 81.417
184 590 38 70.011
185 1390 31 42.204
186 1143 9 42.726
187 29 43 44.518
188 890 38 75.159
189 731 60 14.337
190 674 13 62.657
191 681 18 66.185
192 130 5 74.388
193 124 14 82.613
194 906 43 7.903
195 1050 45 93.703
196 1397 50 5.781
197 667 29 2.257
198 178 24 91.335
199 370 19 72.416
200 1353 39 62.629