200
1 350 27 88.785
2 48 26 62.017
3 571 19 63.650
4 1066 15 59.119
5 806 40 40.539
6 201 29 62.049
7 651 30 98.437
8 621 51 77.403
9 996 14 94.445
10 473 6 40.449
11 557 14 9.354
12 256 18 82.741
13 1249 45 74.933
14 368 28 88.886
15 1065 29 51.698
16 1021 49 31.820
17 707 14 45.245
18 563 11 19.994
19 254 35 95.447
20 397 3 43.118
21 117 22 5.945
22 949 14 43.327
23 569 6 80.173
24 865 56 32.894
25 31 60 10.524
26 743 54 30.844
27 761 25 30.950
28 382 48 93.796
29 273 46 2.105
30 600 58 38.835
31 1127 26 9.860
32 1055 51 72.495
33 706 50 54.218
34 818 56 42.687
35 710 42 21.924
36 872 30 66.061
37 716 28 4.931
38 147 32 50.287
39 466 18 80.752
40 1434 36 68.465
41 412 58 89.969
42 376 42 36.953
43 817 56 1.528
44 567 12 48.452
45 258 22 95.700
46 670 46 51.545
47 800 30 89.481
48 1254 51 76.193
49 1353 39 73.369
50 1270 45 39.666
51 1420 21 12.162
52 1046 1 67.314
53 1155 11 23.182
54 550 41 15.471
55 234 29 67.637
56 1363 14 12.757
57 794 26 88.633
58 339 28 12.161
59 534 54 44.658
60 678 11 31.464
61 434 48 52.209
62 1386 43 0.618
63 551 7 13.869
64 543 19 21.560
65 148 9 46.169
66 469 33 49.158
67 1207 58 48.820
68 988 13 5.590
69 1196 59 38.682
70 244 38 41.670
71 866 41 45.598
72 1226 45 64.771
73 505 42 76.294
74 1013 18 33.038
75 787 13 77.416
76 1334 55 4.332
77 1095 44 58.168
78 10 59 33.200
79 1051 22 36.765
80 349 58 27.882
81 1373 29 2.982
82 1203 9 19.669
83 86 55 51.321
84 1166 31 45.144
85 293 52 6.701
86 299 39 8.913
87 1190 39 73.685
88 415 9 65.317
89 1431 1 59.042
90 512 52 4.520
91 1261 40 10.437
92 1398 29 36.233
93 1048 4 73.267
94 503 26 1.406
95 1237 2 40.053
96 1151 4 11.863
97 1079 14 3.971
98 1218 49 59.151
99 1185 53 49.825
100 1410 2 3.871
101 408 37 1.011
102 1013 35 45.022
103 1267 43 56.050
104 900 21 3.206
105 110 16 85.398
106 1187 21 90.912
107 1425 23 35.625
108 1085 34 24.108
109 1019 41 10.780
110 127 23 42.982
111 454 7 71.758
112 866 25 40.577
113 1295 60 31.510
114 447 51 8.222
115 1106 9 92.091
116 1351 9 24.467
117 582 3 73.740
118 1032 20 37.625
119 260 52 6.423
120 772 51 45.813
121 1309 20 98.802
122 350 50 16.492
123 1209 29 45.425
124 1108 45 64.823
125 394 50 39.993
126 452 29 63.434
127 1119 57 52.691
128 29 48 30.026
129 1417 24 86.655
130 106 36 98.541
131 971 49 55.924
132 1270 31 72.258
133 1141 27 76.352
134 211 60 97.172
135 1381 47 88.750
136 457 60 95.930
137 1035 42 19.176
138 1383 5 25.557
139 1143 54 21.521
140 1439 24 55.900
141 210 1 31.110
142 1139 4 16.035
143 718 15 7.557
144 784 19 19.667
145 1033 4 99.509
146 316 41 62.501
147 369 53 28.151
148 378 48 1.292
149 722 58 97.884
150 1162 20 36.348
151 266 24 55.219
152 1140 33 26.997
153 1137 19 71.374
154 1220 50 51.638
155 1159 20 5.955
156 43 1 25.139
157 325 29 6.612
158 1363 44 56.342
159 73 33 20.502
160 1392 5 19.344
161 784 47 37.973
162 217 39 74.228
163 386 14 13.286
164 1083 49 69.152
165 778 17 90.769
166 297 43 88.144
167 747 32 35.145
168 885 57 35.153
169 598 16 20.659
170 258 56 17.786
171 1276 55 44.719
172 921 30 11.651
173 645 2 48.774
174 616 55 51.557
175 375 58 37.199
176 661 20 68.838
177 952 27 99.244
178 981 45 53.390
179 9 19 70.616
180 983 50 61.055
181 1216 33 76.332
182 1203 10 84.985
183 1054 2 42.378
184 578 37 75.948
185 416 42 48.255
186 753 32 45.784
187 873 39 35.306
188 742 12 21.999
189 1070 46 76.161
190 742 36 86.243
191 505 30 86.087
192 195 39 99.324
193 834 39 29.486
194 244 47 46.315
195 895 13 67.116
196 7 36 97.369
197 818 56 55.844
198 264 6 76.690
199 1223 60 89.743
200 1301 25 88.134