200
1 698 21 29.984
2 1120 53 20.996
3 881 28 63.539
4 555 44 27.693
5 184 6 63.258
6 528 21 37.224
7 1371 59 90.450
8 1247 53 85.310
9 292 57 7.170
10 699 40 92.891
11 856 4 76.236
12 690 58 88.794
13 384 60 7.304
14 441 52 63.607
15 94 34 43.741
16 88 52 41.719
17 353 51 81.272
18 1357 43 94.118
19 886 34 13.215
20 226 24 84.404
21 626 20 66.901
22 1271 40 41.555
23 760 12 99.719
24 152 10 90.735
25 111 3 11.849
26 377 7 66.256
27 724 3 14.321
28 702 48 55.158
29 675 28 49.860
30 488 26 25.562
31 379 16 87.508
32 274 52 98.068
33 338 37 60.578
34 352 25 72.188
35 837 45 46.782
36 384 58 78.190
37 784 31 48.550
38 534 49 56.683
39 131 52 80.901
40 16 7 62.129
41 466 30 4.632
42 1317 30 43.484
43 8 29 53.923
44 838 58 76.180
45 1097 55 86.178
46 429 47 72.799
47 1030 21 8.885
48 160 13 68.197
49 555 11 99.762
50 135 18 15.406
51 556 35 1.893
52 791 25 53.508
53 1153 44 52.035
54 904 54 40.690
55 1004 12 69.396
56 1237 20 40.676
57 686 29 91.117
58 1163 4 81.065
59 1396 4 76.884
60 102 52 50.874
61 450 4 91.310
62 1337 40 98.019
63 336 15 61.994
64 774 13 26.573
65 196 50 81.418
66 1101 42 88.455
67 1238 59 99.032
68 1346 26 55.347
69 280 11 97.961
70 200 53 30.712
71 454 42 60.656
72 1186 35 96.067
73 986 27 97.555
74 193 13 52.840
75 3 35 16.618
76 469 50 99.197
77 937 34 82.299
78 1355 40 27.368
79 1136 32 1.781
80 1338 13 84.175
81 805 33 66.281
82 74 7 32.344
83 467 54 14.795
84 138 14 50.785
85 14 11 88.635
86 723 60 55.066
87 1302 8 12.782
88 1364 48 97.834
89 495 9 80.038
90 444 40 3.048
91 112 34 17.944
92 193 48 77.378
93 308 9 12.280
94 1040 7 61.524
95 1263 60 41.968
96 632 54 42.706
97 710 44 65.854
98 1041 10 63.664
99 1025 49 73.849
100 1432 10 63.423
101 818 18 72.589
102 953 37 69.072
103 1380 45 29.384
104 1395 41 41.204
105 165 20 30.244
106 1332 6 11.548
107 299 8 26.182
108 1011 8 56.875
109 1238 13 85.201
110 334 4 86.067
111 17 49 60.287
112 772 33 13.039
113 406 22 83.459
114 433 43 8.942
115 509 56 21.314
116 225 43 66.337
117 1044 37 26.506
118 793 40 7.004
119 498 59 10.012
120 1300 34 60.184
121 19 46 8.173
122 879 10 42.435
123 757 52 35.241
124 1365 48 76.935
125 684 11 50.372
126 1158 41 21.522
127 1019 11 11.365
128 1159 55 67.883
129 628 31 8.689
130 1374 39 74.512
131 126 21 8.877
132 197 14 16.304
133 231 31 31.751
134 337 30 27.649
135 1341 51 15.373
136 1338 5 2.459
137 1196 45 53.883
138 1291 38 93.587
139 1285 50 94.994
140 631 50 99.196
141 545 2 70.888
142 999 28 35.787
143 1137 58 40.060
144 180 2 47.569
145 996 21 6.701
146 679 11 64.405
147 79 4 80.238
148 405 19 22.041
149 1035 7 59.390
150 936 9 16.977
151 924 28 26.613
152 207 29 31.856
153 125 52 55.871
154 1260 7 40.371
155 210 8 76.022
156 714 37 69.357
157 212 14 36.622
158 1231 34 89.499
159 1296 17 10.915
160 1115 32 81.970
161 517 10 33.889
162 870 27 29.656
163 1124 41 15.400
164 232 29 41.791
165 341 42 36.496
166 834 59 37.171
167 769 36 86.692
168 1091 7 28.338
169 991 5 23.027
170 684 35 62.329
171 1150 38 68.076
172 1080 50 10.421
173 634 56 34.466
174 250 25 6.873
175 579 10 63.880
176 554 58 4.965
177 959 47 7.655
178 1221 16 50.464
179 430 15 40.783
180 290 27 17.345
181 501 60 0.132
182 46 3 97.249
183 364 19 34.962
184 633 48 80.595
185 413 58 8.322
186 457 28 64.496
187 123 14 78.863
188 1232 8 74.626
189 1260 34 39.068
190 27 41 4.269
191 330 5 91.548
192 426 29 33.107
193 923 15 82.652
194 434 13 25.785
195 446 16 20.094
196 337 17 52.915
197 167 38 93.623
198 262 9 34.933
199 1387 4 25.353
200 1277 19 14.360