200
1 1245 48 56.146
2 1144 15 74.254
3 1248 6 58.036
4 605 6 54.628
5 65 58 23.477
6 280 11 8.544
7 644 36 9.172
8 110 46 19.922
9 230 30 51.744
10 227 17 92.204
11 190 11 9.990
12 905 31 94.866
13 262 45 66.244
14 1060 56 79.355
15 848 5 16.495
16 531 52 76.428
17 407 38 13.206
18 917 25 76.569
19 295 32 45.770
20 207 27 94.427
21 1301 14 33.122
22 554 23 61.769
23 169 52 34.916
24 848 41 5.343
25 341 60 42.807
26 489 20 31.918
27 830 42 70.049
28 1045 24 2.225
29 860 25 42.204
30 603 6 67.023
31 184 48 10.422
32 1247 38 15.924
33 239 60 58.336
34 985 34 69.581
35 431 4 35.764
36 652 52 40.879
37 300 39 23.966
38 941 7 4.198
39 564 8 81.420
40 313 33 53.777
41 1257 15 99.868
42 1423 40 80.461
43 294 41 55.383
44 1166 6 4.341
45 150 51 39.002
46 653 16 66.176
47 717 12 6.380
48 439 28 11.693
49 697 11 37.627
50 891 3 37.595
51 492 49 23.062
52 475 43 65.870
53 1270 48 50.286
54 1007 7 37.069
55 137 55 44.636
56 389 50 3.636
57 376 47 70.753
58 471 15 87.202
59 136 6 56.119
60 954 46 71.842
61 1391 41 45.774
62 394 13 84.564
63 281 43 23.055
64 664 3 15.008
65 1356 32 35.186
66 867 15 13.420
67 570 53 72.277
68 453 30 19.749
69 1187 25 79.638
70 325 44 57.830
71 731 1 23.536
72 51 42 98.587
73 178 50 33.568
74 1178 43 78.583
75 1001 14 0.070
76 1295 26 9.178
77 997 28 2.021
78 663 18 77.104
79 391 22 66.058
80 1314 60 4.151
81 365 42 53.943
82 730 47 82.061
83 922 4 24.334
84 917 56 27.847
85 4 21 86.509
86 557 43 4.891
87 1012 20 54.722
88 300 46 64.372
89 9 52 6.516
90 574 40 5.613
91 336 60 58.308
92 607 50 0.622
93 116 49 25.258
94 437 49 49.356
95 111 8 27.752
96 581 58 22.703
97 1238 21 60.726
98 393 35 65.769
99 604 14 82.201
100 81 54 21.973
101 458 2 8.101
102 1255 20 42.843
103 550 2 55.993
104 691 26 89.748
105 793 10 23.050
106 941 19 50.843
107 962 39 85.051
108 322 29 11.651
109 395 5 73.117
110 1304 19 43.261
111 946 58 21.573
112 1218 51 10.120
113 1139 5 8.933
114 1247 45 24.790
115 1365 46 36.066
116 1290 33 66.363
117 166 42 97.554
118 574 37 17.771
119 812 26 60.680
120 1106 15 7.112
121 917 43 68.147
122 88 2 20.627
123 935 12 38.594
124 1219 15 98.160
125 994 28 18.836
126 918 38 25.798
127 249 16 67.599
128 1170 8 6.144
129 1356 6 1.825
130 577 24 69.616
131 290 58 82.111
132 143 60 58.531
133 637 20 12.252
134 1175 10 8.586
135 236 32 26.687
136 1243 4 28.966
137 1045 16 79.071
138 425 32 65.147
139 10 22 8.768
140 453 7 57.826
141 419 55 73.690
142 1157 13 5.219
143 317 11 15.982
144 1133 59 13.574
145 377 23 94.130
146 990 18 34.119
147 1383 60 83.789
148 54 27 10.458
149 147 53 29.203
150 1301 50 3.869
151 23 50 29.266
152 565 7 14.211
153 260 27 61.867
154 993 11 46.015
155 946 36 0.826
156 178 56 81.394
157 1126 46 93.566
158 273 9 15.235
159 774 27 96.347
160 968 24 60.293
161 686 6 13.796
162 677 35 5.251
163 1021 41 37.013
164 678 17 17.987
165 750 43 95.217
166 696 20 27.136
167 787 9 23.228
168 840 31 72.097
169 1167 56 99.778
170 1278 39 85.717
171 703 29 0.130
172 135 45 76.521
173 472 4 55.510
174 794 13 89.705
175 1018 44 11.193
176 150 33 80.803
177 122 40 1.754
178 475 33 87.065
179 1046 53 87.212
180 393 35 79.424
181 1423 24 51.531
182 1385 48 10.486
183 716 12 97.404
184 293 35 32.249
185 386 15 46.345
186 369 33 86.493
187 1088 3 64.381
188 956 40 80.470
189 395 51 45.724
190 736 14 30.756
191 1139 20 54.417
192 443 33 95.132
193 1247 57 95.026
194 1275 42 41.097
195 853 11 5.865
196 961 59 79.040
197 536 60 57.149
198 729 24 12.979
199 1086 12 52.957
200 1266 1 98.205