200
1 232 35 30.040
2 1208 20 15.941
3 1075 7 17.442
4 714 25 78.109
5 513 10 84.979
6 537 45 31.008
7 410 7 84.687
8 1296 16 44.326
9 1419 25 75.798
10 1375 11 87.520
11 489 35 15.425
12 134 11 33.142
13 902 43 35.901
14 1356 37 31.231
15 1438 46 45.940
16 784 11 58.661
17 1002 16 76.278
18 1106 13 5.068
19 343 28 14.300
20 1335 56 64.512
21 1322 33 31.612
22 949 35 88.072
23 401 24 76.462
24 116 13 91.891
25 90 18 46.014
26 274 3 58.711
27 651 14 1.820
28 1027 52 60.684
29 140 38 52.763
30 995 16 5.241
31 479 3 84.552
32 575 32 71.374
33 974 57 41.762
34 1225 50 23.744
35 1187 17 75.583
36 1228 30 43.162
37 553 52 82.453
38 333 4 80.898
39 1434 39 42.469
40 1152 36 89.705
41 1319 58 44.469
42 343 4 31.497
43 238 24 13.448
44 351 16 90.582
45 555 6 57.745
46 33 35 59.713
47 119 32 35.133
48 319 56 66.515
49 425 35 51.808
50 90 60 17.359
51 1161 53 68.470
52 307 15 20.426
53 708 15 38.713
54 237 19 73.579
55 1063 58 48.952
56 823 60 52.430
57 1439 45 94.040
58 1004 11 50.414
59 403 6 30.186
60 873 51 35.629
61 241 5 43.403
62 1356 28 76.250
63 1085 58 24.986
64 577 36 52.584
65 1406 10 20.351
66 1029 42 69.488
67 1345 49 22.556
68 1128 9 2.295
69 933 6 15.905
70 615 57 25.245
71 670 1 54.873
72 313 17 6.685
73 710 36 86.297
74 398 3 45.665
75 1040 40 13.604
76 1349 13 15.760
77 1408 26 80.993
78 983 58 81.178
79 507 46 68.401
80 821 41 12.379
81 688 49 45.151
82 433 33 22.612
83 14 9 77.355
84 1149 46 12.242
85 1038 8 22.621
86 657 6 63.960
87 1097 14 59.443
88 571 24 55.623
89 957 19 37.799
90 1067 49 44.784
91 1017 58 5.518
92 1215 22 22.841
93 521 17 54.289
94 110 14 37.332
95 89 38 41.077
96 216 8 8.365
97 1036 35 69.070
98 523 56 61.484
99 426 33 27.886
100 373 38 8.867
101 236 21 99.569
102 1071 45 3.511
103 876 14 33.301
104 1210 45 36.964
105 1403 22 8.534
106 1233 48 68.118
107 960 36 42.235
108 56 24 53.165
109 505 2 80.320
110 976 44 70.185
111 1303 40 37.104
112 1150 60 59.137
113 882 25 43.257
114 1 27 44.412
115 577 35 59.140
116 935 2 74.605
117 1196 30 59.669
118 879 55 38.889
119 392 15 99.951
120 136 49 27.037
121 1282 23 85.830
122 1020 31 41.663
123 1253 6 42.307
124 19 15 99.772
125 848 43 13.792
126 734 56 8.966
127 463 44 25.948
128 755 23 23.474
129 742 27 33.253
130 395 29 59.841
131 1391 37 87.334
132 1008 27 19.368
133 224 43 34.077
134 1220 45 44.300
135 429 28 48.893
136 860 49 20.346
137 1011 55 26.509
138 805 8 71.785
139 166 19 45.382
140 1073 9 34.234
141 79 39 43.606
142 1081 22 52.054
143 670 53 36.146
144 1088 19 72.181
145 1121 21 91.116
146 481 13 4.421
147 776 46 3.348
148 1140 13 25.034
149 119 38 33.236
150 163 49 35.091
151 1298 24 53.356
152 1372 53 60.224
153 576 39 44.842
154 1247 49 27.450
155 309 59 51.394
156 13 42 15.163
157 1070 32 54.230
158 439 23 2.698
159 291 38 98.035
160 2 46 36.001
161 1189 12 9.487
162 1034 35 78.541
163 773 14 4.275
164 32 3 96.344
165 167 58 33.002
166 693 35 33.936
167 860 2 56.402
168 1410 14 62.676
169 832 54 28.384
170 91 19 74.981
171 68 15 52.845
172 1425 24 97.602
173 53 26 7.254
174 637 39 74.050
175 467 60 29.108
176 650 18 41.240
177 889 51 44.713
178 1184 58 63.860
179 737 10 86.786
180 961 36 15.208
181 169 25 40.420
182 601 18 99.116
183 1027 14 53.485
184 112 50 85.343
185 233 53 3.093
186 66 6 38.540
187 85 31 66.272
188 660 43 90.406
189 571 16 53.634
190 45 33 69.277
191 382 33 60.386
192 904 48 22.691
193 1078 22 42.315
194 1279 48 70.219
195 828 10 8.991
196 584 30 94.137
197 1369 42 1.942
198 12 27 88.077
199 145 23 57.035
200 145 15 98.321