200
1 1090 1 66.236
2 4 46 95.077
3 274 41 35.720
4 1204 4 85.531
5 1242 16 18.712
6 46 16 48.057
7 623 55 27.250
8 1322 44 51.935
9 1147 60 72.916
10 1204 35 26.088
11 216 35 14.086
12 317 6 41.193
13 382 6 50.868
14 507 25 88.428
15 419 4 79.062
16 649 27 35.447
17 647 39 0.699
18 605 35 68.485
19 1061 16 31.300
20 689 45 47.819
21 624 56 42.900
22 1024 4 86.469
23 455 13 59.320
24 453 14 68.157
25 861 42 2.938
26 884 3 92.269
27 880 10 13.247
28 237 13 89.790
29 829 46 2.270
30 724 29 3.053
31 585 14 45.179
32 319 5 13.103
33 614 60 57.311
34 101 31 5.551
35 372 11 78.866
36 962 13 47.992
37 901 60 66.145
38 1440 59 42.575
39 61 41 63.326
40 184 21 61.794
41 161 18 76.491
42 856 54 24.504
43 343 2 64.889
44 1145 46 12.802
45 1253 56 13.464
46 690 20 42.693
47 647 3 77.359
48 973 34 61.395
49 1245 26 90.389
50 671 42 60.944
51 388 10 87.175
52 78 48 86.376
53 1241 57 21.644
54 492 29 75.929
55 599 47 3.263
56 1070 52 76.908
57 356 57 15.828
58 567 32 34.217
59 26 15 78.320
60 299 52 49.874
61 896 27 94.185
62 114 39 28.270
63 250 60 13.727
64 534 42 94.126
65 180 2 69.266
66 1278 3 46.869
67 1089 49 69.606
68 838 39 96.537
69 681 46 54.251
70 1341 2 59.059
71 1186 57 93.100
72 753 36 50.803
73 720 2 4.910
74 682 4 27.003
75 1075 1 44.305
76 1363 32 28.229
77 655 50 26.528
78 1141 15 57.459
79 1252 27 44.195
80 970 3 68.264
81 231 57 85.181
82 622 28 67.112
83 1138 2 55.928
84 237 53 20.927
85 1425 15 99.421
86 806 42 5.240
87 373 5 71.508
88 31 54 33.176
89 283 5 67.108
90 506 34 44.239
91 696 2 65.255
92 1382 40 39.136
93 1172 23 86.671
94 677 38 91.475
95 1325 49 82.273
96 15 39 11.357
97 874 12 86.941
98 774 6 39.124
99 1339 21 3.110
100 576 19 63.478
101 722 33 3.270
102 393 42 60.626
103 582 27 78.312
104 1 33 45.654
105 624 23 54.279
106 530 21 7.894
107 1008 1 24.646
108 438 24 26.280
109 805 48 28.656
110 593 10 93.916
111 401 41 17.805
112 423 49 78.806
113 392 21 54.044
114 378 10 52.183
115 1201 20 24.836
116 37 4 17.811
117 773 5 17.130
118 1016 20 48.334
119 679 38 67.353
120 334 23 1.833
121 1157 4 19.106
122 437 57 98.709
123 1344 14 13.813
124 1057 24 86.930
125 513 28 95.516
126 1254 5 87.072
127 409 37 21.194
128 1191 13 99.415
129 96 14 58.366
130 536 13 30.247
131 1308 48 55.233
132 1323 40 44.176
133 929 41 84.347
134 1319 42 0.915
135 1259 7 44.264
136 25 29 56.228
137 32 59 0.160
138 897 14 16.694
139 1224 21 29.482
140 675 19 31.735
141 1329 22 42.487
142 336 1 35.737
143 328 5 88.135
144 999 6 69.261
145 1304 1 51.300
146 431 11 35.965
147 53 33 27.445
148 1121 47 27.806
149 759 37 19.422
150 1164 50 70.808
151 1160 40 50.022
152 163 39 26.594
153 857 43 88.469
154 1210 2 7.668
155 818 55 37.193
156 572 38 68.154
157 29 50 28.740
158 963 17 63.706
159 40 12 13.817
160 860 30 23.835
161 231 55 34.892
162 87 27 20.625
163 703 55 27.752
164 185 33 44.409
165 13 43 80.780
166 580 39 89.858
167 1254 44 61.935
168 1333 45 78.129
169 659 46 10.798
170 186 49 5.840
171 913 54 87.089
172 417 40 3.990
173 390 52 94.709
174 595 47 35.682
175 985 9 50.512
176 605 14 57.713
177 969 26 97.728
178 263 1 83.844
179 271 53 80.965
180 876 57 60.382
181 968 55 34.087
182 676 36 95.252
183 1022 16 1.952
184 1153 31 64.592
185 864 40 19.723
186 823 58 51.080
187 35 19 73.037
188 267 1 65.107
189 878 27 6.956
190 1244 14 57.211
191 1132 39 10.722
192 98 59 24.513
193 774 16 40.878
194 89 59 23.575
195 1343 24 99.042
196 1063 45 4.305
197 291 1 23.874
198 1380 50 19.051
199 951 3 4.169
200 1211 30 11.475