200
1 695 43 59.391
2 1144 19 70.982
3 1370 14 4.066
4 980 41 49.017
5 1194 22 4.822
6 809 13 80.759
7 9 41 72.910
8 934 56 75.359
9 1420 60 56.731
10 1119 22 57.157
11 1414 46 24.626
12 383 21 38.435
13 950 41 75.585
14 522 41 11.144
15 1437 8 32.817
16 1355 14 42.519
17 425 11 30.400
18 730 22 2.971
19 537 26 14.885
20 54 20 86.150
21 565 55 57.808
22 1065 60 33.341
23 300 49 18.139
24 742 43 97.717
25 1259 5 60.215
26 818 22 11.173
27 1358 50 86.689
28 616 23 62.245
29 454 16 16.134
30 363 39 68.030
31 1019 3 77.653
32 630 2 18.700
33 433 43 9.989
34 1271 29 43.874
35 1307 14 11.553
36 601 10 39.514
37 734 18 48.459
38 1171 58 27.047
39 547 2 0.392
40 430 57 35.611
41 159 13 63.656
42 889 28 6.876
43 1187 40 59.675
44 716 60 37.893
45 1363 54 25.792
46 505 7 1.050
47 816 48 47.586
48 15 17 81.108
49 342 9 33.145
50 947 56 43.379
51 372 44 31.569
52 373 10 72.339
53 1347 25 19.575
54 160 8 20.918
55 1401 11 46.735
56 829 43 50.509
57 124 47 8.761
58 603 39 70.973
59 1366 20 51.526
60 460 51 3.625
61 210 58 68.662
62 163 41 56.745
63 629 28 65.046
64 1253 22 27.832
65 27 46 32.216
66 335 58 95.320
67 1118 16 35.381
68 259 23 80.411
69 368 57 33.278
70 249 60 60.636
71 218 48 16.813
72 44 42 58.492
73 133 10 32.370
74 991 57 61.277
75 473 29 10.445
76 1004 34 76.521
77 867 39 2.202
78 188 36 33.218
79 440 52 36.553
80 1163 7 74.180
81 571 3 10.672
82 130 31 18.435
83 1127 37 3.032
84 1124 5 78.891
85 1384 16 1.204
86 1413 36 39.297
87 9 34 58.012
88 854 10 92.196
89 1376 26 92.771
90 1032 40 44.068
91 802 10 28.182
92 792 5 19.583
93 350 31 40.523
94 1411 29 31.651
95 1138 10 6.759
96 415 19 39.426
97 1121 53 22.245
98 945 19 85.309
99 1021 40 41.040
100 1365 17 30.536
101 182 42 46.114
102 721 29 96.398
103 1170 48 38.608
104 323 26 28.434
105 1003 32 53.188
106 418 6 17.336
107 337 3 88.594
108 1400 2 64.126
109 453 30 11.891
110 4 59 57.364
111 254 14 82.728
112 291 42 72.336
113 463 12 28.025
114 163 18 70.689
115 173 37 96.430
116 1397 1 63.775
117 1302 6 27.728
118 684 1 84.433
119 839 10 0.295
120 897 28 36.777
121 743 49 16.958
122 849 18 51.465
123 17 55 88.288
124 673 5 86.321
125 1231 16 53.832
126 323 17 76.368
127 24 48 72.945
128 747 32 33.170
129 1348 54 21.192
130 1394 31 77.582
131 386 9 78.754
132 165 59 62.929
133 528 31 13.209
134 184 13 8.084
135 1295 56 95.283
136 326 57 54.572
137 1283 19 28.394
138 512 51 81.873
139 284 7 75.627
140 164 21 26.574
141 66 34 75.845
142 143 5 7.429
143 1023 47 88.960
144 1212 46 81.753
145 294 15 49.735
146 949 31 24.971
147 423 20 20.291
148 1103 41 33.084
149 632 3 31.342
150 1388 15 50.871
151 570 4 10.759
152 835 40 65.245
153 128 22 39.719
154 767 18 34.075
155 19 38 34.617
156 780 23 11.420
157 1191 12 47.372
158 234 55 2.246
159 297 15 45.072
160 565 25 83.152
161 341 46 27.948
162 1022 59 82.704
163 52 30 55.374
164 600 39 5.282
165 370 4 92.953
166 955 23 86.001
167 54 14 19.191
168 727 52 43.328
169 1269 59 26.933
170 773 6 58.217
171 926 4 67.512
172 1228 21 10.367
173 659 26 32.797
174 411 21 64.216
175 546 17 71.932
176 233 43 43.318
177 323 16 13.038
178 527 59 3.479
179 113 45 82.611
180 985 23 29.304
181 346 41 76.462
182 61 20 26.980
183 211 4 67.338
184 536 24 44.138
185 2 21 51.355
186 859 54 86.335
187 407 6 75.955
188 1227 41 43.922
189 446 16 33.555
190 660 41 32.847
191 479 38 38.440
192 37 47 88.613
193 603 56 85.554
194 465 31 23.111
195 654 41 7.582
196 673 28 10.134
197 1233 19 48.755
198 1215 7 23.193
199 714 34 7.773
200 437 46 73.798