200
1 969 37 83.899
2 1024 10 64.665
3 259 8 60.757
4 1054 11 4.045
5 1170 3 13.244
6 69 26 49.982
7 1342 41 28.459
8 370 50 13.090
9 829 34 2.428
10 365 41 85.850
11 824 15 45.854
12 1234 4 63.159
13 748 60 3.556
14 609 15 68.233
15 693 26 7.756
16 1388 6 56.412
17 778 43 26.286
18 681 18 50.149
19 844 32 48.297
20 639 34 6.257
21 332 46 36.109
22 114 49 47.288
23 729 4 89.539
24 814 42 38.353
25 1224 39 7.444
26 590 60 71.556
27 1185 17 30.892
28 323 45 14.819
29 1070 4 74.721
30 1196 32 18.869
31 995 46 71.872
32 280 5 91.611
33 1150 49 66.428
34 1300 7 87.288
35 898 19 33.730
36 251 53 49.141
37 1252 52 56.486
38 306 43 39.789
39 1282 40 19.157
40 372 26 28.659
41 1101 12 27.982
42 1376 51 17.940
43 443 17 58.568
44 833 30 72.024
45 1159 32 23.217
46 575 30 43.174
47 923 8 66.701
48 648 59 23.054
49 84 33 47.619
50 715 30 72.710
51 149 35 30.711
52 1133 59 0.785
53 553 27 1.217
54 831 59 37.062
55 1077 4 38.367
56 1014 5 78.643
57 640 9 25.358
58 12 53 60.150
59 1147 19 21.313
60 934 43 60.492
61 510 55 53.874
62 745 20 6.572
63 1253 5 55.515
64 482 19 85.202
65 737 9 70.359
66 1357 34 51.347
67 659 41 68.925
68 270 2 26.216
69 457 6 69.949
70 327 2 14.573
71 588 35 95.151
72 621 29 40.310
73 127 45 61.715
74 1190 9 33.668
75 474 27 58.232
76 1045 32 14.719
77 166 26 63.195
78 14 37 32.412
79 317 58 24.532
80 892 59 83.402
81 222 52 25.445
82 959 25 53.631
83 817 22 61.005
84 1231 15 89.701
85 46 58 88.577
86 146 42 82.859
87 461 18 31.496
88 1012 3 81.290
89 833 39 92.278
90 499 51 85.177
91 350 11 46.340
92 1331 5 42.506
93 1285 53 62.147
94 99 55 63.352
95 463 26 83.135
96 562 46 81.493
97 90 26 79.543
98 1399 52 50.847
99 183 22 15.687
100 1181 24 23.263
101 662 57 56.548
102 833 39 76.918
103 996 14 35.452
104 155 52 17.436
105 796 60 64.880
106 733 58 3.465
107 1017 46 56.562
108 584 7 41.877
109 937 40 67.823
110 17 42 76.756
111 1113 59 32.680
112 1255 58 76.960
113 454 12 16.539
114 702 33 99.911
115 491 17 40.133
116 177 23 7.754
117 35 23 48.569
118 752 2 61.527
119 299 37 89.749
120 1104 10 70.118
121 1299 53 82.074
122 377 45 62.292
123 525 59 51.575
124 1199 54 57.357
125 126 43 10.583
126 812 49 31.835
127 860 6 38.541
128 1136 10 1.292
129 1064 41 58.770
130 1020 22 49.512
131 828 46 7.570
132 523 52 16.221
133 522 9 3.445
134 328 49 87.376
135 531 13 14.709
136 482 28 70.433
137 1244 41 29.908
138 1379 12 96.802
139 330 29 80.064
140 1313 33 37.155
141 1411 43 15.990
142 743 24 74.498
143 1104 12 97.782
144 835 47 6.115
145 991 11 96.887
146 667 37 30.004
147 631 11 90.061
148 811 23 81.962
149 114 31 79.088
150 770 38 14.756
151 812 43 14.526
152 588 46 35.974
153 535 44 67.134
154 444 9 97.029
155 508 18 41.330
156 897 3 79.504
157 825 8 40.764
158 1270 42 77.810
159 1194 11 42.226
160 617 13 20.964
161 1321 14 69.227
162 489 15 74.900
163 823 44 9.599
164 721 4 8.919
165 858 39 99.121
166 123 48 75.290
167 1319 47 63.360
168 1213 24 8.098
169 755 27 94.055
170 556 42 61.191
171 992 36 20.364
172 936 29 51.227
173 1100 20 59.386
174 1407 34 22.445
175 474 49 67.365
176 547 7 91.848
177 14 52 78.553
178 182 48 23.684
179 1248 52 59.207
180 949 55 97.570
181 1227 13 67.866
182 945 49 54.937
183 1015 37 43.109
184 1160 13 77.483
185 902 1 84.248
186 1253 60 81.429
187 1178 60 87.091
188 866 42 24.935
189 995 8 50.273
190 740 38 31.476
191 1150 19 6.459
192 1386 54 18.572
193 1401 45 43.762
194 1191 17 10.295
195 179 18 13.255
196 543 35 74.631
197 440 25 63.502
198 643 33 63.464
199 368 25 91.745
200 1336 24 81.765