200
1 171 34 46.972
2 1243 26 11.345
3 780 45 13.903
4 261 44 57.182
5 815 43 58.474
6 928 49 42.403
7 270 60 87.484
8 1428 28 50.404
9 1405 21 2.939
10 303 43 74.479
11 300 2 13.298
12 1145 3 17.264
13 42 54 69.069
14 1287 42 64.523
15 613 30 68.882
16 878 53 55.840
17 654 41 74.126
18 1257 9 69.513
19 1326 38 62.645
20 941 53 17.050
21 358 28 98.336
22 1140 7 11.040
23 786 12 96.315
24 1390 35 87.836
25 1323 34 18.129
26 702 20 84.984
27 426 57 39.456
28 34 18 1.447
29 632 34 16.702
30 215 32 77.936
31 350 22 83.547
32 5 8 50.167
33 742 48 13.922
34 1026 29 86.136
35 606 20 87.898
36 210 46 94.866
37 1174 44 70.853
38 111 44 19.029
39 853 11 33.724
40 594 22 12.516
41 222 46 62.891
42 754 29 9.406
43 149 17 98.890
44 856 40 79.756
45 926 7 31.772
46 1386 39 96.842
47 953 58 9.381
48 873 34 36.938
49 555 45 38.104
50 793 11 54.502
51 282 15 91.179
52 390 16 14.082
53 921 48 64.194
54 368 50 20.833
55 639 12 57.988
56 723 5 75.546
57 582 47 7.404
58 934 20 74.917
59 717 42 49.241
60 489 45 30.730
61 1042 7 84.249
62 793 13 48.115
63 607 7 12.825
64 940 25 21.738
65 848 40 93.645
66 777 31 32.313
67 408 26 57.920
68 1348 52 56.222
69 399 47 72.225
70 814 26 52.791
71 154 44 19.837
72 1006 34 6.235
73 1197 32 10.551
74 934 34 5.844
75 1058 40 1.652
76 625 56 41.913
77 185 16 26.237
78 1271 18 20.556
79 778 20 67.455
80 625 19 30.891
81 127 53 65.226
82 279 2 60.934
83 476 9 78.154
84 1210 50 57.697
85 124 45 41.444
86 1034 1 20.352
87 994 20 96.579
88 1015 42 59.417
89 1411 59 35.985
90 1368 31 47.677
91 846 24 35.344
92 130 46 86.488
93 433 51 88.159
94 617 31 21.226
95 524 31 96.912
96 463 47 63.332
97 1152 54 81.731
98 807 28 71.799
99 861 37 19.039
100 317 31 34.508
101 173 14 55.538
102 115 12 99.653
103 992 48 35.568
104 497 33 92.888
105 654 60 56.990
106 1303 15 46.007
107 455 29 27.213
108 1317 27 93.412
109 496 41 56.365
110 901 15 98.269
111 810 8 20.864
112 1009 3 43.352
113 58 31 23.485
114 1338 21 1.449
115 447 25 42.515
116 696 28 18.577
117 1155 6 4.456
118 599 12 64.937
119 6 35 1.482
120 34 36 97.888
121 933 4 19.808
122 609 39 38.150
123 1215 38 62.093
124 1217 25 84.908
125 605 7 4.307
126 895 54 19.023
127 92 40 4.044
128 1090 33 5.099
129 1387 30 26.488
130 126 28 77.678
131 376 60 15.650
132 169 28 76.380
133 348 8 85.345
134 1313 36 88.667
135 1354 3 73.056
136 807 7 76.070
137 134 30 93.939
138 589 4 88.090
139 1360 55 28.666
140 244 3 79.645
141 532 16 42.459
142 547 55 18.571
143 826 44 75.618
144 382 24 41.109
145 968 8 41.573
146 1134 41 57.435
147 164 3 16.021
148 126 58 88.622
149 106 41 87.009
150 41 27 38.532
151 1163 49 26.526
152 1363 35 50.594
153 924 22 54.923
154 965 59 37.209
155 915 36 7.242
156 36 48 23.723
157 1216 36 31.448
158 320 7 31.656
159 948 42 77.711
160 1080 27 84.458
161 716 17 4.928
162 884 16 97.521
163 23 24 74.559
164 613 33 75.535
165 1281 8 29.410
166 1044 41 85.098
167 869 4 30.717
168 793 28 90.353
169 127 45 58.546
170 1432 1 55.231
171 630 45 81.226
172 851 28 51.007
173 114 50 60.421
174 583 18 92.112
175 993 51 61.257
176 827 43 40.488
177 1265 28 67.184
178 96 59 64.925
179 74 46 40.489
180 631 58 9.263
181 104 15 73.348
182 1204 23 21.479
183 663 19 0.928
184 114 25 77.246
185 19 16 42.634
186 618 12 25.318
187 1324 34 69.963
188 656 45 0.034
189 784 29 21.725
190 390 57 40.285
191 677 48 21.431
192 252 47 13.392
193 1239 45 29.201
194 943 15 72.662
195 730 20 19.897
196 950 11 52.196
197 1304 4 18.224
198 983 28 24.579
199 1129 42 35.775
200 511 15 55.816