200
1 1241 44 92.454
2 751 6 78.108
3 1393 49 90.501
4 990 3 22.098
5 1170 20 24.036
6 1365 51 61.738
7 1257 54 33.321
8 1211 2 78.336
9 546 2 31.689
10 412 47 2.885
11 575 8 3.103
12 333 26 51.620
13 1141 33 86.022
14 484 57 11.459
15 1077 16 46.752
16 832 16 60.865
17 885 19 12.453
18 479 29 10.475
19 1317 57 85.808
20 569 43 13.488
21 1076 38 2.033
22 323 47 70.980
23 958 30 67.982
24 488 23 94.719
25 169 7 11.874
26 767 31 81.173
27 1168 25 67.072
28 872 37 28.854
29 1049 5 9.520
30 382 50 70.169
31 660 27 51.277
32 1011 60 97.734
33 296 14 21.695
34 939 56 38.978
35 487 16 57.173
36 397 25 91.405
37 1380 8 96.391
38 686 50 97.384
39 859 6 78.186
40 733 58 63.866
41 331 20 10.842
42 279 8 24.391
43 1027 10 88.685
44 1386 26 7.123
45 217 16 95.024
46 183 49 48.535
47 716 21 91.872
48 65 54 51.140
49 87 43 20.220
50 343 37 3.317
51 923 17 70.724
52 172 42 35.785
53 64 44 72.819
54 1151 5 53.309
55 1166 6 26.230
56 510 29 86.862
57 344 33 31.012
58 954 30 95.184
59 559 20 96.851
60 85 18 58.845
61 476 1 18.609
62 1135 6 30.532
63 215 15 97.467
64 1233 6 44.525
65 917 4 36.967
66 943 1 54.409
67 1237 1 51.019
68 1029 35 72.786
69 1376 14 50.968
70 1398 31 96.448
71 819 9 69.983
72 247 53 87.278
73 270 31 79.328
74 313 49 3.042
75 892 40 43.102
76 143 12 57.153
77 307 9 44.262
78 1034 3 82.585
79 49 21 78.430
80 1207 60 89.966
81 180 33 40.902
82 977 49 97.296
83 1209 54 29.543
84 1066 30 12.845
85 1267 39 85.107
86 1407 48 4.795
87 1025 31 51.854
88 1201 39 72.126
89 43 51 19.835
90 154 35 82.755
91 494 55 35.888
92 852 40 31.363
93 1043 40 26.948
94 697 2 67.569
95 1311 32 32.118
96 964 56 54.757
97 754 25 61.009
98 353 7 45.495
99 185 36 90.602
100 220 28 92.713
101 1429 48 62.216
102 1036 9 73.442
103 216 45 14.333
104 999 58 60.102
105 546 20 80.178
106 284 18 7.531
107 4 13 59.976
108 605 30 90.121
109 814 36 90.068
110 729 52 76.789
111 412 29 6.856
112 1264 1 8.399
113 469 57 79.259
114 194 2 54.704
115 797 47 74.055
116 32 11 81.737
117 643 41 54.608
118 728 7 37.047
119 1279 40 70.236
120 1374 57 64.292
121 188 18 44.795
122 149 39 48.509
123 806 19 8.014
124 736 41 25.788
125 716 48 12.437
126 1390 40 9.972
127 1095 38 70.509
128 784 48 31.616
129 1119 41 29.565
130 1270 38 60.557
131 797 2 30.709
132 615 18 33.977
133 13 53 61.251
134 516 31 93.930
135 499 50 34.801
136 329 45 22.799
137 281 44 82.891
138 223 20 7.837
139 254 27 91.814
140 392 8 5.151
141 347 54 84.062
142 1311 47 94.587
143 1346 2 56.726
144 967 48 12.175
145 1384 53 86.995
146 809 21 80.869
147 1333 60 94.086
148 760 13 22.309
149 510 46 5.740
150 1245 41 93.190
151 472 8 61.904
152 478 53 13.660
153 654 29 81.367
154 1293 44 36.912
155 749 28 90.037
156 1226 42 31.923
157 762 52 20.563
158 889 8 12.898
159 11 43 9.079
160 287 58 57.637
161 895 25 10.016
162 123 55 11.895
163 116 27 58.057
164 1047 9 22.734
165 866 25 35.850
166 516 20 64.251
167 798 11 16.589
168 675 59 8.308
169 790 50 15.091
170 408 8 57.360
171 1046 14 98.596
172 1185 52 25.931
173 149 36 45.607
174 97 28 42.996
175 37 45 41.283
176 1347 7 14.963
177 1289 9 99.239
178 459 20 50.796
179 671 40 99.402
180 687 57 56.278
181 481 58 56.754
182 940 59 37.361
183 1414 30 45.912
184 812 2 78.077
185 354 15 74.468
186 495 36 62.146
187 804 1 23.077
188 1041 46 79.051
189 181 14 24.645
190 91 51 37.861
191 736 26 85.139
192 1175 35 48.927
193 1038 58 18.306
194 383 42 41.901
195 97 56 54.549
196 993 60 95.803
197 1116 54 78.972
198 34 38 13.119
199 1388 28 48.313
200 660 20 8.314