200
1 1198 58 30.207
2 904 53 45.234
3 773 9 15.752
4 1275 25 24.659
5 1289 50 40.954
6 786 11 53.869
7 18 10 71.664
8 1052 26 29.019
9 999 18 46.351
10 1116 10 60.982
11 392 45 77.025
12 716 25 51.131
13 769 46 78.466
14 98 26 30.685
15 125 12 78.916
16 341 18 5.106
17 707 54 8.756
18 674 5 64.951
19 626 36 65.004
20 1397 32 87.818
21 639 1 95.165
22 25 28 57.128
23 503 25 65.942
24 945 33 9.074
25 1053 6 83.114
26 1018 29 6.305
27 365 38 10.201
28 819 46 23.344
29 780 39 34.186
30 689 45 45.405
31 702 2 49.288
32 757 24 43.551
33 1150 60 73.974
34 1298 36 51.570
35 313 46 53.093
36 508 59 91.285
37 688 10 49.839
38 5 54 66.603
39 1025 49 25.174
40 658 44 53.716
41 956 33 52.344
42 888 16 36.347
43 330 5 20.888
44 1017 54 38.837
45 21 51 43.086
46 1264 27 31.436
47 1135 24 76.836
48 253 4 20.816
49 81 53 1.795
50 1183 1 60.253
51 514 19 8.700
52 1305 23 54.591
53 1094 32 32.759
54 99 59 43.448
55 1224 26 98.840
56 658 11 80.259
57 112 34 49.842
58 613 24 54.280
59 1334 5 58.282
60 165 52 32.458
61 647 32 2.870
62 1193 3 71.628
63 771 36 86.415
64 1197 22 6.751
65 463 26 82.985
66 1058 51 36.289
67 277 28 55.724
68 808 8 7.041
69 489 56 31.944
70 729 24 73.809
71 215 46 96.474
72 1246 3 45.025
73 43 35 16.306
74 978 36 41.275
75 332 42 50.709
76 998 59 91.835
77 1333 38 41.878
78 102 18 83.684
79 881 15 46.417
80 683 21 3.132
81 1088 6 76.428
82 628 41 6.708
83 1010 28 51.282
84 1261 50 32.257
85 406 9 40.213
86 556 60 72.179
87 364 17 82.238
88 354 5 16.871
89 472 34 40.900
90 179 27 37.517
91 770 8 98.349
92 296 34 53.095
93 816 1 3.712
94 1155 16 29.823
95 1340 52 17.201
96 1212 5 83.511
97 584 16 4.934
98 449 8 44.433
99 557 51 81.133
100 280 7 28.916
101 583 54 13.393
102 785 52 56.522
103 1281 37 95.361
104 274 15 67.604
105 1354 51 66.963
106 371 46 82.565
107 698 43 17.639
108 698 27 5.151
109 252 15 1.668
110 575 43 63.215
111 1156 6 31.025
112 323 47 79.761
113 1047 20 74.071
114 65 14 36.645
115 1100 30 42.575
116 697 35 67.809
117 1379 48 28.990
118 97 12 14.407
119 1043 33 5.186
120 879 8 31.185
121 171 20 26.810
122 412 28 14.587
123 1252 13 55.588
124 677 10 50.955
125 78 24 21.831
126 1373 5 51.509
127 135 6 43.139
128 167 13 94.989
129 162 17 18.304
130 948 41 55.564
131 441 15 25.656
132 663 50 37.973
133 503 18 78.463
134 1431 47 78.374
135 870 1 93.569
136 277 20 64.931
137 1167 29 33.434
138 546 39 34.114
139 1181 18 18.800
140 1440 49 41.374
141 1326 59 46.963
142 1324 44 8.540
143 883 60 50.979
144 1370 43 58.335
145 1021 13 13.538
146 342 56 6.818
147 703 24 8.977
148 946 16 20.588
149 780 23 93.788
150 403 38 64.020
151 606 14 55.593
152 1113 43 63.491
153 880 7 11.065
154 909 13 81.152
155 536 50 33.688
156 1115 40 4.787
157 591 11 67.157
158 1311 54 79.292
159 968 60 18.169
160 414 21 23.751
161 709 6 35.616
162 1154 13 39.271
163 276 4 10.555
164 366 50 84.793
165 636 42 44.840
166 972 36 55.087
167 360 38 48.717
168 477 9 53.838
169 991 55 96.330
170 589 25 85.647
171 1030 19 18.046
172 1439 34 3.587
173 883 60 71.413
174 12 43 25.813
175 713 48 92.709
176 620 51 78.820
177 1033 21 23.259
178 1101 59 24.902
179 480 25 28.656
180 357 19 69.260
181 623 58 19.945
182 980 23 0.872
183 1399 37 22.675
184 568 33 2.334
185 962 7 66.839
186 1163 23 25.362
187 1391 49 7.834
188 321 47 96.488
189 79 21 18.145
190 189 2 57.292
191 16 36 72.350
192 1142 24 28.639
193 140 15 63.052
194 272 4 21.353
195 1026 26 19.313
196 1170 29 45.593
197 966 26 25.553
198 1275 40 58.773
199 185 36 98.882
200 538 33 59.427