200
1 108 30 27.042
2 679 10 58.565
3 1415 29 67.214
4 485 4 76.568
5 627 40 88.776
6 638 55 20.158
7 320 4 92.178
8 118 17 34.086
9 336 40 8.523
10 570 4 82.729
11 698 29 20.846
12 1247 58 24.242
13 659 31 70.436
14 1003 12 70.301
15 1205 56 39.943
16 1100 54 22.003
17 91 20 7.131
18 528 51 18.069
19 970 5 71.672
20 394 48 52.176
21 135 3 28.021
22 703 21 80.451
23 1063 6 75.970
24 46 23 99.034
25 677 4 57.015
26 1006 26 75.268
27 513 7 0.864
28 649 19 24.533
29 1188 58 30.052
30 456 60 22.672
31 1308 5 8.480
32 877 55 67.204
33 670 27 70.449
34 447 20 22.194
35 870 26 3.907
36 1341 43 71.628
37 1223 34 71.484
38 305 15 75.927
39 583 58 3.733
40 386 30 93.442
41 164 15 62.950
42 1160 23 35.170
43 600 17 27.078
44 317 18 33.262
45 1027 38 49.055
46 1231 29 53.753
47 409 13 10.774
48 990 6 91.507
49 289 29 14.102
50 1051 24 76.201
51 681 4 87.525
52 284 23 11.886
53 644 28 90.179
54 489 55 17.428
55 1209 18 11.554
56 1241 4 99.701
57 1348 50 48.538
58 266 14 55.973
59 1142 3 74.819
60 967 29 56.317
61 234 25 88.051
62 510 14 62.362
63 12 33 5.694
64 630 13 34.652
65 791 26 60.509
66 817 44 3.575
67 726 37 13.142
68 42 37 59.849
69 574 42 29.156
70 407 42 27.586
71 616 35 88.465
72 832 29 96.528
73 792 21 4.939
74 742 8 86.915
75 189 34 97.870
76 1184 21 65.640
77 310 1 51.181
78 1293 9 83.605
79 294 1 5.000
80 1044 17 16.544
81 1034 31 35.578
82 44 14 0.613
83 822 47 89.646
84 1299 14 77.360
85 1043 34 60.810
86 409 12 20.164
87 620 44 9.150
88 1189 34 22.251
89 975 30 42.624
90 1361 51 65.784
91 1411 4 86.216
92 204 40 79.536
93 638 55 12.875
94 839 56 8.302
95 256 5 36.330
96 91 12 77.652
97 284 27 96.600
98 1406 27 63.330
99 943 32 69.449
100 123 15 80.339
101 985 57 79.553
102 806 40 12.186
103 398 15 12.695
104 849 10 70.209
105 76 43 45.176
106 667 3 60.497
107 837 11 97.635
108 928 7 85.302
109 1223 3 84.876
110 674 39 57.739
111 223 7 64.802
112 59 17 25.307
113 288 14 0.165
114 37 45 76.211
115 778 36 27.201
116 687 15 60.902
117 795 53 9.055
118 414 10 53.942
119 35 56 8.816
120 923 54 56.313
121 765 13 86.781
122 56 27 71.779
123 236 35 58.748
124 691 23 17.575
125 816 13 28.024
126 426 8 95.833
127 263 56 42.080
128 242 38 45.890
129 206 31 34.542
130 1360 55 41.454
131 393 55 18.284
132 437 60 97.179
133 624 43 61.842
134 803 49 47.544
135 1189 24 11.631
136 470 39 33.312
137 1386 11 80.658
138 441 43 79.635
139 457 27 38.196
140 1163 45 46.247
141 701 4 94.559
142 605 35 33.173
143 1011 2 9.707
144 476 13 35.982
145 448 60 39.436
146 853 26 27.644
147 183 15 70.064
148 30 50 60.027
149 754 31 86.077
150 163 30 94.208
151 735 24 72.543
152 376 11 52.448
153 1386 29 22.219
154 659 18 14.510
155 750 58 87.095
156 1030 49 96.228
157 1339 11 74.990
158 535 45 72.116
159 263 51 19.992
160 23 16 13.408
161 975 7 52.636
162 287 15 40.887
163 1221 16 77.561
164 88 21 62.050
165 373 6 65.463
166 223 7 63.424
167 1055 59 62.576
168 529 20 39.964
169 1429 28 15.364
170 239 18 58.133
171 42 16 2.668
172 160 7 35.950
173 266 60 71.649
174 390 51 27.527
175 441 13 68.557
176 1016 41 87.185
177 438 32 62.609
178 1195 49 66.422
179 955 52 70.961
180 1211 16 84.958
181 301 43 53.345
182 768 7 96.641
183 1393 14 56.515
184 849 39 52.149
185 635 24 89.387
186 169 5 56.429
187 1104 14 26.194
188 1193 32 47.214
189 1417 23 71.410
190 832 7 92.046
191 506 48 26.326
192 1216 55 89.701
193 1030 53 88.455
194 1031 13 7.993
195 305 11 99.981
196 691 3 18.922
197 1366 55 58.795
198 1235 34 32.047
199 1166 9 20.314
200 634 25 40.389