200
1 1402 15 34.896
2 1337 33 91.187
3 48 9 17.016
4 1346 54 94.847
5 614 11 18.022
6 634 50 48.089
7 55 10 21.440
8 1365 56 91.533
9 1094 7 25.465
10 812 30 54.794
11 1311 9 9.024
12 1186 16 1.743
13 1410 44 13.323
14 576 47 49.875
15 39 22 3.107
16 838 5 58.312
17 1314 14 95.829
18 889 45 33.805
19 611 1 80.814
20 153 29 34.126
21 654 9 21.406
22 809 35 85.939
23 1232 39 71.990
24 1370 51 83.750
25 76 31 55.525
26 268 36 23.133
27 691 42 12.659
28 1324 3 25.849
29 909 10 63.870
30 689 50 83.275
31 417 17 69.376
32 854 57 82.713
33 1045 23 15.101
34 604 47 99.158
35 399 48 47.467
36 1242 24 19.684
37 548 1 41.444
38 1011 16 87.779
39 1428 30 1.435
40 1154 1 2.280
41 920 41 25.442
42 475 21 47.641
43 799 5 54.529
44 97 58 5.578
45 279 28 36.786
46 1149 44 5.528
47 427 1 13.156
48 621 23 66.969
49 783 8 47.514
50 185 27 20.146
51 236 10 84.422
52 956 20 67.809
53 62 55 83.013
54 1399 50 84.567
55 1073 21 75.874
56 262 53 30.269
57 1230 17 78.503
58 1005 57 2.803
59 1393 23 87.145
60 524 58 84.185
61 1055 14 44.457
62 972 33 12.157
63 524 8 17.512
64 1207 21 12.966
65 1385 49 15.988
66 157 33 63.098
67 830 56 70.203
68 395 4 14.235
69 240 5 61.564
70 906 20 78.764
71 404 16 17.348
72 54 15 50.153
73 570 17 14.715
74 677 24 29.137
75 1043 24 37.556
76 26 38 45.018
77 251 51 28.685
78 51 29 91.016
79 734 4 33.092
80 569 5 98.604
81 242 11 5.006
82 243 50 4.523
83 1339 15 36.370
84 277 27 8.142
85 829 4 80.744
86 1397 49 92.751
87 409 60 55.749
88 1304 59 26.165
89 1319 16 91.555
90 734 40 76.607
91 577 30 99.972
92 164 43 31.601
93 682 4 70.930
94 316 34 39.689
95 915 27 44.177
96 979 14 53.169
97 185 21 92.294
98 73 39 99.545
99 225 28 77.378
100 1012 41 48.305
101 350 48 51.353
102 230 52 9.868
103 186 53 84.088
104 1342 36 49.403
105 1112 25 15.886
106 976 59 11.033
107 370 34 89.276
108 1301 38 82.354
109 1421 45 96.100
110 1339 51 52.015
111 164 7 84.192
112 542 56 59.642
113 537 6 47.897
114 820 55 90.148
115 146 26 42.929
116 478 50 16.771
117 329 57 47.011
118 468 11 59.915
119 695 52 17.599
120 1303 52 3.520
121 488 53 94.415
122 540 13 3.894
123 1203 14 75.302
124 574 60 21.259
125 237 43 11.459
126 1213 31 59.719
127 696 2 83.115
128 821 36 59.172
129 214 3 70.418
130 1350 40 42.935
131 1264 16 9.789
132 651 37 2.298
133 958 15 90.479
134 222 34 85.196
135 825 17 87.430
136 898 50 90.441
137 561 22 71.459
138 842 1 96.681
139 646 55 77.762
140 1384 46 43.370
141 930 33 78.509
142 328 30 35.796
143 246 46 47.582
144 1234 15 66.331
145 532 4 32.423
146 758 11 59.345
147 1224 60 12.574
148 153 6 3.417
149 1219 5 99.910
150 1062 54 89.397
151 105 25 77.704
152 327 51 14.098
153 1163 11 59.723
154 436 51 94.482
155 262 12 4.075
156 1309 32 38.834
157 1123 58 27.681
158 474 49 90.817
159 1316 60 80.990
160 605 27 92.628
161 1061 2 44.949
162 439 8 16.035
163 139 5 33.189
164 955 33 77.011
165 922 37 45.038
166 186 53 19.304
167 960 56 85.487
168 743 31 91.044
169 196 43 9.765
170 281 10 61.059
171 1091 30 29.011
172 1366 45 66.672
173 1101 27 30.831
174 872 60 1.574
175 663 38 70.810
176 446 46 89.221
177 458 31 25.283
178 124 22 51.965
179 1201 2 70.281
180 950 5 4.298
181 1381 10 86.902
182 1347 19 74.017
183 1311 11 11.808
184 277 18 89.768
185 517 18 41.032
186 1280 14 35.831
187 137 52 29.161
188 1394 33 33.765
189 568 4 97.122
190 678 6 30.308
191 264 2 25.163
192 1166 49 24.972
193 133 12 5.275
194 1282 55 55.234
195 1257 39 41.037
196 855 10 44.554
197 1397 56 47.808
198 800 20 65.996
199 1133 39 48.800
200 1371 22 91.646