200
1 373 41 33.149
2 68 8 57.119
3 861 22 11.873
4 274 43 35.059
5 81 36 98.984
6 94 16 0.656
7 1268 8 29.505
8 374 41 10.797
9 747 46 1.214
10 422 34 37.446
11 226 14 13.366
12 96 54 36.306
13 1276 48 29.177
14 115 11 25.408
15 1297 58 4.048
16 840 29 9.915
17 724 56 94.463
18 914 37 40.692
19 1378 52 71.686
20 530 56 7.603
21 738 31 57.868
22 980 38 98.288
23 1392 48 26.615
24 1419 12 8.579
25 1328 9 81.120
26 1215 58 81.864
27 315 45 6.899
28 603 40 75.800
29 174 17 70.692
30 1308 4 41.647
31 331 5 79.070
32 1228 30 70.489
33 9 54 6.298
34 1286 57 40.029
35 398 29 21.118
36 1439 24 9.888
37 1302 35 51.206
38 1357 23 91.894
39 198 32 82.347
40 550 3 62.346
41 1298 9 87.805
42 98 41 18.627
43 212 32 71.497
44 1168 50 91.738
45 314 17 19.637
46 119 16 73.376
47 1025 60 20.592
48 522 37 47.166
49 964 23 97.524
50 347 14 86.215
51 1226 32 13.312
52 86 47 88.882
53 506 22 53.885
54 1426 40 16.566
55 20 54 51.944
56 1276 17 37.117
57 218 21 83.239
58 574 2 88.897
59 85 12 24.841
60 1371 33 41.694
61 495 60 25.512
62 1413 1 27.479
63 149 53 90.552
64 253 23 42.398
65 781 3 82.803
66 267 32 22.564
67 1411 23 62.917
68 335 30 31.366
69 665 52 30.996
70 1190 34 11.784
71 602 10 93.447
72 463 16 85.818
73 1440 46 23.809
74 1302 16 30.860
75 1244 27 90.208
76 191 42 48.142
77 1307 22 65.949
78 1119 17 55.877
79 525 18 42.500
80 641 56 11.925
81 430 53 69.434
82 1405 45 22.800
83 574 7 63.509
84 787 57 14.848
85 464 5 2.139
86 1345 12 75.520
87 624 19 70.849
88 925 29 94.143
89 1363 49 6.214
90 787 55 96.235
91 94 8 78.000
92 431 12 24.268
93 1335 2 59.325
94 18 40 80.149
95 258 19 20.819
96 984 13 94.847
97 366 49 34.624
98 958 47 92.572
99 902 44 34.533
100 572 25 87.948
101 489 31 59.106
102 214 38 60.694
103 368 35 17.044
104 1003 56 4.181
105 801 43 1.600
106 1361 48 56.882
107 1313 20 84.477
108 28 8 82.830
109 559 36 44.516
110 56 12 21.318
111 1186 45 87.919
112 761 57 38.652
113 52 27 74.173
114 169 19 73.124
115 862 53 33.791
116 1061 5 72.203
117 254 5 46.671
118 274 4 20.697
119 257 44 74.864
120 1189 2 88.019
121 1157 21 32.549
122 534 3 57.023
123 467 50 89.315
124 720 53 33.945
125 1391 56 99.998
126 687 36 24.369
127 388 25 57.249
128 1078 51 25.105
129 1032 2 39.117
130 1430 28 59.529
131 855 38 86.284
132 1300 32 92.532
133 797 11 71.783
134 1141 49 8.248
135 770 20 59.183
136 1257 3 55.498
137 349 26 90.421
138 1185 23 62.445
139 175 54 32.015
140 166 17 1.042
141 23 55 51.239
142 1009 12 42.870
143 277 8 18.325
144 992 59 55.052
145 1217 18 78.501
146 660 24 37.873
147 1037 44 47.937
148 813 47 76.043
149 959 17 89.222
150 984 2 64.456
151 189 37 2.419
152 830 58 41.996
153 127 27 63.775
154 1151 18 56.035
155 358 54 9.056
156 1065 36 47.215
157 193 5 67.856
158 512 15 40.869
159 753 28 19.776
160 353 56 2.172
161 485 6 18.471
162 49 22 36.972
163 1086 27 39.516
164 394 51 65.162
165 693 52 90.872
166 302 52 31.240
167 1357 31 25.184
168 412 2 63.154
169 908 27 67.350
170 1242 44 40.672
171 976 13 40.787
172 540 12 90.820
173 526 14 35.410
174 1396 5 45.039
175 673 46 92.135
176 401 58 19.518
177 789 38 3.303
178 117 58 52.497
179 428 22 32.038
180 525 25 65.295
181 85 48 88.524
182 682 38 86.928
183 1313 56 39.012
184 454 47 73.199
185 1211 9 41.832
186 769 28 44.550
187 1224 28 28.089
188 1153 41 11.987
189 192 6 87.694
190 77 31 52.933
191 1169 56 78.679
192 193 3 13.101
193 743 32 69.771
194 344 15 82.972
195 1389 5 73.355
196 1059 47 0.566
197 59 33 0.770
198 88 40 3.490
199 864 33 93.154
200 1310 33 59.204