200
1 339 25 13.519
2 1292 3 78.540
3 885 35 11.605
4 768 54 92.334
5 802 14 39.317
6 609 7 42.372
7 1158 12 47.566
8 514 20 78.544
9 644 5 67.623
10 1224 49 95.494
11 41 3 23.220
12 720 55 4.108
13 573 10 27.088
14 864 56 2.587
15 936 60 72.130
16 792 58 45.003
17 650 59 26.265
18 644 11 68.769
19 624 5 12.500
20 1126 35 91.787
21 656 50 73.741
22 698 15 22.240
23 394 14 83.340
24 362 11 60.789
25 305 31 10.863
26 806 21 88.897
27 1310 21 95.639
28 648 4 16.934
29 1228 5 66.893
30 136 44 83.094
31 1010 41 40.995
32 849 34 62.510
33 718 34 16.416
34 215 44 95.805
35 1112 20 93.054
36 775 52 72.684
37 951 37 26.735
38 997 35 63.702
39 777 9 1.193
40 1263 40 17.128
41 213 22 78.414
42 423 51 77.925
43 417 50 24.522
44 769 5 67.174
45 550 5 66.120
46 124 45 56.574
47 1136 38 70.545
48 973 17 81.648
49 131 19 50.966
50 247 59 13.714
51 87 16 77.143
52 1112 27 57.053
53 259 44 9.839
54 547 47 62.591
55 495 3 71.400
56 653 37 48.816
57 138 55 68.585
58 572 23 42.647
59 1329 56 93.695
60 1284 56 89.325
61 1237 33 4.337
62 1014 24 23.482
63 904 7 11.989
64 474 52 57.382
65 1328 17 19.563
66 1159 55 54.210
67 958 17 34.650
68 970 41 85.582
69 866 58 70.716
70 127 10 80.031
71 244 51 65.002
72 391 33 25.523
73 284 19 24.620
74 1385 20 43.626
75 1071 18 90.628
76 1307 39 99.225
77 280 4 2.473
78 514 46 21.762
79 1217 19 17.763
80 505 3 15.216
81 107 32 47.581
82 798 41 69.754
83 1164 7 95.763
84 452 42 46.960
85 439 32 59.195
86 631 27 66.518
87 1389 18 2.670
88 1084 20 82.336
89 95 23 0.080
90 974 33 72.325
91 1344 43 13.681
92 713 7 8.111
93 1159 11 56.638
94 1123 12 58.744
95 465 40 25.424
96 802 58 20.027
97 1021 11 17.945
98 491 34 27.948
99 506 4 97.249
100 1359 33 23.250
101 865 60 31.412
102 1387 51 18.603
103 811 24 32.604
104 338 36 73.817
105 1102 31 34.102
106 715 59 23.588
107 533 55 37.651
108 215 59 14.737
109 1182 25 9.377
110 781 5 40.967
111 1244 40 86.786
112 514 34 3.617
113 416 52 56.235
114 11 29 50.195
115 649 28 9.293
116 67 16 77.927
117 490 43 32.424
118 410 30 21.097
119 1081 5 43.686
120 208 57 82.433
121 772 10 31.322
122 1309 11 7.801
123 927 43 84.413
124 1406 28 77.102
125 629 53 33.564
126 1281 44 14.592
127 544 31 13.658
128 778 17 92.054
129 986 36 17.363
130 480 35 28.524
131 905 57 3.974
132 200 5 43.532
133 980 37 50.365
134 608 59 71.492
135 329 7 37.786
136 427 47 34.406
137 810 2 25.206
138 338 59 65.692
139 717 43 57.539
140 191 35 38.907
141 405 52 48.217
142 398 59 84.432
143 482 30 90.380
144 866 15 83.357
145 1086 49 95.702
146 210 42 58.286
147 1061 25 14.167
148 354 53 78.167
149 619 36 60.371
150 529 15 17.710
151 886 35 35.363
152 1382 15 47.976
153 1184 54 62.444
154 281 42 71.261
155 1201 10 55.729
156 804 13 87.171
157 610 31 78.768
158 673 53 91.077
159 460 20 88.348
160 1192 41 44.192
161 365 22 42.754
162 523 7 91.938
163 3 55 18.426
164 1030 35 12.460
165 41 27 96.152
166 1157 15 56.517
167 168 9 79.199
168 345 12 4.907
169 319 46 82.751
170 627 13 48.272
171 525 15 1.078
172 858 56 81.327
173 855 29 8.215
174 222 51 47.523
175 1397 44 84.080
176 1194 33 96.559
177 1058 25 50.100
178 1095 31 77.890
179 1023 55 1.263
180 856 46 48.259
181 1378 35 15.312
182 634 26 24.156
183 1301 45 26.191
184 713 20 0.646
185 180 16 79.500
186 1036 44 11.710
187 1272 22 59.096
188 938 48 77.620
189 376 46 64.225
190 335 57 16.070
191 883 49 18.211
192 204 15 2.925
193 153 51 76.073
194 540 42 6.280
195 37 18 96.495
196 637 20 18.353
197 708 52 50.562
198 216 47 59.593
199 461 37 31.596
200 970 29 15.856