200
1 1175 15 39.431
2 1303 26 49.066
3 1126 39 21.697
4 309 57 7.093
5 1044 39 97.506
6 79 50 13.940
7 946 30 47.935
8 1410 55 82.945
9 1024 42 60.728
10 600 49 6.125
11 242 19 49.095
12 1254 26 4.026
13 41 31 68.024
14 186 57 24.999
15 932 4 93.269
16 393 5 96.725
17 813 5 16.773
18 1200 23 53.459
19 1220 42 15.514
20 819 25 30.670
21 476 40 93.560
22 318 32 92.789
23 439 13 99.144
24 480 21 70.817
25 482 16 3.877
26 1065 11 68.126
27 141 35 72.112
28 444 28 50.281
29 383 2 65.681
30 289 58 77.008
31 587 60 18.733
32 899 40 86.086
33 250 10 21.293
34 581 60 69.088
35 847 35 98.112
36 778 21 19.906
37 714 24 61.473
38 1145 39 56.758
39 1142 26 82.794
40 379 39 88.647
41 768 16 79.617
42 327 13 7.630
43 1309 6 99.815
44 1300 58 34.983
45 957 31 12.919
46 806 44 97.122
47 801 4 66.999
48 782 39 43.100
49 281 53 71.502
50 431 20 94.164
51 867 41 61.134
52 1313 59 31.100
53 722 59 78.839
54 676 18 50.974
55 1412 22 87.896
56 24 25 23.056
57 1328 25 37.360
58 1065 15 58.697
59 297 29 75.202
60 1295 21 99.322
61 1298 50 78.883
62 131 44 80.274
63 28 48 47.083
64 35 12 67.673
65 576 39 65.963
66 593 4 24.311
67 611 60 34.041
68 488 40 21.708
69 713 20 90.093
70 414 25 65.822
71 415 32 80.614
72 119 9 35.351
73 659 40 27.468
74 1315 41 12.175
75 847 1 17.631
76 1328 57 69.359
77 1354 47 11.266
78 118 11 86.324
79 1341 21 58.522
80 683 49 89.569
81 484 48 8.883
82 490 12 36.671
83 710 2 96.015
84 112 25 99.760
85 103 16 48.183
86 784 5 25.340
87 1141 30 54.594
88 1341 20 73.225
89 1131 24 54.542
90 897 17 38.052
91 52 37 80.336
92 707 1 56.102
93 924 46 2.960
94 620 54 78.023
95 246 39 61.119
96 178 3 4.594
97 291 35 30.358
98 420 55 73.388
99 481 33 42.343
100 386 52 50.241
101 424 13 52.177
102 275 58 21.148
103 967 15 96.166
104 627 34 57.018
105 1345 37 72.268
106 46 10 92.482
107 2 6 49.768
108 172 3 29.342
109 141 17 37.159
110 1172 14 31.832
111 358 59 89.942
112 362 7 49.115
113 1034 57 41.708
114 238 12 42.512
115 822 35 79.208
116 1289 19 54.900
117 507 3 24.352
118 1160 53 66.631
119 513 30 67.378
120 10 18 15.485
121 398 47 37.735
122 812 21 94.394
123 1147 14 24.447
124 945 49 44.854
125 168 23 75.746
126 587 44 19.995
127 509 46 7.918
128 181 43 35.368
129 638 11 98.308
130 682 14 2.010
131 653 44 11.307
132 451 53 78.553
133 105 50 77.345
134 352 31 75.213
135 794 33 85.786
136 1122 12 17.109
137 360 29 95.326
138 987 50 57.121
139 286 7 16.777
140 715 7 7.843
141 331 42 87.622
142 946 27 42.769
143 802 28 28.008
144 803 2 36.822
145 916 33 97.516
146 1247 57 55.650
147 966 11 52.887
148 562 60 58.032
149 926 21 26.295
150 1310 20 93.007
151 858 8 10.354
152 731 47 3.356
153 192 8 36.666
154 1363 54 85.193
155 1421 36 85.985
156 488 16 26.203
157 335 43 15.405
158 475 1 10.803
159 1423 40 25.315
160 1101 6 83.501
161 661 13 3.178
162 1145 22 37.487
163 150 19 49.981
164 505 52 71.971
165 367 32 14.610
166 1211 33 31.913
167 685 2 76.331
168 464 47 81.420
169 970 4 22.485
170 288 24 42.436
171 302 21 13.362
172 938 10 12.429
173 408 43 17.201
174 97 38 29.272
175 1041 11 20.037
176 290 20 82.362
177 445 59 34.506
178 791 39 85.254
179 1392 11 63.897
180 1116 50 94.379
181 54 41 36.255
182 51 17 79.711
183 1138 29 97.664
184 134 50 90.901
185 1228 31 12.356
186 349 30 72.049
187 69 58 22.920
188 1187 59 58.601
189 417 52 52.089
190 569 12 58.467
191 1127 5 40.257
192 601 36 65.100
193 653 34 12.045
194 1302 10 34.772
195 588 7 5.665
196 981 57 62.373
197 193 30 57.688
198 666 50 50.316
199 1173 42 39.310
200 84 28 30.406