200
1 90 49 77.259
2 587 7 92.737
3 463 2 87.397
4 1432 32 13.434
5 1133 32 22.262
6 414 5 68.980
7 56 43 5.727
8 621 58 57.540
9 928 21 78.767
10 726 18 3.712
11 797 45 28.661
12 849 20 73.823
13 767 34 75.509
14 961 32 65.141
15 245 44 5.386
16 294 21 50.845
17 1393 50 34.437
18 1408 44 99.911
19 827 22 63.079
20 1050 7 7.674
21 1128 43 44.158
22 607 26 24.066
23 325 26 20.207
24 280 41 98.667
25 741 1 70.947
26 1259 26 80.032
27 1256 21 21.750
28 223 58 26.771
29 421 49 16.323
30 157 40 9.410
31 1247 28 69.699
32 1243 38 7.656
33 1275 32 62.385
34 616 35 19.334
35 1398 40 7.731
36 338 17 16.664
37 84 38 95.644
38 377 53 83.933
39 375 35 9.626
40 106 33 65.191
41 113 56 54.822
42 742 43 45.645
43 27 11 38.345
44 1366 33 25.214
45 9 5 78.820
46 708 7 39.326
47 168 12 79.893
48 1171 58 75.670
49 873 46 23.982
50 294 4 17.096
51 1018 27 75.143
52 1149 42 94.834
53 599 41 84.218
54 836 57 54.239
55 27 9 58.426
56 158 28 43.370
57 550 17 84.852
58 122 15 39.335
59 438 53 51.514
60 688 37 53.373
61 881 32 55.030
62 234 31 28.754
63 1010 34 7.816
64 1353 38 61.754
65 20 56 28.850
66 1034 47 98.993
67 743 4 33.375
68 103 58 5.079
69 262 1 53.273
70 265 44 97.028
71 536 50 53.947
72 1071 53 3.468
73 843 47 44.571
74 419 27 36.528
75 362 28 94.538
76 1402 52 93.581
77 895 31 62.766
78 603 31 21.076
79 774 9 76.482
80 1353 36 42.194
81 819 24 67.938
82 926 6 65.448
83 307 27 4.045
84 527 45 66.176
85 1281 32 48.185
86 769 54 52.711
87 87 20 96.573
88 570 38 36.775
89 442 47 16.322
90 1375 23 11.562
91 848 17 97.348
92 564 24 15.604
93 389 5 39.624
94 1022 27 10.408
95 1199 35 56.789
96 1294 16 45.192
97 1006 39 90.472
98 655 41 54.019
99 155 39 77.814
100 564 26 62.013
101 813 22 44.855
102 130 59 81.756
103 205 34 11.064
104 1005 26 80.719
105 1439 48 60.223
106 579 14 93.632
107 888 36 42.103
108 253 5 81.171
109 917 5 18.659
110 1344 26 84.545
111 20 9 16.178
112 1085 25 86.164
113 811 46 93.481
114 759 21 47.730
115 409 3 45.590
116 1206 13 9.453
117 212 20 13.218
118 1264 6 21.276
119 645 21 38.039
120 1205 31 0.710
121 442 23 23.718
122 784 20 58.178
123 1258 51 67.352
124 889 21 75.056
125 555 41 26.122
126 646 22 52.643
127 528 40 37.125
128 403 17 77.455
129 588 10 28.210
130 477 55 1.313
131 480 22 35.000
132 2 25 54.420
133 1088 45 48.435
134 966 44 48.016
135 64 4 76.862
136 1356 50 39.638
137 57 1 82.173
138 1289 42 79.156
139 923 50 53.786
140 546 54 16.902
141 1260 10 54.780
142 165 37 22.294
143 757 17 12.077
144 1140 5 86.198
145 1213 14 76.368
146 828 22 64.905
147 134 9 31.310
148 972 11 5.904
149 914 5 39.161
150 1388 15 47.115
151 713 59 9.490
152 342 14 60.772
153 258 7 24.631
154 775 7 16.184
155 556 57 67.366
156 1184 26 73.187
157 1272 8 9.095
158 842 4 81.606
159 358 30 81.653
160 602 51 30.285
161 803 51 2.451
162 63 19 33.525
163 738 53 18.058
164 137 42 99.071
165 692 9 3.602
166 498 53 42.436
167 1411 3 70.549
168 881 45 57.344
169 203 41 73.452
170 1348 31 59.925
171 1014 7 27.006
172 184 51 26.417
173 23 41 40.611
174 292 2 73.371
175 1024 43 8.146
176 76 48 42.161
177 935 10 47.929
178 39 37 36.343
179 827 52 40.217
180 612 23 25.922
181 765 16 42.638
182 884 27 20.075
183 1433 25 26.363
184 1145 19 14.391
185 394 24 9.531
186 1345 41 37.577
187 1337 21 51.573
188 729 47 16.195
189 738 9 46.745
190 542 32 72.124
191 412 17 14.980
192 393 23 79.275
193 382 55 87.365
194 1341 10 33.556
195 1263 3 1.115
196 467 10 5.676
197 631 13 19.999
198 1222 21 56.154
199 678 58 93.704
200 1430 40 64.646