200
1 391 48 15.532
2 917 13 66.086
3 193 23 65.792
4 354 23 58.186
5 1230 56 38.627
6 167 47 84.798
7 1205 25 36.735
8 1067 38 37.361
9 408 4 4.510
10 447 48 7.562
11 86 35 24.328
12 631 31 30.015
13 883 57 95.586
14 291 6 93.325
15 1002 47 66.913
16 737 31 84.406
17 54 11 37.722
18 452 55 36.537
19 1206 45 50.195
20 1428 10 99.143
21 866 26 43.221
22 139 58 6.021
23 873 57 43.268
24 1081 21 99.905
25 892 19 14.765
26 405 59 83.627
27 388 6 87.256
28 1241 42 13.621
29 650 6 18.431
30 559 13 67.764
31 1092 31 60.117
32 240 13 4.606
33 674 58 47.942
34 30 1 49.949
35 735 35 45.357
36 366 27 12.721
37 1198 60 78.056
38 927 38 56.912
39 436 2 50.401
40 395 8 9.030
41 1144 39 50.542
42 208 8 17.258
43 605 22 46.824
44 1232 56 14.433
45 401 19 22.789
46 262 29 87.253
47 948 17 28.231
48 1055 2 18.336
49 1179 31 77.845
50 1055 38 9.858
51 658 8 78.152
52 111 24 69.591
53 1384 28 9.852
54 1290 27 94.111
55 385 55 52.834
56 549 52 89.863
57 363 37 71.477
58 1164 50 28.866
59 182 45 35.109
60 205 17 42.197
61 616 45 61.439
62 366 48 89.271
63 995 16 48.672
64 1303 37 59.881
65 128 28 74.722
66 1026 26 76.749
67 795 1 26.728
68 566 57 67.965
69 1034 48 30.175
70 540 36 13.857
71 1236 22 55.942
72 420 30 74.346
73 843 55 76.821
74 809 4 59.170
75 1095 48 17.807
76 1371 16 56.458
77 229 9 3.814
78 533 44 52.349
79 1256 27 40.815
80 492 34 54.563
81 414 12 58.909
82 634 7 98.689
83 331 1 71.336
84 200 35 36.213
85 808 23 3.968
86 352 13 94.688
87 310 13 50.023
88 374 30 99.628
89 1334 58 35.553
90 846 21 39.534
91 1364 46 63.601
92 737 29 22.025
93 562 3 6.925
94 834 7 53.388
95 881 11 66.278
96 1246 46 54.180
97 770 48 74.002
98 236 45 27.483
99 827 13 26.967
100 588 11 90.985
101 685 35 19.155
102 721 9 4.533
103 222 42 76.071
104 274 19 73.445
105 881 40 36.388
106 5 13 96.571
107 30 51 28.518
108 350 35 4.777
109 1122 11 5.012
110 1273 21 13.217
111 976 53 50.709
112 1121 43 10.511
113 679 8 15.182
114 646 51 78.629
115 97 23 65.080
116 268 16 5.676
117 814 22 16.864
118 83 46 1.510
119 905 44 53.288
120 787 4 22.782
121 1032 3 83.725
122 1393 47 94.948
123 294 47 49.501
124 883 1 9.301
125 1215 13 39.640
126 802 57 82.716
127 991 52 12.517
128 13 31 30.205
129 349 11 57.062
130 1049 19 60.670
131 1088 21 3.961
132 535 20 16.115
133 1173 15 28.417
134 1329 18 99.984
135 902 59 54.441
136 110 20 8.471
137 794 44 79.778
138 730 46 40.561
139 297 13 38.085
140 1108 59 86.850
141 190 48 21.901
142 28 52 0.877
143 407 60 42.234
144 887 1 0.807
145 525 20 80.379
146 699 11 17.108
147 212 24 24.395
148 369 29 7.728
149 1209 47 60.870
150 1232 19 90.759
151 1314 2 40.305
152 351 42 78.934
153 770 30 99.125
154 527 60 42.926
155 361 38 26.279
156 709 31 55.907
157 334 37 76.048
158 1326 5 75.171
159 451 21 25.136
160 280 8 15.745
161 110 51 77.839
162 531 12 11.402
163 481 8 83.890
164 634 27 2.328
165 363 46 4.320
166 120 17 35.946
167 1227 4 15.568
168 1225 50 41.479
169 435 59 65.299
170 856 6 51.967
171 577 46 0.842
172 191 22 86.788
173 498 44 11.886
174 622 55 29.168
175 1336 32 76.987
176 1194 31 7.194
177 83 16 94.567
178 1218 44 37.773
179 227 17 35.665
180 120 35 35.400
181 1266 52 29.567
182 27 39 34.714
183 1410 55 56.900
184 605 23 40.396
185 755 8 66.551
186 727 7 4.762
187 38 59 10.494
188 1253 4 75.906
189 143 43 20.569
190 222 12 63.037
191 1165 13 45.277
192 1182 19 31.206
193 608 10 44.228
194 554 5 99.964
195 771 18 78.771
196 951 52 9.869
197 901 24 88.703
198 44 56 44.519
199 605 32 82.801
200 145 2 84.959