200
1 1053 2 60.822
2 988 40 43.880
3 742 27 51.271
4 389 15 46.639
5 1432 38 43.681
6 304 1 18.085
7 110 34 33.245
8 731 14 37.260
9 210 36 26.781
10 909 30 80.059
11 1332 28 23.391
12 1042 59 66.351
13 284 39 91.585
14 962 47 85.700
15 766 32 36.963
16 644 10 28.872
17 52 48 70.785
18 1360 20 63.887
19 194 18 61.049
20 1152 46 29.598
21 695 53 38.719
22 763 17 22.377
23 533 31 4.355
24 521 25 52.919
25 1238 26 77.042
26 592 37 86.497
27 951 52 63.371
28 232 15 71.485
29 1080 44 51.863
30 613 20 52.369
31 649 28 67.903
32 707 30 64.541
33 316 33 67.870
34 563 25 60.996
35 260 49 11.216
36 379 14 3.921
37 39 1 54.753
38 912 14 68.432
39 320 14 8.170
40 96 11 58.989
41 4 41 97.808
42 1404 30 15.270
43 1169 20 55.396
44 1117 32 92.267
45 1315 19 19.398
46 1003 9 81.560
47 235 8 9.778
48 88 54 96.179
49 602 60 64.582
50 265 4 83.735
51 926 16 7.663
52 691 16 99.984
53 385 8 63.463
54 757 15 3.054
55 9 3 25.775
56 1400 34 59.228
57 526 59 92.915
58 854 11 71.674
59 1095 50 43.489
60 275 35 11.726
61 343 18 85.685
62 264 49 44.501
63 262 50 12.873
64 1413 49 50.965
65 181 18 28.625
66 940 22 9.701
67 224 14 79.114
68 893 2 72.180
69 950 23 74.944
70 815 46 50.540
71 1285 53 60.276
72 1260 42 44.480
73 305 42 83.645
74 141 53 56.238
75 746 33 89.096
76 1266 14 5.392
77 1329 37 86.438
78 799 6 20.072
79 1030 28 16.649
80 294 10 64.569
81 1228 54 26.863
82 1368 58 84.626
83 292 6 89.242
84 1014 58 73.236
85 951 9 60.027
86 1113 10 78.849
87 744 45 78.975
88 618 1 25.452
89 789 15 43.968
90 1294 2 37.998
91 301 12 44.745
92 427 1 33.579
93 892 11 62.917
94 999 16 95.127
95 657 12 91.172
96 1383 28 49.523
97 133 24 12.218
98 662 35 64.579
99 557 14 96.048
100 880 17 69.880
101 747 48 60.085
102 747 11 35.256
103 1077 49 11.964
104 664 22 20.318
105 1325 23 78.187
106 284 43 45.809
107 317 26 32.126
108 798 8 60.557
109 1378 55 0.903
110 47 45 79.651
111 416 18 68.931
112 896 53 88.613
113 637 13 35.392
114 1029 38 41.251
115 1076 1 17.240
116 377 17 82.779
117 877 21 61.618
118 1017 2 10.134
119 335 2 47.760
120 224 10 37.113
121 1111 7 63.124
122 399 43 82.419
123 481 51 4.715
124 942 60 35.821
125 983 9 79.203
126 977 15 45.674
127 235 6 98.319
128 1254 56 35.381
129 1125 48 70.171
130 839 3 57.389
131 77 27 18.380
132 649 29 46.482
133 240 18 39.118
134 502 33 10.254
135 43 44 90.003
136 734 36 87.734
137 720 20 85.088
138 1026 58 51.121
139 323 17 30.492
140 1304 20 73.862
141 505 28 90.439
142 36 25 44.021
143 76 11 5.521
144 1296 54 97.737
145 339 14 71.626
146 1006 48 59.521
147 1323 6 66.575
148 728 5 83.296
149 163 5 39.147
150 405 24 16.291
151 859 27 2.798
152 1333 1 64.847
153 846 11 63.373
154 270 21 25.393
155 757 16 18.065
156 1147 11 16.240
157 569 8 93.381
158 758 60 90.839
159 434 20 58.134
160 703 18 84.887
161 759 24 45.201
162 464 32 46.581
163 678 39 15.659
164 412 60 11.088
165 912 50 37.329
166 1211 26 57.871
167 270 55 66.913
168 1295 35 38.526
169 413 22 13.083
170 317 4 16.336
171 139 28 75.760
172 293 51 91.572
173 918 26 38.434
174 151 18 78.219
175 1440 30 75.479
176 400 30 5.381
177 1421 47 8.836
178 963 19 57.552
179 1167 43 82.444
180 804 8 16.716
181 1046 26 54.925
182 530 51 58.029
183 464 20 23.496
184 735 46 92.251
185 30 24 31.046
186 1370 18 49.174
187 1249 52 77.108
188 443 41 85.658
189 696 52 23.048
190 851 52 53.977
191 520 23 40.845
192 290 51 17.258
193 1014 44 10.403
194 624 39 45.091
195 20 31 56.256
196 1237 53 64.470
197 51 6 9.738
198 1175 53 38.631
199 1167 38 33.679
200 1004 50 41.108