200
1 78 47 39.714
2 892 42 4.015
3 233 41 8.059
4 585 33 0.415
5 291 20 83.921
6 179 23 54.560
7 11 1 96.296
8 772 22 87.129
9 247 28 23.445
10 873 31 18.046
11 283 8 71.297
12 725 28 56.276
13 641 24 39.573
14 1274 32 27.571
15 884 3 8.798
16 1217 3 39.376
17 57 56 26.430
18 1154 20 62.374
19 1232 14 60.358
20 711 36 28.047
21 92 38 22.326
22 87 4 77.893
23 711 23 9.174
24 316 1 24.489
25 129 56 23.348
26 676 27 70.528
27 1299 26 44.509
28 1366 1 71.877
29 456 21 22.455
30 237 49 66.315
31 1348 41 92.960
32 454 20 74.929
33 1188 15 67.769
34 169 13 60.136
35 1080 1 43.297
36 612 20 60.403
37 5 33 36.225
38 911 36 30.346
39 712 40 99.338
40 1255 18 80.108
41 1280 38 72.777
42 247 23 7.383
43 22 7 42.067
44 1142 14 53.919
45 1215 37 93.270
46 536 6 5.125
47 502 56 32.129
48 1043 28 41.840
49 609 30 69.829
50 388 40 6.203
51 707 24 3.168
52 336 9 26.945
53 1231 17 94.285
54 1239 11 13.786
55 83 4 21.448
56 242 16 11.930
57 596 35 38.735
58 373 33 66.263
59 397 46 46.083
60 579 10 80.249
61 323 13 95.145
62 347 31 33.977
63 129 30 6.788
64 39 11 37.519
65 1388 55 30.060
66 230 14 74.531
67 792 37 69.735
68 1067 17 58.814
69 451 9 50.345
70 1302 33 43.499
71 237 3 93.111
72 1040 21 59.545
73 722 3 16.071
74 1296 33 3.024
75 1323 5 99.215
76 16 60 37.683
77 839 42 34.977
78 1196 55 95.217
79 200 10 5.019
80 390 16 0.757
81 1368 40 83.560
82 56 58 97.534
83 709 55 77.597
84 1403 10 76.410
85 626 46 45.123
86 593 31 79.990
87 318 31 75.358
88 1251 41 67.496
89 118 59 90.852
90 145 34 84.154
91 1434 23 1.360
92 1038 30 93.344
93 90 6 38.897
94 767 51 39.370
95 1223 31 29.920
96 1186 26 94.761
97 1344 30 62.065
98 793 52 89.700
99 523 8 27.465
100 1115 41 43.146
101 159 22 69.153
102 1168 11 15.228
103 398 60 25.439
104 9 33 11.328
105 21 17 98.128
106 156 38 12.875
107 501 50 13.499
108 342 15 62.681
109 123 48 66.297
110 674 12 94.694
111 1012 59 99.363
112 1072 15 50.295
113 1229 46 82.689
114 160 32 67.310
115 1153 35 50.437
116 818 40 47.232
117 118 36 44.591
118 891 26 31.745
119 1004 1 82.319
120 1259 7 55.099
121 656 29 99.180
122 25 59 83.700
123 914 22 64.145
124 95 16 83.856
125 1211 42 88.656
126 797 43 10.354
127 560 51 6.836
128 1159 4 65.940
129 327 30 15.901
130 881 54 57.158
131 836 14 90.353
132 927 15 70.724
133 1009 11 38.416
134 319 12 8.617
135 173 47 60.383
136 1297 58 94.012
137 1367 58 4.443
138 592 56 34.349
139 1216 5 8.285
140 1064 43 54.418
141 1362 9 17.311
142 931 58 36.038
143 369 13 37.983
144 1368 59 67.306
145 1394 34 8.098
146 593 34 91.397
147 162 30 38.300
148 119 56 52.399
149 1157 4 86.992
150 1110 40 97.664
151 468 52 45.026
152 974 17 91.870
153 497 48 82.735
154 734 39 11.865
155 1206 55 62.419
156 998 44 47.336
157 802 26 13.819
158 249 22 47.893
159 89 37 84.284
160 867 13 75.081
161 571 27 8.881
162 567 1 16.334
163 441 54 37.534
164 919 57 15.628
165 16 8 87.319
166 810 20 37.883
167 1283 54 90.487
168 774 59 95.924
169 915 30 76.636
170 847 3 31.795
171 908 4 8.473
172 571 11 99.468
173 515 41 58.960
174 707 2 9.207
175 683 16 24.738
176 377 39 31.671
177 804 13 3.297
178 637 16 63.799
179 1383 39 89.694
180 1254 20 64.062
181 1416 24 46.888
182 330 18 9.437
183 1174 22 5.900
184 2 21 61.923
185 1260 60 14.006
186 1305 4 55.894
187 36 50 10.359
188 320 45 42.968
189 401 50 12.199
190 208 8 27.124
191 539 56 52.284
192 574 12 24.200
193 1227 58 32.888
194 180 27 11.108
195 1331 23 56.111
196 188 10 14.189
197 1401 60 97.023
198 184 42 69.050
199 149 12 86.920
200 1068 36 58.014