200
1 568 7 85.274
2 78 26 81.296
3 1178 60 76.880
4 1277 37 46.215
5 896 8 51.577
6 573 6 0.386
7 1391 17 69.513
8 883 3 65.725
9 603 45 23.232
10 763 57 39.703
11 1236 60 89.435
12 485 5 79.190
13 1141 26 12.122
14 1082 8 30.421
15 1243 8 27.748
16 384 12 6.346
17 319 35 72.868
18 1054 49 11.253
19 638 33 58.777
20 1214 59 47.958
21 1357 58 94.894
22 143 24 71.072
23 1140 57 51.872
24 1376 27 28.828
25 389 31 62.040
26 1046 18 76.690
27 1138 24 50.249
28 419 1 24.315
29 695 46 7.791
30 45 60 55.625
31 1415 2 46.852
32 1002 17 23.649
33 347 5 63.289
34 507 34 32.684
35 577 8 50.071
36 1160 39 28.802
37 435 42 21.911
38 273 17 91.726
39 159 13 71.718
40 1068 51 36.206
41 1338 46 45.763
42 1438 34 86.469
43 1412 60 48.463
44 778 39 78.036
45 753 2 31.388
46 3 13 30.614
47 846 25 36.811
48 919 5 80.074
49 198 50 45.073
50 1422 35 62.862
51 26 19 18.992
52 1116 30 52.836
53 1063 59 99.870
54 1073 41 60.668
55 397 41 78.610
56 305 15 57.303
57 1112 59 68.615
58 1135 58 95.897
59 1260 56 89.547
60 38 18 98.370
61 226 23 37.399
62 436 28 94.250
63 1437 4 65.278
64 1078 37 81.811
65 1349 11 17.576
66 8 45 85.880
67 159 5 12.699
68 268 19 97.603
69 648 3 77.950
70 150 8 28.694
71 1142 54 54.641
72 429 27 0.317
73 15 33 10.308
74 760 13 25.341
75 1062 45 54.601
76 1031 60 91.142
77 801 8 14.602
78 1173 38 77.189
79 680 26 68.517
80 771 14 8.628
81 744 28 7.756
82 99 3 34.059
83 575 16 78.132
84 1420 21 97.418
85 914 46 68.402
86 1127 16 80.214
87 143 33 13.587
88 883 39 46.510
89 571 27 93.264
90 373 12 37.444
91 775 59 15.455
92 140 60 73.281
93 86 42 34.283
94 79 18 61.462
95 50 49 65.977
96 80 55 93.402
97 1274 21 38.113
98 583 4 2.399
99 10 45 63.831
100 554 18 59.945
101 456 29 40.033
102 153 1 42.078
103 323 37 51.033
104 299 2 59.427
105 1322 49 94.162
106 458 10 3.047
107 1367 51 26.687
108 1439 60 54.485
109 97 49 36.409
110 24 37 2.463
111 820 15 73.773
112 230 7 56.993
113 1405 24 69.925
114 343 44 15.177
115 879 30 38.777
116 1258 46 44.563
117 973 39 33.459
118 211 56 88.275
119 894 17 86.001
120 192 2 87.397
121 7 51 83.228
122 1364 38 52.537
123 422 56 90.974
124 978 54 48.051
125 1087 29 0.996
126 670 19 18.418
127 1333 50 94.167
128 493 6 98.423
129 928 39 69.819
130 1114 3 13.845
131 898 19 53.048
132 372 24 3.200
133 908 4 45.342
134 63 23 38.266
135 179 29 39.004
136 1155 19 7.510
137 631 10 7.397
138 208 27 28.808
139 1432 18 30.012
140 839 60 99.998
141 631 53 63.588
142 631 31 68.601
143 1159 39 85.623
144 632 47 3.390
145 695 35 15.190
146 1305 33 0.105
147 1379 17 91.369
148 325 11 5.882
149 18 23 44.032
150 244 8 96.424
151 1185 14 11.642
152 273 49 11.892
153 162 15 91.384
154 175 34 18.050
155 770 19 95.069
156 160 54 7.115
157 32 60 79.688
158 1236 39 62.622
159 496 58 98.555
160 611 35 3.126
161 1029 40 97.248
162 68 11 58.838
163 1066 54 94.923
164 930 15 16.442
165 222 19 14.233
166 1078 48 67.548
167 46 35 95.597
168 875 25 72.559
169 762 10 94.294
170 1405 54 80.570
171 235 11 32.240
172 774 35 0.876
173 1430 60 33.018
174 1358 53 44.328
175 1262 36 80.268
176 22 16 52.482
177 278 17 85.972
178 13 2 0.907
179 477 58 83.716
180 1270 11 64.820
181 535 53 71.607
182 635 26 23.948
183 1249 29 7.039
184 296 2 84.539
185 487 11 90.207
186 115 48 65.897
187 1334 32 31.782
188 559 25 18.644
189 243 5 0.402
190 520 11 46.466
191 272 39 29.506
192 663 2 60.187
193 1096 16 36.106
194 1025 8 35.541
195 1198 54 30.915
196 1149 54 9.128
197 799 31 90.905
198 239 18 42.015
199 1102 54 2.146
200 168 30 21.725