200
1 165 3 47.668
2 9 51 39.500
3 137 3 7.500
4 1208 7 41.935
5 1315 17 57.942
6 1254 48 24.497
7 1133 37 40.313
8 1144 39 71.661
9 330 6 17.022
10 707 8 5.025
11 99 31 23.854
12 263 3 94.196
13 158 14 96.385
14 43 15 74.722
15 1420 58 61.204
16 682 15 40.138
17 639 48 61.363
18 697 12 40.908
19 806 56 10.368
20 1317 39 54.184
21 137 48 65.285
22 1037 50 41.824
23 72 33 1.330
24 897 31 22.868
25 1308 57 56.381
26 1264 29 76.892
27 815 57 12.772
28 946 8 82.468
29 885 20 49.056
30 460 14 57.282
31 1135 21 48.295
32 1430 30 25.522
33 1396 24 18.322
34 944 29 3.689
35 116 27 70.831
36 871 21 98.205
37 414 30 51.084
38 1362 44 68.143
39 989 2 35.082
40 173 10 2.358
41 1339 30 62.033
42 75 56 54.149
43 244 10 80.116
44 446 1 86.924
45 314 33 81.371
46 823 48 11.870
47 205 11 27.716
48 1296 20 6.245
49 1370 33 46.223
50 384 52 34.476
51 647 43 46.939
52 950 56 46.888
53 1241 37 95.290
54 150 11 94.118
55 980 34 23.913
56 1423 46 75.553
57 300 17 7.096
58 251 57 83.683
59 70 40 23.465
60 540 32 66.277
61 574 53 48.461
62 217 50 87.334
63 630 2 71.814
64 373 3 70.438
65 1210 8 73.175
66 510 16 47.102
67 208 32 18.595
68 326 44 43.515
69 808 18 87.760
70 1203 16 74.418
71 639 11 14.586
72 729 45 70.438
73 240 2 69.284
74 96 40 7.591
75 1061 48 93.458
76 771 2 46.554
77 1417 33 76.303
78 1221 16 51.995
79 1121 27 21.401
80 630 31 51.604
81 800 10 20.431
82 124 20 58.190
83 45 14 78.919
84 39 18 48.871
85 273 29 81.600
86 609 49 84.269
87 46 11 17.544
88 206 54 1.210
89 1123 39 52.048
90 608 58 91.650
91 276 53 45.228
92 33 34 9.671
93 932 30 31.094
94 92 7 86.523
95 708 30 31.664
96 47 8 27.210
97 391 10 2.119
98 925 23 5.851
99 115 43 93.658
100 802 28 78.992
101 537 20 27.807
102 831 28 93.926
103 570 16 3.014
104 573 25 92.037
105 97 8 75.474
106 1107 30 14.145
107 1309 14 50.913
108 1291 24 19.578
109 119 20 0.165
110 410 9 15.309
111 37 20 13.835
112 928 51 99.523
113 104 41 38.864
114 566 60 13.295
115 1406 7 41.609
116 163 55 5.481
117 716 26 32.829
118 356 27 96.959
119 184 28 69.040
120 1241 20 47.482
121 856 47 92.835
122 767 47 76.500
123 687 50 4.172
124 1007 13 47.863
125 1396 43 36.258
126 1428 9 40.933
127 1227 21 96.114
128 846 33 78.549
129 457 15 7.213
130 1235 5 53.449
131 133 14 17.047
132 486 32 26.517
133 685 53 92.123
134 915 14 2.044
135 262 28 20.086
136 1350 23 3.801
137 31 34 69.988
138 253 44 46.836
139 632 53 31.338
140 1234 42 5.456
141 525 59 72.593
142 872 48 76.603
143 380 36 60.467
144 1036 47 77.154
145 798 49 9.234
146 1335 39 35.744
147 289 37 74.949
148 1119 33 68.005
149 1153 40 48.280
150 36 48 84.054
151 606 20 87.293
152 1384 15 96.952
153 684 39 68.005
154 663 53 60.876
155 715 47 33.846
156 995 50 76.236
157 361 9 55.935
158 566 53 2.509
159 1115 48 48.454
160 117 51 84.389
161 710 4 50.150
162 165 1 89.156
163 1154 4 86.456
164 942 25 60.460
165 1434 55 87.292
166 1226 11 59.906
167 1088 26 90.993
168 495 22 44.095
169 1110 44 45.665
170 913 58 54.698
171 1074 15 53.335
172 327 11 37.280
173 497 7 59.291
174 1129 34 85.745
175 1331 59 70.246
176 1363 50 95.488
177 1365 48 5.971
178 1179 10 35.656
179 1072 32 6.258
180 438 35 53.602
181 1394 35 65.398
182 1172 10 76.177
183 173 31 26.469
184 332 52 70.399
185 639 40 11.668
186 84 12 16.983
187 1407 60 81.251
188 1254 50 65.380
189 893 8 91.824
190 583 10 54.783
191 878 17 4.355
192 424 44 97.998
193 882 54 14.128
194 991 52 12.131
195 1118 22 44.728
196 713 37 41.596
197 1121 45 30.274
198 258 57 6.862
199 940 7 65.749
200 344 26 79.837