200
1 1016 36 31.660
2 666 33 5.394
3 848 18 71.149
4 255 40 97.598
5 1196 39 40.316
6 290 52 14.464
7 874 19 32.106
8 996 41 8.750
9 97 55 20.671
10 472 11 91.141
11 326 8 59.136
12 1033 58 30.723
13 496 42 97.632
14 401 10 49.841
15 1177 47 98.821
16 844 43 35.943
17 162 42 20.290
18 1295 20 81.898
19 1142 6 18.638
20 274 10 3.901
21 1334 48 40.078
22 792 25 18.293
23 406 24 54.880
24 667 20 77.642
25 1105 24 48.615
26 1197 34 9.402
27 381 19 75.639
28 382 47 30.434
29 612 5 43.303
30 1089 51 96.592
31 1104 41 24.591
32 80 43 97.225
33 196 51 11.033
34 199 43 36.388
35 1367 59 56.538
36 1367 26 53.283
37 913 13 80.339
38 452 14 35.384
39 778 48 69.418
40 1211 25 76.999
41 94 5 81.703
42 820 16 16.036
43 1422 32 61.934
44 881 55 97.805
45 933 44 67.082
46 370 9 58.275
47 796 49 69.695
48 1111 49 39.231
49 133 35 75.253
50 230 19 69.966
51 98 35 3.399
52 473 60 69.809
53 854 27 48.053
54 189 29 94.746
55 1388 44 47.317
56 555 45 89.386
57 750 36 77.469
58 239 12 90.895
59 1097 15 4.053
60 1134 36 73.524
61 411 12 23.714
62 824 49 19.805
63 964 43 27.010
64 755 40 25.311
65 633 52 45.005
66 243 3 84.344
67 990 21 80.145
68 1204 37 69.093
69 406 11 30.490
70 1434 9 60.895
71 1252 16 16.003
72 376 28 5.212
73 5 47 95.271
74 671 27 89.427
75 1178 39 64.137
76 294 28 40.275
77 876 12 71.396
78 1185 3 38.396
79 608 52 8.187
80 293 38 39.560
81 958 58 92.212
82 903 17 37.195
83 931 32 27.705
84 1127 52 31.961
85 641 12 9.844
86 976 60 85.113
87 55 16 79.013
88 53 38 95.055
89 1071 42 92.430
90 622 35 7.679
91 243 16 2.275
92 876 50 3.058
93 846 50 32.938
94 918 56 64.227
95 736 32 52.810
96 1169 46 89.731
97 321 57 26.239
98 1217 35 16.139
99 458 42 73.815
100 475 29 0.024
101 1211 48 88.201
102 224 3 87.205
103 967 16 72.935
104 733 48 74.817
105 90 2 11.125
106 1336 40 6.486
107 666 28 58.899
108 952 23 32.683
109 1238 8 17.491
110 1318 15 18.524
111 778 25 51.928
112 59 48 28.290
113 1230 55 35.901
114 1225 60 7.875
115 941 57 64.041
116 35 16 28.305
117 986 33 67.471
118 213 17 55.251
119 589 57 31.005
120 1049 14 77.977
121 1212 7 62.272
122 78 59 62.037
123 738 5 95.117
124 1218 6 90.893
125 959 39 48.459
126 262 27 25.443
127 1402 39 73.322
128 176 16 63.311
129 631 41 66.215
130 808 34 66.906
131 98 45 57.559
132 178 9 30.807
133 1113 43 88.532
134 1191 29 23.893
135 630 25 69.634
136 1109 48 3.254
137 478 1 24.280
138 290 6 19.008
139 1165 2 97.887
140 213 47 44.273
141 310 35 64.686
142 436 14 41.899
143 1208 56 45.067
144 1009 7 67.186
145 1349 45 28.519
146 291 30 14.485
147 1174 29 18.444
148 653 22 53.257
149 173 11 76.475
150 1404 39 51.221
151 1435 2 6.312
152 669 30 33.563
153 1397 40 18.222
154 853 35 51.748
155 1329 46 70.253
156 906 53 80.644
157 1007 13 42.034
158 194 56 38.218
159 1266 23 99.698
160 1418 31 24.541
161 202 22 36.987
162 1319 37 70.192
163 729 54 79.439
164 599 3 14.451
165 931 60 67.279
166 311 22 83.496
167 1014 15 82.031
168 269 38 69.660
169 978 47 25.271
170 830 25 6.610
171 806 20 94.940
172 9 57 53.638
173 574 18 18.044
174 666 54 58.541
175 957 9 45.258
176 972 23 35.606
177 587 36 54.021
178 632 56 61.531
179 1320 49 1.760
180 76 18 10.964
181 603 22 77.499
182 1070 6 94.648
183 370 46 78.235
184 109 51 73.736
185 1167 29 98.815
186 383 40 71.216
187 670 58 50.261
188 1172 25 15.446
189 175 52 79.236
190 6 16 97.582
191 1082 3 33.291
192 74 24 79.260
193 1015 26 37.219
194 443 53 39.401
195 838 34 68.902
196 975 26 91.192
197 42 50 21.763
198 497 13 28.401
199 589 54 16.796
200 907 43 64.167