200
1 137 7 37.333
2 1009 36 81.465
3 406 47 3.760
4 707 13 50.242
5 783 58 2.738
6 306 19 80.951
7 65 36 30.415
8 244 13 55.160
9 351 53 20.766
10 966 45 66.671
11 1142 45 17.182
12 414 39 66.825
13 600 18 6.154
14 500 36 63.078
15 295 19 93.085
16 660 11 27.370
17 87 36 43.288
18 904 46 21.122
19 249 27 68.840
20 162 59 55.909
21 669 32 90.186
22 141 30 47.578
23 210 52 25.631
24 760 24 73.556
25 1282 48 34.691
26 323 43 29.019
27 67 59 81.355
28 277 42 76.259
29 594 52 94.821
30 147 29 14.474
31 717 3 67.028
32 1172 32 19.068
33 675 30 86.510
34 1423 17 57.708
35 827 13 19.575
36 871 23 75.747
37 236 29 85.930
38 155 4 75.815
39 905 32 48.929
40 859 36 65.723
41 1341 24 69.596
42 707 16 52.331
43 437 37 41.256
44 537 27 59.003
45 1310 56 79.788
46 492 58 36.172
47 48 9 99.623
48 1168 53 95.420
49 1095 10 83.917
50 1111 5 38.242
51 1302 49 73.658
52 801 32 94.026
53 1311 33 74.917
54 746 49 47.611
55 583 9 27.918
56 784 19 7.633
57 645 42 54.619
58 958 8 36.443
59 971 30 57.476
60 868 41 97.657
61 1310 38 85.522
62 762 27 53.137
63 951 27 83.067
64 824 57 52.523
65 922 5 62.060
66 862 15 41.717
67 88 48 20.047
68 799 23 91.839
69 599 2 5.036
70 1426 1 2.078
71 1394 12 39.700
72 194 52 95.360
73 688 23 20.696
74 1188 46 42.845
75 799 51 82.990
76 178 31 81.382
77 793 60 73.803
78 910 49 97.094
79 479 12 4.752
80 1295 15 30.180
81 390 3 46.450
82 696 30 97.087
83 988 56 35.039
84 631 22 2.316
85 902 26 68.649
86 494 60 12.429
87 1286 51 88.724
88 142 22 83.280
89 113 53 98.051
90 1175 55 20.570
91 362 25 83.507
92 508 39 28.398
93 490 55 18.142
94 754 34 57.123
95 652 31 83.085
96 543 22 70.136
97 857 28 57.380
98 1103 23 86.605
99 108 42 57.442
100 17 8 20.111
101 691 48 90.914
102 47 6 95.701
103 257 42 50.448
104 1096 59 93.249
105 1326 48 4.171
106 283 2 64.874
107 668 59 92.471
108 817 33 65.615
109 1329 30 33.203
110 808 51 93.873
111 926 25 83.546
112 990 18 37.520
113 825 49 75.268
114 1105 19 46.226
115 1185 1 94.650
116 1358 9 20.779
117 913 1 21.326
118 291 6 88.950
119 1088 18 57.954
120 829 9 96.456
121 121 46 37.250
122 1323 53 82.879
123 967 29 85.952
124 1262 32 38.177
125 1097 23 18.996
126 1151 35 46.201
127 574 5 61.503
128 133 35 35.531
129 956 7 9.668
130 1203 11 52.912
131 193 4 19.439
132 13 44 2.259
133 128 34 22.395
134 1022 59 75.475
135 847 46 58.447
136 485 34 93.403
137 389 23 84.298
138 576 1 65.601
139 440 42 30.134
140 1369 34 85.492
141 1308 48 69.416
142 558 23 37.830
143 187 36 15.595
144 361 17 59.812
145 7 43 1.895
146 520 52 12.335
147 400 31 34.309
148 121 45 37.862
149 638 1 23.809
150 670 4 90.239
151 617 3 31.735
152 1332 5 0.971
153 1266 19 56.822
154 195 56 20.827
155 359 13 34.069
156 954 41 76.238
157 636 22 37.465
158 528 9 92.002
159 697 47 5.202
160 252 48 47.090
161 314 11 79.277
162 1200 49 5.274
163 40 28 55.494
164 397 44 33.751
165 31 25 56.966
166 468 11 28.256
167 702 57 54.859
168 1361 45 19.910
169 249 33 72.332
170 1341 6 54.993
171 1206 32 80.277
172 1068 58 90.685
173 231 23 16.049
174 417 39 72.083
175 1332 45 42.075
176 1409 9 11.789
177 281 8 37.216
178 167 31 3.506
179 1217 5 82.793
180 340 37 65.310
181 1027 44 47.074
182 695 3 54.218
183 625 40 54.280
184 633 18 21.472
185 189 55 58.852
186 382 29 15.585
187 499 58 40.620
188 21 24 51.445
189 612 13 64.214
190 210 8 32.910
191 1378 19 92.801
192 1214 57 21.131
193 113 37 97.072
194 20 22 61.630
195 1426 38 36.899
196 779 58 65.575
197 1356 21 6.965
198 1019 53 36.173
199 999 2 25.423
200 752 32 59.814