200
1 309 57 81.131
2 1128 9 25.711
3 832 48 89.205
4 48 38 33.137
5 639 57 67.915
6 1381 20 39.115
7 872 53 61.461
8 1011 17 90.279
9 1229 60 95.880
10 243 42 43.996
11 377 55 74.582
12 1218 25 22.719
13 1060 46 97.247
14 835 5 15.672
15 804 9 61.909
16 923 51 30.210
17 75 27 97.752
18 912 27 67.861
19 1136 46 62.183
20 1054 8 12.275
21 977 21 42.592
22 1182 58 64.654
23 1402 12 7.458
24 167 25 35.510
25 336 8 9.383
26 621 49 92.238
27 448 15 97.223
28 288 25 32.927
29 1191 37 44.760
30 1044 53 21.010
31 612 33 5.973
32 686 53 84.489
33 1032 12 24.845
34 1196 2 3.778
35 111 16 22.254
36 844 13 96.074
37 280 50 90.069
38 706 17 9.191
39 1376 14 34.039
40 1039 8 63.932
41 133 44 51.630
42 751 35 8.482
43 561 37 96.285
44 902 14 61.128
45 908 14 18.364
46 173 28 29.371
47 91 16 59.121
48 161 56 49.148
49 587 25 31.619
50 72 39 47.842
51 937 47 67.384
52 148 48 82.518
53 502 23 88.824
54 644 9 57.244
55 1272 44 70.160
56 378 32 51.744
57 304 26 16.940
58 626 10 19.456
59 1142 4 14.834
60 242 12 31.582
61 179 19 74.235
62 871 28 24.202
63 1434 50 8.909
64 776 46 79.105
65 316 6 39.009
66 948 54 87.300
67 464 37 57.619
68 42 57 21.879
69 506 18 30.359
70 46 33 7.812
71 756 43 1.187
72 773 60 9.981
73 266 51 18.562
74 1253 27 59.918
75 444 39 88.823
76 833 29 52.497
77 478 19 89.699
78 1327 52 5.369
79 896 22 53.574
80 105 36 45.149
81 530 1 60.132
82 1385 4 58.884
83 308 46 87.142
84 1173 12 50.723
85 910 19 7.523
86 1413 39 95.373
87 1166 24 2.642
88 1382 59 3.405
89 42 31 21.934
90 312 26 31.929
91 441 20 72.840
92 498 53 42.852
93 341 43 21.746
94 539 48 85.076
95 691 4 67.685
96 600 42 43.984
97 898 30 86.180
98 918 18 84.705
99 601 11 19.779
100 986 46 28.223
101 1331 13 74.760
102 946 46 1.650
103 1016 58 93.081
104 1090 25 8.926
105 136 9 51.146
106 1073 17 74.778
107 526 3 0.027
108 1047 17 94.852
109 640 43 50.200
110 487 17 35.928
111 1069 48 25.620
112 303 40 70.078
113 74 37 86.682
114 984 21 32.685
115 1290 41 72.086
116 1000 52 68.181
117 989 37 40.367
118 966 39 89.575
119 290 34 75.379
120 478 37 28.453
121 591 39 82.853
122 496 42 10.423
123 185 14 28.725
124 680 17 74.412
125 151 11 83.932
126 1210 26 93.180
127 1202 30 4.724
128 336 16 17.502
129 165 27 74.357
130 421 54 97.817
131 1287 19 7.404
132 1121 27 18.611
133 75 46 8.330
134 540 55 98.828
135 456 60 12.760
136 216 24 33.376
137 225 34 81.866
138 1340 22 67.962
139 854 36 97.639
140 37 47 33.608
141 321 34 88.458
142 1122 41 42.696
143 484 33 33.735
144 160 52 93.094
145 1176 16 51.545
146 1044 7 27.126
147 831 23 42.523
148 669 49 43.393
149 185 45 29.036
150 1357 3 89.487
151 273 26 12.280
152 912 54 79.772
153 220 34 71.405
154 432 1 11.684
155 502 22 1.987
156 1394 15 90.109
157 224 30 78.036
158 251 56 0.094
159 195 12 87.935
160 784 38 68.655
161 1057 41 98.433
162 583 32 99.022
163 34 50 90.507
164 1372 41 62.513
165 296 16 5.061
166 236 4 15.920
167 52 60 54.252
168 1220 31 81.855
169 331 53 68.996
170 1329 52 11.556
171 476 49 73.648
172 915 30 17.272
173 1227 48 22.566
174 1104 21 2.371
175 1198 7 21.804
176 549 30 90.477
177 1005 13 15.125
178 823 5 9.611
179 1293 16 60.585
180 61 13 3.512
181 361 27 89.274
182 486 36 22.013
183 1138 8 65.761
184 848 33 39.757
185 1156 3 73.305
186 141 42 44.124
187 1231 8 46.897
188 797 2 22.953
189 1153 24 35.401
190 972 16 92.639
191 1105 4 63.390
192 340 30 0.658
193 1209 40 50.477
194 997 39 9.849
195 558 47 44.742
196 445 35 11.286
197 574 47 63.764
198 1065 54 40.121
199 595 35 46.943
200 1099 45 73.847