200
1 1339 8 81.309
2 353 41 29.250
3 939 40 67.061
4 1171 53 85.365
5 1432 13 48.444
6 860 50 23.793
7 1229 42 26.104
8 1018 26 54.115
9 407 39 30.525
10 207 52 73.361
11 403 58 24.007
12 584 59 83.872
13 732 14 43.880
14 1351 56 24.254
15 303 13 86.241
16 452 32 46.735
17 837 58 38.187
18 915 5 19.901
19 864 54 85.658
20 1063 2 19.517
21 134 57 30.357
22 1197 57 61.129
23 973 19 3.830
24 83 35 99.138
25 6 13 35.738
26 343 47 47.471
27 210 42 31.810
28 1252 40 93.734
29 599 34 27.997
30 1108 46 35.894
31 1412 21 52.316
32 975 50 82.194
33 1107 19 95.107
34 1234 20 75.301
35 821 52 14.706
36 519 48 55.232
37 806 4 94.938
38 1244 48 43.842
39 940 44 16.878
40 350 21 28.913
41 792 1 28.048
42 1277 19 66.090
43 262 9 79.285
44 399 2 31.265
45 849 13 38.500
46 251 6 79.648
47 679 26 8.350
48 34 45 7.093
49 516 59 98.982
50 833 31 40.155
51 1426 24 56.222
52 973 54 44.036
53 390 14 83.689
54 1428 8 29.933
55 1357 27 47.711
56 565 43 15.188
57 682 44 25.889
58 1430 35 33.772
59 1265 50 56.287
60 1394 13 70.714
61 119 51 76.098
62 663 33 69.913
63 569 11 0.897
64 1034 7 66.821
65 883 29 50.641
66 703 19 55.676
67 1203 21 54.668
68 874 1 82.992
69 98 14 50.823
70 1003 15 88.187
71 662 34 73.743
72 887 35 98.920
73 971 35 69.385
74 1194 23 24.100
75 502 8 61.877
76 207 39 33.910
77 670 36 63.530
78 1073 18 16.261
79 556 35 26.860
80 233 47 9.697
81 249 43 11.349
82 460 38 53.117
83 926 14 48.399
84 1100 19 88.819
85 1164 45 16.414
86 365 15 31.189
87 1091 16 89.546
88 1163 21 32.413
89 1326 56 7.438
90 814 1 57.792
91 285 40 1.263
92 1313 38 52.299
93 674 7 40.673
94 183 39 2.337
95 1104 28 48.508
96 853 58 35.005
97 1189 9 4.962
98 737 16 6.450
99 711 20 39.242
100 1323 39 12.105
101 320 22 6.763
102 852 3 89.432
103 678 13 86.314
104 1265 23 24.406
105 1305 52 51.770
106 686 53 81.950
107 641 27 43.099
108 1320 50 20.612
109 1421 42 21.215
110 1299 46 25.043
111 870 17 50.322
112 1236 6 74.050
113 1364 27 41.813
114 675 20 33.631
115 1437 10 19.864
116 111 58 56.252
117 907 51 47.312
118 643 13 66.956
119 1164 24 8.494
120 492 26 98.105
121 464 54 46.563
122 618 47 88.809
123 495 36 45.951
124 48 19 62.487
125 1386 28 14.949
126 642 24 19.478
127 149 43 57.328
128 111 37 49.272
129 1185 31 54.769
130 1256 47 15.862
131 1277 14 93.863
132 199 37 99.492
133 1237 3 71.305
134 927 10 57.132
135 1308 56 26.450
136 952 59 58.687
137 1017 8 69.732
138 270 13 14.263
139 506 22 30.512
140 924 6 81.860
141 735 2 91.116
142 1205 15 83.900
143 1166 36 78.244
144 113 5 70.257
145 906 55 35.795
146 62 48 7.030
147 393 21 52.565
148 1206 23 75.079
149 1051 47 50.206
150 424 40 74.035
151 1198 51 18.818
152 1194 29 24.213
153 1408 34 76.236
154 350 34 72.827
155 982 21 49.734
156 1179 30 36.795
157 549 13 64.745
158 990 48 68.204
159 565 49 8.352
160 722 18 12.521
161 791 12 44.940
162 978 18 56.678
163 1214 16 17.870
164 338 35 66.010
165 1338 60 69.449
166 42 5 11.709
167 963 48 14.922
168 376 57 17.263
169 306 49 33.678
170 990 38 69.064
171 420 2 63.303
172 1061 39 10.217
173 440 46 69.599
174 1012 58 43.051
175 1045 28 78.076
176 575 60 50.360
177 942 1 69.743
178 1052 23 50.952
179 320 5 83.448
180 289 54 31.339
181 262 1 20.519
182 474 53 38.542
183 447 23 47.127
184 499 14 18.962
185 714 1 35.357
186 138 4 79.003
187 278 13 73.455
188 882 4 0.258
189 426 18 92.573
190 111 16 25.818
191 1104 54 84.319
192 1411 7 11.875
193 466 50 78.854
194 156 17 98.193
195 717 15 14.836
196 64 8 79.128
197 652 18 15.855
198 1109 46 96.075
199 1235 5 7.451
200 658 34 45.614