200
1 1007 28 12.799
2 714 31 94.653
3 168 25 48.487
4 487 26 53.175
5 20 6 8.468
6 1390 6 70.557
7 1079 24 76.798
8 726 54 78.174
9 578 30 18.915
10 1320 25 26.352
11 1017 53 6.302
12 1361 31 18.880
13 1061 31 44.444
14 1364 14 68.998
15 1208 52 38.759
16 1128 5 73.470
17 980 55 35.026
18 871 12 15.569
19 1294 30 0.928
20 851 32 88.253
21 1374 7 18.658
22 1340 44 29.935
23 691 36 74.054
24 129 41 60.872
25 619 58 10.360
26 1245 30 16.840
27 1409 1 77.577
28 1105 58 32.903
29 650 5 34.514
30 156 3 57.765
31 1066 37 9.656
32 1185 52 35.949
33 288 23 93.717
34 1158 35 77.310
35 978 39 22.309
36 1295 31 86.423
37 1201 4 0.029
38 530 9 12.676
39 345 37 11.559
40 593 16 23.701
41 1436 26 55.394
42 187 37 38.834
43 1202 43 16.738
44 478 21 72.119
45 26 32 69.999
46 184 19 30.913
47 812 52 93.090
48 182 25 50.093
49 151 5 16.869
50 174 55 18.114
51 609 6 18.410
52 1261 21 62.538
53 684 58 66.724
54 365 56 15.420
55 1336 60 13.040
56 38 44 76.565
57 96 33 83.334
58 325 34 90.035
59 1180 4 15.234
60 369 31 99.888
61 313 52 58.067
62 1107 54 46.547
63 1298 50 28.787
64 549 18 26.136
65 1127 18 3.565
66 586 39 51.284
67 725 37 73.291
68 252 50 72.264
69 426 48 5.317
70 930 44 17.938
71 962 13 92.309
72 114 30 76.719
73 978 9 76.704
74 1380 60 96.707
75 387 15 11.579
76 174 60 31.479
77 602 15 18.590
78 157 3 61.690
79 128 50 97.136
80 1090 59 37.220
81 58 34 70.629
82 303 53 39.198
83 785 11 23.853
84 514 4 59.470
85 1226 7 59.012
86 3 59 88.688
87 652 6 25.586
88 307 12 11.978
89 418 57 23.925
90 722 10 79.779
91 355 30 66.779
92 1140 56 83.716
93 869 5 31.846
94 481 35 67.187
95 359 34 99.188
96 1399 24 87.880
97 668 37 44.155
98 498 42 84.523
99 1089 20 57.062
100 1036 53 11.727
101 1263 23 53.841
102 1388 37 18.637
103 870 55 59.289
104 362 13 7.163
105 1167 42 61.286
106 564 10 50.314
107 446 9 49.038
108 1378 34 28.847
109 168 12 35.900
110 437 15 28.179
111 1168 37 39.147
112 176 58 23.618
113 853 30 44.502
114 490 60 85.355
115 1295 24 28.623
116 868 58 15.892
117 104 1 37.982
118 336 51 47.625
119 483 36 45.952
120 779 14 92.118
121 1042 3 74.866
122 835 2 21.724
123 313 8 40.957
124 842 18 85.510
125 331 4 94.879
126 1343 3 58.161
127 40 59 54.464
128 1161 4 89.482
129 471 46 98.009
130 475 13 86.731
131 375 38 25.381
132 1094 16 5.925
133 1129 54 1.704
134 805 25 85.204
135 622 31 0.197
136 262 47 69.752
137 1171 42 19.427
138 1421 41 39.874
139 21 17 83.285
140 680 3 65.097
141 716 13 13.918
142 602 45 90.535
143 1266 60 60.363
144 1303 38 48.879
145 768 30 87.498
146 92 22 29.797
147 1411 60 24.496
148 742 60 72.755
149 206 46 70.855
150 1117 45 20.455
151 199 16 20.057
152 1176 12 57.495
153 350 1 86.264
154 287 42 72.008
155 1177 45 65.541
156 281 9 37.497
157 940 53 2.351
158 178 60 22.685
159 473 10 43.794
160 1319 28 91.273
161 1300 32 13.259
162 79 36 13.460
163 1327 47 45.503
164 1232 36 27.484
165 163 1 26.898
166 1116 57 16.086
167 1402 1 95.613
168 293 33 2.015
169 308 51 24.676
170 250 7 26.618
171 596 48 23.650
172 1102 59 8.371
173 984 15 36.167
174 1164 48 27.790
175 738 35 75.058
176 477 30 21.955
177 614 54 38.843
178 93 54 37.431
179 1205 50 76.975
180 1151 16 95.819
181 1274 24 46.076
182 566 47 5.092
183 75 20 65.993
184 1115 23 81.907
185 858 48 37.292
186 1321 13 16.246
187 1032 32 7.867
188 988 33 91.881
189 1300 2 3.697
190 638 6 81.825
191 163 42 33.811
192 1232 55 23.923
193 1254 28 18.053
194 770 43 93.011
195 801 8 11.479
196 905 45 95.087
197 430 55 21.372
198 386 9 65.130
199 1140 54 40.198
200 213 10 84.897