200
1 126 35 90.382
2 1107 55 93.107
3 259 32 75.551
4 469 52 84.728
5 908 37 84.251
6 1434 44 6.077
7 584 28 6.044
8 1348 24 29.539
9 1022 42 23.247
10 599 30 44.060
11 1293 41 35.753
12 1281 9 81.612
13 223 52 96.054
14 659 18 40.741
15 534 5 80.169
16 46 60 90.904
17 861 54 0.926
18 915 50 62.684
19 963 15 83.623
20 1195 12 25.540
21 1149 17 57.541
22 85 45 63.185
23 303 47 2.634
24 116 36 82.797
25 978 13 63.759
26 791 56 42.119
27 1291 35 6.760
28 264 48 60.108
29 1127 24 19.090
30 87 29 35.275
31 1323 36 47.914
32 1006 50 37.663
33 379 24 41.739
34 948 26 14.629
35 909 54 60.398
36 1200 53 19.044
37 271 36 17.190
38 696 29 13.881
39 350 25 2.813
40 580 14 0.694
41 832 11 25.932
42 767 47 18.834
43 497 58 42.959
44 1359 19 38.937
45 338 18 24.954
46 1046 20 22.586
47 153 35 47.969
48 226 18 16.936
49 1131 52 35.697
50 600 28 22.237
51 1270 7 71.339
52 1301 23 30.238
53 438 17 96.589
54 25 2 32.232
55 605 18 90.135
56 1165 47 21.538
57 117 36 70.351
58 770 44 3.330
59 812 41 33.081
60 1068 24 52.465
61 335 10 28.911
62 454 53 17.454
63 629 3 28.299
64 112 8 26.524
65 1370 35 35.807
66 991 27 55.190
67 966 16 86.535
68 95 37 30.505
69 689 34 16.328
70 1164 28 29.773
71 32 48 15.113
72 396 49 24.976
73 646 11 42.944
74 822 11 68.523
75 935 10 95.840
76 283 58 84.908
77 922 2 77.898
78 1385 33 30.331
79 786 41 84.998
80 277 3 53.257
81 537 54 61.616
82 1314 49 80.385
83 110 7 0.886
84 551 40 19.208
85 884 58 49.971
86 650 37 70.465
87 698 39 52.206
88 760 3 49.242
89 60 23 54.070
90 590 29 5.589
91 1120 16 3.820
92 600 30 70.891
93 1143 18 7.628
94 665 8 67.790
95 730 51 42.732
96 1198 48 53.187
97 1180 31 71.204
98 831 21 18.412
99 1254 12 35.424
100 1061 25 1.706
101 827 52 64.650
102 732 7 75.622
103 1062 24 82.155
104 1336 29 5.734
105 1366 34 98.391
106 279 56 85.201
107 953 54 36.996
108 575 41 72.434
109 441 55 68.511
110 545 16 72.708
111 410 6 84.757
112 239 57 99.649
113 1231 11 67.104
114 28 40 19.840
115 1217 43 62.990
116 561 47 74.075
117 487 7 3.892
118 77 53 87.562
119 653 46 87.717
120 975 31 37.943
121 599 31 21.900
122 1193 38 96.052
123 383 28 24.281
124 659 1 52.339
125 47 19 19.960
126 282 60 38.917
127 314 52 56.866
128 765 33 62.230
129 84 28 65.456
130 1286 43 77.668
131 612 22 29.368
132 1331 8 62.559
133 1036 4 24.861
134 668 36 32.825
135 145 20 42.157
136 1312 18 89.721
137 1222 26 71.906
138 968 54 46.747
139 1124 3 51.907
140 979 45 94.172
141 870 44 42.645
142 1252 43 71.971
143 1091 50 2.762
144 1436 37 30.531
145 571 32 1.843
146 204 59 93.196
147 97 8 86.530
148 69 59 12.172
149 1029 27 67.308
150 245 33 19.514
151 919 46 59.924
152 1247 58 68.806
153 1004 3 20.109
154 844 46 73.251
155 1007 39 37.649
156 885 52 44.798
157 729 15 44.463
158 730 29 52.855
159 1067 19 0.821
160 1126 38 97.721
161 897 31 87.988
162 710 37 89.148
163 57 43 64.369
164 703 51 96.073
165 904 23 26.022
166 911 55 1.050
167 1328 4 62.377
168 116 38 22.420
169 1219 12 22.319
170 863 47 72.115
171 852 21 22.607
172 1343 36 88.240
173 516 23 31.434
174 1340 21 45.068
175 1333 43 30.190
176 905 3 84.955
177 1043 7 80.230
178 872 1 88.418
179 924 13 20.508
180 577 22 4.428
181 1300 56 45.071
182 48 34 77.626
183 1003 22 58.970
184 13 18 9.822
185 1119 14 83.327
186 862 18 97.939
187 157 54 35.397
188 265 2 57.911
189 419 52 77.191
190 977 16 56.500
191 1154 35 73.421
192 495 34 79.751
193 136 5 24.608
194 635 10 41.640
195 963 55 75.978
196 652 30 77.361
197 1332 18 57.798
198 688 21 7.659
199 231 41 9.167
200 216 43 36.104