200
1 927 25 1.410
2 1079 53 37.974
3 314 59 53.489
4 362 47 3.416
5 1233 37 70.033
6 199 14 47.831
7 316 22 70.612
8 1222 54 65.107
9 610 50 25.099
10 227 46 33.403
11 20 36 78.022
12 521 53 59.207
13 1404 28 99.931
14 747 48 3.236
15 385 22 28.885
16 589 23 92.490
17 815 55 83.440
18 316 39 37.105
19 496 28 84.326
20 263 19 59.453
21 1124 5 35.817
22 815 12 45.127
23 2 31 51.331
24 1071 36 5.786
25 1343 51 10.161
26 972 26 20.431
27 317 34 31.738
28 800 39 56.735
29 753 6 72.192
30 600 21 23.037
31 233 27 13.988
32 1284 16 39.090
33 142 49 66.274
34 983 49 94.609
35 427 21 85.180
36 329 2 92.008
37 101 5 23.583
38 1411 57 42.911
39 642 24 81.200
40 215 28 50.849
41 331 19 67.257
42 759 55 67.973
43 274 6 1.901
44 1106 60 81.629
45 1255 12 87.645
46 723 19 11.983
47 1125 18 20.345
48 453 45 12.132
49 289 8 53.330
50 52 31 32.622
51 14 32 40.093
52 1382 21 0.659
53 439 14 80.447
54 1109 16 51.448
55 948 54 55.045
56 619 2 79.299
57 1161 52 21.234
58 1317 24 34.440
59 24 3 19.321
60 655 33 26.881
61 1211 25 27.690
62 1272 33 6.627
63 1001 54 24.709
64 471 14 83.478
65 1131 21 94.596
66 725 51 76.053
67 1265 12 20.079
68 892 22 87.139
69 434 53 51.482
70 554 21 14.924
71 187 19 30.090
72 155 4 65.506
73 1013 6 63.508
74 346 10 14.174
75 1308 57 67.128
76 162 59 49.509
77 1231 35 88.648
78 222 47 69.073
79 291 18 19.838
80 962 14 47.374
81 480 19 50.060
82 39 40 82.907
83 825 14 71.921
84 203 20 64.725
85 441 25 30.717
86 150 41 0.207
87 846 47 34.783
88 1343 12 24.663
89 272 50 66.178
90 224 29 93.242
91 362 55 24.442
92 84 12 68.489
93 302 2 58.839
94 112 18 11.232
95 1056 43 65.059
96 28 33 65.366
97 1199 30 68.523
98 1293 14 85.118
99 1006 4 44.090
100 1204 2 5.968
101 505 47 65.711
102 161 5 39.264
103 586 53 72.675
104 1171 55 16.178
105 1187 17 11.915
106 343 18 34.450
107 299 17 3.186
108 249 31 14.730
109 192 17 86.926
110 412 16 30.234
111 430 14 35.169
112 743 21 58.743
113 856 39 59.806
114 338 48 29.028
115 107 5 31.806
116 414 24 18.877
117 587 44 74.251
118 1195 53 46.444
119 321 23 96.932
120 777 33 44.417
121 564 15 22.369
122 564 39 65.533
123 1352 38 74.268
124 6 36 52.588
125 1185 40 59.087
126 264 1 54.075
127 278 35 77.570
128 214 47 32.229
129 1065 35 1.292
130 1106 35 47.720
131 336 32 30.330
132 1048 14 95.440
133 1436 46 35.518
134 223 3 81.733
135 846 57 70.829
136 470 41 45.409
137 506 51 98.252
138 464 38 99.011
139 344 26 33.822
140 1259 14 1.528
141 550 15 19.422
142 292 36 91.818
143 1355 8 58.386
144 986 24 86.227
145 688 38 32.351
146 853 60 35.065
147 188 57 23.752
148 76 12 82.577
149 1339 31 77.778
150 85 31 99.379
151 138 11 90.772
152 1172 26 26.833
153 557 11 77.289
154 1229 38 96.463
155 610 9 49.092
156 235 41 2.845
157 439 36 76.104
158 884 9 66.717
159 871 41 94.792
160 1065 6 2.612
161 677 39 84.650
162 318 22 25.822
163 1434 53 12.293
164 379 59 49.317
165 212 39 97.518
166 490 14 21.922
167 1097 30 9.559
168 942 42 4.231
169 316 53 86.686
170 1369 20 43.390
171 1378 29 40.142
172 11 9 69.639
173 443 26 76.488
174 760 11 93.987
175 1104 40 16.030
176 1049 12 60.563
177 1285 48 77.520
178 608 25 53.100
179 18 24 1.451
180 883 5 47.907
181 373 58 30.769
182 945 40 78.228
183 884 49 69.999
184 697 29 99.365
185 1289 11 88.404
186 1346 14 35.480
187 1163 53 76.626
188 121 23 17.637
189 1146 12 77.847
190 558 1 87.427
191 695 23 67.418
192 1239 18 30.150
193 95 13 70.657
194 620 60 59.213
195 1350 11 13.264
196 24 46 68.149
197 45 40 86.358
198 578 3 78.724
199 1016 22 7.196
200 1296 10 93.220