200
1 1061 46 88.254
2 443 59 90.708
3 583 25 82.035
4 771 43 60.528
5 820 59 52.488
6 633 55 28.500
7 1130 45 42.000
8 621 26 23.256
9 274 27 66.814
10 295 53 56.607
11 924 3 67.132
12 1022 18 84.693
13 539 36 28.939
14 862 35 98.651
15 558 27 44.635
16 144 47 34.924
17 1302 8 24.594
18 1169 59 60.180
19 72 59 71.368
20 1316 46 27.147
21 1068 8 41.107
22 136 28 71.716
23 179 18 62.847
24 892 3 98.081
25 149 43 27.401
26 16 22 26.482
27 237 10 62.299
28 728 44 15.232
29 704 51 46.925
30 606 17 71.993
31 732 9 10.309
32 881 4 8.352
33 985 46 52.487
34 1225 18 52.150
35 778 38 40.367
36 349 28 49.050
37 263 6 54.157
38 784 25 53.233
39 97 46 37.606
40 978 32 5.775
41 573 35 16.588
42 457 46 33.314
43 1213 39 97.442
44 559 34 48.071
45 1327 25 77.611
46 1293 22 8.063
47 867 57 90.343
48 549 11 55.101
49 722 37 45.381
50 1372 4 68.880
51 347 26 54.363
52 498 37 9.499
53 841 38 18.942
54 59 39 22.884
55 927 9 58.747
56 1385 59 73.338
57 1110 44 60.163
58 526 3 92.189
59 1307 22 20.204
60 1167 26 63.308
61 316 36 55.503
62 1343 36 94.525
63 429 6 56.997
64 400 26 69.870
65 239 32 38.726
66 1004 2 5.231
67 443 25 52.527
68 617 49 82.614
69 1437 58 96.982
70 1342 13 38.448
71 1389 18 13.309
72 735 26 93.974
73 834 41 32.699
74 345 34 95.910
75 1385 17 76.734
76 1316 15 33.943
77 67 28 67.946
78 370 13 48.414
79 179 13 82.882
80 1387 40 55.301
81 698 4 37.566
82 1336 33 53.935
83 912 29 89.354
84 465 45 33.897
85 1348 12 61.330
86 1352 15 79.895
87 1045 22 43.702
88 771 35 49.029
89 1305 49 37.893
90 682 48 5.024
91 442 12 14.036
92 1365 53 4.515
93 1326 33 5.314
94 305 43 94.957
95 98 10 47.730
96 1174 59 79.840
97 506 14 94.426
98 1121 55 36.859
99 673 54 33.443
100 994 42 80.889
101 443 26 50.657
102 642 55 34.292
103 496 3 31.269
104 563 29 15.359
105 503 27 91.118
106 1270 35 37.924
107 546 33 58.063
108 751 29 29.598
109 825 40 48.497
110 1005 14 77.944
111 511 53 37.156
112 931 13 96.527
113 1290 59 43.936
114 1355 23 39.207
115 633 53 5.921
116 312 47 57.987
117 1132 46 10.469
118 934 26 95.778
119 774 22 34.358
120 1105 9 76.882
121 943 4 76.722
122 979 9 58.536
123 1082 9 32.381
124 1224 23 10.172
125 675 31 83.871
126 406 22 88.264
127 694 4 31.270
128 1016 13 56.706
129 149 6 73.139
130 1204 57 37.497
131 138 15 62.443
132 301 10 66.147
133 547 52 93.770
134 689 21 81.023
135 1289 19 58.096
136 1180 9 10.040
137 1012 55 34.774
138 382 45 82.343
139 1270 25 73.128
140 1172 34 31.726
141 629 23 66.973
142 1028 56 29.692
143 1046 22 62.400
144 1162 23 47.896
145 1354 27 19.585
146 1392 48 10.739
147 726 7 98.601
148 1165 20 56.951
149 694 12 74.397
150 727 15 92.544
151 1389 55 89.459
152 929 28 17.252
153 179 55 21.901
154 978 37 92.494
155 537 18 79.481
156 39 23 68.224
157 1278 56 11.133
158 1322 32 44.460
159 1389 40 74.706
160 830 1 51.900
161 568 34 10.763
162 882 38 48.357
163 321 44 73.300
164 279 19 77.575
165 960 4 70.334
166 157 21 82.411
167 612 22 35.646
168 1197 43 75.022
169 989 20 47.300
170 663 9 12.572
171 1171 29 48.621
172 890 56 0.754
173 884 44 16.804
174 670 40 74.908
175 1005 1 59.496
176 550 7 42.577
177 1205 43 33.716
178 1321 38 81.867
179 1219 17 84.395
180 1324 38 34.362
181 708 47 97.481
182 192 48 7.805
183 179 25 39.481
184 712 26 53.865
185 123 48 19.608
186 722 11 47.124
187 1015 56 20.707
188 517 8 77.133
189 336 38 90.060
190 326 14 63.284
191 1206 57 94.005
192 318 24 86.355
193 1387 44 51.278
194 629 15 17.707
195 178 41 52.584
196 1297 17 48.709
197 1164 54 65.316
198 116 10 12.491
199 1100 21 55.114
200 466 58 93.351