200
1 1008 53 27.961
2 573 27 32.294
3 695 49 75.171
4 593 10 57.925
5 319 23 71.765
6 1027 18 47.039
7 512 42 78.336
8 110 55 83.941
9 286 42 48.650
10 491 38 29.895
11 1420 28 16.482
12 520 52 86.311
13 1191 60 30.412
14 247 23 15.822
15 1058 44 9.428
16 113 31 62.899
17 316 1 11.719
18 1285 40 24.078
19 1388 30 86.790
20 1142 13 43.465
21 258 9 40.870
22 583 57 22.056
23 1010 9 40.049
24 542 8 84.216
25 817 29 53.242
26 425 36 8.785
27 451 8 77.363
28 68 57 23.803
29 987 22 68.005
30 359 7 80.934
31 1136 25 9.221
32 507 17 13.414
33 832 7 82.929
34 925 31 41.437
35 375 38 63.643
36 921 7 94.953
37 1110 35 72.120
38 796 17 31.759
39 737 23 68.106
40 540 17 66.213
41 358 1 68.721
42 1219 1 22.195
43 774 31 37.275
44 1204 26 42.087
45 141 17 34.437
46 138 22 86.443
47 1239 42 67.208
48 554 12 81.878
49 604 18 36.366
50 1359 33 48.169
51 189 1 39.853
52 828 19 50.812
53 1177 3 79.111
54 53 17 97.573
55 820 21 32.894
56 1395 26 30.046
57 1171 9 46.632
58 373 35 49.362
59 13 10 33.192
60 487 18 17.399
61 66 23 18.208
62 104 58 33.511
63 858 49 93.998
64 828 46 8.169
65 728 50 59.994
66 376 7 47.545
67 504 41 87.089
68 1199 12 12.488
69 789 46 73.145
70 1406 5 51.878
71 377 8 36.891
72 628 11 76.797
73 685 41 54.674
74 840 27 11.580
75 91 12 91.408
76 1435 42 78.718
77 288 24 70.013
78 69 33 68.270
79 593 2 62.819
80 528 2 65.888
81 195 29 41.947
82 1019 39 84.432
83 463 43 21.868
84 761 56 46.805
85 1132 39 28.310
86 557 12 72.272
87 392 15 26.341
88 339 20 84.052
89 1013 25 55.631
90 896 10 70.031
91 475 15 26.796
92 540 21 89.361
93 1313 30 4.505
94 1306 3 55.945
95 1247 29 48.209
96 314 27 79.261
97 589 50 47.961
98 738 31 23.643
99 1302 45 85.374
100 164 21 38.805
101 389 57 13.018
102 1027 21 77.013
103 345 28 70.381
104 31 28 5.174
105 1000 45 32.481
106 680 58 71.900
107 187 1 56.427
108 128 42 20.283
109 679 4 54.123
110 297 1 84.017
111 1114 7 90.467
112 1076 7 11.289
113 713 24 5.621
114 118 38 0.474
115 139 19 41.382
116 1260 5 35.157
117 178 58 97.418
118 584 6 35.772
119 1434 18 94.291
120 426 9 88.530
121 1290 51 96.013
122 95 15 10.842
123 525 33 51.008
124 592 13 87.226
125 932 39 8.247
126 310 10 6.516
127 92 9 49.933
128 616 30 63.723
129 937 47 96.690
130 1097 27 41.843
131 1354 41 30.859
132 968 59 69.703
133 1375 7 94.626
134 467 42 98.083
135 1434 28 0.484
136 36 52 29.444
137 1281 37 57.508
138 80 57 25.410
139 431 41 55.654
140 1305 37 52.069
141 1293 44 88.589
142 705 19 85.178
143 1397 59 57.259
144 1308 13 42.950
145 190 4 23.470
146 81 60 20.972
147 131 15 92.279
148 828 23 0.893
149 375 7 17.348
150 988 22 56.531
151 17 32 81.006
152 794 59 40.952
153 593 36 89.984
154 15 13 40.514
155 1080 34 17.867
156 601 21 58.377
157 712 40 83.577
158 642 23 78.192
159 790 20 87.557
160 1371 2 38.726
161 1242 32 16.632
162 265 1 48.365
163 987 26 55.975
164 861 2 57.222
165 432 51 19.429
166 279 52 18.797
167 558 27 4.613
168 383 35 7.473
169 758 60 51.660
170 1286 20 4.060
171 1016 13 67.121
172 266 43 47.534
173 225 3 25.248
174 991 44 3.069
175 711 26 95.509
176 26 57 67.535
177 68 54 1.998
178 698 49 27.558
179 31 32 86.055
180 531 47 91.919
181 758 11 13.110
182 797 52 37.065
183 1007 3 50.398
184 1047 10 62.846
185 236 30 30.656
186 670 30 97.059
187 605 24 48.977
188 280 18 31.157
189 210 11 60.702
190 777 58 92.397
191 1279 30 98.408
192 997 12 73.589
193 39 17 64.645
194 831 35 80.269
195 1309 8 59.050
196 338 3 89.905
197 649 55 88.998
198 534 43 23.881
199 972 52 61.868
200 723 13 77.687