200
1 968 29 26.110
2 718 55 28.664
3 1415 40 30.630
4 958 3 73.606
5 939 13 79.027
6 242 58 62.428
7 573 51 51.815
8 206 9 32.747
9 449 17 54.254
10 663 53 30.611
11 975 51 8.302
12 1027 53 4.531
13 161 9 40.317
14 366 54 83.392
15 1173 60 89.864
16 29 29 21.437
17 27 47 50.654
18 1279 4 72.146
19 472 10 21.760
20 1314 27 5.756
21 872 50 61.625
22 1351 43 73.953
23 1271 59 58.443
24 976 23 86.428
25 273 29 99.297
26 103 1 83.254
27 859 16 89.984
28 1180 7 81.239
29 1283 28 57.384
30 193 2 48.444
31 23 45 93.965
32 1065 46 62.855
33 800 25 25.615
34 473 3 0.901
35 1223 30 46.125
36 1160 46 7.448
37 450 20 46.650
38 991 57 77.357
39 126 13 93.459
40 1152 22 33.964
41 631 46 74.698
42 834 60 24.675
43 926 21 71.629
44 1300 47 49.677
45 968 49 88.205
46 617 27 52.159
47 624 59 72.922
48 1373 50 86.702
49 369 42 21.717
50 585 32 27.082
51 906 56 64.746
52 1181 58 70.918
53 396 49 6.476
54 475 25 63.648
55 909 48 93.250
56 1340 26 19.700
57 489 51 54.519
58 228 52 30.333
59 593 30 30.526
60 1054 28 46.716
61 1303 2 65.480
62 886 17 65.215
63 813 28 19.547
64 1266 53 46.149
65 1009 44 94.565
66 111 11 84.523
67 141 52 52.055
68 1341 3 60.969
69 1249 5 42.671
70 463 42 31.863
71 510 37 30.059
72 530 8 46.623
73 414 45 6.531
74 1085 43 45.137
75 524 1 26.500
76 924 56 90.863
77 465 60 42.560
78 543 40 45.625
79 1433 60 57.770
80 1236 32 76.525
81 830 47 54.408
82 264 26 9.034
83 644 53 57.009
84 1109 31 6.138
85 1406 22 76.733
86 203 22 97.442
87 950 14 83.677
88 463 6 94.247
89 1019 42 56.503
90 841 41 70.687
91 1147 5 54.469
92 1152 23 90.660
93 1061 47 36.622
94 1348 59 17.738
95 725 8 13.449
96 391 12 72.887
97 732 23 53.314
98 835 17 20.687
99 1385 41 60.396
100 1312 36 82.564
101 680 36 98.331
102 759 27 21.232
103 1208 4 13.521
104 1153 42 56.470
105 1280 4 73.923
106 456 44 52.257
107 1068 6 54.181
108 1291 54 65.786
109 492 23 43.174
110 2 40 8.395
111 109 9 0.450
112 201 25 11.231
113 1253 39 76.212
114 1112 12 11.733
115 152 16 44.704
116 109 18 66.497
117 906 26 3.460
118 1159 31 31.670
119 888 29 19.841
120 1288 47 66.481
121 1024 9 8.521
122 485 33 42.157
123 1048 25 46.605
124 490 4 93.321
125 660 43 7.835
126 311 1 86.102
127 1375 32 41.761
128 1222 13 85.237
129 99 23 12.060
130 456 24 64.330
131 285 5 50.439
132 537 35 52.718
133 38 24 49.078
134 108 53 55.346
135 607 32 43.461
136 1092 36 3.734
137 997 21 67.389
138 1030 13 82.889
139 494 12 26.449
140 656 45 71.318
141 120 1 98.686
142 1132 50 25.898
143 690 53 61.474
144 1321 9 29.478
145 94 29 89.513
146 880 17 71.214
147 253 43 82.453
148 185 1 12.149
149 178 13 76.651
150 910 27 10.754
151 1352 13 36.379
152 275 37 42.762
153 951 37 50.760
154 365 60 68.015
155 1144 2 73.487
156 346 30 23.399
157 294 14 20.604
158 101 52 70.555
159 875 2 77.142
160 284 33 0.971
161 101 5 91.319
162 1013 8 26.226
163 1208 47 56.894
164 118 19 45.286
165 1226 10 72.095
166 966 54 21.511
167 219 10 42.465
168 230 37 86.093
169 1047 18 53.481
170 877 25 84.863
171 530 37 70.941
172 11 55 82.428
173 1047 54 16.244
174 942 54 38.307
175 108 50 99.655
176 467 7 44.195
177 793 18 29.813
178 434 16 79.551
179 720 53 7.221
180 500 20 6.371
181 1331 36 21.958
182 804 2 74.531
183 897 30 55.826
184 125 52 57.408
185 471 18 12.840
186 921 30 44.026
187 592 48 50.528
188 1273 22 85.451
189 119 29 24.987
190 359 52 75.524
191 81 40 59.373
192 869 18 45.733
193 313 31 73.048
194 532 22 24.905
195 458 4 89.979
196 1424 57 33.815
197 135 19 30.412
198 1209 6 14.222
199 517 56 71.520
200 271 25 91.329