200
1 324 5 75.960
2 560 10 5.305
3 411 54 60.734
4 756 9 80.160
5 1410 53 58.510
6 613 45 94.776
7 835 23 23.433
8 470 56 47.892
9 81 14 87.429
10 1039 24 32.041
11 158 30 12.645
12 652 40 54.009
13 439 13 44.098
14 451 25 28.682
15 210 43 71.058
16 255 59 55.338
17 186 26 91.826
18 399 22 25.365
19 425 48 0.947
20 122 20 18.827
21 259 26 47.899
22 1374 52 5.236
23 583 18 48.500
24 124 3 80.093
25 58 13 67.241
26 426 50 99.934
27 296 37 88.716
28 588 19 53.120
29 930 20 59.110
30 457 59 68.907
31 1407 28 38.785
32 425 6 67.129
33 541 11 28.009
34 370 33 25.357
35 1257 27 29.737
36 899 42 10.672
37 1251 47 90.012
38 34 45 90.156
39 1387 6 41.040
40 678 10 6.566
41 283 5 87.655
42 223 57 80.926
43 526 36 7.840
44 1079 1 28.193
45 96 45 90.993
46 739 27 92.305
47 828 43 44.023
48 517 11 23.693
49 1366 12 59.095
50 556 59 33.219
51 523 8 47.127
52 1293 55 54.777
53 1374 2 63.917
54 444 59 81.817
55 627 16 54.755
56 976 4 91.792
57 1027 45 34.929
58 439 13 12.286
59 609 44 49.479
60 254 34 8.180
61 1183 19 98.800
62 881 13 92.245
63 354 29 97.006
64 1405 48 89.383
65 1408 1 34.085
66 552 38 3.192
67 1092 55 39.895
68 1034 54 3.553
69 25 27 71.715
70 1239 45 39.729
71 1315 19 75.700
72 139 54 88.014
73 1404 40 41.916
74 285 32 26.212
75 289 34 42.631
76 411 20 86.882
77 164 23 33.015
78 284 28 38.061
79 1235 43 28.409
80 1093 26 60.611
81 1111 55 26.285
82 224 36 63.103
83 939 17 1.006
84 601 37 19.751
85 507 9 17.853
86 19 41 93.426
87 483 51 44.121
88 94 10 86.634
89 763 53 28.243
90 351 5 30.654
91 244 52 49.806
92 116 53 5.596
93 1278 53 4.039
94 319 54 9.639
95 1282 50 97.564
96 707 36 61.066
97 1296 21 21.880
98 1143 22 59.223
99 1277 32 65.113
100 775 18 70.296
101 1074 54 23.480
102 966 11 72.055
103 843 29 86.712
104 1024 52 99.427
105 548 46 81.305
106 761 10 11.872
107 48 46 33.018
108 712 13 37.752
109 925 30 29.373
110 628 59 69.168
111 1364 44 31.194
112 883 1 76.269
113 1236 5 35.797
114 783 27 26.357
115 243 30 63.401
116 1416 35 5.600
117 134 10 94.210
118 277 38 69.982
119 1398 32 53.752
120 743 36 32.929
121 696 50 37.613
122 943 48 94.969
123 1197 16 34.355
124 1120 56 83.453
125 885 6 68.741
126 308 27 80.552
127 294 56 7.015
128 702 55 70.811
129 1401 29 3.246
130 49 59 14.702
131 1090 40 14.506
132 1075 13 4.677
133 765 12 15.977
134 216 37 7.017
135 1432 27 42.644
136 623 3 25.714
137 33 35 37.697
138 38 35 76.951
139 1019 2 56.241
140 1381 18 90.646
141 771 26 83.884
142 299 54 1.724
143 549 51 65.813
144 26 38 36.730
145 724 31 96.357
146 739 17 37.648
147 995 23 68.646
148 1008 9 40.667
149 167 7 45.467
150 257 58 57.592
151 244 6 78.922
152 423 55 52.107
153 1250 43 82.633
154 1307 57 18.618
155 544 37 74.762
156 62 30 35.770
157 1019 34 28.997
158 723 12 63.910
159 351 36 16.163
160 145 47 72.559
161 560 51 90.845
162 79 16 1.835
163 757 36 83.037
164 287 22 2.004
165 775 58 69.332
166 1272 30 75.436
167 999 36 27.746
168 608 33 8.530
169 1245 7 10.751
170 562 36 54.463
171 1367 51 63.769
172 325 31 62.908
173 258 19 81.906
174 892 23 31.418
175 433 13 45.224
176 787 42 12.827
177 507 32 93.251
178 1170 50 47.141
179 574 33 98.295
180 1281 33 39.228
181 1235 37 7.530
182 417 15 40.661
183 289 18 32.098
184 689 19 53.261
185 1113 21 18.602
186 524 6 35.229
187 831 18 80.591
188 530 42 98.997
189 712 16 20.729
190 726 42 22.011
191 803 54 86.134
192 601 11 25.335
193 555 57 95.850
194 1194 17 70.945
195 1033 9 87.867
196 787 60 53.653
197 703 45 52.664
198 446 59 88.529
199 1029 40 3.364
200 1336 12 99.645