200
1 510 33 26.011
2 1188 37 57.160
3 44 14 10.768
4 772 37 29.028
5 720 42 8.695
6 1170 57 45.254
7 949 16 4.226
8 1411 35 67.541
9 528 48 78.511
10 7 22 9.208
11 1194 44 96.700
12 231 59 11.783
13 860 13 56.295
14 237 46 6.864
15 690 16 29.789
16 432 13 11.336
17 1423 7 71.676
18 527 42 83.254
19 328 60 17.425
20 283 19 94.824
21 1133 44 30.849
22 621 1 12.890
23 577 42 46.862
24 450 27 30.314
25 965 7 57.494
26 1034 40 39.650
27 384 46 28.566
28 768 45 64.037
29 94 53 28.573
30 1022 10 80.634
31 1305 36 74.915
32 842 53 61.281
33 726 48 41.565
34 381 45 26.538
35 955 50 35.555
36 673 39 33.151
37 34 30 87.832
38 464 1 61.597
39 760 60 99.578
40 705 32 93.271
41 964 2 17.061
42 333 24 46.181
43 1015 53 27.146
44 996 14 83.877
45 805 46 98.940
46 992 42 88.961
47 1418 11 15.109
48 856 57 16.352
49 574 8 26.370
50 451 9 59.209
51 240 13 20.201
52 1339 14 1.104
53 1311 57 16.771
54 865 52 21.141
55 292 2 33.051
56 719 20 94.601
57 66 30 48.969
58 1062 24 2.322
59 1172 59 1.727
60 1339 43 96.211
61 1120 19 7.342
62 897 37 86.930
63 1301 28 72.272
64 291 41 3.329
65 1059 40 78.454
66 307 27 84.519
67 708 2 60.080
68 437 27 49.563
69 1276 6 24.029
70 690 47 15.797
71 1148 39 10.728
72 315 44 80.364
73 1023 2 61.259
74 1019 43 65.173
75 927 59 41.622
76 1179 30 75.379
77 170 2 36.523
78 189 43 21.023
79 1421 5 16.813
80 27 53 24.783
81 1183 16 32.931
82 833 11 36.061
83 185 15 6.590
84 1317 24 63.921
85 145 48 28.100
86 389 47 68.552
87 217 8 7.946
88 521 25 44.479
89 53 33 64.168
90 666 53 70.215
91 697 25 81.905
92 1436 53 43.566
93 1432 60 98.906
94 1012 52 93.242
95 1372 58 35.096
96 1325 2 76.283
97 203 58 4.308
98 281 3 49.542
99 961 13 51.682
100 204 39 96.177
101 344 39 35.658
102 701 5 62.378
103 459 12 31.098
104 1407 34 2.665
105 1182 14 19.564
106 327 57 25.365
107 568 19 59.651
108 503 28 44.933
109 759 33 42.490
110 1344 40 40.444
111 555 45 37.914
112 318 19 5.547
113 813 25 44.273
114 582 25 44.649
115 1253 15 38.402
116 930 26 12.831
117 428 2 29.028
118 1085 53 9.327
119 404 7 33.562
120 827 36 27.311
121 143 21 93.946
122 1209 33 49.171
123 951 37 23.489
124 509 19 95.655
125 161 20 56.104
126 1269 15 63.628
127 583 28 68.136
128 671 9 34.675
129 1107 48 35.489
130 1149 40 82.056
131 1275 49 87.828
132 71 24 36.259
133 849 23 4.631
134 91 30 34.748
135 748 60 46.092
136 243 35 33.362
137 765 2 10.009
138 1116 38 39.084
139 293 10 65.501
140 734 14 10.503
141 1153 14 36.639
142 173 35 54.243
143 922 46 28.596
144 658 19 26.803
145 208 50 91.675
146 651 32 54.278
147 380 60 71.608
148 427 9 95.770
149 1072 58 76.436
150 1237 53 38.084
151 821 48 56.653
152 395 52 31.997
153 921 49 37.924
154 501 10 13.607
155 496 23 70.284
156 1002 23 48.137
157 1094 41 46.394
158 1305 5 54.457
159 1131 16 35.914
160 1127 53 98.924
161 270 5 52.660
162 1020 16 88.379
163 366 40 3.007
164 1060 11 0.284
165 843 43 85.789
166 671 17 84.317
167 1383 13 64.706
168 991 46 93.369
169 1042 18 36.410
170 594 1 62.583
171 153 37 59.972
172 888 57 79.070
173 15 35 10.400
174 868 12 52.845
175 73 22 50.321
176 581 36 81.156
177 118 47 17.820
178 1229 12 41.612
179 1047 41 61.659
180 373 22 34.404
181 979 48 25.148
182 131 47 83.760
183 1076 33 58.437
184 1219 38 64.915
185 307 52 7.507
186 1391 10 38.762
187 191 41 73.102
188 1376 7 43.891
189 841 4 25.857
190 765 44 15.108
191 704 49 82.315
192 1099 2 36.838
193 350 19 76.705
194 778 56 23.598
195 793 60 36.740
196 1432 27 85.852
197 1072 16 54.281
198 1400 30 56.492
199 1405 51 48.438
200 1150 18 91.706