200
1 437 45 54.566
2 916 22 32.752
3 203 20 54.751
4 1064 30 87.726
5 932 26 48.376
6 398 3 34.519
7 1436 44 26.883
8 769 29 63.286
9 932 45 2.814
10 617 6 2.842
11 821 24 77.730
12 164 37 32.483
13 4 6 12.190
14 361 8 44.857
15 458 53 42.134
16 239 8 80.943
17 955 37 96.243
18 1144 7 35.075
19 1241 34 31.799
20 455 10 12.736
21 1320 3 45.489
22 119 18 10.388
23 615 30 97.738
24 944 17 82.824
25 766 1 68.702
26 1059 7 93.313
27 65 13 29.153
28 1301 26 19.955
29 891 23 60.898
30 255 10 45.438
31 341 32 24.726
32 804 12 62.952
33 1139 48 22.903
34 389 35 50.464
35 1384 7 17.359
36 1382 10 98.633
37 653 58 23.000
38 963 50 73.767
39 562 59 81.611
40 630 5 65.247
41 996 26 67.678
42 561 21 70.174
43 894 23 92.162
44 227 55 36.131
45 64 14 79.982
46 1012 59 65.569
47 393 32 74.983
48 745 13 39.980
49 101 6 87.849
50 445 47 17.664
51 1291 33 36.676
52 15 45 10.088
53 640 47 45.779
54 493 40 67.628
55 385 32 23.622
56 1308 22 47.243
57 177 25 66.769
58 145 37 84.275
59 664 51 75.506
60 820 13 93.937
61 172 8 25.878
62 657 28 11.342
63 735 41 44.494
64 716 24 30.296
65 917 33 77.140
66 247 10 47.514
67 461 59 17.011
68 702 6 65.640
69 1385 30 94.676
70 931 58 8.303
71 448 43 80.580
72 489 29 55.002
73 1057 13 0.951
74 872 57 83.614
75 977 28 51.924
76 20 29 27.075
77 310 57 27.208
78 134 29 16.634
79 392 6 20.593
80 1078 38 19.292
81 367 27 75.226
82 1084 22 35.364
83 532 50 99.093
84 1027 2 90.754
85 198 52 38.760
86 725 36 68.385
87 950 40 21.786
88 1117 35 58.042
89 266 20 62.477
90 688 48 96.334
91 1380 12 8.849
92 1071 17 33.722
93 326 49 13.800
94 14 32 24.890
95 281 9 67.115
96 395 3 18.237
97 104 4 84.054
98 1374 26 82.077
99 787 26 45.194
100 811 28 62.667
101 674 3 30.385
102 473 2 36.444
103 475 19 16.731
104 468 1 87.420
105 1058 23 64.044
106 1277 4 64.379
107 611 54 88.236
108 1301 20 29.807
109 756 22 37.439
110 1193 50 29.233
111 1272 49 80.521
112 1067 53 23.610
113 513 27 23.440
114 357 11 76.621
115 1352 44 60.464
116 1163 17 75.698
117 1410 17 79.251
118 1132 5 62.160
119 793 40 48.438
120 969 56 60.023
121 1119 1 67.532
122 620 45 39.603
123 673 30 70.598
124 1069 24 66.136
125 391 38 88.880
126 1433 54 53.883
127 606 2 23.734
128 1172 4 54.089
129 188 9 79.464
130 428 21 33.186
131 576 25 79.541
132 927 48 24.646
133 462 57 78.446
134 812 8 94.659
135 362 21 7.150
136 20 43 60.258
137 63 60 3.781
138 245 52 73.930
139 357 58 23.634
140 577 10 59.498
141 972 45 61.462
142 43 16 44.828
143 664 1 45.753
144 625 49 9.775
145 200 43 99.486
146 603 58 8.068
147 222 59 90.584
148 223 53 55.705
149 956 5 15.420
150 775 40 27.445
151 1354 56 77.774
152 1148 6 8.401
153 1388 42 26.806
154 874 47 17.972
155 928 19 77.339
156 110 38 14.627
157 1235 45 56.451
158 503 32 32.409
159 962 13 34.256
160 234 13 19.960
161 500 4 32.106
162 891 23 62.089
163 1075 12 12.800
164 831 11 16.649
165 376 46 91.659
166 570 29 99.835
167 212 34 64.915
168 414 54 13.773
169 501 55 18.681
170 1430 1 10.631
171 325 31 7.865
172 1123 2 44.222
173 425 4 18.270
174 618 14 52.902
175 115 21 35.616
176 1428 16 99.522
177 376 52 70.413
178 1251 2 30.372
179 406 37 82.612
180 16 22 8.202
181 666 36 98.268
182 256 50 68.756
183 142 6 42.214
184 953 12 21.717
185 941 40 52.980
186 279 4 60.284
187 474 38 35.450
188 19 50 77.594
189 59 9 71.629
190 331 45 12.615
191 335 11 59.073
192 897 16 70.469
193 418 55 68.933
194 991 1 70.002
195 557 51 61.041
196 106 11 44.346
197 1191 39 20.396
198 663 39 7.828
199 325 17 82.758
200 1100 4 39.164