200
1 263 3 37.717
2 964 32 54.219
3 540 26 20.693
4 876 25 0.057
5 964 8 34.628
6 1197 54 97.082
7 222 24 23.273
8 1048 23 7.269
9 539 26 14.736
10 1211 56 3.187
11 1114 33 23.584
12 825 17 40.864
13 1040 21 86.093
14 551 34 10.895
15 28 29 61.675
16 1122 24 20.307
17 1246 14 2.338
18 1016 46 96.034
19 1013 10 26.279
20 761 44 86.002
21 403 33 70.162
22 574 5 1.634
23 493 44 51.429
24 322 16 93.945
25 280 7 21.637
26 490 17 55.387
27 1306 48 62.224
28 691 57 29.199
29 521 42 90.895
30 1023 31 21.601
31 547 25 6.528
32 164 8 34.112
33 1063 12 33.244
34 623 40 96.253
35 1239 50 87.568
36 414 45 71.558
37 1409 19 66.560
38 1108 3 72.214
39 593 42 32.743
40 767 51 33.276
41 878 23 98.430
42 747 14 39.409
43 1435 5 4.016
44 780 52 51.692
45 1183 27 41.397
46 403 41 87.808
47 1160 26 24.976
48 37 53 25.023
49 446 20 29.006
50 1102 2 14.571
51 644 26 11.665
52 1025 23 22.075
53 1415 37 16.255
54 1084 33 81.228
55 1412 39 95.636
56 113 46 82.493
57 723 41 72.197
58 84 13 75.626
59 1249 7 57.618
60 812 37 27.495
61 1359 49 89.753
62 124 19 24.112
63 999 30 5.528
64 996 25 27.318
65 164 60 18.362
66 701 29 25.962
67 1261 35 42.938
68 607 50 65.385
69 872 59 79.354
70 759 15 16.771
71 1411 17 86.945
72 101 40 65.743
73 731 17 32.767
74 78 49 12.020
75 1102 52 33.889
76 1232 39 21.465
77 1295 55 97.302
78 575 59 61.615
79 158 39 0.805
80 76 6 83.920
81 568 18 92.422
82 556 25 59.377
83 917 34 69.594
84 1295 60 26.342
85 534 56 39.363
86 1072 18 31.020
87 800 30 64.934
88 1033 4 52.261
89 1241 20 75.239
90 1325 47 90.505
91 655 21 6.819
92 390 10 51.431
93 872 53 58.287
94 1423 33 95.395
95 1347 10 10.809
96 995 23 39.537
97 1206 51 19.569
98 835 55 52.473
99 138 14 98.408
100 625 11 2.081
101 760 5 40.329
102 1034 7 69.907
103 155 60 67.229
104 162 12 45.539
105 840 56 16.336
106 347 47 46.062
107 196 48 92.589
108 840 12 6.849
109 993 31 83.313
110 802 17 94.152
111 1025 6 21.095
112 540 15 41.447
113 1237 20 78.307
114 983 2 25.011
115 341 34 30.535
116 1011 35 15.590
117 263 52 68.544
118 748 51 94.736
119 1243 26 0.223
120 476 19 40.139
121 757 30 6.771
122 868 27 8.723
123 524 44 60.236
124 435 23 0.839
125 638 17 74.812
126 1279 41 72.770
127 1124 17 27.148
128 476 4 24.635
129 1427 37 13.997
130 1321 14 87.124
131 564 43 97.846
132 1289 48 36.283
133 456 60 2.867
134 1334 44 11.567
135 131 46 74.628
136 681 38 97.363
137 212 44 45.911
138 58 33 71.535
139 399 59 70.347
140 1027 47 5.145
141 1380 5 17.688
142 777 9 80.824
143 640 9 56.835
144 1021 36 77.244
145 580 8 3.401
146 1200 54 7.748
147 131 6 34.349
148 312 49 5.498
149 519 13 39.573
150 464 14 16.572
151 1198 4 71.277
152 104 9 76.196
153 512 41 89.896
154 225 49 47.877
155 446 12 18.026
156 755 18 38.687
157 1099 32 46.673
158 910 24 90.596
159 668 40 4.247
160 55 6 67.077
161 122 38 65.085
162 25 6 52.472
163 1363 1 96.417
164 179 39 50.441
165 1254 15 81.300
166 1413 31 34.126
167 1363 59 42.209
168 512 7 69.953
169 1069 20 15.676
170 1260 1 15.552
171 894 12 35.302
172 1129 30 41.738
173 153 33 58.522
174 903 51 74.340
175 1209 2 35.704
176 1207 15 86.381
177 58 32 97.110
178 1224 34 12.630
179 510 23 99.617
180 368 17 85.920
181 406 2 28.783
182 227 20 10.178
183 51 39 4.133
184 1421 57 91.829
185 399 37 67.546
186 1241 46 79.167
187 372 56 58.293
188 295 10 83.068
189 858 9 67.924
190 103 27 99.680
191 595 43 37.906
192 502 51 54.600
193 1101 45 23.063
194 55 5 21.326
195 627 17 67.197
196 314 53 83.954
197 736 31 65.692
198 543 32 80.474
199 131 53 4.281
200 124 4 41.651