200
1 529 10 44.174
2 749 37 10.463
3 359 54 1.768
4 1017 43 51.916
5 567 46 15.780
6 504 13 64.781
7 464 25 25.093
8 1110 3 45.287
9 1206 56 5.092
10 747 23 77.931
11 421 28 25.273
12 1232 50 58.912
13 906 55 61.238
14 217 43 90.025
15 440 38 20.673
16 797 17 16.780
17 283 17 58.434
18 286 1 75.778
19 129 45 22.942
20 752 47 98.235
21 944 50 62.993
22 789 13 48.009
23 309 41 18.996
24 776 52 33.467
25 1152 11 93.237
26 1022 11 17.219
27 1062 45 6.191
28 594 34 51.748
29 823 13 67.409
30 791 57 3.871
31 819 3 26.758
32 348 30 33.478
33 1001 52 14.842
34 976 41 72.062
35 1391 49 82.030
36 1139 12 13.483
37 380 52 87.532
38 1318 44 79.287
39 353 58 23.749
40 1079 45 26.793
41 453 53 2.766
42 72 42 97.740
43 486 49 25.095
44 1200 56 23.227
45 87 21 71.025
46 64 43 11.727
47 273 29 91.037
48 44 59 40.121
49 1094 4 97.333
50 1036 13 12.943
51 1121 16 78.731
52 881 23 17.302
53 902 10 34.814
54 768 24 31.704
55 1233 12 75.412
56 91 27 64.984
57 147 58 9.081
58 125 7 32.362
59 1090 40 36.800
60 910 16 62.774
61 128 28 5.445
62 1121 52 31.224
63 1189 15 29.529
64 1008 47 11.212
65 448 52 16.360
66 275 51 97.223
67 785 29 80.185
68 496 15 55.368
69 1335 51 75.629
70 1401 52 70.060
71 1234 51 65.783
72 448 26 40.501
73 1304 35 61.440
74 753 44 8.786
75 1050 55 81.754
76 589 10 92.651
77 951 36 63.676
78 299 28 77.638
79 431 21 76.908
80 821 60 38.585
81 1062 40 13.907
82 887 59 79.126
83 36 54 47.012
84 350 37 10.686
85 313 26 96.094
86 1275 40 76.494
87 344 44 61.420
88 733 31 76.236
89 1339 55 38.274
90 49 2 23.396
91 540 39 10.894
92 497 31 89.653
93 440 57 60.441
94 108 13 83.052
95 127 58 35.317
96 108 21 55.970
97 1357 8 66.366
98 553 54 61.746
99 1051 54 12.030
100 1308 27 21.056
101 93 5 27.824
102 1423 16 33.111
103 791 5 7.616
104 369 5 49.305
105 1186 34 12.945
106 997 6 48.881
107 1083 20 95.854
108 303 4 31.690
109 9 47 89.424
110 1265 54 94.034
111 421 51 72.848
112 1173 33 66.718
113 1141 48 22.354
114 1161 43 57.166
115 392 50 16.592
116 814 56 22.015
117 567 15 92.856
118 491 29 34.734
119 1102 13 20.829
120 1067 9 97.145
121 587 56 4.291
122 1197 14 99.806
123 986 6 96.192
124 1330 60 8.223
125 695 37 33.688
126 1048 52 8.818
127 1148 56 15.240
128 168 8 12.154
129 1189 54 63.402
130 1176 2 99.741
131 672 39 30.074
132 45 32 1.980
133 241 34 57.730
134 309 24 55.341
135 1347 12 53.676
136 1337 10 99.459
137 1425 46 33.657
138 1197 21 48.770
139 552 10 17.226
140 1158 55 52.233
141 411 3 58.296
142 640 34 2.600
143 941 21 42.146
144 72 21 92.727
145 1076 9 67.003
146 747 18 98.532
147 87 28 94.915
148 182 52 84.045
149 498 49 47.879
150 1292 45 50.897
151 719 23 49.072
152 575 16 73.707
153 1121 15 18.024
154 1051 30 66.490
155 1327 3 84.255
156 2 46 57.225
157 1064 41 16.370
158 1106 19 12.039
159 1410 43 73.758
160 413 38 67.941
161 1051 38 27.945
162 557 51 19.471
163 757 40 56.443
164 1229 21 13.596
165 464 42 5.600
166 1372 33 2.354
167 655 37 37.130
168 1302 45 83.198
169 781 40 62.038
170 296 18 90.207
171 234 52 5.320
172 279 4 72.918
173 1359 21 26.178
174 850 46 30.860
175 99 58 44.544
176 1172 6 24.886
177 1124 60 14.974
178 749 56 48.957
179 1256 27 64.191
180 649 27 24.914
181 815 18 6.268
182 1231 32 53.384
183 299 60 93.308
184 457 14 35.014
185 495 27 24.032
186 1275 17 68.006
187 833 16 97.018
188 23 18 61.225
189 1362 26 31.250
190 370 45 68.298
191 77 52 62.000
192 688 10 83.685
193 730 29 87.514
194 252 51 77.650
195 1364 12 73.241
196 1202 7 76.277
197 215 16 39.906
198 96 31 1.305
199 102 58 8.761
200 881 59 42.221