200
1 1038 58 75.158
2 590 18 64.454
3 1423 59 70.014
4 792 59 87.033
5 1061 57 97.944
6 1293 23 93.328
7 324 38 39.610
8 673 1 43.495
9 500 29 84.678
10 188 14 22.088
11 1183 16 10.711
12 71 60 81.047
13 389 38 41.015
14 1175 58 57.227
15 54 40 84.190
16 385 3 29.306
17 1420 45 9.145
18 409 4 16.699
19 68 1 12.063
20 1298 50 4.382
21 1223 1 88.133
22 1043 40 63.392
23 478 12 3.794
24 254 15 82.172
25 1204 11 98.553
26 168 59 94.405
27 21 16 93.543
28 636 27 89.954
29 1235 13 67.284
30 166 34 95.199
31 275 20 81.312
32 80 36 87.793
33 825 9 66.075
34 634 58 71.875
35 524 1 28.995
36 803 21 73.877
37 714 59 2.164
38 1005 6 93.358
39 193 52 67.707
40 594 30 81.244
41 897 14 49.159
42 1209 6 70.473
43 659 14 47.537
44 1252 59 93.020
45 602 7 51.892
46 319 49 40.686
47 1065 10 82.096
48 1402 31 97.380
49 635 43 49.791
50 585 33 16.432
51 1429 46 8.948
52 4 59 37.694
53 1132 58 74.467
54 945 47 78.576
55 752 54 4.133
56 939 27 49.434
57 144 24 23.454
58 389 20 98.135
59 285 41 46.005
60 430 20 65.222
61 147 39 67.896
62 1111 55 68.059
63 384 46 55.369
64 829 24 34.297
65 621 58 87.839
66 958 8 89.118
67 471 33 7.182
68 780 20 41.077
69 578 9 31.832
70 803 39 43.811
71 1164 33 75.998
72 508 25 58.652
73 626 12 9.228
74 131 45 17.483
75 480 42 41.584
76 442 55 50.523
77 525 29 0.660
78 164 59 11.353
79 1096 35 87.861
80 1184 15 22.127
81 389 16 6.876
82 502 48 15.397
83 1435 11 87.737
84 138 56 90.289
85 585 59 84.909
86 432 6 82.415
87 948 39 50.765
88 852 48 10.172
89 207 6 31.400
90 1158 33 33.336
91 189 8 9.243
92 900 4 76.661
93 806 28 93.572
94 528 43 80.157
95 733 53 35.471
96 1287 42 87.746
97 1396 37 10.328
98 1328 7 15.999
99 787 19 54.300
100 180 5 66.713
101 1157 51 27.736
102 1255 13 69.944
103 5 31 52.863
104 14 20 27.760
105 68 58 30.736
106 439 13 53.442
107 620 60 67.151
108 809 17 51.544
109 896 25 88.320
110 368 54 87.613
111 718 42 18.286
112 778 55 59.402
113 112 52 38.567
114 116 23 33.738
115 842 50 57.116
116 699 5 55.149
117 917 12 99.555
118 1385 50 78.500
119 706 34 28.945
120 1033 3 18.083
121 789 24 95.543
122 327 30 37.409
123 553 10 35.340
124 982 11 41.725
125 776 15 18.230
126 575 25 9.794
127 60 37 52.629
128 805 7 84.059
129 240 48 84.115
130 371 20 76.151
131 1031 47 73.426
132 249 46 41.357
133 157 4 54.710
134 827 19 58.053
135 1285 49 35.367
136 1019 41 28.544
137 363 53 34.976
138 708 7 22.982
139 1397 12 41.870
140 258 59 98.948
141 161 38 36.965
142 1352 22 11.477
143 683 19 6.998
144 1340 15 22.074
145 1263 39 60.992
146 769 21 68.521
147 855 22 58.546
148 1170 11 42.749
149 968 41 11.757
150 421 9 74.153
151 888 7 83.919
152 520 29 61.638
153 586 19 30.738
154 135 22 2.171
155 1296 13 27.019
156 1419 6 73.355
157 413 15 47.992
158 330 56 79.875
159 1006 54 0.308
160 216 58 82.909
161 785 51 72.345
162 365 21 19.740
163 620 20 91.434
164 1061 29 44.945
165 1294 7 16.051
166 418 22 39.726
167 1164 27 97.182
168 91 52 0.653
169 1397 45 8.392
170 302 10 58.355
171 515 16 63.036
172 992 34 87.040
173 220 36 98.991
174 1382 26 92.574
175 449 10 64.381
176 832 16 1.269
177 1349 1 14.728
178 1141 35 50.552
179 1004 11 48.708
180 392 42 45.647
181 1439 25 36.209
182 609 32 96.780
183 474 22 10.489
184 321 51 28.130
185 708 48 61.407
186 1218 14 23.967
187 48 51 4.579
188 109 17 46.016
189 664 59 93.409
190 406 39 9.713
191 1356 44 29.698
192 150 58 58.816
193 185 41 55.831
194 301 53 74.157
195 353 27 12.991
196 106 9 48.378
197 776 48 18.286
198 445 2 51.951
199 56 39 2.293
200 1097 17 31.960