200
1 1250 26 59.110
2 409 47 27.747
3 685 48 77.615
4 1002 54 25.147
5 1198 8 81.468
6 275 12 83.478
7 723 18 13.929
8 463 35 18.602
9 357 36 48.943
10 932 32 91.079
11 94 16 27.893
12 64 37 34.194
13 634 46 77.654
14 378 11 96.021
15 907 55 50.247
16 485 38 96.130
17 468 41 71.411
18 1166 50 63.866
19 145 58 92.025
20 674 26 54.786
21 773 3 98.930
22 388 3 45.798
23 703 33 30.215
24 1091 52 19.920
25 663 43 37.786
26 1152 4 22.715
27 1217 54 85.827
28 1039 8 29.263
29 327 21 56.047
30 969 8 74.201
31 1065 60 80.524
32 560 21 47.363
33 74 20 61.874
34 1131 6 26.577
35 1288 43 29.998
36 1278 15 89.285
37 1247 17 74.034
38 677 55 90.535
39 809 32 75.239
40 1413 17 64.846
41 238 2 92.742
42 1085 30 65.300
43 1208 55 62.420
44 263 45 55.056
45 1392 49 33.366
46 102 10 16.075
47 1131 43 67.482
48 146 46 87.464
49 1061 25 18.812
50 727 13 3.549
51 971 50 26.438
52 1191 59 66.647
53 588 5 22.246
54 1426 57 31.612
55 1169 27 72.750
56 21 26 27.447
57 394 19 91.493
58 915 34 32.952
59 1148 30 35.460
60 423 7 37.294
61 626 33 87.079
62 1192 3 16.048
63 1162 45 81.353
64 1347 4 69.450
65 290 14 88.166
66 759 33 58.066
67 937 23 56.510
68 301 43 54.271
69 215 56 25.303
70 8 27 38.396
71 901 4 37.987
72 570 25 69.035
73 1150 36 97.858
74 1222 3 52.452
75 15 23 52.772
76 1167 51 2.640
77 739 42 60.437
78 1379 58 38.745
79 583 15 18.112
80 943 13 3.974
81 386 37 40.192
82 1207 45 31.234
83 960 5 90.721
84 716 19 54.405
85 1081 44 51.397
86 1338 35 2.986
87 614 50 72.022
88 1405 9 91.001
89 14 36 53.750
90 28 28 33.857
91 310 58 32.514
92 490 10 27.642
93 1383 42 88.086
94 1381 48 35.578
95 667 36 6.207
96 983 48 6.755
97 247 41 12.641
98 1222 2 60.840
99 591 16 30.662
100 590 31 73.767
101 878 3 49.768
102 658 47 15.842
103 297 12 13.302
104 309 33 45.116
105 465 55 98.726
106 980 48 37.303
107 545 58 68.709
108 744 55 93.307
109 858 31 77.336
110 465 34 15.548
111 157 15 59.100
112 826 25 52.587
113 1158 7 19.293
114 1174 46 34.334
115 486 56 85.506
116 481 46 12.162
117 615 34 20.915
118 15 22 65.129
119 126 6 31.029
120 869 25 73.923
121 1144 55 69.300
122 127 4 92.100
123 258 60 73.169
124 1195 30 33.654
125 123 16 20.541
126 1044 56 66.849
127 1184 16 70.969
128 626 27 86.800
129 944 4 50.438
130 58 49 43.643
131 655 14 22.400
132 1139 47 62.970
133 478 30 36.616
134 854 6 88.972
135 555 1 46.610
136 1113 13 13.139
137 1401 55 45.358
138 590 60 53.003
139 839 18 73.808
140 461 46 56.396
141 694 11 43.296
142 1029 26 44.380
143 946 37 16.776
144 1102 5 98.668
145 707 21 98.121
146 938 11 83.719
147 148 18 67.661
148 1257 39 36.540
149 606 11 74.894
150 879 8 57.051
151 811 18 84.520
152 491 31 38.098
153 1261 19 33.380
154 247 35 58.106
155 733 4 5.509
156 1186 32 47.009
157 1208 48 2.625
158 86 20 6.340
159 577 38 10.650
160 694 2 69.561
161 649 26 35.438
162 369 25 63.295
163 2 35 81.839
164 1018 29 97.423
165 768 22 77.324
166 1374 13 33.037
167 372 31 21.865
168 502 8 6.633
169 861 9 97.102
170 162 4 55.870
171 779 17 59.003
172 54 9 44.935
173 694 58 14.981
174 795 57 13.860
175 911 41 69.790
176 776 23 68.246
177 252 6 54.468
178 341 33 68.860
179 908 6 55.712
180 962 7 21.763
181 455 59 58.210
182 1280 32 45.104
183 263 31 71.327
184 1219 14 82.118
185 382 38 27.996
186 1347 1 32.821
187 147 14 74.383
188 298 14 35.987
189 908 41 17.106
190 370 39 76.456
191 118 18 16.430
192 717 28 8.107
193 1242 58 26.021
194 1313 55 63.573
195 919 30 76.458
196 981 50 69.243
197 1200 4 39.183
198 981 50 50.840
199 653 27 91.590
200 566 22 77.002