200
1 1370 45 99.090
2 1074 47 1.609
3 15 17 11.797
4 637 26 12.568
5 1317 41 44.031
6 554 47 20.023
7 1072 60 59.443
8 219 57 75.524
9 1155 1 6.922
10 1156 34 85.960
11 997 38 82.759
12 24 52 2.676
13 1368 10 34.944
14 325 35 51.110
15 113 46 85.584
16 900 57 26.446
17 90 6 77.226
18 438 53 95.150
19 1223 38 60.026
20 1364 25 69.313
21 935 40 34.595
22 288 27 19.162
23 506 21 99.394
24 1298 5 12.675
25 20 10 36.267
26 257 43 81.866
27 1168 53 57.437
28 724 2 13.955
29 1248 56 83.125
30 1100 52 87.974
31 154 46 45.109
32 1297 16 35.280
33 678 58 16.201
34 1111 10 88.058
35 70 20 97.956
36 294 47 99.768
37 523 2 29.525
38 519 42 94.306
39 1325 24 72.337
40 1062 49 13.215
41 370 4 58.675
42 1358 59 17.208
43 817 22 94.039
44 125 7 51.492
45 534 52 95.278
46 388 47 96.476
47 752 27 91.032
48 249 8 86.496
49 417 15 27.228
50 1211 17 3.433
51 1148 24 89.130
52 905 55 56.832
53 901 11 31.567
54 755 51 42.071
55 476 55 53.318
56 632 58 64.966
57 32 48 50.946
58 591 45 71.003
59 1181 44 8.104
60 311 30 63.160
61 711 4 41.531
62 1440 55 15.369
63 735 57 91.386
64 434 14 79.594
65 850 11 41.521
66 887 59 86.196
67 73 20 37.152
68 660 40 70.423
69 221 10 55.047
70 962 50 95.679
71 1383 17 29.846
72 1258 1 98.123
73 1126 29 20.018
74 1422 18 90.267
75 784 25 63.371
76 268 28 22.142
77 674 49 67.520
78 99 55 2.830
79 1362 59 4.764
80 1170 46 38.808
81 678 34 43.725
82 92 15 24.075
83 247 7 26.585
84 360 21 52.750
85 636 44 50.841
86 222 51 63.358
87 1062 26 51.587
88 1346 50 49.163
89 989 28 80.271
90 279 13 98.991
91 978 4 73.192
92 455 58 77.188
93 34 53 88.246
94 18 18 59.133
95 194 13 38.394
96 993 7 56.937
97 1247 32 7.670
98 458 12 21.485
99 215 45 77.073
100 1424 18 55.428
101 819 24 31.045
102 75 43 8.994
103 795 18 2.850
104 50 49 17.819
105 981 1 73.936
106 747 60 26.808
107 833 23 11.788
108 366 44 86.987
109 192 42 77.790
110 725 47 29.615
111 1069 20 32.278
112 1123 41 44.720
113 1080 47 81.759
114 195 37 63.376
115 640 27 92.086
116 510 27 70.370
117 971 56 67.668
118 382 3 36.100
119 584 37 97.132
120 1057 45 84.651
121 183 12 52.330
122 1024 58 56.758
123 46 34 51.008
124 361 7 46.232
125 678 52 32.161
126 670 40 75.819
127 1024 46 26.266
128 1393 1 57.047
129 1204 27 11.938
130 752 25 75.158
131 507 30 60.389
132 1276 25 94.761
133 218 56 77.106
134 797 11 8.139
135 21 12 55.321
136 1302 53 28.374
137 914 37 53.256
138 738 44 17.145
139 526 43 66.075
140 806 45 64.098
141 1347 18 15.760
142 676 48 76.691
143 653 43 17.646
144 367 40 28.306
145 1418 28 87.716
146 1031 13 5.881
147 463 27 42.763
148 495 16 74.467
149 530 31 18.438
150 335 31 93.414
151 726 1 56.022
152 464 21 80.246
153 1087 56 49.519
154 812 41 12.315
155 1079 1 37.288
156 1089 18 68.285
157 958 22 27.433
158 652 36 4.726
159 1131 21 17.369
160 1416 6 51.879
161 1146 1 61.279
162 1365 49 2.369
163 1248 30 50.292
164 870 38 26.517
165 568 2 65.979
166 832 57 24.457
167 548 45 57.593
168 696 39 76.494
169 208 38 84.101
170 784 56 58.548
171 11 59 62.599
172 1420 18 59.846
173 1283 2 70.023
174 919 32 97.495
175 1143 53 58.435
176 414 40 96.781
177 1313 26 88.212
178 682 49 46.133
179 767 37 24.917
180 825 42 17.852
181 785 18 59.269
182 155 46 36.652
183 1322 56 18.660
184 292 55 65.146
185 1124 23 32.050
186 1376 46 23.319
187 217 20 65.659
188 56 13 83.996
189 1122 15 2.418
190 1337 4 14.143
191 475 37 95.036
192 1301 9 14.487
193 723 29 41.376
194 1230 3 14.867
195 1216 2 71.152
196 1408 19 1.577
197 116 27 13.361
198 225 23 27.284
199 1191 41 41.023
200 212 22 53.846