200
1 464 19 95.131
2 1148 4 81.807
3 72 22 93.679
4 818 50 66.195
5 1405 2 71.207
6 244 14 20.812
7 461 49 66.654
8 718 47 31.958
9 331 55 98.138
10 1000 51 18.970
11 1073 38 18.742
12 259 16 28.903
13 111 29 83.922
14 1268 9 89.920
15 1370 6 5.033
16 1407 22 60.273
17 958 27 86.001
18 333 9 39.441
19 673 45 36.126
20 244 8 18.478
21 429 32 53.419
22 142 51 93.367
23 1234 43 92.581
24 1225 48 20.131
25 1331 35 33.538
26 1045 16 34.610
27 1392 1 75.980
28 1350 2 27.561
29 923 28 2.970
30 934 39 36.500
31 1231 48 97.322
32 915 43 81.983
33 1183 37 97.593
34 482 26 14.060
35 1419 29 57.966
36 1025 34 92.668
37 1092 58 3.626
38 521 51 50.562
39 531 13 64.444
40 753 29 32.382
41 204 23 59.600
42 674 42 71.193
43 168 33 24.303
44 416 26 69.401
45 453 56 1.291
46 512 14 43.683
47 14 51 10.466
48 478 32 91.637
49 502 15 74.556
50 108 55 79.684
51 594 41 95.812
52 1409 46 21.913
53 1166 11 72.091
54 535 29 59.995
55 269 18 44.837
56 1096 33 91.901
57 565 47 56.813
58 533 52 26.619
59 196 34 72.441
60 899 3 98.549
61 13 51 38.298
62 1123 34 99.947
63 199 31 58.878
64 1312 60 21.774
65 824 25 77.778
66 44 34 17.338
67 833 21 43.830
68 936 55 83.121
69 144 27 87.329
70 309 12 97.039
71 658 53 44.215
72 326 58 90.330
73 1134 29 73.431
74 471 19 10.012
75 1181 24 12.570
76 744 24 75.705
77 314 43 35.703
78 1337 49 92.614
79 247 53 61.957
80 824 59 4.313
81 128 35 28.873
82 1100 14 3.019
83 19 46 41.505
84 1425 46 62.567
85 2 38 36.320
86 1438 15 91.720
87 346 4 91.108
88 405 54 6.782
89 252 36 18.595
90 1005 53 84.338
91 1014 33 81.395
92 646 53 78.316
93 219 28 83.645
94 551 12 22.911
95 975 45 17.362
96 1185 3 42.881
97 558 50 82.108
98 347 33 50.257
99 1354 42 31.527
100 150 41 33.986
101 774 36 49.285
102 42 37 73.884
103 501 30 61.578
104 1144 54 34.619
105 552 49 85.735
106 194 46 38.065
107 219 39 72.619
108 886 36 31.891
109 392 19 29.892
110 506 7 38.078
111 168 33 25.358
112 1340 34 50.019
113 930 12 9.922
114 280 20 92.177
115 740 46 56.343
116 672 18 38.761
117 1264 42 56.385
118 1211 10 46.261
119 409 4 61.629
120 623 5 33.715
121 1219 51 66.455
122 613 53 30.048
123 1152 15 88.621
124 609 48 57.418
125 683 54 95.482
126 634 6 39.958
127 1007 39 20.064
128 1291 20 52.059
129 913 10 3.121
130 1428 20 10.687
131 1388 53 4.569
132 422 47 15.639
133 239 28 37.161
134 1312 53 56.840
135 1171 12 23.534
136 377 55 62.187
137 794 57 17.522
138 307 14 0.891
139 1165 43 30.198
140 671 41 36.330
141 901 1 98.573
142 1225 11 64.873
143 912 60 60.941
144 42 20 36.420
145 1093 42 73.195
146 438 30 56.223
147 677 32 74.289
148 333 47 14.815
149 1221 2 57.493
150 167 34 29.187
151 275 59 10.054
152 590 1 42.271
153 967 1 86.317
154 246 24 82.691
155 228 34 28.429
156 1118 50 38.039
157 954 13 29.228
158 17 34 73.118
159 1176 59 37.623
160 316 42 95.723
161 120 35 17.075
162 420 59 88.168
163 881 25 1.151
164 762 50 31.641
165 48 14 8.362
166 606 34 82.744
167 635 31 27.055
168 83 54 72.083
169 349 4 29.727
170 313 37 94.597
171 471 51 66.397
172 709 26 43.662
173 215 25 63.210
174 506 19 36.485
175 778 47 79.032
176 1032 6 5.208
177 1392 1 73.707
178 176 24 83.170
179 430 10 28.056
180 1287 60 58.579
181 1011 18 92.138
182 103 42 74.271
183 993 32 51.772
184 656 39 24.479
185 268 34 93.397
186 1347 20 96.572
187 626 33 70.948
188 524 23 1.878
189 238 2 53.698
190 567 23 19.324
191 910 16 1.282
192 929 23 40.125
193 849 45 51.114
194 756 2 90.538
195 186 24 74.884
196 1433 37 87.534
197 918 59 98.419
198 214 55 1.497
199 444 49 63.211
200 35 9 65.586