200
1 903 25 52.258
2 932 14 79.183
3 1169 11 94.250
4 696 50 60.427
5 935 24 6.582
6 619 24 29.179
7 383 46 32.132
8 336 33 83.101
9 491 7 82.871
10 1144 58 43.824
11 1366 58 84.205
12 1265 42 92.719
13 123 12 96.040
14 590 2 28.344
15 757 42 90.969
16 713 7 41.552
17 1110 12 75.175
18 160 9 10.508
19 450 32 70.753
20 230 51 53.717
21 1392 10 44.527
22 247 43 88.396
23 944 58 70.660
24 98 7 18.033
25 808 53 49.383
26 1111 18 3.088
27 595 29 83.446
28 666 40 65.327
29 41 12 81.793
30 909 44 10.692
31 956 41 68.147
32 45 48 28.635
33 959 42 30.658
34 439 39 64.777
35 769 28 84.626
36 1226 43 3.164
37 153 9 55.171
38 545 9 74.337
39 1224 60 87.649
40 335 18 75.738
41 478 6 76.290
42 282 50 2.925
43 1421 13 81.137
44 214 24 78.770
45 479 4 1.680
46 1122 41 80.290
47 110 59 95.948
48 1275 15 68.981
49 1235 25 59.051
50 904 53 23.666
51 468 6 83.330
52 136 37 1.191
53 121 31 41.565
54 91 19 28.317
55 427 15 36.572
56 1088 5 65.460
57 1320 24 71.531
58 917 36 98.527
59 32 28 58.474
60 867 60 52.640
61 763 12 56.057
62 686 45 84.270
63 1272 2 0.185
64 498 11 41.123
65 241 56 52.986
66 575 20 31.961
67 151 8 34.784
68 547 54 55.919
69 580 36 2.856
70 33 31 26.540
71 95 21 48.596
72 1148 14 49.197
73 731 51 2.719
74 1226 48 92.942
75 1435 26 41.879
76 284 30 43.169
77 123 15 84.546
78 578 15 97.922
79 58 52 50.639
80 1426 28 40.963
81 665 21 7.347
82 1333 57 80.503
83 131 51 65.894
84 953 3 93.086
85 641 51 49.720
86 287 38 78.616
87 523 36 52.633
88 978 48 99.400
89 866 53 44.362
90 583 41 59.033
91 1356 37 15.737
92 1398 19 31.550
93 31 60 99.747
94 726 52 56.739
95 971 14 66.802
96 497 30 12.390
97 332 5 9.727
98 260 18 50.849
99 72 10 67.902
100 798 39 33.334
101 1369 32 79.501
102 520 22 68.075
103 627 43 52.582
104 1281 14 96.174
105 447 10 80.766
106 68 15 65.036
107 585 46 25.543
108 393 37 36.623
109 1438 56 15.891
110 960 11 46.141
111 1125 35 14.260
112 45 30 24.559
113 1231 8 15.227
114 834 14 8.494
115 1406 35 77.723
116 352 57 70.492
117 1302 7 3.713
118 1027 11 13.903
119 1354 48 61.508
120 450 24 94.622
121 833 34 41.767
122 870 44 6.648
123 95 17 82.179
124 320 37 26.061
125 529 34 3.608
126 947 35 33.622
127 268 32 37.609
128 931 24 96.886
129 779 33 37.677
130 719 36 31.491
131 1278 25 88.566
132 669 25 79.565
133 789 43 43.339
134 975 42 12.016
135 1251 58 57.566
136 854 39 86.032
137 1172 9 77.031
138 714 55 56.289
139 930 6 24.512
140 723 31 37.943
141 884 12 80.512
142 50 13 86.156
143 400 17 32.083
144 174 58 55.956
145 792 27 80.932
146 122 44 99.002
147 212 34 31.677
148 967 10 41.633
149 757 47 54.349
150 1190 52 43.014
151 866 9 15.007
152 917 21 88.456
153 921 24 6.200
154 1423 21 41.075
155 1120 54 15.165
156 679 38 74.901
157 1000 17 95.985
158 666 9 3.270
159 174 26 72.313
160 144 47 90.078
161 875 10 8.594
162 195 17 71.226
163 799 10 21.092
164 228 35 20.122
165 1420 35 33.865
166 259 47 54.689
167 108 6 9.371
168 713 7 97.886
169 1307 22 7.969
170 59 19 5.816
171 545 40 19.210
172 1398 33 3.913
173 344 58 68.528
174 387 33 46.104
175 310 8 26.282
176 1304 30 45.533
177 1198 23 62.389
178 544 47 36.772
179 935 8 35.021
180 1397 37 97.150
181 310 59 16.546
182 327 18 73.271
183 15 11 10.045
184 1112 13 32.180
185 201 27 75.206
186 130 60 60.002
187 1011 36 14.853
188 1274 4 51.203
189 810 52 30.395
190 456 34 30.763
191 507 55 76.573
192 596 31 30.648
193 66 3 19.592
194 551 24 27.879
195 880 50 86.824
196 696 17 22.841
197 857 58 88.888
198 643 59 3.952
199 864 18 98.890
200 1062 26 20.868