200
1 58 22 94.859
2 377 18 50.468
3 1024 50 23.924
4 1219 9 64.227
5 1336 28 64.938
6 255 43 40.780
7 601 10 0.323
8 45 41 96.751
9 1342 2 50.757
10 1196 5 64.545
11 257 46 7.279
12 1381 17 52.336
13 85 37 93.070
14 1025 23 36.400
15 679 56 18.690
16 1139 40 16.890
17 824 51 85.943
18 607 6 21.284
19 205 34 19.420
20 491 27 89.900
21 75 45 71.868
22 538 54 46.538
23 337 30 45.539
24 244 54 40.510
25 395 43 38.937
26 996 10 42.763
27 971 3 28.036
28 245 54 65.848
29 896 37 54.204
30 572 4 1.040
31 906 35 19.041
32 611 16 83.975
33 1203 14 49.820
34 1159 12 63.647
35 1366 4 24.330
36 646 26 22.842
37 646 7 33.144
38 347 53 19.076
39 1046 38 70.233
40 1306 43 5.905
41 1208 14 62.990
42 1376 31 51.735
43 1306 19 32.413
44 1315 33 47.301
45 700 50 21.873
46 448 15 50.143
47 888 41 4.092
48 593 7 29.488
49 995 14 32.008
50 1432 16 90.253
51 980 12 60.004
52 972 9 37.074
53 602 51 28.439
54 1343 35 66.073
55 1382 23 57.124
56 950 53 22.268
57 400 23 95.801
58 565 7 13.727
59 1384 2 73.380
60 545 3 93.934
61 754 4 35.603
62 821 55 13.413
63 283 34 61.901
64 1395 17 84.240
65 332 14 23.057
66 1192 59 17.592
67 579 24 74.378
68 42 7 45.091
69 993 53 27.170
70 464 19 49.316
71 866 39 62.787
72 1013 41 96.804
73 784 44 39.197
74 288 17 28.194
75 188 57 92.550
76 1049 28 96.017
77 534 24 44.735
78 1381 9 75.912
79 180 48 34.065
80 1328 5 12.647
81 273 3 60.248
82 147 6 60.626
83 1073 38 42.845
84 789 51 56.509
85 1208 16 79.067
86 545 20 81.441
87 34 18 43.575
88 1162 11 42.392
89 336 45 29.940
90 694 46 61.964
91 483 7 75.862
92 398 43 30.794
93 228 38 96.711
94 889 2 81.561
95 604 34 60.263
96 435 14 11.850
97 1291 6 58.086
98 616 58 26.930
99 1166 47 14.846
100 631 51 24.502
101 1253 14 57.558
102 620 26 69.710
103 1021 19 53.740
104 1386 40 98.539
105 1165 16 36.249
106 678 60 71.696
107 661 6 6.531
108 143 47 4.812
109 1070 12 36.193
110 594 47 98.917
111 1300 29 18.843
112 286 32 34.207
113 1187 31 56.559
114 579 12 39.823
115 1054 49 31.785
116 143 9 12.646
117 1021 13 5.671
118 137 48 9.468
119 1384 24 35.615
120 142 30 76.192
121 997 20 82.768
122 367 58 27.160
123 826 20 17.831
124 352 24 63.952
125 948 36 27.989
126 325 29 40.507
127 315 51 18.331
128 210 24 91.075
129 73 11 60.884
130 502 43 51.242
131 21 25 47.596
132 1243 24 75.307
133 967 19 64.236
134 1361 49 9.782
135 934 36 29.984
136 1072 29 31.965
137 668 18 4.769
138 1278 60 45.328
139 339 40 67.489
140 264 41 66.068
141 636 52 57.248
142 1130 32 18.471
143 1238 11 81.544
144 831 45 81.656
145 1295 4 61.951
146 661 36 35.653
147 1184 38 6.321
148 866 8 88.626
149 1357 35 39.803
150 893 31 81.884
151 1395 5 42.941
152 1283 12 78.252
153 155 26 0.456
154 1010 30 68.289
155 118 49 61.720
156 983 43 70.253
157 108 25 75.570
158 531 10 58.493
159 424 17 63.089
160 703 34 25.913
161 297 10 13.654
162 871 40 72.561
163 471 5 46.822
164 1315 13 36.107
165 1344 43 38.962
166 323 55 86.768
167 544 27 8.446
168 524 11 89.858
169 1433 21 68.838
170 1049 51 92.196
171 1432 26 54.992
172 462 16 37.066
173 498 6 52.255
174 1133 45 33.172
175 782 17 22.361
176 1057 26 0.445
177 335 6 18.140
178 997 15 81.211
179 1349 11 80.657
180 232 9 6.776
181 170 51 68.842
182 197 10 3.936
183 235 5 60.743
184 937 47 31.762
185 1336 22 46.178
186 525 25 43.452
187 855 12 18.463
188 841 30 60.768
189 546 27 75.408
190 288 50 75.358
191 1433 23 97.097
192 667 50 4.630
193 1026 23 67.554
194 705 2 35.728
195 220 42 41.086
196 774 52 48.925
197 768 33 43.790
198 737 32 35.293
199 1258 40 64.164
200 914 3 7.172