200
1 1030 17 60.622
2 636 7 96.202
3 826 53 56.496
4 1215 53 13.382
5 1234 45 63.942
6 1229 27 38.210
7 1018 47 44.124
8 795 2 78.856
9 858 19 75.590
10 92 35 0.048
11 1410 22 89.635
12 1217 44 52.150
13 389 44 50.880
14 733 9 83.926
15 1203 52 68.559
16 510 52 86.517
17 772 35 65.577
18 1293 30 64.992
19 183 59 84.683
20 345 28 15.150
21 1274 32 43.359
22 472 32 88.343
23 848 20 72.536
24 549 37 80.251
25 139 20 35.372
26 786 41 3.489
27 735 2 76.530
28 1216 41 54.530
29 1329 10 25.207
30 1036 23 19.998
31 780 36 66.416
32 1146 28 80.184
33 1051 11 8.773
34 410 15 32.858
35 311 11 75.982
36 1025 37 11.342
37 1115 45 59.595
38 748 34 72.182
39 972 50 46.802
40 1253 15 59.785
41 454 58 43.738
42 228 16 70.793
43 1304 48 25.878
44 807 22 44.144
45 230 54 81.971
46 912 29 51.206
47 1160 59 30.597
48 856 13 11.290
49 761 54 55.255
50 273 9 11.065
51 337 20 43.910
52 1266 39 0.332
53 408 24 10.724
54 1392 14 78.384
55 649 21 2.853
56 990 35 2.802
57 268 3 93.548
58 230 30 94.025
59 52 13 92.847
60 735 37 48.835
61 1140 49 20.757
62 589 42 17.806
63 463 57 87.184
64 141 9 75.903
65 126 53 26.854
66 1146 28 48.038
67 1245 18 34.234
68 334 2 23.510
69 531 44 8.887
70 1311 60 24.947
71 1182 12 54.634
72 616 50 90.749
73 778 33 26.987
74 874 58 65.214
75 421 6 32.381
76 146 53 92.470
77 1340 22 4.451
78 327 35 64.325
79 839 10 77.381
80 1212 57 30.392
81 1327 44 47.918
82 1146 33 87.871
83 983 37 98.986
84 71 12 77.439
85 1089 2 74.937
86 173 28 38.935
87 1050 11 57.964
88 702 7 23.854
89 1354 38 26.779
90 617 11 53.206
91 1280 25 22.124
92 573 51 58.261
93 123 13 43.086
94 668 59 25.355
95 840 26 10.142
96 773 33 12.966
97 1147 31 27.019
98 157 10 36.949
99 550 11 23.869
100 275 38 9.420
101 407 48 25.323
102 1396 3 22.903
103 844 14 89.548
104 929 36 88.479
105 274 18 50.304
106 1072 36 68.511
107 1202 44 3.269
108 1314 47 29.453
109 67 41 37.517
110 732 48 84.803
111 888 26 85.878
112 1080 23 56.023
113 99 34 87.912
114 307 34 0.774
115 99 45 99.472
116 1377 46 99.016
117 1412 13 85.687
118 1241 45 91.133
119 744 31 6.527
120 753 22 29.480
121 837 14 67.487
122 1340 26 47.076
123 447 30 6.702
124 807 44 49.850
125 811 15 57.507
126 773 54 45.599
127 296 23 56.069
128 170 37 83.593
129 596 30 53.833
130 381 36 46.575
131 365 24 84.696
132 1227 43 14.750
133 1168 1 35.039
134 847 7 24.741
135 878 58 55.205
136 869 36 84.966
137 460 58 98.903
138 790 52 47.114
139 1029 12 1.874
140 992 30 16.957
141 1338 46 82.408
142 282 36 65.415
143 698 50 31.932
144 827 39 71.176
145 70 16 95.442
146 1259 52 33.019
147 1064 33 67.863
148 78 40 29.711
149 209 1 72.152
150 1136 7 89.519
151 783 40 92.995
152 81 10 89.040
153 1340 6 60.785
154 723 44 81.773
155 1321 9 42.339
156 625 23 20.461
157 103 33 71.610
158 854 14 17.225
159 525 37 79.288
160 1286 35 4.961
161 1193 17 31.133
162 509 51 20.188
163 674 29 31.592
164 344 19 76.186
165 1049 4 74.085
166 1405 33 72.905
167 90 38 62.055
168 17 42 23.609
169 615 53 20.666
170 696 36 69.685
171 340 53 32.928
172 254 16 2.656
173 145 38 15.930
174 1345 44 58.587
175 1141 39 93.138
176 367 34 27.397
177 1010 17 99.949
178 522 8 63.972
179 928 51 82.934
180 121 6 5.989
181 805 8 7.001
182 1142 33 51.265
183 258 7 66.074
184 16 53 43.559
185 1233 48 82.058
186 1413 30 45.364
187 120 54 27.018
188 986 41 52.907
189 207 14 8.126
190 322 34 76.888
191 1372 47 28.185
192 220 24 25.028
193 1122 2 9.000
194 1210 27 5.068
195 911 14 34.734
196 820 20 54.550
197 553 55 22.942
198 100 12 24.439
199 458 42 19.664
200 1291 19 20.028