200
1 1078 19 80.252
2 438 34 67.667
3 838 9 28.575
4 869 36 96.491
5 764 24 73.587
6 1016 8 44.108
7 578 44 97.237
8 744 55 99.086
9 773 59 44.272
10 546 41 8.763
11 244 38 47.651
12 830 45 0.843
13 475 46 62.908
14 990 47 8.370
15 543 37 17.133
16 565 34 7.335
17 461 38 21.283
18 486 60 87.566
19 720 58 0.444
20 506 33 59.733
21 1365 57 43.460
22 1274 51 39.340
23 471 32 42.768
24 154 10 82.504
25 1038 5 4.255
26 1398 37 97.905
27 1156 59 53.846
28 1370 29 14.868
29 393 20 21.476
30 866 40 68.276
31 1019 52 94.455
32 502 33 53.543
33 669 47 32.479
34 763 4 88.559
35 722 40 29.868
36 818 26 37.936
37 1086 14 37.847
38 806 9 46.188
39 201 18 10.073
40 1048 27 31.827
41 342 6 38.980
42 1361 36 73.234
43 90 59 70.845
44 1433 9 68.652
45 996 31 23.497
46 1072 31 37.307
47 1041 14 38.024
48 1182 8 17.959
49 894 39 13.128
50 1357 39 96.936
51 1269 11 0.991
52 293 27 9.148
53 533 6 98.299
54 1201 49 53.147
55 933 22 56.554
56 290 39 49.891
57 136 15 61.107
58 1186 14 56.440
59 148 44 78.084
60 627 55 84.297
61 1439 44 19.096
62 621 25 47.341
63 256 27 36.749
64 1394 57 22.567
65 1256 55 21.820
66 219 14 26.889
67 917 1 47.630
68 350 12 58.770
69 1311 26 33.008
70 385 27 56.455
71 860 35 35.665
72 838 57 6.625
73 1135 2 7.783
74 1164 34 29.871
75 203 46 94.482
76 452 59 68.627
77 296 33 8.210
78 538 56 81.912
79 1016 24 90.743
80 373 27 20.863
81 646 10 29.670
82 951 43 22.844
83 144 47 18.162
84 368 35 10.419
85 899 47 63.003
86 432 2 50.457
87 725 44 74.589
88 20 39 68.630
89 44 47 65.960
90 350 56 52.943
91 909 18 2.467
92 1245 56 77.935
93 1256 60 68.354
94 289 55 81.345
95 500 41 34.785
96 673 56 16.566
97 763 4 59.593
98 324 52 54.880
99 672 45 70.265
100 811 5 34.465
101 906 52 66.255
102 1390 20 2.221
103 24 40 52.762
104 1053 60 60.952
105 8 8 67.929
106 1291 18 30.779
107 457 44 91.264
108 163 36 63.945
109 1032 27 60.490
110 874 25 2.824
111 1409 50 85.660
112 1278 17 24.462
113 1133 60 6.298
114 57 44 75.756
115 1383 55 92.020
116 395 11 25.736
117 1383 36 46.979
118 233 60 53.263
119 392 44 76.351
120 641 2 66.736
121 1140 27 44.398
122 1053 8 59.731
123 69 46 45.856
124 471 40 92.407
125 1359 52 27.576
126 1329 36 22.983
127 1316 23 11.072
128 520 34 5.314
129 1401 55 53.614
130 231 30 43.525
131 1147 16 71.042
132 350 2 63.427
133 569 34 21.891
134 254 24 4.285
135 226 51 46.752
136 1392 23 1.613
137 1208 3 10.945
138 1408 9 45.774
139 653 22 56.810
140 875 18 93.066
141 961 5 61.184
142 29 30 15.222
143 383 6 72.700
144 1255 39 74.371
145 1151 16 72.979
146 884 19 39.621
147 1103 15 98.417
148 996 23 41.935
149 596 47 43.305
150 76 36 99.349
151 1332 8 37.853
152 867 9 1.071
153 1318 47 73.585
154 1405 60 22.046
155 811 2 93.364
156 274 39 1.801
157 1232 43 25.929
158 937 53 12.484
159 191 24 73.500
160 400 53 61.938
161 858 16 99.445
162 462 21 29.192
163 534 4 91.859
164 1127 21 44.025
165 551 16 11.233
166 1289 33 97.233
167 1146 49 62.409
168 635 55 24.755
169 201 52 63.058
170 122 19 41.737
171 1267 56 58.267
172 762 42 33.468
173 1369 58 72.947
174 84 29 58.870
175 1422 53 75.984
176 937 33 75.526
177 169 35 37.801
178 196 55 86.814
179 74 15 67.871
180 577 53 4.345
181 793 32 58.275
182 541 44 49.118
183 1206 47 63.552
184 414 37 54.848
185 31 23 97.599
186 874 39 90.463
187 1038 16 21.919
188 1213 50 34.710
189 777 32 94.298
190 1406 40 9.819
191 1359 52 76.646
192 1359 1 98.385
193 1382 8 85.506
194 675 48 2.532
195 484 3 63.835
196 9 14 47.774
197 838 30 5.980
198 745 13 63.635
199 774 60 80.845
200 125 18 68.534