200
1 1289 47 41.622
2 1195 40 78.352
3 378 2 34.831
4 1401 11 2.892
5 97 5 53.945
6 134 57 81.674
7 210 54 79.686
8 1066 3 50.475
9 118 59 37.785
10 1024 50 4.313
11 359 33 35.668
12 738 4 52.747
13 200 8 84.673
14 1115 57 96.678
15 1429 60 95.505
16 256 28 20.082
17 958 21 90.993
18 178 48 21.289
19 192 4 7.364
20 308 12 32.963
21 142 13 61.785
22 497 13 38.594
23 200 37 35.538
24 213 30 28.133
25 1261 19 96.040
26 619 4 81.542
27 804 34 8.421
28 928 10 38.726
29 1176 52 73.525
30 1378 36 0.579
31 116 46 39.961
32 427 23 43.370
33 1161 6 21.571
34 339 23 29.594
35 900 34 85.130
36 962 27 22.440
37 379 33 76.750
38 228 54 47.600
39 1146 3 13.772
40 119 3 4.947
41 1314 30 42.303
42 1332 29 83.394
43 1360 17 91.699
44 369 12 86.870
45 603 36 57.197
46 1378 36 35.533
47 52 16 89.520
48 73 33 76.845
49 115 38 10.537
50 965 10 66.349
51 1120 37 35.672
52 666 42 26.890
53 867 37 52.267
54 325 12 91.648
55 959 28 14.790
56 1261 51 7.135
57 517 4 73.696
58 643 53 73.101
59 478 33 36.512
60 1073 8 44.687
61 527 53 84.739
62 1184 12 23.339
63 300 59 93.792
64 269 33 73.400
65 918 31 93.412
66 1409 51 47.711
67 758 14 31.104
68 1438 25 95.321
69 1139 31 43.059
70 1375 43 13.756
71 700 19 72.824
72 715 2 36.744
73 793 26 72.146
74 758 12 28.048
75 432 46 37.156
76 546 51 47.658
77 820 20 48.697
78 1418 8 67.769
79 844 26 25.944
80 1293 12 75.102
81 116 2 65.263
82 416 51 83.125
83 1217 14 65.498
84 1009 20 19.654
85 68 37 20.969
86 809 25 50.100
87 157 34 16.171
88 236 11 1.237
89 699 6 51.065
90 1194 36 8.382
91 1027 3 17.476
92 1385 3 58.372
93 625 12 92.405
94 1317 38 74.285
95 960 44 19.490
96 27 43 95.084
97 915 43 37.162
98 474 60 22.300
99 1220 58 95.752
100 711 60 20.116
101 180 49 37.064
102 645 33 83.495
103 43 24 36.855
104 939 40 49.577
105 1326 37 58.224
106 368 42 33.265
107 146 25 49.529
108 51 18 53.210
109 893 52 38.505
110 824 33 69.919
111 918 58 26.774
112 713 20 84.681
113 596 51 43.192
114 76 10 24.427
115 556 32 96.929
116 942 27 99.443
117 1362 12 28.881
118 740 9 75.360
119 214 6 93.744
120 374 39 8.095
121 1094 33 19.369
122 398 50 40.699
123 116 29 60.704
124 1075 53 27.467
125 992 30 95.866
126 1124 13 25.940
127 888 45 0.305
128 1205 24 30.298
129 595 24 87.416
130 1296 11 42.253
131 1191 13 50.083
132 231 58 12.040
133 714 1 99.764
134 1160 27 40.893
135 38 35 46.395
136 692 27 41.775
137 58 15 74.966
138 225 31 18.118
139 799 22 59.539
140 727 56 87.349
141 295 32 94.382
142 1403 45 99.877
143 577 40 60.719
144 782 30 77.390
145 282 4 63.687
146 262 24 38.746
147 152 12 32.298
148 609 13 91.068
149 1203 20 65.194
150 1316 8 96.216
151 322 33 33.763
152 164 21 39.464
153 1044 2 13.165
154 105 46 24.832
155 838 20 79.116
156 1322 33 28.482
157 502 43 81.147
158 471 28 25.464
159 843 3 39.343
160 103 49 47.960
161 355 24 48.802
162 1033 44 2.269
163 656 55 91.401
164 1158 28 70.817
165 984 9 53.370
166 537 31 34.572
167 1213 43 77.620
168 1130 46 15.797
169 814 53 99.068
170 728 26 35.108
171 508 4 58.473
172 787 25 74.886
173 805 54 35.031
174 1234 1 50.158
175 671 30 4.726
176 1342 14 95.508
177 988 35 43.718
178 330 9 15.822
179 441 42 17.015
180 1266 22 59.877
181 1193 22 25.509
182 1076 40 86.612
183 1023 1 2.211
184 707 35 66.261
185 874 24 37.762
186 565 48 53.185
187 1083 8 67.686
188 88 3 4.211
189 1422 37 29.341
190 743 3 81.125
191 38 35 29.793
192 809 1 10.348
193 342 12 50.584
194 1418 58 14.704
195 879 52 17.520
196 1066 42 5.761
197 808 36 71.430
198 294 35 9.272
199 278 46 5.712
200 208 51 67.390