200
1 1214 25 96.555
2 498 27 40.302
3 701 5 41.923
4 999 8 13.146
5 813 52 35.672
6 145 25 2.447
7 1115 19 79.615
8 257 59 70.263
9 237 18 41.839
10 793 34 20.430
11 1372 44 97.894
12 1314 47 44.088
13 1229 10 66.475
14 1345 57 75.107
15 1423 28 2.573
16 275 45 14.351
17 1383 36 62.538
18 139 48 59.171
19 975 60 34.832
20 1285 20 79.183
21 390 29 49.395
22 785 24 4.198
23 398 48 81.426
24 662 16 59.252
25 1084 25 60.471
26 264 57 27.498
27 1396 59 23.009
28 149 15 3.042
29 463 13 41.719
30 207 28 9.757
31 467 30 18.635
32 1402 12 6.935
33 1314 34 14.720
34 99 38 71.744
35 473 34 0.555
36 982 30 16.463
37 44 42 91.589
38 985 40 30.038
39 520 24 9.675
40 20 52 3.762
41 155 7 44.443
42 594 10 49.552
43 1126 36 31.024
44 65 43 24.866
45 382 8 71.444
46 1294 44 2.524
47 481 1 20.006
48 271 54 72.903
49 310 42 50.761
50 479 27 72.827
51 334 51 12.035
52 275 28 56.168
53 1358 23 65.134
54 310 41 59.912
55 753 5 60.688
56 970 50 68.031
57 1158 37 27.993
58 632 35 72.778
59 1038 29 48.847
60 1066 29 33.501
61 518 21 67.790
62 1365 41 12.368
63 89 11 84.939
64 425 17 77.568
65 1397 43 43.758
66 582 52 41.160
67 145 38 93.885
68 1320 21 57.274
69 432 31 72.943
70 586 4 84.906
71 630 25 41.887
72 555 26 86.444
73 1243 20 11.095
74 1365 57 72.857
75 608 26 59.624
76 873 6 48.160
77 1363 47 98.633
78 1157 17 72.243
79 506 35 86.450
80 950 20 58.867
81 703 5 79.193
82 1056 43 34.149
83 544 6 48.727
84 889 20 91.060
85 1351 19 6.789
86 1159 59 86.018
87 32 1 22.732
88 62 40 96.703
89 77 28 17.640
90 508 29 12.346
91 1025 13 35.438
92 1229 29 24.723
93 1246 30 72.236
94 397 18 82.527
95 399 54 45.566
96 229 4 7.373
97 1435 34 27.131
98 1242 48 44.186
99 619 1 79.978
100 1346 34 60.367
101 598 15 40.482
102 282 11 40.239
103 71 3 99.970
104 793 41 36.217
105 1177 60 28.353
106 817 13 87.369
107 1299 43 58.683
108 1227 16 24.815
109 760 15 19.817
110 1231 47 8.177
111 640 47 74.796
112 845 52 72.378
113 618 6 26.215
114 769 36 32.703
115 279 7 91.491
116 685 50 79.106
117 104 17 96.248
118 983 49 22.575
119 1119 6 32.447
120 1072 4 46.305
121 135 10 77.439
122 710 7 78.002
123 437 34 46.283
124 1167 38 82.403
125 596 52 6.820
126 50 27 95.186
127 998 52 62.111
128 154 49 74.710
129 206 55 4.297
130 1261 13 60.559
131 1210 46 89.006
132 1351 5 46.091
133 54 1 20.401
134 936 13 89.245
135 1377 25 31.784
136 419 9 53.593
137 817 45 14.543
138 1 58 25.228
139 465 7 32.387
140 152 59 69.712
141 864 1 78.669
142 1106 59 7.094
143 1217 44 47.160
144 636 49 81.375
145 863 25 64.361
146 848 41 55.066
147 537 24 84.283
148 912 5 66.881
149 798 40 11.896
150 515 50 79.347
151 125 41 15.967
152 1383 31 43.245
153 693 32 69.119
154 309 29 91.655
155 123 2 68.676
156 631 20 14.541
157 397 6 48.851
158 383 20 48.185
159 1086 45 59.327
160 1108 12 0.387
161 1207 34 21.256
162 63 1 78.187
163 478 23 96.457
164 1199 52 50.336
165 878 50 28.337
166 1292 48 34.313
167 425 33 80.421
168 1420 13 0.160
169 1159 49 72.421
170 684 8 38.421
171 336 36 19.271
172 288 1 50.899
173 44 58 42.017
174 519 42 54.104
175 18 41 62.588
176 777 49 88.451
177 551 58 80.338
178 1032 37 66.337
179 92 50 5.165
180 671 46 31.677
181 213 58 33.838
182 142 51 50.200
183 266 37 14.169
184 733 7 28.080
185 267 54 22.218
186 532 25 44.191
187 777 49 40.423
188 417 24 70.910
189 308 46 38.603
190 46 23 12.484
191 592 6 28.281
192 587 49 78.560
193 927 55 21.559
194 1092 58 60.751
195 171 9 89.154
196 1312 11 64.793
197 69 59 2.224
198 1256 8 69.097
199 439 9 46.709
200 716 26 73.276