200
1 61 17 36.536
2 1051 16 17.411
3 628 35 5.009
4 1150 36 21.724
5 1428 35 62.483
6 695 47 0.358
7 863 42 6.104
8 1132 44 89.401
9 651 43 31.209
10 678 27 85.845
11 254 41 89.010
12 459 26 84.525
13 876 40 11.919
14 675 18 32.623
15 945 16 97.425
16 109 25 53.749
17 1131 46 19.966
18 1061 24 94.295
19 985 55 22.023
20 909 44 54.167
21 462 38 54.545
22 1064 4 15.051
23 1057 55 49.929
24 28 37 58.124
25 280 8 72.230
26 314 21 11.652
27 288 7 54.231
28 597 41 51.303
29 633 12 96.706
30 67 4 54.840
31 1283 1 58.335
32 200 46 31.453
33 265 15 93.348
34 1381 50 43.114
35 195 36 25.009
36 942 33 6.850
37 86 2 5.140
38 1143 34 30.918
39 1144 60 75.352
40 780 28 75.400
41 1240 27 90.562
42 89 2 82.915
43 1179 11 30.746
44 1128 28 94.177
45 749 5 47.008
46 906 49 11.824
47 212 14 41.382
48 453 5 0.500
49 352 20 2.730
50 468 5 99.009
51 541 4 17.727
52 87 4 27.859
53 975 48 35.347
54 332 53 13.263
55 1149 51 49.876
56 322 41 52.174
57 189 12 65.014
58 1343 2 92.712
59 1190 3 81.921
60 803 26 80.336
61 1382 30 43.235
62 328 44 12.245
63 69 40 61.150
64 280 11 83.189
65 805 36 84.759
66 460 3 75.280
67 1156 24 48.674
68 452 19 71.500
69 1330 14 93.284
70 594 47 33.315
71 249 22 53.773
72 1098 55 77.243
73 553 51 46.242
74 1287 4 82.710
75 959 56 45.115
76 904 22 65.268
77 373 42 5.904
78 912 5 23.788
79 465 7 61.555
80 421 55 9.572
81 1017 38 22.265
82 1010 6 78.049
83 796 31 43.111
84 234 35 28.925
85 49 4 91.521
86 1229 15 38.000
87 1132 10 39.297
88 365 1 33.751
89 633 55 62.927
90 649 45 25.618
91 443 23 28.573
92 1332 25 69.324
93 465 38 36.866
94 715 29 56.417
95 234 7 34.652
96 692 44 5.720
97 38 60 85.145
98 910 41 34.427
99 182 7 34.429
100 14 47 32.304
101 314 41 60.153
102 693 56 32.052
103 220 45 48.854
104 1408 52 19.209
105 1336 28 49.327
106 1105 53 90.922
107 1300 4 18.730
108 1399 44 10.225
109 745 5 47.059
110 507 56 9.751
111 1131 2 78.469
112 762 29 35.824
113 316 19 92.753
114 160 12 41.622
115 272 54 90.009
116 501 1 60.248
117 38 25 49.370
118 579 33 77.410
119 922 12 50.860
120 1346 16 47.227
121 214 42 83.167
122 1301 4 5.656
123 758 24 73.736
124 525 37 11.572
125 951 49 91.458
126 782 44 1.324
127 1332 39 81.374
128 91 31 4.008
129 106 26 30.954
130 867 21 66.351
131 646 46 8.712
132 448 15 70.889
133 51 39 50.555
134 368 3 58.910
135 890 15 55.903
136 619 34 50.209
137 984 28 8.362
138 1163 3 32.129
139 832 41 39.998
140 1114 46 16.963
141 649 13 64.573
142 1034 50 58.112
143 1283 10 10.224
144 363 16 93.328
145 1402 4 11.131
146 141 4 46.391
147 313 36 20.731
148 822 27 12.671
149 786 7 64.456
150 346 35 72.860
151 1193 56 76.881
152 1289 11 91.297
153 1129 30 38.010
154 631 18 63.151
155 1142 18 20.624
156 823 19 61.359
157 501 3 74.246
158 869 36 19.988
159 559 56 13.059
160 764 11 69.787
161 320 20 87.451
162 1177 42 93.320
163 1266 19 57.124
164 792 56 75.543
165 1136 17 13.032
166 1249 2 3.955
167 947 29 53.289
168 1318 47 25.317
169 1006 25 17.329
170 32 40 7.256
171 888 43 11.284
172 466 9 56.114
173 1108 52 76.595
174 369 57 70.791
175 1208 5 40.642
176 999 27 69.870
177 103 38 10.439
178 975 21 83.983
179 1122 20 51.982
180 687 30 32.914
181 951 11 40.483
182 633 34 78.465
183 396 54 97.920
184 1292 41 25.493
185 1101 43 63.172
186 1385 41 11.529
187 707 32 30.669
188 84 25 40.010
189 784 51 9.282
190 1349 13 10.490
191 292 51 3.815
192 493 8 53.100
193 676 46 10.509
194 1321 9 80.708
195 1250 11 92.776
196 683 6 2.040
197 956 1 41.181
198 625 27 51.680
199 568 25 77.950
200 638 8 48.039