200
1 790 57 88.646
2 220 1 70.042
3 1090 23 9.393
4 70 25 50.731
5 650 32 16.044
6 109 25 47.265
7 926 21 71.523
8 905 53 22.739
9 1245 35 8.239
10 864 41 32.124
11 1 22 8.427
12 91 31 11.208
13 450 24 80.339
14 1223 44 30.944
15 569 41 30.119
16 524 30 40.974
17 612 40 73.228
18 152 45 85.648
19 259 38 33.961
20 1174 31 70.054
21 352 56 24.929
22 846 40 94.723
23 1090 37 34.257
24 1234 26 33.708
25 245 9 47.760
26 138 15 3.946
27 1379 8 66.673
28 1263 11 83.283
29 506 16 74.686
30 89 54 62.753
31 85 17 30.986
32 350 30 18.538
33 45 31 95.269
34 934 16 89.729
35 542 26 49.826
36 1101 10 50.720
37 1242 27 33.127
38 1281 21 10.191
39 496 48 77.173
40 63 46 63.228
41 1149 13 29.178
42 931 48 19.010
43 1242 10 77.005
44 734 9 86.931
45 1278 21 31.211
46 1247 13 12.814
47 751 54 39.461
48 26 14 84.148
49 528 38 82.587
50 35 14 72.230
51 504 32 81.213
52 1060 38 43.026
53 985 3 6.826
54 1370 29 16.203
55 812 50 77.183
56 829 32 10.890
57 1038 48 56.751
58 1249 19 50.372
59 617 39 66.219
60 139 23 1.724
61 1101 56 95.927
62 131 35 8.459
63 925 14 4.252
64 537 53 88.821
65 833 22 24.492
66 1418 39 18.882
67 273 54 60.428
68 1165 4 3.132
69 998 17 34.547
70 1083 19 16.204
71 671 24 82.373
72 886 24 19.491
73 882 59 47.294
74 1096 46 14.222
75 879 36 79.041
76 1028 34 98.493
77 200 23 7.405
78 678 21 67.988
79 1015 55 87.963
80 949 26 85.640
81 318 56 32.610
82 143 32 1.859
83 1436 43 6.954
84 758 15 97.290
85 855 29 51.391
86 642 60 58.211
87 509 31 37.814
88 748 20 44.987
89 223 40 57.703
90 895 14 72.706
91 106 43 88.084
92 1437 9 57.597
93 585 50 25.922
94 362 13 3.124
95 751 4 39.252
96 1431 25 20.871
97 1235 21 17.170
98 254 46 12.250
99 1385 4 58.003
100 1397 18 40.855
101 1099 12 47.616
102 766 23 42.857
103 463 25 68.131
104 1045 21 4.728
105 909 17 75.233
106 1323 22 21.523
107 483 16 34.781
108 579 53 58.761
109 1096 12 19.768
110 1104 10 34.239
111 399 43 90.417
112 64 55 42.935
113 1365 12 57.658
114 493 17 58.517
115 643 3 76.217
116 878 9 23.514
117 1216 29 1.553
118 876 17 54.793
119 1223 20 90.383
120 598 60 52.041
121 295 55 31.394
122 37 16 67.447
123 378 51 89.543
124 44 8 35.494
125 213 21 63.749
126 202 23 97.317
127 1319 33 5.075
128 281 3 81.275
129 415 5 40.246
130 119 34 26.554
131 200 1 4.163
132 5 3 44.332
133 107 27 28.581
134 479 2 37.873
135 1058 41 43.594
136 366 6 2.424
137 1292 56 89.561
138 567 17 43.165
139 55 42 99.283
140 552 31 69.924
141 779 60 90.224
142 748 9 19.641
143 336 20 27.125
144 844 21 46.958
145 1073 50 87.154
146 589 15 98.762
147 1101 46 62.951
148 1366 31 43.316
149 356 3 55.622
150 870 25 72.493
151 321 60 18.087
152 187 49 6.046
153 318 21 4.245
154 196 47 80.745
155 1437 16 90.000
156 111 12 67.967
157 830 40 60.219
158 1332 59 87.770
159 464 4 51.805
160 1412 36 7.265
161 1097 20 81.682
162 1224 38 0.420
163 891 4 86.995
164 759 3 65.558
165 623 46 75.904
166 1264 29 18.877
167 12 58 59.225
168 385 54 39.701
169 1154 14 51.941
170 923 45 7.466
171 577 22 25.999
172 522 32 92.593
173 331 19 36.980
174 1139 42 19.627
175 598 55 64.328
176 1416 33 38.141
177 1408 57 29.429
178 923 51 13.357
179 423 31 36.758
180 759 4 68.487
181 679 50 58.989
182 144 25 96.947
183 1293 3 12.893
184 28 52 77.272
185 74 37 77.202
186 668 10 11.997
187 33 56 80.413
188 1231 6 34.161
189 1415 37 31.899
190 1333 17 69.609
191 927 60 4.555
192 1060 42 91.852
193 439 31 68.223
194 872 52 77.324
195 1091 57 34.545
196 1288 2 58.246
197 1116 58 93.226
198 732 23 70.249
199 883 48 1.799
200 953 51 2.866