200
1 887 39 76.798
2 827 57 23.150
3 212 21 22.416
4 992 60 32.356
5 1378 1 4.235
6 640 22 47.132
7 433 30 7.675
8 600 29 93.696
9 1080 1 20.158
10 366 56 71.457
11 293 24 29.247
12 396 9 74.593
13 916 51 99.031
14 1286 36 68.400
15 704 4 88.066
16 89 38 88.099
17 229 57 49.017
18 751 3 85.982
19 372 49 83.854
20 614 15 91.063
21 1435 23 78.682
22 730 11 17.005
23 786 37 23.950
24 626 54 61.489
25 884 1 1.986
26 1175 3 74.248
27 327 13 34.685
28 446 42 95.351
29 1059 4 54.327
30 497 46 24.673
31 722 21 66.271
32 635 7 43.063
33 917 42 6.346
34 1222 53 91.384
35 146 47 34.823
36 1284 8 66.884
37 39 9 57.005
38 356 11 55.886
39 1430 40 20.487
40 114 33 39.180
41 1214 36 55.742
42 1344 22 0.860
43 674 51 42.684
44 1242 9 71.545
45 979 6 80.191
46 1160 60 0.192
47 821 23 68.250
48 1319 46 19.992
49 89 55 18.107
50 134 7 92.698
51 660 24 92.262
52 785 22 74.671
53 1116 19 69.997
54 450 9 82.769
55 1015 17 7.346
56 1171 48 38.170
57 1064 36 25.013
58 1202 42 27.786
59 1157 50 54.321
60 561 15 40.448
61 63 56 84.688
62 1440 27 46.859
63 495 48 96.929
64 820 24 3.610
65 587 18 80.720
66 814 49 52.215
67 171 4 34.183
68 673 51 43.310
69 302 10 83.996
70 1135 5 95.224
71 960 40 44.702
72 983 18 40.374
73 755 13 8.939
74 189 22 15.151
75 1374 56 13.312
76 468 59 12.549
77 834 58 96.495
78 82 31 23.516
79 780 25 70.869
80 987 38 50.291
81 947 24 89.604
82 366 24 9.258
83 849 9 95.227
84 1223 28 20.572
85 1315 12 46.972
86 1110 6 49.559
87 830 33 8.301
88 770 10 68.771
89 33 48 20.242
90 1172 53 17.645
91 591 42 8.243
92 865 21 11.710
93 1061 45 81.898
94 108 50 33.341
95 1042 35 30.298
96 75 30 0.689
97 1046 40 14.092
98 645 22 94.791
99 1213 44 76.043
100 706 8 53.756
101 589 36 66.651
102 859 4 93.410
103 375 4 86.094
104 980 11 11.987
105 1230 20 26.559
106 244 45 9.731
107 1016 5 66.485
108 586 42 9.867
109 733 1 29.625
110 604 41 96.527
111 1358 41 11.300
112 790 55 57.390
113 229 6 46.649
114 557 35 26.118
115 348 16 59.860
116 801 26 13.211
117 12 9 41.275
118 1180 10 20.768
119 846 46 70.179
120 1203 19 14.807
121 470 35 98.619
122 176 14 61.257
123 161 52 35.157
124 309 52 31.557
125 628 9 67.617
126 1367 51 91.611
127 431 44 82.935
128 571 8 20.238
129 790 36 21.358
130 1059 10 71.578
131 388 22 75.491
132 1034 18 26.533
133 1212 60 95.461
134 1403 59 27.934
135 239 41 45.929
136 519 9 30.476
137 513 26 32.409
138 454 37 53.039
139 1417 56 47.936
140 328 41 89.214
141 830 8 24.778
142 308 51 19.448
143 804 58 91.746
144 1213 56 53.911
145 686 11 76.710
146 653 5 0.555
147 543 37 96.912
148 618 43 58.513
149 562 26 8.408
150 474 51 26.191
151 1210 47 97.386
152 74 39 81.220
153 782 43 45.094
154 1109 50 87.740
155 1079 49 87.208
156 363 52 69.281
157 866 30 73.021
158 674 23 68.191
159 4 7 73.893
160 457 25 39.775
161 622 56 92.121
162 1290 55 42.570
163 439 37 26.014
164 1403 32 10.812
165 1236 35 22.573
166 821 50 11.335
167 158 38 57.820
168 1219 11 48.986
169 1362 22 59.489
170 744 8 3.248
171 1332 16 81.192
172 618 47 56.822
173 270 46 25.371
174 778 59 7.930
175 837 8 56.731
176 43 2 87.479
177 797 45 87.210
178 349 30 40.173
179 1287 13 53.052
180 25 23 42.725
181 235 32 54.832
182 743 44 57.650
183 104 59 2.094
184 643 50 88.237
185 977 2 19.389
186 917 11 94.207
187 118 48 54.246
188 220 47 9.854
189 215 14 33.825
190 832 55 3.360
191 407 46 92.926
192 682 15 85.101
193 212 35 39.659
194 651 15 34.154
195 39 26 92.198
196 371 27 82.612
197 1179 7 90.048
198 666 27 23.057
199 199 19 75.480
200 784 27 94.802