200
1 698 60 97.255
2 677 30 69.282
3 273 6 6.917
4 678 26 84.639
5 1071 7 96.993
6 932 37 3.357
7 182 5 19.881
8 992 42 10.400
9 68 44 93.712
10 1157 46 55.180
11 1195 10 50.336
12 434 24 43.432
13 895 55 52.706
14 1358 17 19.653
15 685 29 97.075
16 892 53 60.071
17 300 54 24.906
18 252 31 89.246
19 1057 1 58.221
20 401 14 73.701
21 1225 11 72.001
22 548 19 83.862
23 177 13 41.065
24 1263 60 22.131
25 1265 36 98.337
26 710 10 48.063
27 723 30 0.285
28 519 38 79.198
29 1361 33 45.915
30 661 30 76.602
31 1362 25 5.270
32 468 19 24.576
33 211 24 86.532
34 399 43 71.029
35 266 24 60.290
36 930 25 95.324
37 801 16 34.140
38 81 26 55.549
39 398 7 60.974
40 794 59 25.271
41 658 25 87.465
42 1153 34 14.052
43 1003 31 36.779
44 460 3 78.310
45 183 11 26.439
46 854 1 56.913
47 1062 1 76.594
48 112 20 79.651
49 642 28 82.838
50 554 37 78.362
51 846 60 57.916
52 906 16 67.826
53 147 9 56.616
54 33 33 79.268
55 1419 28 22.852
56 428 45 76.668
57 704 60 74.827
58 507 49 82.953
59 883 43 10.933
60 56 33 20.152
61 1386 4 95.426
62 1222 23 29.362
63 703 10 0.127
64 868 38 99.468
65 492 6 5.864
66 319 3 66.416
67 101 57 29.187
68 258 36 20.402
69 569 29 74.927
70 227 3 96.549
71 1205 48 53.977
72 550 34 35.229
73 264 15 10.331
74 911 36 78.656
75 21 17 3.044
76 1106 20 31.099
77 984 48 63.772
78 1098 7 42.082
79 688 15 9.110
80 1345 17 43.438
81 59 57 11.228
82 752 15 6.058
83 1283 60 56.915
84 182 17 49.134
85 160 33 30.399
86 392 31 80.785
87 150 24 83.067
88 311 60 96.201
89 61 2 92.480
90 536 32 85.545
91 985 47 80.367
92 314 60 43.416
93 1180 11 92.504
94 968 50 26.126
95 89 8 66.132
96 230 45 16.393
97 260 55 44.001
98 342 26 13.516
99 1163 27 6.040
100 818 37 99.845
101 27 56 42.421
102 825 8 29.918
103 70 14 20.630
104 264 23 88.948
105 252 20 15.907
106 513 59 11.201
107 591 12 10.811
108 668 42 47.474
109 275 55 91.913
110 1039 21 88.166
111 419 21 44.187
112 1395 4 30.946
113 1411 31 59.636
114 838 23 55.112
115 506 48 4.485
116 1118 52 7.978
117 1374 48 51.141
118 723 38 42.055
119 370 50 37.375
120 1056 51 53.842
121 1393 26 91.292
122 108 32 54.964
123 377 46 78.223
124 808 10 31.590
125 295 49 79.578
126 777 20 99.704
127 1078 56 32.039
128 206 32 76.089
129 1027 52 11.076
130 566 3 53.174
131 232 11 35.882
132 225 6 19.125
133 1428 51 54.969
134 1398 35 96.165
135 1386 37 81.043
136 1358 8 73.461
137 494 38 82.305
138 415 35 6.838
139 868 55 42.235
140 192 18 14.351
141 1381 32 56.787
142 427 44 20.324
143 1170 19 15.725
144 122 32 85.507
145 1437 38 11.099
146 522 2 68.160
147 39 31 23.175
148 1161 10 61.614
149 213 10 49.150
150 623 8 66.865
151 994 3 43.383
152 1188 51 90.900
153 365 21 88.215
154 603 6 7.699
155 548 53 28.598
156 487 17 51.937
157 871 56 42.444
158 1377 33 28.734
159 1320 46 74.852
160 664 1 12.027
161 1114 55 24.874
162 374 39 36.316
163 695 49 50.695
164 1250 4 66.658
165 2 6 14.913
166 227 10 64.425
167 34 56 50.889
168 421 48 16.793
169 238 56 73.802
170 641 22 22.366
171 737 10 53.347
172 259 23 91.226
173 456 49 10.564
174 382 50 96.656
175 650 34 23.391
176 1388 7 61.766
177 86 17 66.260
178 532 25 57.892
179 994 39 34.876
180 586 40 24.198
181 1356 1 76.254
182 1353 37 92.251
183 151 56 9.833
184 377 7 45.171
185 1436 49 97.997
186 51 34 25.659
187 1421 18 15.018
188 1350 60 12.457
189 664 40 70.724
190 1206 6 69.282
191 284 45 1.323
192 1355 45 64.786
193 908 36 68.388
194 628 41 26.822
195 396 53 78.307
196 533 52 21.104
197 125 35 27.849
198 36 35 69.403
199 768 27 89.439
200 1142 15 17.786