100
1 991 18 52.758
2 1381 60 43.693
3 681 15 68.283
4 421 7 1.053
5 441 53 1.821
6 934 7 0.129
7 539 43 49.857
8 577 18 68.928
9 84 45 27.965
10 282 52 5.739
11 407 57 32.766
12 1349 14 85.694
13 1013 25 41.794
14 247 32 61.925
15 681 55 4.651
16 1346 2 94.892
17 845 50 64.037
18 90 24 35.296
19 5 22 11.706
20 1364 24 51.545
21 160 5 15.369
22 321 53 71.270
23 971 57 68.198
24 492 45 93.247
25 1093 39 16.792
26 285 27 52.181
27 569 2 87.780
28 370 12 98.897
29 452 47 25.236
30 1146 9 84.063
31 1383 42 10.590
32 908 10 61.966
33 664 49 86.613
34 221 54 93.301
35 204 9 43.871
36 600 51 76.305
37 1138 36 35.901
38 1121 51 81.730
39 426 37 24.393
40 1060 42 34.058
41 777 59 31.287
42 229 31 74.676
43 774 15 70.219
44 112 45 98.164
45 1265 53 43.231
46 682 29 64.155
47 492 50 81.901
48 10 21 53.777
49 484 48 81.023
50 1107 42 49.943
51 829 16 8.070
52 997 40 15.408
53 410 21 73.427
54 1255 11 51.755
55 786 1 81.422
56 684 48 77.065
57 438 7 68.650
58 391 33 10.431
59 258 20 43.840
60 735 60 34.484
61 41 41 46.820
62 1247 57 85.656
63 322 42 16.527
64 681 27 81.174
65 935 30 82.392
66 59 54 0.897
67 282 31 18.132
68 97 52 12.871
69 280 45 52.141
70 1359 12 62.345
71 460 57 52.462
72 1010 15 64.874
73 356 16 82.002
74 704 12 56.988
75 511 46 34.136
76 1389 51 10.822
77 1178 40 22.058
78 262 52 86.934
79 340 51 27.324
80 234 3 14.917
81 226 14 42.541
82 462 40 33.537
83 280 46 23.830
84 658 47 52.376
85 77 2 97.645
86 1110 14 38.401
87 1015 35 31.103
88 1010 24 27.823
89 257 57 66.812
90 742 36 4.603
91 29 43 40.813
92 921 25 52.928
93 1312 9 85.762
94 1374 2 44.938
95 496 47 59.733
96 1438 45 27.936
97 472 4 88.460
98 802 29 45.631
99 1092 40 46.372
100 1385 51 59.579