100
1 150 6 45.821
2 346 31 27.301
3 1359 26 26.145
4 948 53 72.010
5 1033 52 41.781
6 903 44 28.897
7 845 30 37.048
8 1222 14 13.560
9 467 40 97.927
10 864 59 27.873
11 404 10 8.410
12 1369 46 48.077
13 1022 49 87.917
14 1432 14 92.422
15 599 14 37.188
16 1194 46 97.144
17 1084 46 11.184
18 48 13 54.008
19 669 25 52.770
20 288 52 14.802
21 906 59 69.617
22 878 4 94.635
23 1229 22 68.522
24 844 46 73.997
25 503 58 19.335
26 157 54 90.863
27 1019 29 21.887
28 1358 40 68.766
29 1160 10 27.213
30 1267 19 50.654
31 1071 45 90.255
32 1144 58 49.679
33 14 30 31.733
34 1210 1 97.857
35 862 43 96.231
36 1031 35 46.350
37 1002 54 14.619
38 1319 47 75.869
39 486 29 24.840
40 225 40 35.814
41 313 58 33.596
42 1108 30 55.671
43 316 15 31.111
44 915 44 25.555
45 1325 60 50.440
46 602 39 28.120
47 967 48 55.108
48 197 11 53.529
49 145 52 60.774
50 515 21 65.605
51 406 5 55.311
52 1159 23 69.092
53 1139 11 57.108
54 714 44 12.608
55 320 14 88.127
56 462 34 57.726
57 787 11 99.482
58 228 55 31.793
59 920 7 79.394
60 294 31 59.247
61 1321 18 31.641
62 961 40 39.223
63 417 7 87.823
64 1104 60 31.537
65 200 44 70.570
66 706 27 88.694
67 102 60 99.070
68 1040 45 55.681
69 982 46 69.180
70 34 24 26.709
71 232 13 18.882
72 621 17 79.636
73 645 57 12.200
74 39 55 43.452
75 118 49 92.193
76 1164 52 99.594
77 1184 29 3.527
78 705 21 32.810
79 483 14 72.624
80 155 8 79.795
81 1412 39 26.752
82 1317 28 8.473
83 679 56 87.503
84 106 14 43.874
85 684 10 52.465
86 260 10 5.234
87 778 47 96.352
88 457 31 19.398
89 702 35 48.154
90 485 1 84.837
91 535 22 42.624
92 1195 10 99.665
93 433 58 43.897
94 433 5 1.206
95 185 41 50.282
96 1380 50 37.756
97 1280 30 7.876
98 1137 55 80.980
99 21 2 18.950
100 1210 29 60.726