100
1 229 53 26.885
2 1174 27 54.727
3 743 15 7.807
4 162 20 73.239
5 1215 14 90.754
6 955 12 32.486
7 664 9 6.346
8 263 47 62.335
9 228 22 43.225
10 1070 56 5.295
11 1306 24 67.222
12 391 39 96.784
13 658 26 6.096
14 1059 12 75.735
15 1275 7 49.481
16 973 35 46.193
17 1123 33 47.660
18 1345 14 96.431
19 1376 6 72.700
20 165 42 67.221
21 641 57 68.819
22 879 19 32.195
23 1001 47 23.587
24 874 15 97.486
25 1062 44 14.506
26 806 50 94.432
27 45 44 54.440
28 1334 33 92.188
29 135 54 27.866
30 955 4 65.376
31 458 13 79.034
32 754 10 8.523
33 755 43 73.285
34 714 49 71.165
35 255 19 63.703
36 918 53 69.763
37 293 13 63.998
38 485 59 42.049
39 9 12 60.366
40 965 34 62.104
41 951 46 80.098
42 74 48 63.380
43 1087 21 49.625
44 775 3 4.187
45 785 13 38.423
46 855 18 79.297
47 41 23 80.674
48 392 11 7.401
49 118 48 14.512
50 685 16 22.245
51 173 10 99.596
52 802 20 44.932
53 1399 39 57.864
54 117 34 90.945
55 43 2 31.306
56 478 49 50.507
57 173 18 86.403
58 806 49 14.696
59 1169 30 71.114
60 460 37 39.136
61 973 7 30.376
62 1344 40 86.885
63 602 18 87.331
64 366 9 56.185
65 942 15 62.330
66 177 25 77.162
67 1063 9 30.613
68 42 14 77.175
69 291 24 17.227
70 942 3 59.085
71 433 42 0.852
72 739 29 94.690
73 469 16 12.287
74 803 15 92.742
75 1012 58 64.953
76 1396 40 61.292
77 1236 58 96.196
78 552 60 99.517
79 928 24 76.778
80 1369 59 68.166
81 178 29 51.183
82 239 53 34.552
83 994 59 79.470
84 361 52 82.348
85 799 16 45.965
86 1060 19 59.129
87 363 33 24.824
88 1105 45 0.783
89 8 22 69.128
90 1304 24 77.490
91 1238 5 46.828
92 936 27 74.641
93 1406 37 7.941
94 1031 47 31.325
95 984 2 73.817
96 1026 2 23.031
97 1268 49 22.080
98 402 50 0.240
99 171 18 44.007
100 756 21 60.054