100
1 1097 1 13.800
2 776 27 27.094
3 864 1 70.864
4 712 29 57.906
5 521 40 89.865
6 105 25 70.995
7 259 50 59.361
8 1390 18 27.299
9 172 27 63.847
10 1312 20 31.773
11 578 38 5.745
12 170 5 84.296
13 396 58 17.523
14 794 43 96.653
15 632 58 38.594
16 855 42 87.105
17 827 39 78.253
18 568 23 85.315
19 257 42 5.881
20 224 42 38.415
21 1134 45 54.741
22 900 27 87.198
23 254 21 72.450
24 387 28 4.208
25 169 6 85.381
26 427 46 30.291
27 287 12 91.203
28 352 56 61.423
29 259 51 21.420
30 180 21 43.480
31 1073 39 29.470
32 367 56 93.561
33 419 52 18.801
34 471 45 93.505
35 696 46 5.258
36 753 59 48.372
37 540 59 82.065
38 52 60 5.080
39 326 47 8.917
40 831 40 37.655
41 602 3 96.066
42 399 16 66.511
43 825 16 7.855
44 557 10 96.848
45 75 2 70.061
46 481 49 77.015
47 1189 27 87.743
48 1405 11 77.815
49 585 30 5.709
50 878 32 67.647
51 81 9 88.855
52 598 55 60.755
53 500 41 50.947
54 779 45 5.057
55 774 38 75.708
56 15 17 97.952
57 264 53 98.435
58 252 12 39.054
59 1210 9 54.164
60 28 50 41.491
61 143 49 13.580
62 810 58 53.414
63 866 1 53.343
64 962 44 67.981
65 763 32 10.657
66 391 39 23.132
67 115 42 43.221
68 1171 18 0.438
69 244 57 9.718
70 421 55 49.147
71 935 40 23.208
72 201 14 65.229
73 882 52 82.992
74 1177 5 98.624
75 1269 56 16.767
76 577 35 49.823
77 1082 30 78.750
78 125 26 68.720
79 882 16 14.596
80 387 16 77.798
81 1401 7 24.755
82 624 53 10.695
83 1274 46 66.727
84 586 14 2.525
85 582 20 59.523
86 970 21 25.540
87 1076 54 37.438
88 510 46 58.070
89 133 2 62.903
90 1094 27 39.146
91 756 20 52.720
92 1320 4 86.522
93 1243 53 2.001
94 951 40 47.737
95 1200 4 95.233
96 142 1 48.902
97 206 41 4.104
98 982 25 11.256
99 790 36 54.586
100 753 58 37.294