100
1 150 10 35.360
2 713 42 60.257
3 918 39 79.722
4 1104 50 52.419
5 394 3 82.417
6 606 25 22.802
7 275 12 72.808
8 110 33 27.535
9 760 29 74.526
10 1269 5 12.210
11 1378 53 38.416
12 1187 38 15.954
13 117 33 48.076
14 511 11 2.813
15 444 46 91.204
16 174 31 30.199
17 21 4 38.677
18 836 10 54.458
19 352 41 97.154
20 497 39 87.132
21 350 8 64.299
22 155 49 37.371
23 659 34 59.054
24 647 54 82.706
25 381 55 67.768
26 882 60 52.800
27 702 32 17.874
28 784 28 52.983
29 81 8 3.062
30 470 37 52.825
31 851 37 57.805
32 1142 53 89.356
33 294 47 39.939
34 841 17 68.600
35 290 11 14.632
36 817 29 41.827
37 1216 56 87.239
38 270 38 4.222
39 862 25 73.813
40 1140 39 43.587
41 654 54 17.746
42 995 45 56.202
43 225 60 3.668
44 488 59 41.055
45 1394 18 88.314
46 549 46 93.664
47 1025 39 52.447
48 180 48 61.438
49 741 49 58.552
50 1376 57 92.379
51 1108 42 73.361
52 209 19 23.181
53 904 5 13.927
54 6 23 34.948
55 525 58 56.623
56 724 48 58.163
57 342 53 12.323
58 1386 59 98.239
59 532 43 28.921
60 1292 48 12.988
61 733 8 24.178
62 1176 36 93.835
63 1138 5 76.526
64 755 28 43.601
65 685 49 9.979
66 163 21 15.746
67 603 16 90.606
68 972 2 34.185
69 1307 22 96.158
70 484 27 11.266
71 689 9 43.334
72 392 11 47.193
73 819 55 16.525
74 446 5 8.048
75 1121 28 88.847
76 179 8 89.908
77 1023 10 53.559
78 364 30 22.393
79 1175 58 59.868
80 1332 15 97.278
81 778 59 86.676
82 480 17 70.675
83 1261 10 57.529
84 923 58 31.923
85 393 33 41.950
86 485 60 36.333
87 503 59 17.830
88 403 33 70.208
89 819 29 70.967
90 875 47 78.395
91 988 40 27.963
92 1258 18 48.772
93 230 7 39.021
94 630 12 57.140
95 610 30 9.309
96 930 31 90.292
97 672 31 7.488
98 456 38 86.594
99 1159 28 65.783
100 471 43 9.111