100
1 438 22 61.992
2 1048 10 30.309
3 94 43 87.411
4 800 46 69.726
5 1335 55 27.221
6 1024 20 12.760
7 590 40 28.078
8 626 41 62.805
9 791 4 26.582
10 1071 9 97.172
11 532 25 22.379
12 1289 54 98.864
13 689 48 79.458
14 8 42 8.112
15 1051 12 80.824
16 317 11 94.906
17 748 58 71.355
18 984 59 51.240
19 1097 8 22.261
20 1207 45 69.010
21 737 11 56.039
22 1297 50 13.580
23 665 24 89.792
24 1364 29 38.161
25 1159 42 70.318
26 168 59 36.505
27 26 5 11.393
28 620 17 32.559
29 728 27 31.457
30 207 1 33.927
31 327 57 29.940
32 587 42 76.484
33 94 22 37.877
34 1255 48 55.261
35 429 54 95.359
36 1078 14 42.949
37 1076 14 48.505
38 1362 18 92.586
39 642 40 35.995
40 1195 46 62.320
41 163 19 64.655
42 1011 28 5.237
43 1397 25 43.093
44 897 44 53.942
45 28 12 8.734
46 500 9 28.781
47 905 15 39.258
48 332 25 80.409
49 362 24 16.723
50 802 43 97.039
51 565 43 9.724
52 462 20 46.480
53 1257 32 61.108
54 223 23 38.459
55 197 6 90.516
56 837 6 5.044
57 15 16 20.418
58 322 7 57.013
59 645 35 61.612
60 43 12 12.816
61 308 15 51.143
62 641 11 2.653
63 1253 29 29.391
64 728 57 70.236
65 310 57 31.953
66 674 58 46.262
67 778 11 82.566
68 1368 9 40.258
69 385 27 13.770
70 894 34 91.914
71 473 10 31.121
72 1341 15 13.146
73 784 56 62.552
74 1015 12 96.743
75 1240 56 17.992
76 601 9 41.748
77 722 57 13.262
78 34 29 38.515
79 1125 35 80.559
80 595 35 94.921
81 1360 24 10.292
82 1160 41 0.040
83 457 59 34.495
84 458 2 30.752
85 763 35 55.969
86 656 3 88.427
87 87 16 68.568
88 230 11 67.914
89 624 20 5.901
90 266 36 76.066
91 703 49 63.692
92 416 18 52.243
93 142 30 60.184
94 1270 16 21.982
95 482 45 55.016
96 626 54 45.913
97 1204 55 29.355
98 1412 9 4.779
99 380 4 29.307
100 807 6 8.034