100
1 1397 11 73.993
2 315 22 20.716
3 1297 2 46.577
4 1129 28 34.129
5 318 10 8.006
6 374 20 99.055
7 993 4 13.282
8 532 44 1.743
9 193 1 42.328
10 721 42 19.298
11 672 47 80.916
12 1375 19 7.842
13 268 56 45.624
14 1241 21 25.224
15 333 3 76.908
16 789 11 65.500
17 480 26 93.853
18 1005 7 75.710
19 763 11 75.200
20 1095 26 99.919
21 548 2 41.162
22 683 43 20.179
23 569 29 73.711
24 471 25 79.947
25 623 20 6.353
26 924 19 41.439
27 979 39 53.849
28 717 35 72.271
29 199 28 62.528
30 74 57 14.724
31 29 58 3.203
32 647 57 79.570
33 1015 51 49.083
34 403 21 60.760
35 992 16 26.091
36 88 26 93.066
37 300 47 39.244
38 102 23 5.218
39 387 6 17.141
40 889 24 8.110
41 620 55 87.715
42 229 12 98.863
43 743 9 88.949
44 1096 54 14.135
45 782 59 22.333
46 1392 24 3.763
47 197 53 4.025
48 1386 41 11.129
49 762 14 69.485
50 1206 33 67.612
51 198 29 75.866
52 1225 46 60.853
53 98 16 34.599
54 334 45 96.853
55 1029 27 38.260
56 657 53 41.451
57 334 42 77.320
58 1177 29 82.339
59 1057 27 70.748
60 893 4 81.264
61 143 2 1.536
62 196 14 50.542
63 865 52 41.106
64 638 40 59.499
65 78 24 60.384
66 782 48 84.267
67 198 8 94.217
68 358 16 14.333
69 1356 22 67.193
70 799 28 36.293
71 1267 18 65.705
72 960 7 56.494
73 1202 44 45.868
74 1259 35 92.577
75 883 29 96.678
76 330 27 85.139
77 547 15 1.308
78 256 16 45.730
79 251 21 78.640
80 905 33 2.505
81 242 40 75.303
82 202 3 95.259
83 609 23 29.854
84 1370 38 50.833
85 1230 42 42.115
86 1098 54 60.412
87 585 23 13.308
88 542 29 95.020
89 797 15 13.530
90 1277 36 54.218
91 422 40 87.497
92 68 43 42.713
93 1187 14 30.215
94 480 52 35.525
95 896 47 85.434
96 1211 51 97.416
97 1001 59 25.939
98 319 9 45.943
99 1096 3 28.733
100 115 52 59.804