100
1 970 13 69.455
2 485 42 25.954
3 55 19 51.856
4 128 38 55.847
5 625 19 53.083
6 386 50 89.793
7 396 1 88.852
8 79 30 19.392
9 114 15 52.892
10 575 35 82.340
11 1172 49 79.379
12 1286 33 50.459
13 716 48 48.868
14 1037 5 40.747
15 726 55 12.010
16 838 27 91.320
17 1370 41 20.948
18 1057 17 67.970
19 813 19 57.271
20 860 55 4.059
21 272 51 23.464
22 1295 24 75.839
23 890 30 24.188
24 481 35 85.215
25 1395 25 38.542
26 1251 39 15.947
27 29 54 60.637
28 317 5 37.280
29 51 52 54.717
30 1394 14 35.772
31 953 31 56.213
32 572 50 37.365
33 974 50 74.611
34 1429 52 87.266
35 69 36 46.404
36 1282 11 36.247
37 294 48 26.089
38 230 20 42.553
39 1426 49 67.575
40 37 44 46.413
41 107 42 60.434
42 325 5 8.482
43 1269 41 7.463
44 1218 39 40.241
45 301 32 36.819
46 222 5 60.585
47 411 41 93.881
48 1013 13 33.914
49 550 33 37.630
50 1294 18 13.852
51 1009 26 94.041
52 1416 17 15.797
53 146 40 68.886
54 621 47 61.868
55 306 50 17.990
56 520 2 29.469
57 1228 22 2.787
58 321 12 21.607
59 1263 28 15.376
60 309 27 6.962
61 490 33 18.048
62 549 39 8.495
63 242 52 31.016
64 1342 16 47.739
65 1267 16 34.900
66 1010 15 19.342
67 1007 3 5.321
68 1096 53 61.060
69 478 8 46.437
70 758 39 63.059
71 566 21 95.323
72 448 14 36.177
73 40 57 22.300
74 913 36 55.392
75 1131 16 84.565
76 1410 14 55.356
77 216 29 73.038
78 860 35 98.915
79 674 41 15.395
80 862 33 81.887
81 81 44 80.477
82 105 45 40.714
83 1370 58 33.876
84 504 28 59.726
85 199 52 13.981
86 672 19 27.441
87 26 59 19.152
88 1327 55 81.437
89 1335 52 48.203
90 1021 43 72.346
91 879 27 27.735
92 668 30 15.361
93 590 22 19.036
94 366 4 77.905
95 436 46 82.979
96 425 26 89.047
97 338 40 0.850
98 1385 31 29.406
99 106 49 21.156
100 1113 28 0.117