100
1 681 23 41.467
2 145 17 8.612
3 42 30 14.758
4 512 42 96.840
5 1406 12 8.214
6 704 52 19.611
7 149 14 65.504
8 568 26 42.258
9 775 26 14.116
10 254 59 50.003
11 1357 10 40.700
12 1427 37 70.274
13 888 52 76.010
14 925 8 45.129
15 27 33 28.479
16 542 11 39.046
17 194 53 16.519
18 60 53 76.090
19 450 3 50.523
20 341 4 2.812
21 729 59 23.665
22 1165 6 44.292
23 524 4 97.215
24 1231 23 74.600
25 507 22 6.243
26 823 25 70.949
27 783 60 53.048
28 1438 60 20.766
29 521 57 63.869
30 1056 44 75.596
31 690 42 2.522
32 63 47 1.677
33 493 38 9.669
34 1144 44 15.709
35 380 28 17.255
36 148 42 45.561
37 1207 39 17.463
38 92 29 80.499
39 799 19 19.345
40 404 9 22.968
41 356 21 37.999
42 985 25 7.853
43 869 4 85.864
44 620 43 7.476
45 590 59 36.589
46 545 49 32.828
47 1413 43 21.768
48 798 56 55.973
49 132 21 98.447
50 1275 37 99.523
51 206 16 31.918
52 1072 38 36.301
53 1348 52 25.787
54 685 28 62.683
55 1289 11 60.270
56 168 36 76.391
57 1228 13 53.958
58 1361 59 44.762
59 553 42 6.979
60 1273 54 89.182
61 197 28 40.891
62 521 32 13.523
63 1126 47 80.184
64 1012 8 67.274
65 1187 16 80.367
66 158 16 14.883
67 827 55 85.168
68 471 54 76.991
69 1021 35 15.116
70 906 35 20.998
71 770 54 1.483
72 440 17 88.464
73 705 44 75.909
74 144 11 67.026
75 313 42 8.860
76 489 56 25.808
77 915 3 13.704
78 732 42 94.392
79 519 14 2.763
80 126 2 70.170
81 624 7 59.899
82 1055 34 0.545
83 1307 27 2.354
84 331 35 75.518
85 683 5 9.112
86 1375 7 85.286
87 366 5 21.562
88 510 19 60.763
89 677 47 97.237
90 646 6 35.258
91 1290 28 42.582
92 799 27 97.529
93 711 13 53.465
94 86 3 67.946
95 558 10 3.004
96 677 11 84.239
97 193 17 23.308
98 1250 50 21.656
99 966 25 20.442
100 667 12 19.383