100
1 1273 14 61.132
2 1171 3 71.134
3 1079 18 90.159
4 1434 33 14.725
5 725 42 84.532
6 1260 49 20.804
7 246 21 47.801
8 504 49 8.996
9 1134 13 61.138
10 314 59 95.953
11 1268 13 49.703
12 824 3 85.922
13 658 11 86.263
14 357 23 75.163
15 1325 5 24.754
16 1314 38 90.741
17 736 16 20.166
18 1175 17 44.818
19 725 47 56.276
20 531 36 55.730
21 499 10 37.319
22 1272 55 4.459
23 1435 34 35.921
24 456 38 93.280
25 1188 33 89.849
26 164 55 26.131
27 264 14 28.002
28 1035 60 18.949
29 1380 32 50.459
30 942 43 26.019
31 1254 8 65.601
32 662 41 47.510
33 463 5 87.708
34 573 13 86.978
35 1238 14 66.336
36 393 22 89.743
37 1344 46 99.343
38 738 48 35.959
39 844 58 32.633
40 138 51 61.012
41 1317 18 48.733
42 1011 35 64.433
43 100 1 21.443
44 1014 35 45.353
45 649 26 5.534
46 498 23 78.034
47 1049 24 40.599
48 330 25 62.739
49 640 25 34.904
50 1087 17 2.217
51 572 10 61.710
52 415 1 82.145
53 1043 55 1.285
54 691 44 15.000
55 505 21 1.643
56 301 27 26.190
57 887 15 26.361
58 554 52 4.692
59 1363 25 92.488
60 1004 11 99.783
61 306 37 51.985
62 1286 43 6.858
63 943 27 28.794
64 671 7 37.012
65 1170 36 95.973
66 77 10 76.099
67 1383 2 54.960
68 1019 54 83.278
69 570 35 17.397
70 281 2 58.511
71 31 34 16.005
72 513 60 27.914
73 1208 38 8.839
74 1247 34 0.155
75 1140 47 46.573
76 36 16 70.647
77 573 24 13.381
78 631 44 21.999
79 1115 16 99.322
80 527 39 16.068
81 718 17 50.864
82 972 20 48.113
83 283 33 78.529
84 854 24 41.702
85 223 50 68.158
86 383 55 89.441
87 1242 51 48.301
88 935 30 89.013
89 604 55 73.870
90 898 36 19.135
91 1363 58 30.895
92 92 37 40.414
93 915 4 79.363
94 335 50 81.544
95 547 33 94.084
96 1064 58 4.048
97 623 34 74.203
98 745 53 83.813
99 85 44 19.563
100 846 39 90.264