100
1 6 9 79.842
2 504 8 63.156
3 258 9 93.717
4 879 53 29.514
5 917 47 23.181
6 19 27 78.357
7 156 25 18.195
8 1145 3 28.415
9 1400 30 34.668
10 506 26 20.213
11 609 49 40.084
12 1089 27 98.005
13 1138 21 67.812
14 1113 17 33.315
15 116 39 31.503
16 531 53 37.158
17 1219 54 46.985
18 359 8 73.255
19 1165 54 56.541
20 259 12 41.608
21 148 47 27.399
22 818 28 31.483
23 789 57 30.423
24 890 7 51.923
25 1059 41 86.865
26 333 47 61.964
27 386 12 97.464
28 716 9 41.326
29 1229 26 65.174
30 405 34 99.712
31 1348 40 26.740
32 344 15 39.649
33 73 34 36.413
34 300 44 91.348
35 139 29 61.695
36 585 3 93.793
37 280 13 56.880
38 340 28 64.069
39 468 57 84.992
40 1060 27 80.286
41 205 33 4.226
42 1005 51 39.542
43 919 2 8.156
44 340 10 90.990
45 1298 43 50.008
46 976 53 79.016
47 476 42 97.205
48 476 32 63.605
49 327 41 88.005
50 598 40 92.163
51 863 5 74.470
52 559 60 29.132
53 1350 48 54.036
54 1055 52 92.201
55 1338 15 57.804
56 521 29 30.694
57 1135 7 69.059
58 376 4 14.363
59 385 41 26.282
60 1324 43 38.412
61 909 42 82.297
62 939 15 48.094
63 759 12 22.692
64 1187 52 6.718
65 1125 40 3.363
66 452 16 17.165
67 1230 44 15.520
68 1207 38 68.266
69 596 35 41.002
70 213 43 57.192
71 595 19 40.072
72 703 20 20.780
73 325 3 78.710
74 440 60 23.662
75 382 54 49.804
76 1262 36 51.591
77 63 44 55.305
78 383 51 16.806
79 149 22 16.998
80 346 54 39.808
81 40 4 25.061
82 1327 1 86.927
83 799 12 59.123
84 283 25 88.276
85 150 53 34.761
86 666 4 97.181
87 336 21 19.977
88 223 41 61.161
89 309 57 63.193
90 1269 37 70.414
91 1364 46 72.510
92 100 30 60.977
93 1331 20 4.163
94 439 45 96.701
95 802 55 98.912
96 101 39 9.078
97 93 46 40.261
98 1127 49 71.715
99 1057 56 74.364
100 1352 55 57.646