100
1 447 38 10.653
2 1078 22 2.401
3 369 54 94.207
4 845 39 72.221
5 427 16 52.624
6 5 4 28.838
7 782 15 62.743
8 1166 53 46.945
9 968 56 75.669
10 1124 33 44.891
11 1044 10 41.920
12 1307 32 44.052
13 1029 23 51.618
14 681 43 48.602
15 709 13 96.556
16 789 54 3.373
17 196 14 12.105
18 410 56 71.139
19 635 18 68.424
20 519 29 38.330
21 1214 30 96.698
22 1225 46 94.989
23 1431 22 36.400
24 463 21 3.856
25 265 12 63.803
26 437 56 9.167
27 375 4 90.495
28 795 51 76.138
29 24 7 30.897
30 288 50 71.965
31 1131 60 22.823
32 1238 42 25.783
33 454 8 78.582
34 762 31 32.885
35 865 23 49.698
36 1423 51 98.959
37 828 24 9.424
38 1155 60 47.483
39 590 18 58.715
40 590 53 67.029
41 340 48 99.366
42 133 60 11.581
43 1270 40 38.169
44 193 24 1.503
45 1131 4 58.127
46 701 23 37.528
47 32 13 10.870
48 1149 49 14.185
49 1273 12 22.174
50 1353 16 27.065
51 1026 28 48.632
52 1254 54 7.375
53 912 10 27.326
54 781 26 8.042
55 850 45 80.567
56 105 26 3.286
57 149 33 0.424
58 123 15 95.080
59 243 41 62.539
60 1082 36 13.853
61 694 2 72.088
62 588 48 87.067
63 1036 10 22.268
64 98 38 39.292
65 1292 34 43.141
66 233 31 25.701
67 687 53 45.571
68 805 54 91.307
69 216 30 41.852
70 977 59 76.485
71 896 22 86.725
72 1091 3 38.552
73 1078 2 50.925
74 382 43 26.776
75 949 37 6.621
76 502 15 37.588
77 160 50 29.155
78 905 12 6.819
79 895 14 6.817
80 328 8 55.651
81 837 21 15.958
82 179 37 7.978
83 534 22 66.606
84 980 54 13.002
85 71 41 65.056
86 1246 22 67.674
87 904 7 2.458
88 92 16 65.399
89 93 54 2.649
90 1114 58 77.679
91 1253 25 33.673
92 99 44 41.968
93 436 28 29.392
94 500 16 38.802
95 587 25 37.037
96 766 15 64.615
97 865 21 39.734
98 524 42 36.203
99 619 42 48.282
100 464 29 28.013