100
1 241 31 48.605
2 919 9 27.614
3 545 6 52.923
4 1108 47 22.968
5 825 2 0.217
6 844 33 78.812
7 552 31 60.023
8 584 28 69.934
9 909 9 18.330
10 610 44 76.477
11 858 58 37.438
12 898 24 49.992
13 270 48 52.996
14 547 52 39.320
15 669 33 13.206
16 989 17 7.829
17 1222 51 44.417
18 816 60 94.637
19 158 24 10.878
20 106 47 51.538
21 78 1 19.553
22 152 30 13.721
23 595 14 58.420
24 1367 45 84.465
25 984 51 81.389
26 1365 4 57.450
27 732 10 92.039
28 52 56 32.283
29 822 8 9.445
30 841 27 60.243
31 1147 31 51.259
32 68 12 64.605
33 909 8 79.980
34 86 7 63.101
35 338 21 85.413
36 1090 24 90.913
37 459 19 28.362
38 247 16 37.203
39 23 31 30.957
40 1427 34 39.483
41 792 2 35.593
42 1431 48 93.481
43 1050 35 44.608
44 936 5 97.515
45 424 19 17.900
46 666 23 10.614
47 517 33 70.026
48 538 8 60.148
49 619 12 56.885
50 498 40 6.787
51 786 23 44.769
52 153 20 38.846
53 13 38 14.520
54 1090 1 55.614
55 24 25 64.575
56 273 40 78.157
57 777 34 81.502
58 333 42 78.527
59 740 40 12.211
60 1282 49 74.905
61 1207 16 46.843
62 351 35 87.380
63 678 59 90.516
64 591 48 49.227
65 1335 12 1.466
66 383 29 54.294
67 852 15 31.127
68 1102 8 89.649
69 1212 1 42.168
70 350 18 82.477
71 585 47 12.504
72 180 38 88.954
73 725 52 65.374
74 1312 44 84.347
75 84 2 68.527
76 1369 41 15.920
77 1360 24 19.409
78 910 47 0.044
79 1032 37 46.359
80 1282 47 81.883
81 1382 25 53.073
82 219 45 50.421
83 1315 60 29.453
84 1285 34 10.875
85 230 10 56.391
86 242 57 73.707
87 351 35 6.330
88 626 36 90.307
89 217 6 42.824
90 47 47 11.982
91 374 52 85.926
92 824 47 29.958
93 153 57 0.314
94 220 41 31.145
95 159 29 48.374
96 813 58 29.632
97 1086 45 63.683
98 634 55 69.360
99 1248 25 6.429
100 799 29 29.656