100
1 415 44 18.377
2 694 49 38.668
3 186 8 32.388
4 659 30 32.425
5 643 31 11.665
6 946 35 58.514
7 1302 26 56.513
8 1402 1 32.034
9 738 47 0.907
10 98 26 3.817
11 674 47 17.944
12 330 6 61.549
13 402 21 42.781
14 433 59 34.180
15 1313 27 73.546
16 644 1 88.779
17 101 24 39.175
18 1240 9 47.465
19 1041 14 21.693
20 329 26 60.558
21 857 17 6.180
22 1069 8 34.917
23 331 32 31.968
24 1231 9 11.997
25 1028 51 89.982
26 654 8 46.112
27 1022 56 17.882
28 81 11 91.991
29 839 3 18.477
30 631 4 62.035
31 949 28 35.329
32 1218 13 4.019
33 219 12 86.246
34 541 52 87.881
35 323 59 18.188
36 437 18 52.537
37 94 58 31.240
38 957 53 61.805
39 1129 25 94.993
40 948 3 33.156
41 1231 4 15.096
42 454 17 82.385
43 898 3 77.749
44 558 37 91.622
45 1235 23 77.443
46 172 54 23.960
47 1411 6 96.424
48 625 21 65.280
49 484 25 69.841
50 263 39 55.742
51 366 55 31.807
52 1282 33 72.975
53 539 52 37.473
54 1368 1 90.221
55 671 34 95.250
56 252 4 63.306
57 765 59 13.696
58 766 55 60.799
59 681 31 72.985
60 172 26 56.511
61 1289 48 37.538
62 402 3 86.194
63 866 54 0.183
64 1183 19 6.639
65 356 26 93.668
66 806 5 13.236
67 836 60 91.465
68 607 32 79.465
69 1422 23 24.539
70 1098 52 81.438
71 1294 53 88.731
72 375 5 78.995
73 1346 26 29.295
74 509 14 4.978
75 21 8 51.419
76 566 7 47.424
77 572 9 7.973
78 199 15 74.134
79 872 48 7.848
80 1318 57 34.984
81 591 45 90.842
82 84 39 83.331
83 288 30 3.338
84 769 45 22.700
85 1050 21 24.186
86 333 37 46.178
87 547 4 72.048
88 56 51 45.308
89 149 46 61.995
90 432 39 79.611
91 191 57 31.985
92 1099 35 56.446
93 815 9 37.740
94 58 59 49.150
95 1197 43 21.660
96 929 53 67.791
97 978 23 28.879
98 798 39 64.053
99 1116 56 26.135
100 281 22 47.419