100
1 907 43 63.557
2 223 35 55.183
3 1436 14 12.891
4 72 57 6.527
5 1157 44 51.169
6 492 14 86.910
7 1058 22 17.810
8 352 50 55.942
9 156 24 53.194
10 101 59 97.546
11 475 7 34.487
12 801 40 72.935
13 1306 11 32.350
14 1004 9 74.944
15 1100 51 93.424
16 1318 39 32.482
17 613 16 38.064
18 1014 3 1.302
19 13 53 73.847
20 426 45 79.346
21 905 35 82.520
22 383 8 15.318
23 1297 39 78.244
24 1377 2 63.954
25 1182 36 8.282
26 284 38 56.077
27 40 60 12.419
28 1017 2 90.991
29 724 57 38.497
30 646 33 1.989
31 793 40 34.269
32 1121 48 38.268
33 388 6 50.288
34 335 13 29.186
35 413 50 30.508
36 308 54 82.005
37 715 38 83.917
38 1045 5 21.823
39 850 4 70.567
40 1132 40 82.180
41 914 59 53.599
42 214 36 66.604
43 158 36 7.557
44 371 37 72.042
45 1099 54 81.356
46 495 34 35.439
47 824 37 73.348
48 398 8 57.997
49 235 6 60.382
50 1122 60 86.867
51 810 8 52.745
52 636 29 90.744
53 44 10 61.428
54 1029 11 91.330
55 1257 36 12.364
56 436 60 50.386
57 1233 45 92.181
58 120 43 85.176
59 1061 5 3.409
60 700 8 93.376
61 649 9 41.879
62 542 59 8.895
63 486 59 30.357
64 719 37 52.613
65 258 43 7.699
66 1290 40 87.843
67 360 40 27.648
68 584 12 56.842
69 931 34 60.604
70 1095 51 37.445
71 678 16 43.903
72 1234 60 30.050
73 430 8 12.063
74 272 18 78.195
75 737 1 59.442
76 1410 39 28.858
77 145 27 63.056
78 213 42 36.568
79 279 46 96.667
80 476 22 99.624
81 538 43 24.389
82 278 53 62.912
83 1225 18 27.696
84 1177 36 60.635
85 40 28 84.876
86 51 12 18.569
87 371 34 86.482
88 89 48 57.636
89 451 35 12.139
90 1095 29 57.108
91 915 51 91.916
92 583 39 18.638
93 1145 27 38.034
94 1437 49 88.647
95 696 23 29.779
96 1028 31 98.728
97 655 43 49.906
98 1268 32 40.819
99 1153 60 0.131
100 1012 55 45.314