100
1 698 25 24.889
2 405 13 55.346
3 173 47 96.324
4 1438 27 87.543
5 702 20 62.682
6 969 41 74.675
7 466 22 79.086
8 1298 34 25.171
9 951 18 7.343
10 1342 34 96.668
11 504 53 49.936
12 711 1 75.136
13 541 31 36.577
14 554 16 50.525
15 164 3 88.947
16 405 20 50.785
17 564 41 78.683
18 725 45 38.662
19 1359 50 74.262
20 268 1 39.826
21 1360 42 97.808
22 1229 13 26.305
23 117 4 64.858
24 1054 38 75.749
25 954 45 5.939
26 1316 9 13.190
27 450 21 48.451
28 362 25 51.729
29 963 9 51.535
30 980 41 9.312
31 1340 47 39.357
32 1360 46 20.175
33 796 29 52.663
34 864 1 37.030
35 715 14 27.998
36 1032 15 62.366
37 1300 42 42.103
38 1346 10 1.641
39 1351 44 50.806
40 423 12 52.966
41 159 51 70.106
42 106 27 66.110
43 183 37 52.391
44 588 6 56.522
45 850 20 66.891
46 1119 42 28.177
47 313 35 7.163
48 828 22 34.370
49 1378 32 12.369
50 1379 5 90.462
51 1032 59 97.159
52 681 26 28.766
53 1278 6 42.474
54 1124 21 26.576
55 11 31 93.653
56 407 14 21.878
57 1006 42 74.962
58 1291 52 89.307
59 1019 21 69.371
60 519 30 33.726
61 183 2 75.546
62 661 5 16.090
63 217 28 20.264
64 854 42 0.357
65 818 55 83.164
66 1116 30 96.481
67 677 50 33.464
68 36 3 17.244
69 1116 14 31.143
70 1274 28 67.834
71 1174 6 19.537
72 161 52 88.637
73 954 16 21.188
74 909 50 21.862
75 1351 48 21.624
76 932 20 38.668
77 893 14 34.375
78 1086 46 45.241
79 218 20 42.497
80 796 59 56.889
81 20 54 46.602
82 992 45 69.148
83 1084 28 38.493
84 1036 25 99.782
85 36 43 13.293
86 494 37 48.439
87 1318 49 85.774
88 151 50 17.570
89 194 56 69.470
90 272 4 23.441
91 952 47 50.422
92 674 39 3.335
93 168 43 91.483
94 1367 57 85.727
95 350 46 33.767
96 507 12 45.015
97 223 58 18.436
98 1163 51 74.818
99 625 10 8.197
100 3 43 7.644