100
1 779 55 64.674
2 177 57 1.218
3 1167 11 60.562
4 816 24 82.569
5 1360 40 35.365
6 330 2 98.629
7 1349 20 65.789
8 332 4 24.928
9 701 13 3.970
10 630 43 8.453
11 1130 29 11.295
12 1400 60 58.280
13 118 23 78.805
14 945 55 90.753
15 983 27 97.228
16 831 36 20.011
17 1391 40 62.506
18 1391 38 43.965
19 300 23 80.917
20 570 2 77.990
21 1314 11 10.134
22 1439 10 86.716
23 1002 38 92.448
24 159 30 17.634
25 1327 26 67.318
26 520 33 83.069
27 724 39 28.088
28 439 23 25.541
29 392 50 57.617
30 1234 18 31.860
31 515 36 85.445
32 1043 33 19.213
33 411 14 4.236
34 1126 25 69.208
35 836 14 0.001
36 604 50 55.991
37 866 28 4.084
38 494 17 10.032
39 1303 30 4.447
40 965 30 35.822
41 1088 23 42.726
42 931 4 83.479
43 1372 4 45.342
44 1073 45 34.623
45 783 48 58.829
46 374 34 27.360
47 603 39 5.580
48 1162 10 17.980
49 250 20 9.483
50 917 43 29.955
51 708 43 7.481
52 614 36 75.959
53 32 22 24.232
54 148 56 28.368
55 923 21 37.647
56 152 32 32.038
57 811 41 80.231
58 299 55 48.236
59 1219 54 7.719
60 210 33 89.825
61 1347 34 90.228
62 1357 34 40.830
63 14 16 5.117
64 299 32 56.445
65 1065 44 6.255
66 487 21 17.529
67 1118 46 22.544
68 1012 60 24.463
69 537 22 89.670
70 1304 3 10.535
71 626 28 29.060
72 496 33 2.331
73 617 14 2.051
74 1220 17 11.126
75 1098 39 6.292
76 1003 57 96.720
77 39 10 58.204
78 1197 57 50.350
79 1119 53 1.307
80 1212 52 38.973
81 756 41 90.666
82 973 25 88.934
83 472 28 55.250
84 488 27 49.789
85 645 32 18.738
86 805 9 75.965
87 743 44 35.710
88 73 39 59.243
89 1315 44 27.394
90 1122 3 17.358
91 624 49 65.396
92 863 14 84.174
93 1177 26 93.115
94 119 14 90.488
95 50 55 36.895
96 395 35 13.112
97 1071 41 80.621
98 1113 39 83.354
99 152 18 83.693
100 1180 13 33.455