100
1 80 28 69.834
2 424 34 55.471
3 377 1 83.776
4 785 9 97.205
5 142 36 40.712
6 1426 3 19.250
7 202 50 2.143
8 205 24 38.185
9 834 2 42.339
10 1311 54 62.801
11 172 15 22.542
12 1168 50 13.459
13 634 44 55.026
14 720 15 99.876
15 21 31 28.844
16 684 18 16.558
17 867 11 54.364
18 729 51 85.266
19 671 32 87.756
20 837 51 45.087
21 41 55 5.327
22 1076 27 74.372
23 133 52 42.340
24 1379 53 43.501
25 479 19 77.982
26 472 41 73.423
27 1362 59 73.634
28 424 11 69.791
29 965 37 10.708
30 508 52 57.741
31 463 56 44.076
32 454 58 82.198
33 1116 37 47.420
34 997 32 95.508
35 554 60 85.243
36 699 30 14.300
37 1171 7 73.110
38 735 18 27.373
39 473 50 28.634
40 212 31 9.661
41 404 39 71.211
42 728 50 66.576
43 414 28 41.974
44 1381 43 74.231
45 1387 6 53.157
46 368 45 7.973
47 1125 37 88.607
48 41 13 89.667
49 1292 46 90.770
50 173 52 81.351
51 1345 54 64.070
52 194 44 15.043
53 731 27 25.241
54 188 15 3.935
55 1108 23 22.168
56 655 44 3.469
57 1003 32 49.638
58 648 20 21.554
59 1432 59 94.848
60 339 5 36.962
61 94 57 81.330
62 1145 33 38.816
63 321 57 34.989
64 704 31 30.954
65 254 58 32.569
66 1363 47 13.250
67 835 47 76.268
68 554 47 86.852
69 1419 1 31.351
70 674 40 4.599
71 802 6 58.186
72 862 39 3.826
73 1074 24 63.905
74 24 53 35.489
75 474 41 1.103
76 769 36 95.762
77 12 31 33.684
78 860 56 37.598
79 710 31 84.115
80 325 45 79.209
81 873 52 27.554
82 1327 20 33.120
83 442 58 70.599
84 1320 2 69.711
85 1095 26 74.178
86 1409 16 92.650
87 1096 56 4.290
88 177 8 66.408
89 420 51 93.103
90 396 10 13.171
91 802 8 68.470
92 1191 42 15.788
93 131 16 5.950
94 592 36 22.306
95 534 26 13.915
96 823 23 43.473
97 150 8 28.265
98 313 47 27.448
99 543 28 7.973
100 324 23 38.023