100
1 925 27 85.174
2 313 51 99.492
3 1427 1 72.510
4 205 51 4.882
5 483 51 16.772
6 957 3 17.621
7 1200 60 63.876
8 1285 55 84.857
9 119 35 42.888
10 925 55 50.505
11 1166 31 44.977
12 452 49 62.426
13 731 55 53.025
14 104 60 49.238
15 856 20 99.907
16 38 54 63.098
17 240 56 47.384
18 821 28 54.313
19 784 45 2.898
20 615 20 86.219
21 1140 17 37.108
22 1061 5 77.356
23 353 37 52.812
24 410 37 37.137
25 151 8 23.049
26 575 47 89.480
27 150 15 11.244
28 202 48 63.687
29 467 9 61.707
30 349 30 47.749
31 957 20 81.708
32 73 54 19.086
33 910 55 76.251
34 1360 13 50.530
35 730 9 43.541
36 676 47 56.444
37 741 32 6.086
38 196 60 74.956
39 1057 37 16.522
40 1120 2 51.855
41 370 4 14.055
42 161 43 30.929
43 277 18 21.597
44 1403 26 96.480
45 138 4 29.548
46 1306 31 8.467
47 1016 30 84.296
48 549 55 67.001
49 398 60 12.627
50 1254 59 44.002
51 38 11 6.806
52 253 44 55.930
53 319 33 33.611
54 296 18 18.329
55 1301 8 5.184
56 1130 9 82.784
57 459 53 7.068
58 395 25 52.249
59 618 55 89.849
60 1304 49 38.601
61 1030 40 64.004
62 1233 42 68.269
63 616 34 94.951
64 1401 43 26.030
65 502 40 17.524
66 47 25 63.084
67 51 42 73.035
68 1091 1 97.074
69 1112 39 85.774
70 1250 21 85.762
71 503 25 57.838
72 337 50 92.667
73 1414 35 95.448
74 211 6 87.848
75 514 11 76.082
76 256 45 1.548
77 34 23 91.400
78 1323 30 20.999
79 1428 60 33.319
80 364 41 25.855
81 83 27 7.495
82 565 21 39.007
83 925 1 32.306
84 647 14 49.238
85 1252 53 33.714
86 1344 36 3.498
87 140 34 62.131
88 235 21 23.363
89 908 26 47.428
90 877 21 95.909
91 1353 28 96.328
92 1010 9 92.719
93 372 51 83.304
94 1427 17 4.910
95 300 46 98.378
96 1170 57 82.269
97 1375 43 25.947
98 950 7 10.432
99 399 28 20.284
100 167 22 90.889