100
1 908 12 93.392
2 163 21 42.769
3 272 28 60.867
4 903 55 66.702
5 92 46 66.772
6 1123 20 70.972
7 951 20 11.106
8 648 42 95.226
9 1208 6 94.173
10 491 3 12.264
11 763 52 82.981
12 1367 54 97.266
13 32 20 2.369
14 921 11 72.262
15 984 38 93.779
16 1097 58 68.717
17 196 45 27.939
18 166 6 12.008
19 892 58 42.950
20 613 21 70.299
21 326 2 36.483
22 1274 21 32.966
23 278 52 39.061
24 1231 25 58.181
25 1247 28 59.226
26 657 48 33.628
27 303 34 36.505
28 1073 10 95.264
29 897 59 78.736
30 787 7 45.550
31 1409 7 13.511
32 181 11 51.975
33 1288 47 73.704
34 959 55 38.112
35 376 44 88.211
36 845 27 55.346
37 1222 29 83.087
38 412 17 35.696
39 257 8 6.215
40 405 26 73.177
41 779 41 20.499
42 998 17 94.053
43 60 40 3.541
44 262 12 68.086
45 1046 20 19.349
46 1348 25 15.167
47 23 37 34.876
48 817 35 11.769
49 1192 12 30.183
50 592 47 33.169
51 72 28 95.386
52 498 29 69.220
53 1013 7 70.708
54 558 24 77.050
55 13 23 98.627
56 733 24 81.867
57 1429 1 14.623
58 1326 38 0.097
59 467 13 98.233
60 207 53 13.399
61 571 17 13.609
62 1246 36 40.781
63 1293 9 76.614
64 1142 41 59.404
65 261 45 30.729
66 803 34 82.597
67 660 36 55.069
68 1297 32 73.283
69 544 28 28.821
70 600 40 48.872
71 1391 50 55.449
72 926 41 36.524
73 398 5 18.416
74 432 24 98.961
75 229 11 40.538
76 715 6 44.339
77 442 59 39.302
78 708 47 24.904
79 1393 49 95.661
80 984 15 90.230
81 562 48 37.297
82 550 40 66.201
83 609 47 67.885
84 1316 11 8.345
85 337 44 69.395
86 1411 18 56.153
87 1047 25 30.358
88 1347 55 13.522
89 874 52 58.231
90 922 31 4.552
91 857 1 27.146
92 127 25 91.066
93 1066 10 37.144
94 1336 53 60.013
95 1207 17 66.976
96 285 45 48.465
97 113 43 34.414
98 171 54 0.795
99 1414 51 56.589
100 549 41 69.903