100
1 1425 12 22.040
2 145 4 46.416
3 365 40 78.639
4 594 44 70.851
5 191 17 5.305
6 340 14 49.345
7 1437 23 11.658
8 824 26 44.448
9 1142 60 16.611
10 180 9 93.513
11 560 7 21.730
12 853 8 45.671
13 1137 21 29.130
14 192 28 64.450
15 298 24 33.130
16 78 27 19.803
17 1295 9 84.173
18 815 58 20.101
19 1250 22 92.135
20 421 23 22.004
21 419 45 93.834
22 724 50 30.792
23 600 24 30.330
24 31 26 38.489
25 1218 50 15.886
26 1114 18 67.194
27 913 33 94.693
28 599 40 86.831
29 1150 60 40.797
30 588 19 85.470
31 867 1 42.640
32 96 7 85.303
33 1015 13 86.476
34 13 4 16.247
35 851 20 68.245
36 19 28 53.686
37 1001 52 46.635
38 439 50 9.299
39 1147 55 19.732
40 1009 60 87.596
41 1315 31 56.059
42 969 25 87.296
43 393 57 18.499
44 1247 15 82.253
45 1286 12 55.044
46 736 5 59.954
47 1095 46 68.289
48 750 54 34.063
49 879 42 74.446
50 514 42 41.437
51 1084 25 69.434
52 270 47 71.008
53 1073 39 5.898
54 79 9 48.780
55 1435 27 92.077
56 556 59 28.489
57 921 1 51.722
58 1284 58 52.210
59 493 19 87.889
60 409 30 49.438
61 678 49 56.095
62 345 8 68.355
63 272 40 73.903
64 1272 56 79.380
65 1362 40 62.782
66 738 20 10.520
67 320 40 10.417
68 703 11 48.746
69 1145 58 51.069
70 491 6 65.349
71 345 41 82.711
72 167 48 58.488
73 1425 48 59.903
74 234 8 91.386
75 55 53 22.087
76 453 60 4.030
77 1143 2 14.827
78 638 35 59.799
79 566 56 86.271
80 1378 20 33.369
81 533 39 48.956
82 507 41 39.026
83 151 37 92.217
84 1183 9 46.391
85 1151 42 44.112
86 57 54 23.845
87 624 57 51.193
88 1291 50 9.689
89 1291 21 64.771
90 705 9 50.955
91 506 22 18.797
92 13 51 64.050
93 64 46 35.528
94 531 27 6.984
95 1313 16 81.690
96 493 6 17.839
97 28 27 95.079
98 1302 10 84.965
99 1410 38 86.723
100 171 39 66.214