100
1 191 16 76.373
2 756 16 16.466
3 269 53 74.327
4 519 11 25.603
5 30 10 99.304
6 123 4 48.746
7 183 37 82.648
8 817 58 8.057
9 903 55 49.648
10 710 20 28.427
11 1235 20 91.267
12 146 51 24.766
13 50 41 96.148
14 833 52 84.725
15 1366 54 63.442
16 458 32 44.800
17 253 43 56.735
18 223 50 46.158
19 1150 39 18.591
20 1220 32 95.664
21 1436 37 31.567
22 1077 46 29.209
23 1296 52 45.246
24 1212 42 57.827
25 1190 19 16.256
26 1165 43 90.753
27 22 34 44.618
28 1066 25 66.169
29 861 39 70.459
30 349 31 62.908
31 543 57 26.816
32 1089 52 84.819
33 598 21 25.234
34 733 54 89.881
35 1391 50 92.492
36 126 23 29.348
37 1035 25 51.545
38 1211 53 25.562
39 977 35 10.985
40 613 7 33.690
41 659 7 54.471
42 17 25 30.360
43 1175 33 14.253
44 652 49 19.638
45 1333 11 86.207
46 499 21 3.580
47 79 25 73.686
48 1401 60 70.257
49 198 54 24.011
50 1178 6 93.831
51 768 35 60.011
52 299 33 30.848
53 1172 56 89.059
54 514 56 36.675
55 984 34 40.487
56 804 56 3.132
57 1105 56 62.431
58 764 19 83.609
59 754 35 3.644
60 520 45 95.062
61 387 60 64.662
62 208 56 70.903
63 65 51 20.604
64 962 7 42.907
65 743 10 99.618
66 1303 52 56.588
67 772 17 47.794
68 146 4 68.871
69 791 22 82.076
70 389 26 80.764
71 1102 37 18.640
72 590 15 0.115
73 1233 60 2.764
74 371 20 74.336
75 513 30 60.169
76 1326 5 43.079
77 995 9 63.628
78 1153 52 77.762
79 502 28 41.731
80 4 13 83.345
81 512 8 80.084
82 86 26 57.979
83 293 7 55.374
84 514 43 36.450
85 963 48 11.878
86 1098 40 65.577
87 54 24 56.452
88 592 17 18.052
89 685 17 45.900
90 496 44 49.714
91 802 60 4.732
92 1230 47 91.347
93 1250 46 13.246
94 174 12 6.602
95 332 17 38.784
96 490 51 56.879
97 933 11 88.720
98 603 9 85.823
99 1429 1 84.343
100 279 42 46.120