100
1 337 8 74.003
2 566 58 93.298
3 1410 8 17.861
4 1287 55 61.870
5 284 53 63.083
6 429 33 73.344
7 1161 21 26.586
8 812 33 22.288
9 461 26 74.784
10 869 56 17.292
11 1160 54 59.806
12 774 42 38.207
13 267 41 13.793
14 973 21 31.733
15 528 54 23.855
16 842 48 27.428
17 1320 47 87.698
18 22 14 88.016
19 477 8 56.842
20 918 27 27.273
21 760 50 44.151
22 1002 10 40.581
23 1242 42 25.128
24 175 43 51.281
25 684 33 48.193
26 999 33 68.599
27 548 44 33.301
28 385 40 11.214
29 191 2 24.458
30 114 1 7.763
31 1375 46 71.595
32 10 6 47.207
33 686 52 57.693
34 182 16 0.003
35 837 4 83.928
36 1037 2 7.169
37 236 21 99.758
38 1386 39 75.456
39 1044 10 16.531
40 452 27 9.526
41 898 8 35.423
42 1062 59 10.912
43 732 25 97.961
44 259 2 24.276
45 496 56 80.569
46 619 5 56.179
47 1319 37 21.903
48 16 51 16.173
49 272 41 18.010
50 5 10 58.678
51 1348 21 54.813
52 273 42 26.781
53 853 44 38.741
54 525 5 34.356
55 762 38 45.337
56 95 57 73.640
57 1299 28 91.321
58 155 38 4.781
59 1178 5 69.027
60 879 24 54.574
61 794 23 86.260
62 852 2 50.964
63 54 2 12.889
64 1293 59 97.668
65 350 52 26.617
66 1186 34 24.735
67 1042 57 60.827
68 997 37 23.241
69 1332 13 69.339
70 860 6 89.567
71 186 42 73.424
72 1132 51 44.999
73 1269 35 0.582
74 343 21 66.389
75 385 55 1.673
76 289 42 13.007
77 1005 3 39.078
78 1213 7 68.066
79 909 28 10.354
80 404 48 10.561
81 155 26 3.691
82 541 37 68.523
83 337 22 13.918
84 1294 11 0.592
85 1115 51 39.012
86 314 3 88.447
87 573 25 74.579
88 1284 9 63.961
89 1145 51 16.021
90 1071 56 33.097
91 107 23 50.771
92 1125 47 7.894
93 1216 30 10.811
94 922 14 21.051
95 256 5 22.581
96 522 20 36.253
97 48 60 9.521
98 423 14 82.671
99 425 51 90.658
100 624 30 74.359