100
1 600 58 36.738
2 668 46 59.509
3 761 56 75.917
4 1274 50 77.290
5 847 10 66.584
6 716 44 76.266
7 108 34 55.864
8 1346 38 82.729
9 69 29 54.832
10 147 4 48.462
11 443 37 8.981
12 260 58 41.767
13 877 11 67.681
14 68 53 48.696
15 981 8 84.956
16 96 35 84.517
17 160 31 99.108
18 250 35 29.600
19 871 40 47.460
20 98 38 57.804
21 197 49 84.742
22 1059 56 67.910
23 1295 38 49.183
24 1421 22 50.958
25 217 45 60.690
26 318 58 20.998
27 39 56 47.128
28 864 14 43.424
29 1420 10 86.268
30 876 55 84.857
31 43 5 57.159
32 88 13 80.482
33 144 23 20.722
34 737 32 98.100
35 856 46 28.493
36 1350 42 28.275
37 460 28 27.222
38 1338 11 17.767
39 1131 15 40.529
40 1166 36 92.254
41 712 36 93.362
42 1148 45 81.158
43 161 21 41.547
44 950 52 34.396
45 251 41 65.625
46 195 21 62.057
47 1052 56 87.919
48 53 11 1.875
49 779 47 53.886
50 1013 33 7.088
51 1226 18 49.144
52 1000 30 86.399
53 759 26 16.139
54 752 24 38.105
55 260 6 17.294
56 1015 16 57.723
57 513 9 54.111
58 807 18 58.416
59 1168 49 77.311
60 898 38 69.962
61 1300 1 70.895
62 388 38 66.041
63 830 26 45.953
64 690 42 79.413
65 435 34 25.934
66 937 43 40.771
67 353 39 99.790
68 675 21 77.834
69 975 44 56.207
70 1325 39 55.855
71 764 9 6.755
72 103 49 11.191
73 315 49 7.350
74 927 29 38.608
75 69 40 7.543
76 4 32 32.650
77 378 38 22.552
78 531 28 5.798
79 574 17 23.095
80 1028 46 23.943
81 552 58 31.346
82 1238 16 11.000
83 743 40 65.245
84 317 24 12.189
85 1003 8 87.303
86 170 60 63.444
87 656 49 71.568
88 420 35 55.813
89 218 45 30.184
90 452 59 49.661
91 310 37 84.528
92 1091 24 55.960
93 779 7 9.535
94 718 4 44.795
95 860 60 45.704
96 50 55 80.328
97 849 60 58.790
98 1286 5 40.512
99 184 5 89.346
100 1108 19 85.533