100
1 1428 46 65.499
2 415 42 28.532
3 1399 60 90.701
4 277 29 89.261
5 968 57 26.994
6 552 12 10.542
7 959 34 67.178
8 975 37 69.632
9 439 27 50.773
10 1010 32 15.077
11 228 29 36.922
12 53 58 79.550
13 156 31 56.341
14 1251 18 45.686
15 1174 29 88.303
16 1337 44 48.431
17 843 59 71.200
18 433 15 76.271
19 1013 35 93.353
20 10 6 12.778
21 827 28 71.581
22 521 59 83.950
23 493 20 44.997
24 253 37 23.862
25 387 10 8.709
26 951 20 39.224
27 552 1 20.814
28 1171 1 9.975
29 517 8 11.184
30 160 47 84.296
31 482 23 69.002
32 1298 35 43.859
33 166 42 7.112
34 529 46 12.019
35 470 40 28.223
36 1099 19 25.708
37 264 40 57.599
38 342 44 10.737
39 382 10 78.177
40 174 60 81.929
41 1086 15 13.672
42 224 54 15.538
43 706 45 89.059
44 1291 37 14.873
45 641 35 27.949
46 334 1 42.126
47 555 37 81.305
48 786 39 93.304
49 1254 20 75.652
50 1098 17 68.132
51 619 40 33.021
52 116 1 68.505
53 514 19 13.908
54 1301 9 55.519
55 1134 59 58.950
56 876 22 6.430
57 53 2 47.902
58 13 9 95.853
59 422 51 7.704
60 974 43 36.007
61 141 45 17.741
62 525 45 24.215
63 530 8 68.899
64 255 20 18.073
65 1228 16 21.014
66 754 3 96.976
67 560 8 37.939
68 819 47 30.020
69 1291 8 73.063
70 336 12 12.985
71 900 3 88.124
72 830 59 41.025
73 405 54 5.800
74 217 56 23.200
75 749 59 65.415
76 397 41 19.747
77 1232 31 73.430
78 430 56 18.661
79 537 9 13.827
80 1072 58 77.033
81 491 2 34.780
82 208 34 2.779
83 1012 9 50.789
84 165 17 78.710
85 355 23 55.416
86 539 23 97.255
87 520 57 37.943
88 639 27 12.627
89 515 10 6.054
90 747 19 45.925
91 983 41 77.467
92 1436 43 86.896
93 1198 20 56.935
94 1000 41 19.810
95 275 33 40.241
96 526 12 31.001
97 1411 1 31.011
98 1337 40 23.893
99 378 27 22.346
100 835 47 79.988