100
1 334 50 2.770
2 1051 53 30.896
3 779 34 68.583
4 878 27 3.386
5 1030 7 38.638
6 1246 3 23.181
7 124 33 81.851
8 1393 24 3.448
9 1283 30 70.190
10 762 57 13.161
11 949 48 7.955
12 1061 60 20.221
13 570 25 76.401
14 1221 59 55.149
15 160 46 80.353
16 362 13 42.118
17 79 18 99.190
18 1335 7 8.812
19 1019 15 28.389
20 481 34 46.269
21 105 11 14.781
22 634 48 68.423
23 555 41 25.293
24 849 5 58.986
25 338 41 46.106
26 263 53 11.394
27 1280 12 78.972
28 129 53 6.608
29 1394 48 90.203
30 1184 44 73.805
31 1268 51 43.166
32 1125 27 64.422
33 421 50 38.239
34 825 21 56.687
35 225 38 14.955
36 1298 4 68.580
37 518 6 88.666
38 1267 56 38.452
39 867 57 49.238
40 129 36 49.458
41 946 36 48.888
42 110 27 59.490
43 397 12 60.608
44 1000 57 61.272
45 221 14 20.111
46 1068 51 94.623
47 84 37 58.800
48 1378 57 85.109
49 1194 7 56.497
50 1186 48 23.543
51 327 47 30.263
52 958 51 50.365
53 1007 25 90.671
54 794 5 72.047
55 402 1 8.112
56 1252 26 64.728
57 54 10 28.108
58 987 27 47.694
59 269 18 1.672
60 797 45 29.091
61 153 58 40.271
62 149 15 1.150
63 861 20 4.356
64 1165 48 55.152
65 841 53 50.552
66 847 27 15.605
67 145 55 58.251
68 535 40 1.417
69 649 56 96.610
70 1244 27 21.998
71 908 51 64.712
72 1209 51 74.331
73 109 12 29.709
74 56 38 58.660
75 1053 1 38.620
76 1185 59 58.677
77 890 15 92.507
78 329 38 24.230
79 347 58 14.283
80 703 3 61.022
81 837 22 76.474
82 676 20 2.101
83 1367 39 36.111
84 1301 7 26.108
85 1004 4 52.366
86 1251 38 64.538
87 327 48 60.360
88 477 6 88.366
89 5 48 91.478
90 84 53 1.898
91 686 43 49.921
92 921 8 57.520
93 343 52 87.040
94 1393 27 21.800
95 1289 47 60.829
96 170 39 79.414
97 136 24 92.832
98 1308 8 67.289
99 970 10 55.718
100 1104 34 40.302