100
1 140 9 27.875
2 1366 17 32.399
3 1164 36 36.443
4 1396 29 79.783
5 1176 6 53.344
6 19 9 71.722
7 874 42 2.623
8 1243 59 83.900
9 1235 34 49.997
10 1348 49 21.779
11 759 33 86.040
12 232 20 13.338
13 700 46 72.023
14 290 1 39.512
15 574 38 89.615
16 1254 3 90.551
17 387 7 64.196
18 322 29 49.185
19 128 27 87.462
20 1400 43 1.131
21 309 6 71.047
22 276 2 58.037
23 821 40 0.837
24 289 46 59.015
25 592 26 62.410
26 793 54 62.055
27 747 53 93.232
28 1355 10 3.954
29 1061 12 19.003
30 1341 11 43.174
31 691 8 70.269
32 1032 40 4.013
33 90 41 84.006
34 899 58 68.934
35 281 22 4.472
36 1266 1 83.568
37 1354 57 20.672
38 330 35 64.336
39 436 27 62.190
40 1182 14 57.019
41 984 16 2.823
42 459 46 57.507
43 1184 20 26.201
44 707 37 84.152
45 1156 56 15.417
46 1114 48 58.233
47 1398 20 39.916
48 1247 17 45.532
49 99 39 6.721
50 390 44 69.019
51 879 36 27.542
52 1078 15 67.383
53 283 27 78.771
54 901 2 39.967
55 1171 13 69.633
56 312 53 54.551
57 438 51 48.983
58 894 43 63.890
59 500 49 31.651
60 595 7 54.076
61 126 20 79.653
62 199 3 6.365
63 906 45 93.487
64 1284 25 73.244
65 10 44 4.533
66 315 30 65.999
67 127 19 9.936
68 394 12 97.486
69 314 1 28.706
70 159 50 11.120
71 1176 14 61.155
72 466 57 10.402
73 967 41 92.131
74 715 8 24.851
75 942 7 62.103
76 356 29 0.485
77 1421 52 87.458
78 800 25 58.931
79 950 15 6.451
80 1283 22 79.328
81 1160 9 78.675
82 75 59 17.096
83 478 12 90.464
84 1142 19 82.578
85 1212 50 42.001
86 782 37 40.867
87 1277 3 33.923
88 1051 29 44.380
89 873 50 70.365
90 62 8 25.904
91 179 17 91.491
92 1393 18 39.636
93 627 27 22.089
94 60 24 17.832
95 513 20 52.444
96 676 43 14.455
97 87 1 35.496
98 1362 16 3.487
99 1173 52 53.596
100 337 43 81.878