100
1 284 37 11.480
2 729 31 68.686
3 1058 7 18.713
4 733 47 5.857
5 316 27 57.221
6 592 29 91.274
7 820 2 45.587
8 229 47 83.436
9 519 50 29.419
10 838 13 58.275
11 1135 4 26.154
12 1027 24 54.073
13 1120 32 55.083
14 740 27 22.273
15 344 23 45.554
16 1372 39 66.248
17 740 16 14.543
18 718 56 65.112
19 418 6 19.352
20 267 21 18.686
21 1335 6 90.592
22 1106 16 16.341
23 1310 44 7.983
24 1099 48 59.922
25 710 15 78.776
26 771 59 23.810
27 66 51 22.041
28 393 57 92.797
29 614 57 18.751
30 744 47 91.263
31 689 18 23.676
32 1213 23 42.375
33 446 52 64.016
34 414 58 69.908
35 640 48 39.655
36 1329 4 71.331
37 252 38 12.971
38 180 19 24.850
39 601 30 44.446
40 374 44 99.782
41 131 5 9.176
42 399 15 63.688
43 482 37 86.685
44 99 36 79.754
45 402 49 68.137
46 53 35 33.719
47 1119 52 47.209
48 250 14 98.652
49 451 19 95.707
50 336 35 0.666
51 999 48 19.329
52 972 1 72.259
53 463 60 72.188
54 813 31 56.490
55 773 21 23.895
56 240 46 16.166
57 1056 5 60.494
58 751 12 14.373
59 485 2 6.551
60 238 47 18.823
61 393 42 56.113
62 758 21 4.091
63 741 58 39.171
64 938 6 89.693
65 1190 26 46.207
66 638 55 77.440
67 645 23 25.529
68 393 56 54.451
69 363 21 38.336
70 571 37 11.146
71 204 52 15.883
72 711 20 3.659
73 654 20 14.070
74 871 27 3.848
75 254 5 80.312
76 1239 16 41.429
77 1254 46 36.833
78 1308 47 23.351
79 377 35 58.967
80 1072 3 6.091
81 107 27 61.657
82 1254 54 3.001
83 53 50 66.510
84 834 5 28.895
85 46 19 1.943
86 891 49 11.936
87 1055 33 18.859
88 994 54 26.767
89 892 38 21.235
90 194 41 41.682
91 68 39 53.958
92 275 38 72.114
93 1055 57 22.983
94 147 13 16.421
95 444 18 85.739
96 1432 26 73.753
97 330 53 62.766
98 182 13 28.177
99 383 53 92.556
100 1032 49 62.200