100
1 468 13 32.081
2 573 14 7.743
3 1213 33 39.600
4 400 29 13.442
5 1156 30 27.971
6 662 51 23.291
7 564 38 42.936
8 355 44 36.927
9 79 34 38.473
10 822 34 78.533
11 1208 37 40.349
12 325 51 73.607
13 1276 38 26.999
14 1440 30 84.330
15 82 32 46.327
16 432 51 32.468
17 15 13 90.964
18 1224 32 22.163
19 1022 54 2.176
20 1152 45 17.537
21 1203 52 17.220
22 1000 27 47.466
23 974 45 26.792
24 212 37 57.782
25 989 10 26.503
26 1142 54 34.744
27 977 25 63.277
28 88 18 29.484
29 1098 58 18.378
30 34 6 58.696
31 809 9 13.480
32 460 20 70.584
33 1216 13 84.251
34 278 41 47.530
35 1038 4 87.821
36 40 58 69.675
37 1268 50 61.994
38 1024 24 23.736
39 754 42 18.337
40 1157 21 71.059
41 694 20 80.370
42 714 37 78.651
43 641 41 26.264
44 18 59 34.220
45 326 8 42.312
46 1003 23 88.729
47 388 59 10.512
48 650 12 26.470
49 519 47 5.574
50 562 21 21.016
51 852 5 24.544
52 1024 49 20.074
53 583 13 51.017
54 755 12 76.417
55 1058 14 38.103
56 1033 34 16.011
57 102 51 87.724
58 1422 25 29.849
59 1055 48 29.897
60 24 31 47.706
61 1228 9 46.658
62 884 36 7.867
63 79 1 90.574
64 814 14 64.269
65 777 43 69.351
66 978 16 67.474
67 1401 36 34.275
68 598 34 87.442
69 1416 52 95.020
70 878 12 92.541
71 410 27 18.928
72 1421 15 29.763
73 1116 54 21.799
74 769 51 91.363
75 1026 2 80.100
76 883 9 25.031
77 1241 19 54.334
78 813 44 39.082
79 374 60 66.203
80 3 30 31.841
81 752 23 92.250
82 128 8 9.733
83 198 38 36.484
84 1414 10 16.303
85 710 60 83.343
86 1104 6 38.616
87 709 41 62.420
88 1078 16 0.654
89 407 12 4.495
90 424 26 46.179
91 818 50 40.523
92 1228 36 79.585
93 1042 17 2.786
94 760 2 28.431
95 1420 8 8.500
96 138 50 54.996
97 315 48 64.951
98 844 15 92.083
99 1116 10 57.169
100 267 55 40.416