100
1 262 3 90.291
2 224 40 17.308
3 537 30 44.617
4 147 48 64.196
5 528 12 17.777
6 690 34 27.660
7 1291 46 36.633
8 1310 57 57.963
9 1211 10 80.543
10 969 42 47.556
11 1141 60 11.859
12 921 43 64.054
13 1386 21 22.081
14 484 57 29.307
15 1313 29 15.971
16 938 16 50.649
17 297 11 36.849
18 758 25 8.809
19 880 24 95.653
20 589 38 82.521
21 320 54 37.416
22 867 29 33.883
23 1150 37 2.126
24 1237 57 30.740
25 628 10 39.779
26 352 13 84.039
27 365 46 69.373
28 1110 21 53.203
29 898 56 40.152
30 921 60 73.416
31 863 40 65.202
32 577 50 89.380
33 1085 24 61.743
34 350 41 68.604
35 965 3 10.975
36 1356 24 8.505
37 931 60 7.107
38 608 34 0.971
39 449 15 6.514
40 1187 24 29.303
41 73 3 72.556
42 861 51 50.609
43 768 25 52.043
44 848 28 59.507
45 1024 5 80.769
46 1263 51 79.600
47 1366 55 88.225
48 698 38 98.284
49 728 9 96.758
50 1002 30 78.444
51 645 37 4.638
52 789 21 66.092
53 1395 24 70.077
54 1047 22 3.543
55 889 33 43.953
56 10 25 34.218
57 732 32 69.977
58 988 55 76.617
59 592 27 39.229
60 457 48 90.545
61 437 26 7.696
62 572 16 19.669
63 9 30 42.297
64 495 17 59.988
65 593 6 91.472
66 237 33 98.447
67 1149 17 1.767
68 805 37 15.738
69 784 4 30.034
70 1277 27 19.532
71 727 38 19.506
72 453 25 29.447
73 798 55 92.553
74 487 29 17.698
75 644 53 66.172
76 742 9 96.217
77 27 11 8.397
78 1322 20 33.230
79 1375 33 7.145
80 1122 32 13.482
81 68 7 66.944
82 718 10 45.622
83 77 16 57.802
84 792 6 2.962
85 1175 57 25.851
86 1273 55 60.911
87 515 42 43.856
88 105 3 28.523
89 872 11 2.916
90 239 10 66.088
91 484 17 88.312
92 849 37 86.486
93 1101 21 69.742
94 885 3 37.920
95 732 3 51.936
96 379 20 9.257
97 114 36 60.458
98 820 58 33.441
99 232 19 18.795
100 158 8 36.929