100
1 53 32 1.766
2 967 55 23.871
3 1402 18 83.742
4 849 22 56.725
5 536 40 59.229
6 3 34 33.550
7 112 11 51.940
8 502 55 19.319
9 908 50 97.915
10 217 25 8.175
11 277 30 99.197
12 906 15 24.711
13 640 5 8.372
14 508 26 46.104
15 1118 32 73.614
16 1123 26 86.665
17 598 5 25.551
18 1141 41 64.844
19 1298 49 40.779
20 1289 21 3.782
21 1057 59 46.423
22 1439 50 39.358
23 881 36 22.902
24 1194 51 81.630
25 561 36 2.183
26 1088 19 96.478
27 835 55 14.501
28 963 57 40.881
29 708 15 35.349
30 747 57 79.061
31 1064 50 83.808
32 495 31 26.179
33 912 21 37.506
34 951 14 71.526
35 475 25 79.458
36 1306 12 86.078
37 911 50 25.830
38 740 22 73.331
39 502 12 32.799
40 1158 41 17.322
41 1419 59 2.530
42 95 9 4.177
43 571 27 55.494
44 64 36 17.403
45 580 58 45.455
46 944 1 66.238
47 1266 8 49.430
48 881 36 22.709
49 1125 50 46.987
50 971 43 11.543
51 265 51 12.564
52 145 11 41.386
53 598 12 94.036
54 645 32 92.495
55 238 28 90.143
56 793 23 67.846
57 834 58 33.719
58 1012 27 20.819
59 783 17 36.093
60 1368 34 53.126
61 450 10 91.393
62 115 16 5.453
63 380 16 75.936
64 725 20 82.705
65 1061 20 55.341
66 776 25 34.899
67 801 18 98.991
68 238 49 16.793
69 216 33 67.850
70 77 15 81.635
71 17 26 79.974
72 1410 38 85.032
73 334 54 1.549
74 545 33 57.471
75 1023 22 56.941
76 527 13 40.031
77 496 19 90.097
78 754 42 47.942
79 298 56 3.506
80 50 56 75.793
81 1267 55 38.550
82 964 32 11.712
83 881 55 73.781
84 1335 49 53.303
85 1167 51 8.234
86 295 16 7.948
87 398 32 30.806
88 914 24 5.788
89 574 28 33.607
90 861 24 94.487
91 434 50 30.888
92 963 47 16.245
93 1264 19 46.485
94 1134 15 92.294
95 982 46 58.897
96 1006 17 15.447
97 1171 48 53.433
98 1163 8 73.119
99 1353 26 69.592
100 363 46 66.322