100
1 504 29 13.821
2 919 11 74.716
3 311 48 71.106
4 359 4 3.498
5 371 37 42.872
6 1068 30 51.195
7 1202 50 95.433
8 239 8 34.264
9 1041 43 13.415
10 1214 28 25.448
11 621 18 2.192
12 139 23 91.142
13 673 50 32.970
14 498 30 44.172
15 1249 49 92.738
16 844 59 56.871
17 995 14 95.401
18 1085 31 41.992
19 1298 59 26.152
20 968 40 9.754
21 133 35 1.932
22 533 56 71.859
23 1093 32 26.352
24 691 44 97.889
25 1102 36 53.624
26 952 12 13.284
27 1009 27 12.620
28 1056 14 49.806
29 433 14 79.762
30 1388 40 96.962
31 902 58 84.193
32 192 49 84.576
33 861 23 8.923
34 899 17 82.471
35 414 17 31.664
36 1179 47 88.873
37 168 59 84.183
38 282 60 55.684
39 759 25 59.481
40 1073 7 52.634
41 485 20 24.779
42 155 38 55.939
43 854 10 37.364
44 1173 9 70.596
45 782 25 56.878
46 669 45 24.799
47 601 30 96.246
48 1119 20 45.708
49 783 27 82.275
50 437 59 63.461
51 173 50 5.845
52 1075 15 6.339
53 1345 24 2.862
54 1013 32 38.696
55 846 47 38.122
56 44 31 32.279
57 1085 53 97.945
58 262 8 29.955
59 1401 5 83.758
60 377 51 2.904
61 1270 35 29.069
62 1108 28 35.207
63 279 60 30.787
64 1343 25 66.406
65 607 8 35.019
66 493 32 59.265
67 303 11 60.410
68 1421 45 83.524
69 1074 40 69.176
70 503 29 64.304
71 1124 22 51.225
72 207 59 23.402
73 803 20 41.026
74 1433 32 11.002
75 1044 4 52.315
76 585 50 37.202
77 190 9 48.211
78 580 17 62.263
79 1335 45 14.652
80 768 23 2.659
81 1412 10 60.224
82 1126 5 16.320
83 1177 11 85.937
84 35 15 18.291
85 307 5 65.945
86 879 25 65.163
87 1215 29 33.530
88 818 56 39.659
89 702 5 95.626
90 1394 19 20.059
91 757 41 40.538
92 1326 23 58.880
93 245 58 15.324
94 817 39 53.097
95 150 60 55.148
96 598 9 23.883
97 985 4 74.239
98 804 30 85.901
99 2 27 30.871
100 1096 20 77.273