100
1 1015 10 33.943
2 135 38 1.380
3 923 33 59.734
4 1064 58 26.698
5 254 54 53.266
6 730 32 76.217
7 1047 18 40.097
8 352 50 16.127
9 1338 59 69.234
10 1008 29 48.687
11 602 39 30.107
12 1288 31 9.867
13 1036 10 34.731
14 1239 38 7.117
15 355 58 37.740
16 527 15 36.773
17 1133 20 40.466
18 1425 38 61.115
19 1316 57 65.205
20 32 50 62.487
21 602 14 53.567
22 1060 13 15.261
23 118 57 43.027
24 592 9 62.797
25 781 48 74.277
26 563 60 15.294
27 1200 39 3.116
28 45 57 39.681
29 973 60 71.928
30 740 43 28.958
31 774 34 49.406
32 322 55 58.942
33 85 46 45.229
34 1158 49 37.709
35 553 25 57.906
36 978 2 22.955
37 1203 4 35.217
38 175 43 73.251
39 54 25 37.131
40 569 40 36.640
41 1372 17 81.293
42 190 9 37.528
43 746 11 69.935
44 757 13 98.406
45 1209 57 92.314
46 1141 38 55.435
47 909 29 89.178
48 870 52 2.414
49 638 51 38.692
50 1270 54 97.456
51 94 7 4.975
52 1359 39 32.515
53 947 11 83.702
54 846 9 67.699
55 1081 32 0.215
56 1085 17 56.908
57 952 56 59.781
58 242 13 65.556
59 348 25 64.173
60 1370 41 50.370
61 1343 12 9.824
62 16 30 38.857
63 1240 6 90.439
64 272 49 5.729
65 1343 16 31.486
66 909 55 58.632
67 842 23 20.544
68 947 56 25.803
69 201 39 78.091
70 273 31 24.062
71 73 33 74.208
72 154 10 46.229
73 581 25 31.290
74 1439 54 37.527
75 1207 49 55.004
76 435 25 34.302
77 217 22 74.150
78 41 6 5.631
79 727 52 28.846
80 635 25 1.567
81 336 38 20.649
82 1277 38 94.617
83 674 35 10.457
84 1110 46 6.245
85 739 28 51.412
86 1005 2 47.802
87 608 56 74.200
88 1343 22 33.059
89 338 23 93.931
90 1129 49 8.528
91 1324 54 54.798
92 1326 28 59.991
93 759 17 65.709
94 1136 56 16.652
95 786 53 72.196
96 1025 36 20.627
97 1162 44 83.220
98 207 40 97.806
99 1406 1 84.575
100 318 10 1.172