100
1 800 29 45.660
2 1365 47 48.786
3 329 30 49.919
4 1353 51 8.934
5 664 16 2.410
6 193 27 15.491
7 1385 45 12.791
8 712 27 68.334
9 1152 24 59.173
10 1191 38 83.540
11 710 25 58.625
12 830 20 5.523
13 429 3 15.169
14 1062 2 72.803
15 642 14 88.891
16 298 14 34.699
17 1058 25 20.828
18 1325 1 16.356
19 653 12 49.154
20 1260 13 7.903
21 1192 39 17.342
22 1081 57 35.593
23 846 57 88.685
24 421 51 42.962
25 1422 15 18.097
26 820 11 70.233
27 587 40 36.463
28 771 22 50.541
29 1059 1 87.664
30 1002 47 78.101
31 367 35 32.121
32 155 22 32.653
33 644 7 58.548
34 91 36 29.491
35 826 39 65.901
36 1409 57 87.710
37 847 13 94.855
38 898 31 50.677
39 423 22 38.365
40 1356 50 57.789
41 6 1 70.441
42 236 10 19.730
43 761 41 94.171
44 266 59 28.324
45 200 23 82.634
46 423 4 25.695
47 734 60 42.129
48 764 49 73.671
49 900 18 11.307
50 711 17 88.389
51 541 27 87.558
52 1099 23 48.919
53 117 27 50.532
54 1001 3 82.288
55 692 10 53.891
56 648 28 56.679
57 1330 2 84.517
58 1274 19 95.194
59 812 12 9.433
60 699 16 52.144
61 803 48 13.400
62 692 4 44.173
63 33 10 75.738
64 908 47 62.199
65 712 20 29.493
66 100 13 57.770
67 357 53 18.323
68 1034 55 83.999
69 965 15 19.966
70 732 28 90.537
71 1219 59 69.241
72 1411 50 30.856
73 1003 33 31.025
74 449 13 86.456
75 1360 12 89.871
76 947 44 29.777
77 95 11 74.168
78 168 36 83.054
79 634 47 64.504
80 699 60 82.677
81 54 43 85.319
82 874 2 11.014
83 990 44 71.199
84 847 11 46.707
85 533 52 35.638
86 941 6 4.926
87 773 40 46.312
88 1422 53 11.208
89 1218 14 70.022
90 1364 59 12.970
91 358 7 90.366
92 488 21 60.298
93 904 13 2.677
94 163 27 63.756
95 292 3 6.353
96 946 42 1.858
97 1408 37 98.348
98 1129 33 26.766
99 176 14 45.733
100 380 51 10.130