100
1 630 34 63.933
2 822 11 58.413
3 1037 39 24.067
4 81 47 58.817
5 97 40 31.793
6 11 57 4.578
7 1223 9 93.045
8 1410 48 44.185
9 90 13 57.505
10 1043 59 42.025
11 480 46 51.427
12 933 32 38.059
13 956 33 27.304
14 683 24 60.764
15 789 38 79.639
16 267 6 16.762
17 1151 48 60.824
18 628 11 86.903
19 418 51 42.405
20 556 44 95.897
21 1190 5 53.720
22 1327 26 10.639
23 111 23 71.583
24 611 33 6.107
25 50 60 29.774
26 337 18 2.728
27 825 39 1.320
28 1120 20 52.940
29 1431 11 13.270
30 886 34 97.591
31 138 42 51.588
32 519 13 57.118
33 984 32 40.735
34 375 7 12.527
35 678 16 3.169
36 64 5 76.832
37 1363 58 77.146
38 490 9 64.730
39 335 18 16.067
40 574 57 91.291
41 1326 33 53.720
42 1387 42 38.737
43 1427 8 10.714
44 725 41 18.390
45 1033 17 58.907
46 955 23 98.756
47 1121 50 13.484
48 668 59 92.748
49 326 11 95.021
50 1084 48 91.064
51 727 60 25.180
52 433 34 79.779
53 45 44 8.751
54 190 22 25.099
55 1337 13 30.712
56 92 1 94.988
57 1409 18 9.276
58 1363 27 81.656
59 377 31 26.322
60 1137 60 9.111
61 249 41 3.647
62 702 41 27.273
63 1154 53 54.433
64 900 11 92.970
65 724 19 54.468
66 972 22 69.330
67 803 36 78.699
68 327 37 77.953
69 135 4 8.198
70 646 13 77.677
71 791 6 4.471
72 117 59 74.086
73 1333 55 97.347
74 1240 19 15.887
75 543 45 55.179
76 703 51 85.725
77 50 40 23.702
78 1040 39 75.158
79 1006 50 59.096
80 772 21 12.442
81 1076 57 39.409
82 709 22 16.789
83 958 49 98.755
84 408 54 65.140
85 453 31 9.789
86 1350 28 83.969
87 232 59 85.264
88 563 46 75.664
89 994 58 81.960
90 171 14 29.953
91 947 55 51.458
92 582 43 6.322
93 1020 22 27.918
94 813 24 84.488
95 658 12 92.373
96 321 18 91.969
97 987 60 38.757
98 210 36 83.155
99 1278 42 59.821
100 723 7 47.222