100
1 20 15 60.863
2 1008 44 61.688
3 391 52 96.085
4 693 36 79.028
5 1362 54 37.217
6 445 18 48.083
7 136 20 11.526
8 800 26 34.073
9 63 19 32.918
10 183 7 18.389
11 1040 30 41.913
12 172 4 7.531
13 1147 35 55.969
14 1172 18 20.275
15 66 34 27.773
16 854 59 73.713
17 526 4 52.618
18 825 42 25.457
19 1211 43 86.197
20 1430 58 0.675
21 1132 16 62.468
22 401 45 83.549
23 648 49 90.422
24 1031 14 92.489
25 197 13 19.098
26 1271 53 0.873
27 1080 3 36.261
28 432 38 88.794
29 1153 42 5.153
30 923 6 63.472
31 1 53 78.349
32 880 45 23.295
33 1387 15 87.245
34 29 12 80.822
35 56 25 89.025
36 643 55 41.151
37 47 34 22.512
38 1156 34 91.379
39 150 51 50.694
40 441 34 49.668
41 929 40 98.734
42 448 39 0.012
43 363 46 58.979
44 955 57 59.702
45 574 13 6.047
46 800 29 17.500
47 641 34 82.355
48 1004 42 90.574
49 106 13 5.497
50 1302 40 22.780
51 841 15 28.515
52 195 32 18.865
53 507 50 3.896
54 306 2 23.296
55 845 11 64.193
56 341 35 16.475
57 531 11 3.107
58 912 25 31.774
59 285 48 82.848
60 835 35 89.728
61 292 25 7.616
62 1421 9 82.259
63 140 20 23.715
64 453 26 71.678
65 1199 30 0.319
66 593 28 79.804
67 964 40 48.131
68 764 2 59.580
69 74 12 79.067
70 914 18 51.892
71 608 27 78.274
72 1315 24 59.014
73 1360 38 58.120
74 61 56 15.040
75 760 49 42.627
76 370 34 92.599
77 401 20 22.876
78 1001 32 15.775
79 925 42 89.615
80 814 22 88.148
81 1330 38 9.877
82 1390 22 94.919
83 758 3 0.983
84 566 60 10.900
85 253 56 39.668
86 465 38 47.597
87 830 20 75.241
88 777 1 14.342
89 754 37 63.448
90 690 52 6.546
91 1349 51 2.253
92 728 44 2.905
93 1410 50 53.658
94 357 58 41.815
95 633 35 32.655
96 565 9 74.799
97 1175 19 19.765
98 1411 24 22.234
99 561 12 30.954
100 508 29 92.900