100
1 388 33 84.943
2 1197 30 97.966
3 880 34 4.962
4 322 2 92.810
5 1148 19 19.251
6 1349 7 69.278
7 982 15 36.154
8 786 35 85.186
9 698 30 70.111
10 181 40 28.084
11 791 29 76.505
12 629 35 47.732
13 723 35 14.387
14 1004 27 76.528
15 183 56 30.174
16 520 42 37.434
17 777 58 49.904
18 1180 40 70.223
19 727 28 32.800
20 1378 5 59.153
21 278 40 88.467
22 8 38 81.798
23 1024 15 16.074
24 154 41 50.698
25 877 45 38.983
26 1406 7 2.056
27 12 3 98.573
28 746 46 35.122
29 1220 25 89.648
30 211 47 48.088
31 950 19 15.999
32 651 12 44.527
33 1302 5 7.970
34 1120 18 89.732
35 462 17 73.374
36 190 29 43.903
37 592 24 12.784
38 450 10 22.068
39 324 13 55.533
40 206 20 18.112
41 316 2 75.311
42 721 47 51.671
43 456 39 6.461
44 1003 37 13.319
45 1156 53 25.665
46 222 37 18.871
47 687 31 93.246
48 57 11 70.352
49 793 12 85.976
50 934 24 9.227
51 982 46 2.378
52 459 26 64.273
53 717 19 90.395
54 657 43 28.569
55 59 51 30.620
56 1111 29 60.040
57 96 23 4.711
58 829 8 71.401
59 1397 20 52.298
60 1014 41 15.379
61 847 29 33.381
62 1257 24 18.083
63 828 36 89.050
64 1258 60 53.001
65 1290 41 15.332
66 1314 6 40.025
67 641 46 51.885
68 753 39 15.052
69 980 8 22.997
70 423 14 60.958
71 658 24 71.796
72 935 32 2.764
73 303 38 61.079
74 309 51 37.603
75 168 53 40.310
76 1403 31 52.081
77 1140 57 32.967
78 945 34 15.923
79 1390 1 71.020
80 786 37 80.730
81 279 5 30.376
82 783 31 59.574
83 292 37 65.286
84 1342 60 94.503
85 200 2 50.303
86 1154 55 89.221
87 554 38 66.558
88 987 5 74.351
89 449 55 84.727
90 277 28 32.996
91 648 44 11.570
92 1410 26 99.280
93 304 11 50.371
94 837 26 55.742
95 236 44 94.022
96 738 15 11.798
97 742 35 7.897
98 1326 5 62.665
99 271 7 21.239
100 160 45 21.241