100
1 175 16 21.941
2 1160 47 92.050
3 943 33 69.594
4 574 47 5.070
5 1205 13 81.302
6 1381 12 15.563
7 417 58 40.788
8 1025 58 68.949
9 479 15 10.870
10 810 19 63.064
11 1070 53 73.698
12 582 58 53.575
13 604 25 43.897
14 374 2 75.218
15 238 31 33.561
16 348 55 39.394
17 172 38 6.567
18 1111 6 80.483
19 1143 26 84.648
20 1008 34 98.350
21 1417 47 70.379
22 1280 20 59.028
23 855 23 15.212
24 499 58 38.259
25 1332 7 43.736
26 1389 31 40.375
27 921 42 44.040
28 1334 38 46.308
29 1248 31 9.774
30 156 38 24.257
31 137 14 68.703
32 1134 23 50.434
33 763 36 32.911
34 812 17 39.133
35 1256 46 97.089
36 1223 22 32.360
37 699 8 30.020
38 1055 31 91.161
39 581 57 35.061
40 375 21 73.134
41 245 13 3.203
42 385 36 97.697
43 1155 12 43.099
44 795 1 38.580
45 820 41 95.541
46 819 48 54.742
47 443 22 66.011
48 443 14 58.311
49 892 3 9.376
50 1411 7 66.551
51 936 22 96.055
52 1229 54 78.123
53 97 17 79.659
54 489 18 62.572
55 565 1 24.302
56 806 27 29.265
57 1185 45 65.266
58 780 2 62.820
59 896 50 39.724
60 472 20 81.871
61 248 37 25.354
62 987 34 99.178
63 1256 1 3.532
64 599 12 83.455
65 919 41 58.089
66 1220 54 68.924
67 901 39 42.281
68 84 34 56.349
69 909 42 65.554
70 674 40 33.064
71 413 8 49.174
72 81 45 68.926
73 211 19 41.973
74 948 27 0.375
75 872 8 57.402
76 777 29 95.520
77 1297 6 45.539
78 1103 59 32.537
79 1018 52 75.575
80 487 30 32.585
81 1071 11 40.275
82 895 55 64.487
83 1237 21 16.023
84 1117 59 38.929
85 380 43 31.091
86 57 55 18.689
87 1385 29 79.861
88 955 16 53.274
89 649 54 30.649
90 1285 33 48.031
91 830 16 24.862
92 13 10 39.008
93 51 29 2.326
94 134 41 99.305
95 1112 3 39.348
96 637 50 61.860
97 963 11 6.305
98 1314 18 30.111
99 1032 13 7.236
100 737 26 41.186