100
1 1393 15 72.500
2 182 16 14.101
3 1353 19 15.059
4 561 32 92.438
5 710 21 54.380
6 367 17 58.616
7 201 55 91.895
8 119 11 86.398
9 253 59 60.609
10 125 31 63.399
11 931 56 51.217
12 1353 42 41.217
13 1214 19 73.908
14 237 53 44.549
15 1330 58 34.887
16 519 9 42.983
17 659 40 70.449
18 804 56 67.299
19 330 44 9.143
20 388 9 2.070
21 187 60 50.419
22 514 22 1.487
23 966 41 40.633
24 73 2 51.667
25 698 60 23.975
26 13 20 80.667
27 63 17 37.037
28 267 44 59.954
29 45 15 47.148
30 591 27 79.359
31 1413 30 92.948
32 1289 50 54.390
33 1226 54 65.586
34 350 22 83.689
35 287 14 19.730
36 624 40 35.909
37 164 5 69.187
38 1337 13 51.955
39 1261 52 45.021
40 39 48 95.661
41 1039 56 85.779
42 1141 36 91.318
43 184 25 9.603
44 827 37 39.951
45 1426 13 33.790
46 48 35 23.703
47 851 33 20.890
48 648 31 7.717
49 963 5 59.074
50 445 45 18.299
51 907 52 58.425
52 177 7 98.676
53 1159 56 12.373
54 931 12 55.932
55 1024 21 26.602
56 1065 60 26.941
57 1006 59 14.584
58 379 33 29.232
59 1325 57 76.292
60 2 52 64.018
61 245 60 98.138
62 125 6 58.514
63 1384 6 56.945
64 751 58 59.628
65 1119 43 81.834
66 748 16 71.772
67 645 50 95.890
68 584 33 20.932
69 1164 31 63.540
70 485 23 20.612
71 62 34 5.069
72 1280 29 18.991
73 410 31 61.133
74 827 49 69.798
75 557 56 62.284
76 595 5 40.837
77 674 25 59.232
78 845 45 94.470
79 869 37 83.211
80 1392 56 54.749
81 220 36 92.000
82 657 33 37.073
83 1366 56 96.068
84 651 40 35.885
85 349 30 40.113
86 756 53 67.692
87 350 1 41.617
88 1040 22 50.459
89 1123 36 42.121
90 311 50 67.365
91 1406 48 83.454
92 424 48 54.189
93 943 28 15.104
94 43 22 74.902
95 629 46 76.672
96 162 32 95.309
97 12 1 72.536
98 893 57 18.618
99 956 38 59.257
100 1348 55 52.877