100
1 807 48 50.279
2 1423 27 85.404
3 690 44 74.766
4 864 45 5.465
5 1156 44 14.116
6 1432 37 85.394
7 1269 30 60.268
8 130 42 34.373
9 1254 33 6.180
10 1295 57 84.095
11 175 34 25.954
12 471 56 36.364
13 1283 34 94.925
14 960 27 65.298
15 740 35 47.397
16 683 31 80.403
17 1427 34 81.316
18 586 59 35.397
19 716 11 97.333
20 280 13 21.177
21 461 47 68.302
22 355 22 71.042
23 43 32 88.562
24 470 50 0.532
25 1420 4 43.863
26 889 24 63.653
27 199 43 1.864
28 1032 50 87.937
29 1063 51 10.964
30 852 30 94.792
31 470 2 46.347
32 743 59 2.673
33 1358 11 13.806
34 828 9 94.115
35 20 35 60.020
36 1124 44 81.958
37 1303 45 85.406
38 1407 10 83.303
39 1347 48 30.656
40 37 34 96.937
41 590 40 69.867
42 80 10 34.841
43 895 44 60.500
44 517 36 36.835
45 393 40 44.648
46 1432 37 38.884
47 103 59 41.514
48 1223 52 48.994
49 1417 3 23.592
50 864 34 20.240
51 1192 20 56.795
52 1304 24 57.807
53 1156 11 22.509
54 683 11 0.678
55 1378 60 79.693
56 215 36 87.798
57 758 18 21.986
58 158 57 32.563
59 142 47 59.280
60 114 11 85.829
61 670 56 25.593
62 345 10 43.791
63 1219 41 9.900
64 1365 19 10.567
65 1253 45 37.409
66 1276 3 9.395
67 427 49 85.942
68 1193 44 50.456
69 288 8 63.814
70 979 26 54.488
71 858 2 21.236
72 670 56 4.154
73 1031 58 79.161
74 817 31 3.238
75 979 15 99.435
76 536 30 71.013
77 1026 1 72.471
78 11 60 13.679
79 52 35 20.187
80 459 24 71.454
81 258 36 62.368
82 510 1 30.628
83 522 29 45.642
84 502 21 44.502
85 174 57 21.714
86 495 5 11.276
87 778 23 75.648
88 976 31 27.071
89 872 59 85.254
90 747 17 20.720
91 1183 49 65.848
92 331 45 98.947
93 1210 31 49.751
94 559 7 51.307
95 199 51 87.812
96 770 35 47.619
97 340 54 70.251
98 1087 22 50.224
99 399 18 97.056
100 53 3 6.998