100
1 1152 36 79.239
2 38 8 80.672
3 333 54 67.416
4 1236 16 49.346
5 292 31 17.277
6 1025 41 41.311
7 971 47 55.869
8 284 12 88.657
9 1136 25 37.754
10 7 23 32.747
11 1004 4 17.471
12 807 26 86.289
13 312 53 39.299
14 119 44 34.679
15 300 31 60.500
16 1237 1 94.567
17 985 56 3.568
18 567 32 98.164
19 974 53 57.445
20 809 7 62.418
21 416 60 86.922
22 1299 19 1.273
23 550 49 11.908
24 307 19 8.504
25 522 51 35.923
26 219 38 36.293
27 444 22 99.672
28 853 24 54.451
29 628 9 54.916
30 613 35 93.964
31 1215 1 2.789
32 120 20 77.244
33 227 19 78.552
34 482 33 5.961
35 102 23 66.820
36 131 13 58.146
37 275 14 18.247
38 618 24 63.133
39 1155 12 95.407
40 413 28 86.789
41 186 2 83.449
42 1375 41 18.804
43 170 35 78.095
44 1337 60 82.786
45 691 38 59.514
46 938 42 80.554
47 1139 48 95.372
48 1171 1 4.350
49 715 29 63.804
50 1390 23 31.141
51 674 43 71.710
52 83 57 35.062
53 621 11 25.988
54 1174 47 59.906
55 74 32 25.958
56 269 30 25.225
57 964 55 17.171
58 452 6 55.309
59 1306 30 23.217
60 1324 13 50.298
61 408 33 77.136
62 145 26 47.436
63 1187 26 77.281
64 123 52 86.013
65 759 5 36.528
66 904 31 89.635
67 1307 20 53.283
68 863 54 45.366
69 1380 53 23.904
70 719 42 83.418
71 487 43 66.418
72 934 57 89.486
73 362 3 15.499
74 215 35 43.957
75 1316 49 99.172
76 933 54 2.691
77 1176 21 86.503
78 683 42 95.560
79 63 18 75.415
80 468 22 75.230
81 1075 35 99.006
82 1101 33 47.933
83 171 47 14.893
84 432 37 63.310
85 58 19 85.620
86 799 27 0.722
87 1334 33 65.294
88 1380 60 49.061
89 373 51 15.768
90 1079 4 61.068
91 1364 33 96.418
92 1413 32 6.650
93 137 8 20.958
94 985 50 37.574
95 893 43 38.198
96 950 11 4.918
97 263 21 94.008
98 622 26 51.081
99 750 22 59.966
100 511 30 20.778