100
1 1004 52 75.816
2 1253 25 70.061
3 559 57 47.974
4 637 59 99.648
5 1383 52 50.940
6 882 59 83.108
7 613 18 34.055
8 1258 7 2.654
9 126 8 79.735
10 353 57 67.598
11 398 16 41.005
12 758 58 45.333
13 1421 29 40.101
14 1102 7 93.201
15 1005 12 6.513
16 249 32 35.372
17 1047 46 46.845
18 1298 55 42.161
19 487 39 73.821
20 854 4 44.956
21 524 29 86.190
22 808 55 54.693
23 11 29 8.435
24 492 35 93.274
25 21 17 2.162
26 461 28 23.026
27 1167 25 60.025
28 1361 50 65.151
29 192 56 52.674
30 1175 12 27.627
31 852 44 28.871
32 116 58 33.041
33 875 54 54.558
34 292 30 66.634
35 100 47 65.002
36 592 49 89.298
37 1017 59 10.378
38 1026 52 85.905
39 348 48 20.132
40 423 36 51.361
41 579 45 64.653
42 372 23 55.493
43 783 23 41.430
44 750 14 51.005
45 414 15 54.984
46 636 26 25.990
47 1374 33 11.849
48 555 38 33.923
49 1019 42 27.858
50 927 58 61.617
51 794 45 56.590
52 842 57 62.577
53 1014 50 32.673
54 1124 5 40.474
55 291 14 21.411
56 282 52 96.593
57 1024 53 43.302
58 1233 6 96.323
59 965 20 56.288
60 715 48 83.666
61 1306 16 53.840
62 175 4 93.631
63 161 26 1.550
64 641 10 38.126
65 106 15 22.178
66 1072 44 34.159
67 1265 51 22.616
68 611 9 5.602
69 685 51 52.696
70 498 32 6.250
71 383 6 59.236
72 1206 51 52.926
73 6 9 46.800
74 373 17 73.711
75 836 29 36.134
76 306 58 16.074
77 52 4 93.645
78 784 19 98.289
79 1408 4 31.093
80 190 35 22.459
81 816 29 85.690
82 68 23 72.852
83 905 52 21.658
84 119 40 95.342
85 996 8 94.253
86 785 17 75.469
87 275 47 91.082
88 671 58 2.769
89 1111 54 78.669
90 1061 23 14.420
91 866 44 16.024
92 740 3 52.547
93 1320 37 18.125
94 602 10 69.064
95 382 40 83.159
96 378 50 21.190
97 1282 6 24.949
98 1012 54 23.753
99 794 39 48.741
100 1035 46 40.637