100
1 844 23 7.806
2 674 19 52.980
3 488 2 6.052
4 215 25 22.703
5 597 38 43.543
6 844 56 46.118
7 668 18 91.213
8 662 53 4.138
9 1054 7 31.377
10 1310 20 72.748
11 605 43 35.352
12 447 15 69.257
13 314 32 70.486
14 1008 39 30.642
15 471 60 52.705
16 1429 37 60.218
17 362 43 76.492
18 880 22 95.595
19 1143 55 51.565
20 894 13 3.863
21 906 57 86.377
22 288 34 59.204
23 416 17 81.869
24 989 6 4.616
25 568 1 54.535
26 478 39 77.419
27 397 51 21.306
28 912 55 42.932
29 347 11 91.594
30 836 14 25.292
31 322 14 47.241
32 210 8 17.838
33 1392 49 97.967
34 42 40 91.660
35 783 21 58.522
36 932 48 28.582
37 401 32 14.654
38 199 54 40.745
39 1434 22 54.455
40 278 30 80.601
41 1090 2 2.598
42 504 59 0.444
43 680 39 66.032
44 721 37 96.676
45 249 29 44.014
46 955 45 60.022
47 886 55 14.991
48 772 50 30.169
49 1006 5 13.549
50 712 47 58.168
51 209 39 92.721
52 1205 40 93.861
53 61 31 64.581
54 1136 27 46.412
55 1247 30 65.142
56 122 2 63.048
57 267 3 38.817
58 742 8 62.136
59 456 57 26.828
60 99 60 87.226
61 467 5 48.179
62 552 59 32.167
63 207 25 0.520
64 1172 57 81.973
65 108 25 26.146
66 1369 53 10.335
67 1115 17 23.065
68 111 16 71.197
69 1154 57 78.872
70 937 27 8.493
71 1121 21 97.116
72 377 10 9.320
73 1313 9 89.340
74 822 56 47.374
75 1267 48 27.909
76 33 16 27.378
77 1261 9 16.213
78 937 45 77.379
79 945 9 42.965
80 207 23 92.963
81 868 44 6.767
82 1200 19 39.490
83 555 18 51.619
84 1075 51 85.723
85 1105 30 41.768
86 1095 8 41.433
87 39 7 16.099
88 786 26 90.478
89 375 6 85.470
90 918 38 82.910
91 1397 5 41.939
92 441 32 76.115
93 568 23 59.299
94 1037 37 23.460
95 407 37 28.638
96 1131 3 81.017
97 31 52 30.436
98 311 22 83.704
99 572 26 83.831
100 406 8 64.674