100
1 530 1 16.712
2 1123 39 48.122
3 425 51 93.974
4 835 22 54.414
5 961 37 64.971
6 860 60 8.994
7 920 51 84.276
8 911 60 9.750
9 1217 58 41.715
10 910 34 38.538
11 1397 37 75.417
12 726 45 24.597
13 299 10 54.208
14 104 44 7.655
15 854 45 47.027
16 872 15 71.870
17 891 35 21.895
18 581 18 63.198
19 861 38 61.653
20 1218 9 49.898
21 897 51 67.187
22 1011 46 94.925
23 627 48 5.461
24 712 31 58.868
25 661 29 17.243
26 302 5 9.095
27 1206 13 23.873
28 72 10 77.521
29 517 7 54.438
30 234 24 83.323
31 549 53 27.317
32 853 41 9.996
33 815 3 78.212
34 176 37 54.446
35 800 18 21.967
36 597 19 1.918
37 1078 33 54.463
38 1057 29 65.973
39 467 7 95.665
40 968 55 6.277
41 952 19 4.856
42 192 53 44.938
43 424 50 59.276
44 635 29 61.230
45 577 41 3.684
46 523 58 3.536
47 875 10 56.442
48 916 52 18.544
49 454 26 9.007
50 266 59 48.641
51 1268 10 15.929
52 174 9 66.786
53 1114 46 70.887
54 178 46 12.680
55 503 41 97.039
56 12 22 83.385
57 1168 58 1.898
58 1420 16 88.050
59 1437 35 4.342
60 1355 36 59.361
61 144 16 83.419
62 581 35 33.706
63 1195 34 33.358
64 951 12 38.446
65 451 15 0.820
66 407 22 75.685
67 169 16 36.518
68 481 43 59.723
69 1263 51 3.116
70 1428 33 43.601
71 95 38 89.338
72 381 42 81.902
73 906 26 40.694
74 361 16 43.106
75 188 59 51.645
76 865 53 22.648
77 1149 58 70.892
78 679 51 69.188
79 384 57 17.626
80 649 53 89.323
81 992 42 87.962
82 203 30 47.140
83 991 6 75.162
84 793 51 22.898
85 1086 49 30.042
86 722 32 8.595
87 1123 30 98.326
88 140 18 71.661
89 1077 5 6.289
90 110 12 20.345
91 1436 17 85.936
92 1373 32 84.954
93 1110 59 75.959
94 1399 24 13.664
95 239 51 92.408
96 1430 53 65.371
97 1172 21 5.777
98 741 32 38.740
99 1035 35 29.002
100 1062 15 94.972