100
1 1213 29 41.578
2 1259 14 75.870
3 758 29 75.874
4 975 28 50.791
5 1347 20 13.026
6 291 32 41.110
7 1235 6 74.545
8 1035 28 25.837
9 975 22 33.667
10 715 57 16.652
11 227 48 81.702
12 21 13 97.788
13 529 11 55.472
14 225 19 36.068
15 1317 25 71.477
16 1148 50 79.080
17 812 53 16.830
18 1353 10 95.164
19 1321 14 97.177
20 10 18 33.266
21 835 23 78.698
22 1173 49 79.047
23 291 13 78.643
24 429 31 65.420
25 417 43 31.105
26 359 58 26.348
27 110 27 47.817
28 1015 18 57.191
29 1383 15 12.307
30 590 9 57.088
31 1212 38 15.260
32 480 15 78.751
33 514 1 51.109
34 1303 2 53.005
35 967 15 73.903
36 496 27 0.958
37 1427 35 88.731
38 979 45 95.156
39 265 35 86.938
40 1340 48 44.491
41 628 54 71.358
42 1382 10 58.063
43 118 41 56.397
44 824 2 93.919
45 1369 43 75.188
46 1170 35 26.300
47 551 51 71.112
48 374 52 11.944
49 202 23 5.824
50 1263 15 99.630
51 1 8 0.579
52 98 50 10.363
53 583 34 57.712
54 1181 16 76.305
55 200 46 24.667
56 955 39 40.255
57 691 27 62.327
58 825 50 47.056
59 454 22 30.763
60 667 27 56.697
61 887 19 13.124
62 183 60 90.032
63 846 12 11.971
64 601 49 76.513
65 982 31 52.849
66 307 41 3.557
67 508 37 73.228
68 479 52 23.356
69 1154 37 43.956
70 908 2 44.102
71 15 7 86.630
72 890 9 35.332
73 180 5 23.450
74 754 37 45.759
75 1251 57 51.282
76 770 36 46.871
77 1371 54 27.553
78 1199 6 44.775
79 3 52 25.548
80 111 19 35.402
81 335 8 93.895
82 305 1 4.324
83 772 50 44.689
84 476 52 82.195
85 844 22 23.384
86 917 8 22.702
87 1133 32 99.829
88 626 30 10.023
89 1168 51 97.265
90 1273 36 2.438
91 798 58 62.290
92 487 7 36.128
93 943 46 3.928
94 342 29 11.173
95 882 48 90.707
96 1300 12 47.534
97 263 45 19.442
98 1155 35 21.415
99 660 30 46.371
100 1291 18 11.502