100
1 951 43 94.759
2 1171 35 17.088
3 526 59 62.743
4 707 42 54.059
5 256 11 23.277
6 991 37 87.804
7 155 43 41.890
8 670 31 17.772
9 648 28 79.021
10 575 41 87.627
11 442 48 14.987
12 752 43 26.626
13 834 14 43.717
14 1392 25 14.868
15 1411 58 36.791
16 825 24 72.550
17 239 42 21.461
18 894 57 26.579
19 705 48 75.874
20 1132 42 66.385
21 732 43 81.447
22 486 29 97.471
23 40 26 49.245
24 1336 37 63.177
25 800 6 13.923
26 495 39 1.763
27 1011 5 15.396
28 35 60 0.054
29 1334 48 7.784
30 1405 5 25.614
31 41 35 28.279
32 1157 52 61.337
33 1370 43 49.974
34 649 7 39.761
35 1252 40 16.739
36 304 38 22.184
37 751 43 87.614
38 90 16 45.380
39 693 12 10.045
40 1367 17 89.338
41 207 52 0.977
42 21 5 23.901
43 913 47 35.910
44 1079 23 91.230
45 1360 6 74.882
46 742 24 71.231
47 1232 16 72.720
48 611 23 70.511
49 461 5 53.311
50 1256 49 1.705
51 255 35 87.514
52 595 38 73.412
53 285 20 73.676
54 935 19 99.852
55 846 49 61.246
56 209 34 53.528
57 874 7 54.693
58 275 39 35.178
59 1220 4 96.497
60 1019 37 23.675
61 356 19 39.087
62 623 13 90.922
63 115 39 90.886
64 780 49 30.950
65 855 26 54.786
66 1367 57 73.880
67 205 7 75.114
68 274 19 20.808
69 184 58 64.640
70 669 29 43.722
71 1270 32 14.822
72 1208 1 94.303
73 1100 28 22.797
74 1175 1 13.132
75 467 5 8.589
76 938 47 92.556
77 385 14 57.081
78 638 12 13.899
79 137 28 49.078
80 340 29 42.089
81 72 13 29.549
82 1327 47 73.365
83 129 21 76.106
84 1354 28 97.506
85 356 18 30.160
86 386 59 28.870
87 442 6 17.210
88 1035 30 69.438
89 554 26 8.078
90 526 48 12.674
91 628 57 57.711
92 601 51 46.410
93 547 28 26.343
94 921 12 81.536
95 882 18 87.691
96 428 57 87.502
97 1371 2 60.539
98 724 5 83.468
99 1055 15 22.156
100 987 30 77.710