100
1 1280 4 70.144
2 308 25 45.013
3 28 56 68.147
4 1115 23 47.734
5 1001 31 99.711
6 332 33 13.543
7 785 6 12.497
8 386 33 29.829
9 952 15 1.034
10 623 46 27.187
11 1277 20 40.708
12 510 60 70.618
13 1294 6 38.352
14 1056 59 55.029
15 649 6 92.451
16 426 12 9.752
17 380 22 42.769
18 96 36 28.833
19 1291 55 83.190
20 249 5 47.252
21 567 16 84.748
22 169 32 91.111
23 628 56 56.153
24 802 4 7.043
25 412 36 77.075
26 1000 60 9.656
27 1096 18 84.682
28 1044 42 78.553
29 528 51 60.846
30 667 17 21.765
31 797 32 78.018
32 235 49 24.241
33 628 25 9.118
34 875 18 51.598
35 29 47 14.044
36 930 40 2.126
37 1308 4 4.546
38 214 13 63.975
39 541 42 24.314
40 556 5 78.881
41 157 35 92.938
42 1399 17 11.700
43 527 11 76.045
44 975 41 32.014
45 1152 9 47.367
46 1041 16 46.185
47 282 47 47.857
48 1043 42 15.172
49 55 22 56.386
50 1016 22 43.007
51 1282 17 39.959
52 1356 28 51.677
53 118 44 49.517
54 360 56 62.831
55 229 11 75.999
56 104 25 43.274
57 1440 58 77.199
58 388 46 94.788
59 194 41 21.867
60 1343 24 84.678
61 484 26 40.170
62 85 32 72.722
63 1084 26 38.461
64 143 43 70.028
65 1259 44 81.651
66 229 51 87.396
67 312 34 41.349
68 1175 16 52.425
69 830 56 65.378
70 1289 12 11.064
71 1117 36 43.000
72 894 9 25.301
73 859 8 25.245
74 351 11 45.666
75 223 57 94.083
76 527 18 27.442
77 1116 38 27.427
78 412 34 67.091
79 1284 32 42.336
80 465 34 34.899
81 622 8 31.680
82 1002 20 18.073
83 50 42 22.109
84 780 28 43.596
85 389 50 34.097
86 1162 12 88.137
87 865 59 12.081
88 667 49 37.847
89 1146 37 74.218
90 1325 51 96.051
91 699 12 40.960
92 529 39 20.238
93 952 13 39.973
94 537 26 54.629
95 118 59 64.804
96 307 52 28.766
97 384 1 57.619
98 139 3 29.018
99 314 48 95.907
100 907 60 50.642