100
1 1303 29 71.623
2 99 19 80.629
3 277 21 63.825
4 532 12 48.916
5 681 34 87.899
6 1169 50 92.581
7 1225 12 97.227
8 1121 11 80.072
9 928 7 92.797
10 357 8 56.531
11 111 8 47.759
12 831 37 68.279
13 252 46 34.200
14 1277 56 22.779
15 471 17 75.915
16 606 19 73.753
17 1358 17 30.399
18 572 50 54.527
19 1184 18 89.233
20 867 19 74.732
21 940 37 89.989
22 1048 27 92.901
23 438 48 35.424
24 237 19 25.578
25 809 20 69.701
26 411 46 62.488
27 1272 45 87.073
28 329 48 68.215
29 842 16 4.027
30 824 53 11.421
31 1142 44 85.359
32 685 35 93.373
33 1361 6 74.926
34 1061 8 66.697
35 1 54 90.145
36 972 13 95.157
37 579 31 61.321
38 85 21 37.026
39 826 10 80.855
40 1413 28 63.127
41 1057 24 93.912
42 182 21 28.616
43 310 2 55.737
44 378 10 30.724
45 819 58 53.242
46 184 31 60.560
47 116 57 69.142
48 1048 5 75.502
49 900 21 67.569
50 1405 7 11.258
51 1185 57 2.655
52 18 52 67.563
53 1279 28 36.064
54 1424 14 4.276
55 217 36 20.423
56 611 44 89.153
57 370 25 97.419
58 1375 30 53.644
59 881 45 75.790
60 1432 2 69.375
61 86 46 88.323
62 404 18 12.587
63 193 4 33.296
64 1138 29 3.196
65 1008 42 61.630
66 975 9 78.714
67 481 50 77.138
68 961 35 29.039
69 318 48 34.202
70 113 18 75.126
71 397 31 46.064
72 674 12 2.831
73 207 14 71.657
74 936 8 98.977
75 1368 44 71.827
76 727 4 83.474
77 1304 26 45.453
78 604 55 95.112
79 215 42 8.839
80 1137 9 43.310
81 449 33 23.650
82 1330 3 62.483
83 745 57 61.879
84 1233 22 37.369
85 104 35 0.732
86 1360 43 18.076
87 1143 12 28.953
88 859 50 47.277
89 885 56 15.933
90 535 50 45.162
91 1431 19 19.588
92 548 18 95.454
93 1159 55 67.083
94 611 45 56.702
95 809 48 63.215
96 882 19 3.360
97 157 28 10.098
98 859 55 72.028
99 299 52 61.268
100 555 37 14.975