100
1 210 10 31.392
2 1298 24 5.104
3 994 27 48.829
4 751 4 31.872
5 140 52 71.449
6 956 20 40.350
7 268 10 38.326
8 459 30 12.804
9 6 39 20.519
10 1258 13 29.786
11 795 3 63.856
12 1024 34 65.502
13 154 22 87.802
14 108 26 5.403
15 1376 30 55.474
16 217 29 44.356
17 1218 46 52.948
18 621 3 42.974
19 1305 51 42.812
20 488 59 6.128
21 1174 19 66.172
22 584 12 95.072
23 1044 3 82.701
24 454 45 71.136
25 869 21 31.684
26 1321 39 69.130
27 302 6 33.303
28 1319 25 53.942
29 247 19 93.979
30 1117 41 62.668
31 22 25 29.595
32 174 32 33.010
33 33 53 46.786
34 1402 53 59.110
35 732 17 46.956
36 1297 60 14.158
37 552 6 88.828
38 679 36 15.132
39 1045 59 13.661
40 5 55 73.867
41 105 11 10.482
42 1150 14 31.749
43 177 10 56.422
44 1336 38 18.765
45 770 8 26.542
46 126 25 15.301
47 646 17 35.990
48 578 55 3.147
49 127 22 90.445
50 521 57 94.795
51 1411 14 39.552
52 1147 2 91.738
53 381 42 19.576
54 1333 5 4.919
55 60 43 15.687
56 634 21 69.058
57 170 8 79.351
58 1109 43 37.458
59 567 20 88.401
60 23 22 72.735
61 199 31 89.358
62 415 55 25.672
63 781 27 66.535
64 222 26 62.093
65 112 59 20.852
66 1419 44 72.685
67 943 1 69.508
68 855 39 35.072
69 508 22 29.931
70 1198 54 93.216
71 177 52 66.779
72 256 49 19.830
73 542 44 88.526
74 539 19 46.861
75 1433 41 99.694
76 304 31 68.746
77 1047 49 91.138
78 598 38 99.902
79 720 13 37.262
80 876 35 84.398
81 171 39 59.360
82 280 50 63.527
83 75 14 65.381
84 1379 11 97.745
85 532 51 70.398
86 421 44 51.314
87 993 30 25.251
88 995 31 51.966
89 553 17 87.140
90 711 51 43.983
91 944 43 86.005
92 1057 12 0.483
93 932 8 11.385
94 253 9 48.535
95 1259 53 99.297
96 1407 53 82.481
97 1374 24 98.158
98 1286 5 9.585
99 814 45 84.233
100 1244 34 22.784