100
1 380 6 94.506
2 1357 2 21.664
3 1124 6 46.368
4 930 43 86.101
5 1093 5 79.078
6 808 17 57.210
7 225 55 25.381
8 1129 53 77.636
9 374 46 23.499
10 800 22 75.466
11 525 37 17.304
12 577 13 52.320
13 81 52 47.025
14 1032 40 45.857
15 319 54 66.674
16 533 5 25.700
17 397 22 49.904
18 1398 27 58.573
19 1145 3 71.827
20 969 17 17.522
21 1232 54 40.206
22 999 20 93.087
23 1273 25 25.836
24 520 36 70.755
25 333 14 17.602
26 1100 9 11.575
27 1294 27 81.889
28 816 47 32.451
29 915 2 44.484
30 346 54 27.221
31 684 18 20.359
32 226 17 89.302
33 771 18 69.130
34 749 20 63.102
35 650 24 95.863
36 788 55 15.023
37 203 46 34.284
38 1328 28 85.192
39 866 58 83.259
40 1137 51 18.512
41 1405 33 23.436
42 26 31 8.287
43 1160 42 38.339
44 238 2 34.638
45 97 1 3.217
46 151 48 26.100
47 45 47 24.965
48 394 38 38.775
49 191 47 44.102
50 551 37 58.274
51 492 39 59.213
52 825 56 18.699
53 28 14 79.909
54 250 47 69.404
55 1258 37 8.469
56 594 37 43.803
57 887 39 92.897
58 921 55 98.848
59 663 40 33.063
60 185 33 19.403
61 785 5 1.552
62 1371 10 52.181
63 406 39 9.091
64 945 3 63.081
65 264 41 47.784
66 191 26 66.188
67 1242 24 37.258
68 605 33 81.836
69 1289 58 24.341
70 770 29 25.884
71 588 2 23.577
72 1087 32 78.361
73 566 53 60.070
74 956 55 11.988
75 325 11 18.315
76 363 29 17.920
77 1126 2 3.886
78 701 56 54.324
79 625 31 94.585
80 1108 32 25.642
81 423 35 23.885
82 1202 38 71.264
83 1276 37 3.774
84 437 1 71.657
85 249 41 12.019
86 852 19 26.164
87 748 44 79.888
88 500 44 78.903
89 990 45 72.969
90 708 52 28.950
91 299 25 62.714
92 342 13 45.428
93 1416 13 71.971
94 1084 37 50.682
95 973 55 62.904
96 336 30 18.101
97 557 41 19.726
98 1182 9 78.155
99 609 42 8.312
100 397 46 41.969