100
1 802 51 0.482
2 781 18 73.084
3 482 51 10.630
4 1270 33 53.305
5 364 13 69.182
6 50 53 14.403
7 1427 33 29.871
8 147 16 55.740
9 466 38 18.662
10 615 57 41.062
11 1316 11 31.907
12 498 55 94.095
13 1288 45 97.228
14 1007 36 69.582
15 466 7 30.095
16 689 2 8.044
17 454 24 62.509
18 823 21 10.587
19 1176 15 13.439
20 1054 57 51.455
21 73 6 4.224
22 1240 34 62.970
23 1331 31 21.563
24 1145 46 81.979
25 471 30 67.670
26 1012 50 95.064
27 578 18 93.783
28 1302 29 77.058
29 468 5 21.529
30 656 48 41.206
31 214 35 43.960
32 844 9 96.120
33 58 43 45.225
34 110 12 42.483
35 897 26 95.842
36 1413 42 2.131
37 71 38 2.271
38 650 26 3.909
39 829 6 78.029
40 926 35 96.161
41 1213 13 94.026
42 1341 5 49.399
43 346 55 37.713
44 1021 33 10.617
45 1143 43 5.248
46 439 30 92.666
47 921 55 28.104
48 622 19 24.006
49 137 30 80.841
50 1273 14 95.172
51 522 23 50.146
52 1251 60 51.788
53 1264 10 2.985
54 648 43 80.222
55 76 42 87.199
56 605 44 48.788
57 322 18 2.156
58 1098 30 23.512
59 1023 12 59.291
60 36 41 3.013
61 247 4 13.529
62 342 47 25.263
63 1094 55 17.732
64 610 53 43.191
65 486 17 15.101
66 1045 38 50.847
67 115 42 69.273
68 679 20 95.570
69 1276 49 17.613
70 15 45 63.495
71 114 11 84.365
72 13 29 40.300
73 1326 59 5.217
74 209 60 87.534
75 225 57 20.901
76 1359 30 45.635
77 1141 59 27.630
78 70 5 64.978
79 1430 52 8.296
80 1257 12 75.625
81 736 24 6.353
82 555 3 67.879
83 1063 52 73.837
84 540 13 55.250
85 445 27 12.434
86 1256 9 66.478
87 707 10 13.679
88 1203 41 7.956
89 885 34 41.389
90 736 39 3.048
91 1357 51 12.061
92 1366 2 56.562
93 1 8 2.263
94 1362 17 49.236
95 1161 23 55.222
96 67 37 96.658
97 683 5 76.889
98 720 15 60.828
99 760 6 18.275
100 68 24 74.576