100
1 737 11 84.640
2 782 32 77.392
3 1208 39 13.647
4 39 8 35.102
5 1405 60 58.894
6 91 31 36.844
7 1213 58 21.841
8 1331 42 77.929
9 433 53 11.257
10 63 5 5.389
11 906 19 18.542
12 1079 8 54.522
13 1368 49 43.034
14 1090 16 52.806
15 1031 44 72.465
16 708 26 25.009
17 585 19 28.625
18 59 58 61.101
19 447 19 79.494
20 708 32 77.551
21 534 6 23.758
22 1155 16 70.968
23 1404 10 75.663
24 1103 30 81.072
25 1115 27 59.771
26 329 20 79.121
27 385 48 17.950
28 274 58 94.344
29 1164 4 26.783
30 904 60 51.856
31 1046 15 90.059
32 1218 1 35.437
33 352 20 14.941
34 960 3 6.954
35 733 58 75.201
36 73 20 50.232
37 1180 28 96.894
38 436 26 33.369
39 1019 18 79.377
40 1248 36 41.433
41 152 28 76.263
42 349 1 18.672
43 543 13 61.744
44 1134 9 66.013
45 188 25 60.686
46 1330 17 67.132
47 952 13 85.234
48 472 15 62.211
49 252 7 8.591
50 1298 17 12.381
51 358 42 95.405
52 1427 33 68.327
53 1075 9 51.718
54 1198 37 23.093
55 984 22 64.867
56 335 5 13.861
57 854 20 7.969
58 1352 22 36.526
59 604 48 66.863
60 679 19 48.608
61 1165 30 90.496
62 1322 25 96.442
63 1030 31 79.216
64 277 32 23.159
65 1194 45 2.558
66 934 6 27.792
67 874 29 11.725
68 906 38 51.827
69 558 45 54.754
70 1373 42 87.037
71 261 48 18.179
72 1317 37 88.520
73 571 42 76.219
74 1418 21 93.419
75 1288 29 18.691
76 741 16 18.375
77 1292 49 17.892
78 1079 35 15.755
79 292 45 86.158
80 1125 21 64.724
81 1065 25 69.676
82 822 43 61.869
83 1086 51 79.874
84 1312 6 20.896
85 831 7 78.646
86 819 9 74.164
87 598 8 50.963
88 576 23 2.233
89 555 59 51.013
90 564 14 75.981
91 32 14 72.741
92 379 56 23.975
93 825 22 67.004
94 462 5 39.193
95 671 10 50.465
96 1209 6 10.772
97 342 44 28.931
98 490 36 0.339
99 1389 35 5.789
100 1140 20 60.753