100
1 1152 24 13.771
2 1220 31 58.681
3 491 25 33.732
4 529 24 11.571
5 775 27 68.512
6 694 11 74.326
7 363 34 46.989
8 84 59 45.933
9 1022 15 15.625
10 142 2 59.971
11 48 46 60.832
12 1089 1 1.139
13 1064 19 88.356
14 1370 18 79.688
15 361 52 7.128
16 1266 4 2.107
17 1070 33 67.835
18 923 3 36.922
19 299 2 95.963
20 969 56 20.275
21 184 36 31.380
22 444 51 34.220
23 127 42 16.395
24 479 7 98.287
25 374 52 17.617
26 465 1 46.780
27 799 46 3.421
28 334 47 85.015
29 455 38 36.099
30 1044 33 83.120
31 621 15 34.784
32 1116 53 99.272
33 946 9 8.239
34 970 2 44.244
35 1222 56 92.354
36 862 48 2.927
37 1194 22 74.968
38 552 52 33.036
39 583 57 53.369
40 1269 8 46.036
41 1229 1 7.661
42 1022 55 16.689
43 310 4 45.483
44 297 9 42.141
45 1030 59 79.833
46 1043 40 97.843
47 527 11 13.675
48 645 37 80.004
49 938 35 25.870
50 591 31 30.419
51 1100 57 94.332
52 1432 43 64.505
53 155 32 58.098
54 342 52 73.753
55 596 59 97.134
56 273 6 41.702
57 600 25 70.285
58 1404 37 75.123
59 17 30 91.046
60 562 8 25.437
61 1034 29 93.463
62 867 11 69.789
63 1180 5 87.965
64 411 60 32.525
65 291 38 14.030
66 796 19 42.489
67 772 14 52.215
68 496 9 17.580
69 360 50 77.322
70 568 16 2.826
71 1418 22 57.556
72 116 36 58.024
73 182 31 26.266
74 441 51 8.737
75 1290 11 16.047
76 676 13 55.227
77 454 51 15.877
78 761 54 92.198
79 389 19 4.361
80 6 9 43.929
81 361 13 20.698
82 977 10 84.933
83 824 36 46.134
84 1208 25 92.189
85 889 9 77.188
86 513 16 94.302
87 170 3 7.385
88 591 20 94.581
89 1058 18 37.067
90 1093 32 29.881
91 1065 32 77.065
92 1197 38 30.666
93 293 26 2.890
94 254 41 98.994
95 6 9 27.411
96 1325 21 31.894
97 1011 43 15.200
98 364 3 6.448
99 250 7 94.382
100 608 55 98.024