100
1 899 46 89.135
2 202 40 40.053
3 614 58 52.558
4 372 20 52.986
5 1061 47 27.889
6 1403 15 23.172
7 323 60 72.469
8 335 55 92.190
9 1368 23 3.342
10 1209 6 9.610
11 174 7 7.341
12 1000 44 71.469
13 75 9 60.442
14 274 8 48.197
15 1245 10 73.328
16 500 44 84.317
17 31 19 64.699
18 804 9 18.194
19 1075 11 44.616
20 547 14 23.495
21 783 2 48.525
22 79 29 10.882
23 343 44 76.191
24 568 55 98.217
25 956 9 28.155
26 1401 27 17.603
27 1319 22 37.788
28 345 17 76.082
29 1009 34 2.949
30 410 18 72.676
31 609 23 58.331
32 154 55 65.890
33 1059 10 24.152
34 1193 18 47.531
35 385 47 3.424
36 1225 52 97.561
37 1058 36 98.427
38 41 37 51.939
39 1404 15 4.887
40 376 8 19.243
41 150 36 93.489
42 984 19 92.504
43 227 17 20.286
44 317 1 3.959
45 210 3 40.783
46 398 35 77.906
47 1071 3 70.558
48 1431 34 9.970
49 90 51 50.206
50 435 2 56.500
51 1114 13 66.302
52 494 17 74.320
53 922 34 90.293
54 1137 57 29.773
55 1084 44 46.685
56 1271 24 90.441
57 316 55 83.467
58 571 6 81.111
59 522 47 98.951
60 831 15 21.676
61 925 23 56.834
62 40 27 33.231
63 1410 34 96.351
64 563 16 44.504
65 479 58 30.627
66 668 11 8.167
67 859 50 72.613
68 732 35 97.274
69 689 49 6.342
70 1034 32 3.617
71 158 14 98.356
72 411 47 38.357
73 1204 45 3.165
74 620 30 24.626
75 1411 45 99.360
76 649 4 10.595
77 754 45 14.862
78 702 25 32.624
79 372 42 67.021
80 1349 25 98.442
81 485 59 33.412
82 998 58 0.172
83 1096 47 5.247
84 1131 60 45.990
85 577 1 3.224
86 172 3 50.598
87 283 51 12.478
88 496 51 9.037
89 721 10 9.315
90 816 52 99.000
91 563 59 34.811
92 215 37 34.993
93 643 10 19.580
94 131 44 17.913
95 591 12 89.189
96 162 44 7.940
97 29 6 58.693
98 718 5 21.379
99 1300 15 65.997
100 1439 38 75.596