100
1 80 59 24.402
2 1312 44 55.328
3 980 28 87.740
4 748 23 22.874
5 1314 26 28.449
6 1227 12 33.769
7 22 11 68.538
8 719 31 48.071
9 712 9 75.762
10 1283 14 58.267
11 1383 33 99.108
12 129 46 66.602
13 776 32 99.957
14 832 3 48.403
15 584 59 74.913
16 631 35 68.017
17 820 51 74.746
18 29 30 29.637
19 684 24 3.167
20 668 36 73.453
21 1081 29 28.026
22 15 20 65.648
23 1383 4 85.675
24 1343 40 34.415
25 488 46 17.856
26 1274 13 78.660
27 870 31 78.959
28 849 12 54.697
29 396 30 87.270
30 1093 45 72.422
31 122 40 92.526
32 582 40 57.625
33 720 33 86.907
34 308 10 66.107
35 796 36 38.204
36 354 50 96.648
37 1044 43 29.668
38 215 53 34.617
39 834 21 51.854
40 1345 25 65.981
41 1422 47 25.145
42 584 40 77.438
43 1056 34 85.408
44 693 17 91.544
45 774 27 30.442
46 340 58 41.493
47 768 48 37.518
48 140 2 77.064
49 539 16 24.694
50 434 28 62.625
51 564 32 16.676
52 269 32 79.976
53 770 49 96.259
54 649 53 62.154
55 952 38 15.675
56 1119 27 81.840
57 263 44 59.455
58 186 37 59.771
59 1004 5 23.072
60 296 9 79.598
61 757 60 91.352
62 660 58 67.238
63 1421 41 41.167
64 449 59 27.604
65 1312 13 70.357
66 346 1 22.579
67 1068 51 2.749
68 1170 31 88.292
69 275 16 42.372
70 969 16 48.048
71 1176 15 7.031
72 813 41 80.893
73 110 35 92.221
74 41 40 57.798
75 120 26 85.314
76 407 54 83.367
77 1074 21 69.333
78 823 35 8.021
79 1118 50 78.231
80 475 44 51.717
81 882 55 5.840
82 1397 39 88.602
83 347 19 21.600
84 1255 13 92.952
85 7 5 45.555
86 181 37 51.076
87 1368 34 16.255
88 33 20 64.351
89 591 56 42.975
90 1369 5 97.884
91 40 59 8.469
92 1295 37 93.655
93 708 48 94.559
94 538 47 25.291
95 1216 49 31.112
96 997 20 31.241
97 430 52 38.186
98 560 47 26.602
99 1340 53 53.667
100 1196 10 41.599