100
1 819 30 30.979
2 374 20 93.185
3 163 52 11.029
4 952 58 46.157
5 1055 28 32.411
6 286 42 28.739
7 503 56 39.534
8 968 21 23.002
9 501 54 44.753
10 844 29 33.527
11 1139 58 61.004
12 986 26 35.405
13 363 42 47.399
14 1290 22 70.217
15 57 11 9.302
16 1035 28 35.370
17 1046 17 87.762
18 38 27 60.222
19 936 50 88.084
20 341 2 86.584
21 266 33 18.106
22 1278 50 18.827
23 692 17 67.369
24 1031 53 86.119
25 999 43 33.766
26 180 36 86.120
27 634 14 47.369
28 1084 55 77.161
29 996 50 46.608
30 847 48 16.481
31 328 27 25.855
32 1025 5 39.796
33 803 41 93.714
34 1414 60 33.716
35 822 45 96.740
36 548 42 69.876
37 165 34 2.428
38 459 36 99.253
39 325 40 79.777
40 564 9 77.636
41 598 12 21.978
42 687 44 6.888
43 909 14 91.906
44 950 43 10.534
45 252 55 35.032
46 245 46 93.636
47 748 25 62.208
48 559 31 99.964
49 1063 21 2.421
50 420 5 16.829
51 137 25 72.749
52 418 35 46.803
53 1036 1 70.231
54 479 2 53.869
55 1181 3 1.715
56 982 30 66.499
57 939 2 77.282
58 408 59 32.230
59 790 30 99.821
60 254 30 97.721
61 1405 30 36.210
62 681 48 21.555
63 272 7 26.488
64 811 55 8.663
65 948 23 28.925
66 1081 56 85.330
67 848 42 34.901
68 1245 34 18.513
69 22 51 7.462
70 1391 13 29.264
71 21 46 81.729
72 1103 54 55.105
73 913 48 79.052
74 545 52 46.657
75 875 43 89.742
76 911 30 31.499
77 49 57 10.940
78 1053 18 16.866
79 670 11 38.183
80 985 16 81.372
81 969 10 29.024
82 946 44 99.506
83 423 38 70.328
84 991 27 79.246
85 244 57 1.218
86 9 45 34.776
87 1118 42 40.967
88 709 29 82.018
89 939 15 99.221
90 1048 55 76.896
91 1296 52 84.750
92 53 8 43.657
93 179 43 19.994
94 38 21 64.651
95 235 26 29.117
96 1278 28 60.882
97 397 49 37.873
98 747 42 29.027
99 35 2 89.714
100 24 60 97.601