100
1 564 6 86.225
2 1256 49 19.145
3 1092 25 46.483
4 1218 7 68.249
5 1164 2 98.373
6 415 28 95.928
7 765 52 90.665
8 694 13 15.285
9 324 4 86.125
10 1082 9 14.993
11 854 45 46.116
12 22 22 50.332
13 382 6 66.136
14 745 41 40.918
15 1047 39 46.977
16 99 32 55.251
17 149 29 58.269
18 8 10 23.018
19 875 58 62.733
20 1191 58 96.211
21 56 34 96.287
22 978 25 58.052
23 764 6 69.018
24 290 18 1.685
25 817 43 12.901
26 1011 8 58.590
27 1230 19 52.968
28 65 6 20.986
29 1308 4 59.833
30 1083 8 47.560
31 567 3 25.918
32 659 48 43.004
33 692 11 43.619
34 1120 58 38.998
35 1326 17 69.404
36 1409 35 64.342
37 268 5 18.514
38 36 18 76.124
39 1334 2 54.825
40 1010 29 97.138
41 1209 49 53.456
42 577 24 35.305
43 1423 24 19.631
44 596 27 72.106
45 389 58 18.637
46 110 35 97.289
47 600 18 10.735
48 548 20 5.043
49 695 47 72.045
50 493 46 13.791
51 1280 55 85.600
52 1050 48 80.050
53 263 2 8.568
54 297 29 99.547
55 616 58 64.179
56 1016 54 15.058
57 129 23 82.308
58 970 50 55.021
59 1197 27 41.744
60 482 37 91.910
61 951 26 81.052
62 1324 33 74.955
63 47 25 18.885
64 442 33 39.027
65 440 23 99.065
66 1295 57 79.792
67 1202 54 69.680
68 644 36 56.795
69 43 35 51.316
70 134 20 99.233
71 1065 19 7.899
72 333 14 79.292
73 61 26 56.102
74 495 35 30.481
75 1228 8 42.394
76 1312 15 27.329
77 1094 4 20.006
78 1222 48 65.554
79 324 18 85.994
80 600 22 9.377
81 280 27 3.916
82 1151 38 77.065
83 256 6 61.434
84 372 37 38.417
85 783 15 62.940
86 1230 8 45.906
87 242 43 1.336
88 1321 3 49.031
89 170 33 13.120
90 1080 44 76.764
91 392 13 86.383
92 1311 1 84.095
93 199 2 36.344
94 2 21 75.921
95 603 1 92.738
96 519 14 15.104
97 323 41 79.438
98 207 17 41.959
99 444 30 1.167
100 1307 47 67.732