100
1 622 4 69.609
2 1281 52 45.501
3 1423 25 82.967
4 646 38 57.856
5 975 48 27.902
6 980 45 13.360
7 733 58 33.243
8 604 48 86.771
9 675 6 1.913
10 245 11 53.611
11 834 31 24.831
12 417 55 21.295
13 284 16 99.065
14 467 26 24.038
15 810 2 8.753
16 622 24 38.380
17 1277 35 41.015
18 388 6 59.184
19 283 47 42.016
20 368 19 94.001
21 310 21 31.287
22 715 6 62.490
23 1019 34 44.867
24 856 39 51.078
25 6 21 63.151
26 484 56 39.359
27 1169 31 81.147
28 733 33 30.585
29 1097 51 98.188
30 1266 52 16.525
31 1046 2 1.207
32 1227 40 99.272
33 349 32 35.409
34 550 29 69.504
35 791 38 86.671
36 538 36 86.990
37 490 28 53.345
38 1378 32 46.479
39 805 6 93.284
40 979 30 5.615
41 758 59 16.282
42 1014 46 96.538
43 658 10 52.424
44 240 25 9.402
45 323 2 61.240
46 341 16 11.212
47 1250 45 9.322
48 34 28 54.376
49 1427 9 71.986
50 1137 16 14.402
51 22 27 77.677
52 490 44 45.302
53 498 42 76.813
54 1159 24 80.933
55 1425 9 57.974
56 1287 33 0.978
57 595 17 37.981
58 439 18 92.413
59 77 29 42.600
60 361 1 82.494
61 1337 21 74.891
62 327 38 2.625
63 1342 8 71.105
64 269 13 56.989
65 184 12 19.330
66 1407 8 68.678
67 762 13 77.585
68 172 10 91.464
69 1375 35 56.458
70 125 26 75.872
71 1127 58 77.683
72 881 7 19.291
73 767 5 33.959
74 448 37 26.153
75 1058 36 76.935
76 1008 18 51.123
77 813 11 45.919
78 803 1 92.257
79 355 45 68.368
80 82 17 95.098
81 837 26 2.532
82 1209 40 72.460
83 1271 41 77.338
84 1342 19 46.722
85 1143 57 15.809
86 164 14 31.049
87 980 34 65.639
88 649 60 65.576
89 311 24 42.320
90 896 16 36.486
91 156 55 13.395
92 7 52 20.834
93 120 30 49.896
94 53 37 13.422
95 591 3 89.323
96 1265 12 43.681
97 1433 42 90.597
98 47 11 8.199
99 687 17 86.121
100 1174 22 46.923