100
1 1234 24 65.702
2 149 47 42.547
3 389 49 96.395
4 971 13 67.968
5 963 49 7.983
6 600 60 86.663
7 968 15 91.904
8 495 9 60.426
9 967 40 95.508
10 1386 46 89.711
11 366 27 7.341
12 247 40 40.580
13 1037 38 78.352
14 654 9 47.923
15 1155 26 36.821
16 957 39 29.461
17 838 37 84.305
18 505 20 78.217
19 1385 20 73.446
20 461 33 51.013
21 51 32 69.477
22 21 3 36.160
23 1296 57 93.902
24 346 35 58.858
25 188 45 48.366
26 1395 57 30.154
27 227 29 83.447
28 863 18 45.312
29 591 26 23.124
30 1018 31 99.983
31 44 48 91.434
32 1057 43 8.595
33 1310 24 57.244
34 839 13 10.881
35 1130 6 95.326
36 704 14 35.595
37 971 54 72.035
38 780 51 99.814
39 1021 40 74.946
40 1281 50 13.856
41 750 28 83.125
42 698 1 62.630
43 225 46 13.827
44 902 30 59.961
45 1155 40 93.037
46 1042 5 75.011
47 729 30 61.862
48 357 23 43.476
49 862 52 71.265
50 1214 54 92.289
51 1080 7 3.019
52 832 45 51.608
53 613 6 90.341
54 348 24 49.622
55 470 47 54.497
56 714 1 72.064
57 1016 28 72.877
58 493 57 91.077
59 1252 49 25.610
60 247 48 62.650
61 903 58 2.822
62 643 60 78.467
63 323 31 62.322
64 1206 43 78.196
65 591 34 33.214
66 372 44 0.635
67 1091 23 98.029
68 1026 20 10.790
69 765 3 37.821
70 662 20 17.951
71 481 39 90.086
72 1244 9 52.326
73 268 8 77.471
74 669 27 27.691
75 201 13 10.770
76 980 29 14.493
77 1221 24 77.193
78 282 45 35.292
79 826 44 39.496
80 971 34 87.863
81 1415 52 75.123
82 209 11 10.617
83 729 1 79.067
84 567 59 88.090
85 465 47 63.081
86 970 15 48.237
87 1162 39 47.194
88 543 32 7.686
89 162 28 39.749
90 637 56 50.660
91 250 44 53.005
92 364 31 29.219
93 774 42 20.186
94 526 28 84.114
95 1150 20 97.010
96 444 9 87.783
97 648 5 43.671
98 753 49 42.050
99 933 38 41.855
100 1283 7 64.368