100
1 1373 28 62.955
2 603 5 92.464
3 236 57 49.489
4 1312 27 42.445
5 840 31 90.716
6 831 3 22.426
7 118 12 71.814
8 477 15 34.135
9 1112 6 76.546
10 100 58 90.340
11 1415 24 54.219
12 999 59 16.419
13 975 36 27.934
14 641 32 52.483
15 956 34 69.153
16 102 58 55.586
17 912 19 78.954
18 1318 4 14.013
19 416 55 20.824
20 281 45 2.638
21 1321 41 65.632
22 1121 22 68.753
23 411 41 25.257
24 682 29 21.554
25 726 29 67.353
26 305 41 41.948
27 1206 24 74.799
28 554 28 99.198
29 1074 11 68.774
30 1299 43 61.667
31 776 22 45.297
32 693 57 57.596
33 913 7 3.172
34 1128 48 40.196
35 1208 15 80.181
36 1085 19 30.274
37 1231 38 63.348
38 1211 49 28.223
39 675 20 8.724
40 258 17 36.996
41 660 26 98.907
42 348 33 74.246
43 1045 54 59.353
44 165 12 9.791
45 1065 3 43.045
46 157 53 47.703
47 277 2 2.082
48 1362 30 15.942
49 688 28 35.473
50 448 49 14.064
51 1363 7 62.623
52 45 28 66.751
53 857 16 23.028
54 810 4 11.217
55 262 11 89.148
56 454 59 56.126
57 401 24 28.973
58 1109 44 13.031
59 813 42 81.289
60 209 39 28.674
61 1024 44 87.970
62 1190 22 94.460
63 1175 53 15.629
64 217 26 48.037
65 1192 42 66.390
66 1349 41 10.871
67 363 60 50.863
68 1084 33 12.345
69 754 15 29.905
70 852 60 99.015
71 26 17 42.880
72 903 13 2.611
73 796 24 94.864
74 71 34 18.527
75 674 7 0.072
76 626 26 49.150
77 905 56 82.076
78 191 20 71.254
79 535 3 83.436
80 706 10 17.693
81 925 3 89.946
82 911 57 14.584
83 1075 35 38.112
84 1186 15 91.336
85 490 60 97.199
86 496 15 56.392
87 171 51 43.200
88 72 30 28.723
89 1239 21 69.379
90 817 1 83.638
91 123 6 85.786
92 356 16 46.383
93 319 40 22.018
94 543 23 21.267
95 487 57 56.098
96 1315 23 60.578
97 165 9 38.806
98 1057 24 21.600
99 803 28 70.998
100 608 8 45.520