100
1 1063 24 89.678
2 646 11 63.575
3 269 4 20.411
4 1046 33 19.821
5 804 32 61.730
6 1202 33 61.672
7 984 38 13.370
8 906 30 17.983
9 854 11 15.657
10 817 23 23.059
11 547 60 87.274
12 893 19 0.124
13 1077 11 71.502
14 1059 26 36.832
15 612 32 10.028
16 356 5 43.485
17 724 5 21.599
18 1147 8 68.578
19 1241 23 31.771
20 1189 39 90.034
21 215 44 46.752
22 571 56 46.325
23 192 58 63.029
24 1025 47 83.158
25 437 10 45.698
26 406 23 24.220
27 258 57 47.483
28 260 26 96.986
29 82 11 46.279
30 278 25 5.907
31 186 37 71.130
32 208 7 85.348
33 485 57 90.885
34 118 49 99.818
35 179 36 46.249
36 1325 56 12.569
37 771 5 60.692
38 370 1 82.472
39 235 59 29.666
40 726 58 88.710
41 1348 8 18.689
42 1412 21 39.342
43 480 30 15.400
44 422 25 25.578
45 538 56 27.728
46 1285 22 10.521
47 822 14 31.620
48 683 46 81.020
49 751 23 62.787
50 709 41 48.511
51 838 55 37.325
52 679 37 98.194
53 158 5 23.630
54 982 9 25.197
55 1358 8 65.483
56 750 24 64.922
57 1297 57 50.973
58 1198 28 62.525
59 310 52 28.230
60 325 30 73.357
61 856 10 10.724
62 1054 50 98.935
63 462 19 89.177
64 823 11 94.368
65 5 43 73.404
66 218 31 88.489
67 392 34 65.336
68 776 4 39.273
69 986 21 0.884
70 1296 59 22.597
71 727 46 27.271
72 1036 41 38.593
73 1188 22 38.090
74 111 60 15.048
75 104 4 24.957
76 101 52 27.985
77 1021 46 69.616
78 753 13 7.990
79 302 35 36.679
80 859 27 24.003
81 493 29 75.231
82 1412 56 41.149
83 375 22 97.354
84 913 6 55.598
85 975 48 88.110
86 209 17 26.773
87 425 18 72.774
88 620 40 29.189
89 430 52 84.383
90 940 30 25.315
91 355 56 55.572
92 193 29 62.375
93 924 51 3.402
94 395 14 15.514
95 305 15 80.896
96 310 21 9.297
97 418 4 36.834
98 1066 46 48.441
99 1049 12 68.890
100 16 33 93.580