100
1 1059 31 12.996
2 855 11 13.364
3 1001 18 95.853
4 101 55 45.542
5 936 57 92.148
6 83 44 89.422
7 826 35 39.707
8 704 53 39.782
9 1281 55 55.710
10 739 20 37.888
11 1236 1 17.014
12 1378 60 5.081
13 424 18 66.673
14 1077 48 20.463
15 1381 11 73.148
16 93 52 30.980
17 728 46 93.204
18 1256 54 87.818
19 1393 40 69.741
20 363 56 38.931
21 510 56 66.387
22 550 28 20.935
23 982 40 54.411
24 534 42 0.598
25 1184 58 4.961
26 702 15 14.238
27 563 20 27.892
28 204 9 22.784
29 164 19 8.884
30 532 13 35.233
31 277 30 61.991
32 64 4 14.785
33 1258 43 43.320
34 621 46 55.114
35 310 18 51.112
36 492 31 15.952
37 1070 19 80.068
38 285 12 29.860
39 177 29 49.728
40 23 43 9.387
41 377 8 17.874
42 52 57 16.263
43 217 11 92.745
44 1016 57 60.602
45 1066 38 82.796
46 885 3 1.047
47 1352 14 13.231
48 857 41 71.199
49 833 10 62.470
50 805 28 52.708
51 45 21 70.675
52 667 50 62.291
53 254 13 1.654
54 720 30 25.201
55 788 29 17.569
56 433 15 90.390
57 1186 23 21.427
58 183 40 61.825
59 850 16 33.886
60 873 2 44.800
61 113 11 81.495
62 387 56 88.043
63 883 13 32.578
64 187 51 18.815
65 859 3 2.542
66 114 10 16.085
67 1326 9 89.446
68 1166 3 41.655
69 1306 42 50.658
70 1254 46 20.582
71 921 27 63.029
72 176 21 83.770
73 463 58 30.869
74 1391 36 82.743
75 239 20 73.685
76 1204 5 89.539
77 1297 50 73.663
78 102 25 39.158
79 712 21 62.938
80 676 11 50.239
81 793 33 31.863
82 674 28 70.552
83 281 40 21.053
84 932 28 80.617
85 1006 51 29.090
86 416 30 60.555
87 124 3 38.931
88 242 26 23.356
89 1144 29 84.938
90 1236 37 97.969
91 169 54 89.117
92 1268 15 12.750
93 93 29 6.981
94 370 35 54.287
95 1423 43 32.478
96 721 60 94.773
97 1074 32 85.875
98 728 36 28.984
99 30 47 78.272
100 199 34 27.756