100
1 4 54 73.681
2 793 24 51.740
3 1374 7 6.501
4 599 53 47.276
5 1287 33 66.371
6 1426 49 25.147
7 1324 37 42.068
8 1108 35 97.039
9 951 37 25.696
10 1168 55 8.448
11 1114 4 67.532
12 748 31 92.852
13 344 15 73.258
14 519 47 82.233
15 1135 16 57.322
16 707 26 14.446
17 570 8 22.497
18 575 20 82.359
19 1187 59 59.722
20 784 21 80.258
21 1178 30 68.607
22 163 52 55.285
23 648 51 2.457
24 387 58 85.929
25 607 1 6.948
26 86 31 67.049
27 787 1 36.775
28 580 14 56.629
29 1004 15 33.847
30 571 44 57.291
31 316 16 12.393
32 80 43 10.404
33 223 9 1.541
34 1005 53 44.964
35 226 21 9.618
36 66 52 80.201
37 138 32 32.730
38 1109 26 78.212
39 1145 8 55.201
40 237 25 23.542
41 605 30 2.305
42 894 52 96.049
43 1243 30 44.394
44 292 30 53.534
45 132 41 68.323
46 1328 36 24.697
47 1080 51 25.604
48 1316 14 58.109
49 159 27 81.213
50 812 41 39.023
51 130 49 43.272
52 283 34 20.140
53 1366 15 11.899
54 1290 1 76.083
55 360 37 66.640
56 267 17 75.980
57 715 24 61.531
58 195 23 99.189
59 1431 25 97.416
60 230 59 72.530
61 1343 20 21.347
62 663 16 31.206
63 1246 3 37.437
64 819 58 96.185
65 131 14 38.156
66 1122 18 59.684
67 1239 59 65.885
68 1416 44 81.713
69 411 23 60.985
70 831 44 77.527
71 987 57 51.731
72 220 56 19.505
73 876 55 99.280
74 950 30 8.567
75 452 57 22.951
76 1016 38 46.421
77 867 37 11.367
78 875 23 47.482
79 1229 16 70.212
80 884 18 54.781
81 481 10 90.719
82 587 53 59.610
83 1053 55 15.362
84 923 46 52.853
85 42 50 79.253
86 239 24 10.685
87 22 34 27.937
88 102 56 14.343
89 335 58 64.569
90 399 40 0.920
91 437 50 88.774
92 398 17 13.500
93 970 49 11.065
94 1171 4 13.189
95 425 6 88.470
96 1220 33 54.553
97 1095 22 86.560
98 1142 39 93.002
99 81 10 38.014
100 358 39 67.817