100
1 202 42 88.797
2 367 55 23.887
3 802 4 43.932
4 188 22 47.283
5 974 39 25.575
6 1031 4 55.243
7 198 16 23.782
8 143 35 20.796
9 372 39 15.762
10 391 21 12.658
11 1374 49 75.151
12 883 27 59.902
13 1059 8 47.806
14 549 19 32.130
15 1359 8 72.594
16 112 47 65.475
17 1299 7 42.759
18 118 12 23.250
19 922 16 47.848
20 113 44 16.926
21 298 26 54.926
22 609 27 39.404
23 787 37 50.294
24 630 39 69.952
25 1357 3 18.166
26 471 55 27.003
27 1301 14 54.917
28 1038 42 68.861
29 850 1 16.520
30 1298 54 37.459
31 1383 48 19.975
32 1120 10 84.265
33 688 57 45.323
34 1403 25 46.832
35 711 55 3.655
36 1013 5 64.910
37 491 59 50.576
38 855 40 17.352
39 1150 7 70.729
40 1253 36 1.679
41 889 59 7.366
42 497 5 86.376
43 242 40 99.782
44 1373 18 11.306
45 1216 41 64.966
46 262 59 48.532
47 681 10 52.548
48 1224 60 77.377
49 294 2 88.673
50 1340 18 64.742
51 1309 35 65.755
52 784 39 57.464
53 1188 19 73.251
54 593 8 39.081
55 1196 52 52.010
56 609 32 71.367
57 1417 1 32.578
58 507 51 79.595
59 1162 21 9.384
60 419 56 49.646
61 126 31 72.528
62 323 30 83.626
63 695 39 44.034
64 475 43 23.540
65 191 58 16.004
66 368 28 14.616
67 1150 15 22.201
68 1049 34 96.357
69 776 31 36.266
70 688 39 92.056
71 1082 60 14.187
72 516 53 2.681
73 617 46 7.649
74 688 7 58.773
75 469 11 57.944
76 1256 10 75.400
77 562 34 55.941
78 1166 2 34.156
79 40 33 91.309
80 1097 54 53.721
81 202 57 57.679
82 1035 60 22.357
83 661 41 45.060
84 352 11 77.324
85 109 53 53.166
86 349 7 10.095
87 409 24 39.637
88 1299 18 40.547
89 547 28 33.871
90 795 23 69.930
91 102 2 55.008
92 199 3 92.781
93 747 37 73.443
94 1012 59 99.010
95 19 21 63.057
96 423 27 38.517
97 83 34 88.330
98 453 10 36.321
99 1335 7 23.192
100 824 16 90.500