100
1 496 45 60.674
2 1300 13 5.738
3 780 53 85.316
4 1081 37 21.204
5 179 29 16.958
6 999 41 74.927
7 714 21 27.731
8 550 2 82.897
9 776 40 35.718
10 1012 22 79.955
11 841 2 0.374
12 842 32 41.200
13 594 39 1.421
14 1247 5 46.691
15 989 34 27.802
16 179 27 34.602
17 1211 40 29.405
18 582 3 2.906
19 505 8 49.687
20 346 11 60.467
21 9 59 42.782
22 1185 48 23.195
23 542 1 96.738
24 834 8 90.385
25 1105 35 59.150
26 617 40 86.905
27 698 9 61.005
28 1360 13 99.057
29 103 37 79.020
30 1004 44 33.652
31 134 37 50.814
32 196 2 88.341
33 236 13 70.931
34 1405 38 10.746
35 694 10 19.503
36 994 9 75.619
37 1271 25 78.325
38 392 60 48.658
39 197 53 38.038
40 330 24 92.033
41 313 19 92.824
42 480 20 88.360
43 1137 41 82.129
44 576 44 94.044
45 494 47 29.882
46 1083 5 67.935
47 783 55 26.721
48 872 47 19.110
49 1342 28 36.706
50 1155 13 94.695
51 744 26 4.712
52 1184 13 7.923
53 349 44 42.246
54 182 21 25.455
55 1178 27 27.300
56 1184 1 95.316
57 670 1 9.576
58 250 54 43.919
59 850 32 95.742
60 1264 18 25.423
61 624 27 97.648
62 975 33 18.957
63 836 29 85.275
64 121 56 46.275
65 767 1 4.316
66 997 22 64.039
67 389 35 70.333
68 86 54 3.433
69 73 12 73.805
70 589 53 68.850
71 888 44 8.502
72 749 26 76.433
73 1440 38 12.663
74 530 36 91.641
75 24 56 71.397
76 1170 55 22.564
77 1139 24 13.842
78 141 48 93.703
79 1040 10 69.495
80 1113 12 35.407
81 993 43 0.948
82 854 43 27.783
83 709 48 8.515
84 685 16 97.148
85 198 25 7.249
86 1228 2 89.757
87 356 8 33.917
88 36 13 85.944
89 1196 10 15.595
90 889 24 26.926
91 413 18 85.934
92 1273 45 50.577
93 596 53 87.231
94 43 5 28.283
95 545 15 22.150
96 1102 59 47.411
97 353 25 38.897
98 1338 54 10.517
99 249 25 21.522
100 199 47 42.595