100
1 757 40 61.388
2 930 9 17.445
3 8 5 82.082
4 645 12 70.038
5 865 34 61.204
6 277 35 69.311
7 569 44 97.942
8 28 31 71.309
9 972 31 54.542
10 315 57 53.871
11 1 59 19.663
12 1000 57 35.255
13 318 36 86.255
14 1285 45 99.631
15 191 23 73.977
16 1440 17 10.108
17 1285 12 60.691
18 875 5 15.343
19 1110 29 64.899
20 646 14 78.492
21 847 42 59.545
22 413 1 30.513
23 673 38 37.297
24 1166 54 3.815
25 770 1 11.847
26 747 15 51.897
27 546 58 16.932
28 45 26 13.248
29 261 22 32.466
30 498 21 90.651
31 193 17 86.932
32 727 16 1.585
33 1363 50 20.676
34 318 15 28.041
35 1216 13 4.738
36 1187 50 14.949
37 548 27 93.513
38 231 29 36.591
39 60 52 67.667
40 788 29 28.514
41 552 9 91.645
42 104 1 76.417
43 804 6 65.989
44 1006 17 43.829
45 1117 27 37.205
46 233 39 46.995
47 1039 27 67.294
48 776 5 91.078
49 897 25 93.071
50 943 22 34.541
51 1074 30 70.271
52 528 38 37.217
53 1315 13 99.709
54 1414 36 81.656
55 1144 28 8.788
56 786 60 34.417
57 1048 54 56.076
58 895 6 9.386
59 43 21 83.375
60 155 48 54.331
61 81 59 5.844
62 1006 12 22.361
63 933 48 9.127
64 1204 43 58.180
65 142 58 1.337
66 81 3 0.530
67 364 55 60.168
68 684 13 54.744
69 1098 59 47.648
70 1057 33 12.471
71 930 46 85.479
72 1194 2 48.146
73 847 7 39.058
74 217 7 87.954
75 1436 27 82.997
76 501 37 96.991
77 533 12 34.589
78 153 37 79.370
79 1171 16 24.746
80 908 16 74.026
81 1384 55 51.196
82 1052 23 0.217
83 151 40 57.749
84 407 17 58.897
85 180 6 95.503
86 1056 36 54.603
87 944 22 31.008
88 781 18 17.405
89 665 55 0.614
90 430 3 20.606
91 1169 44 20.910
92 95 55 8.527
93 978 44 69.557
94 235 19 47.128
95 195 44 30.622
96 758 39 60.932
97 507 10 14.256
98 268 39 28.313
99 41 28 59.933
100 692 11 25.218