100
1 282 45 70.453
2 1058 19 3.695
3 1199 4 64.295
4 190 20 50.738
5 950 24 61.869
6 1227 34 91.062
7 1395 5 74.946
8 402 35 6.162
9 1041 28 6.408
10 280 4 49.279
11 583 14 1.662
12 806 12 85.045
13 47 33 82.763
14 820 16 15.566
15 1308 56 60.748
16 704 26 14.046
17 395 52 40.795
18 791 25 47.978
19 217 20 91.180
20 703 4 51.969
21 975 51 1.536
22 1013 40 63.112
23 82 36 96.165
24 980 2 46.433
25 699 11 56.496
26 794 30 80.302
27 920 14 53.068
28 969 23 74.877
29 364 56 39.010
30 239 21 31.908
31 1397 41 34.800
32 622 19 81.091
33 428 33 53.053
34 1239 13 2.849
35 317 5 15.324
36 1379 19 32.451
37 259 43 37.795
38 669 15 88.655
39 1360 30 60.828
40 1300 22 21.250
41 1310 38 12.693
42 306 4 40.151
43 541 20 56.109
44 376 40 78.320
45 1357 27 44.460
46 821 25 89.307
47 1329 59 47.336
48 69 49 8.015
49 706 35 57.072
50 1152 10 59.635
51 635 27 25.385
52 1156 55 22.529
53 687 36 63.945
54 91 36 91.374
55 526 42 66.282
56 1269 15 60.993
57 991 15 83.323
58 463 27 14.926
59 1336 19 61.263
60 480 49 32.748
61 778 20 64.255
62 1068 32 25.621
63 850 20 97.438
64 140 9 29.948
65 106 19 93.416
66 1278 43 51.780
67 380 19 2.648
68 1090 52 10.974
69 1230 24 61.921
70 671 46 18.120
71 1315 38 90.542
72 109 35 0.695
73 42 47 50.456
74 984 46 4.429
75 479 1 65.835
76 499 25 80.008
77 889 2 13.089
78 202 25 85.280
79 996 33 80.859
80 1394 17 77.575
81 1438 15 26.158
82 222 57 97.317
83 717 57 35.602
84 533 49 93.011
85 912 27 23.010
86 1099 7 53.839
87 623 52 93.702
88 1291 55 30.517
89 576 47 40.987
90 874 19 55.104
91 1187 58 66.311
92 145 33 78.944
93 1029 15 0.455
94 1061 58 77.181
95 954 41 70.137
96 1038 17 68.596
97 1181 12 58.828
98 328 5 37.054
99 116 10 38.065
100 760 2 49.977