100
1 1050 15 76.072
2 23 20 88.480
3 891 26 16.089
4 1344 2 28.846
5 962 12 91.346
6 215 6 43.125
7 846 46 16.231
8 707 42 49.703
9 818 53 57.106
10 1085 42 43.116
11 1152 25 83.491
12 337 10 2.592
13 1001 38 10.379
14 1012 52 9.202
15 927 26 41.180
16 948 30 49.392
17 137 50 5.862
18 856 5 55.842
19 424 46 76.773
20 158 52 58.174
21 76 55 43.414
22 1243 4 39.518
23 550 10 19.377
24 1111 15 87.633
25 826 25 20.658
26 1241 23 83.117
27 49 12 53.533
28 762 15 39.886
29 1380 1 19.525
30 966 55 8.363
31 852 55 99.574
32 1410 46 92.490
33 996 41 31.916
34 783 33 33.515
35 1220 11 28.335
36 41 15 47.158
37 304 9 41.044
38 146 53 15.001
39 1287 48 26.134
40 655 4 28.911
41 529 13 36.384
42 488 21 4.754
43 89 2 1.308
44 1312 41 55.750
45 572 15 26.331
46 676 12 2.228
47 625 28 76.225
48 1350 53 54.492
49 1255 38 54.800
50 130 19 67.359
51 739 19 16.867
52 967 31 30.167
53 585 56 16.350
54 1312 37 53.964
55 215 57 75.662
56 1040 14 68.494
57 815 40 4.359
58 792 53 42.076
59 737 50 43.386
60 823 52 71.224
61 235 60 46.708
62 1332 51 14.115
63 805 38 40.080
64 61 57 64.817
65 876 37 73.400
66 621 9 63.720
67 471 35 26.062
68 998 29 78.276
69 21 40 20.965
70 201 36 56.494
71 762 26 24.994
72 398 2 97.876
73 1230 23 94.450
74 462 11 38.738
75 546 19 42.920
76 1221 33 29.089
77 628 1 5.816
78 869 19 67.244
79 321 15 61.152
80 482 43 27.059
81 195 5 76.377
82 836 24 74.707
83 1113 47 86.285
84 1044 25 52.022
85 766 54 21.342
86 1238 54 69.826
87 913 51 20.437
88 1311 14 39.224
89 738 11 1.953
90 514 22 41.900
91 274 46 21.193
92 197 39 43.915
93 828 40 23.008
94 1022 2 79.169
95 1050 27 35.907
96 532 2 40.628
97 341 27 25.856
98 1356 45 24.386
99 943 44 63.026
100 84 29 24.195