100
1 78 11 67.907
2 730 29 61.193
3 306 39 47.325
4 612 58 60.034
5 610 34 80.285
6 307 12 6.156
7 1158 60 1.881
8 684 22 59.280
9 1418 23 68.823
10 1042 51 65.153
11 907 54 21.915
12 485 3 65.843
13 1317 49 60.472
14 421 12 41.168
15 710 35 39.783
16 1294 50 49.295
17 673 37 61.034
18 798 15 73.869
19 543 56 8.377
20 1138 29 99.332
21 683 52 23.600
22 1336 36 5.298
23 791 41 84.592
24 651 33 87.769
25 1011 46 40.698
26 553 37 48.416
27 1179 14 12.445
28 1272 13 72.325
29 804 33 93.433
30 285 50 41.687
31 164 42 99.781
32 836 50 57.249
33 560 38 49.802
34 892 41 65.734
35 618 18 47.045
36 1109 40 59.718
37 370 41 96.888
38 166 21 39.977
39 1339 13 37.070
40 857 33 47.331
41 1354 18 67.387
42 925 31 58.532
43 725 54 91.825
44 971 15 35.210
45 1089 40 47.870
46 560 8 16.984
47 1038 26 82.896
48 1028 34 68.558
49 1063 4 34.628
50 333 31 78.677
51 595 20 58.644
52 420 24 11.163
53 771 53 19.527
54 700 29 79.038
55 613 25 13.780
56 1151 49 43.404
57 744 59 5.149
58 1312 29 80.258
59 517 8 20.525
60 1146 40 2.329
61 65 9 80.411
62 450 54 80.502
63 838 55 30.084
64 454 5 73.357
65 943 3 46.140
66 476 15 50.716
67 215 45 41.661
68 25 38 77.813
69 509 6 12.228
70 335 19 77.811
71 1138 52 22.830
72 196 45 6.671
73 1227 58 57.318
74 896 44 48.581
75 1351 10 52.242
76 268 2 28.813
77 537 59 1.516
78 897 15 21.123
79 1162 22 64.594
80 970 20 78.869
81 1152 48 93.756
82 949 2 17.523
83 617 24 63.566
84 1236 60 62.043
85 656 29 1.235
86 271 34 77.557
87 531 60 74.409
88 1366 14 66.630
89 299 11 99.830
90 1270 51 62.982
91 600 55 4.437
92 925 52 76.435
93 780 16 2.208
94 659 21 93.155
95 38 39 69.193
96 699 55 28.493
97 468 6 73.518
98 524 39 39.040
99 805 52 44.800
100 1429 54 74.984