100
1 727 36 95.872
2 297 4 88.451
3 770 55 6.900
4 1207 18 58.443
5 591 3 67.820
6 887 22 91.018
7 55 16 58.615
8 332 16 39.614
9 600 53 65.603
10 371 15 0.488
11 680 12 60.995
12 151 4 29.624
13 541 52 19.669
14 888 15 29.037
15 1179 5 97.299
16 431 14 99.840
17 113 40 27.966
18 270 10 77.074
19 187 27 77.809
20 1064 36 24.865
21 968 46 9.290
22 615 60 80.099
23 505 56 28.300
24 1248 24 30.124
25 476 26 77.529
26 702 47 56.216
27 776 33 31.207
28 1366 52 77.561
29 1295 38 63.409
30 1087 11 89.637
31 457 18 64.147
32 923 56 0.316
33 923 29 13.480
34 1378 14 71.225
35 129 55 0.778
36 809 53 28.680
37 156 58 84.278
38 746 3 61.151
39 442 18 72.709
40 154 37 18.213
41 999 39 49.620
42 1236 7 50.410
43 1166 38 43.765
44 876 41 85.790
45 1227 44 74.012
46 361 46 52.275
47 1107 54 55.798
48 51 60 90.741
49 645 20 5.838
50 993 54 19.104
51 389 27 44.629
52 397 1 82.428
53 866 58 74.044
54 1430 34 38.055
55 82 22 70.568
56 864 5 35.762
57 531 57 76.763
58 1097 46 67.602
59 1420 26 50.445
60 171 33 4.587
61 124 6 33.892
62 937 59 58.340
63 1006 59 73.593
64 351 30 48.903
65 452 55 89.513
66 92 36 20.693
67 949 3 31.830
68 1102 13 1.876
69 1395 39 48.741
70 560 18 22.405
71 550 47 15.461
72 720 47 45.159
73 1030 14 14.715
74 675 51 28.752
75 109 53 64.023
76 576 35 49.690
77 137 43 8.784
78 1286 57 57.825
79 276 36 94.859
80 765 40 15.818
81 370 48 73.615
82 252 38 15.272
83 616 3 6.923
84 166 2 1.162
85 790 2 62.887
86 817 27 69.695
87 186 6 64.980
88 108 58 33.343
89 51 27 63.581
90 581 45 35.610
91 1177 29 7.138
92 162 2 12.117
93 964 35 36.511
94 336 40 48.806
95 228 57 71.808
96 814 29 63.879
97 52 49 40.472
98 1372 34 12.694
99 51 54 49.036
100 243 40 29.125