100
1 212 11 99.304
2 998 49 23.781
3 776 18 92.425
4 1440 4 71.151
5 741 20 14.910
6 1261 4 40.301
7 310 49 61.315
8 410 33 50.413
9 319 3 88.867
10 1001 45 92.422
11 1320 60 51.338
12 700 20 29.661
13 1253 29 43.757
14 924 45 97.906
15 459 40 78.343
16 1292 28 28.875
17 257 12 10.371
18 717 31 52.130
19 416 34 37.456
20 149 15 4.450
21 1302 50 28.384
22 147 40 24.307
23 787 30 77.555
24 499 4 76.148
25 61 43 15.467
26 81 33 94.791
27 136 12 24.704
28 1221 23 40.311
29 1427 13 29.365
30 823 27 45.191
31 503 6 50.862
32 138 51 3.625
33 693 32 66.313
34 1007 5 34.824
35 768 54 3.403
36 141 52 9.897
37 1399 29 20.468
38 1144 16 31.901
39 1162 32 21.189
40 222 41 79.079
41 768 33 70.649
42 535 27 79.760
43 823 16 59.205
44 846 35 69.370
45 1198 20 93.870
46 267 37 38.411
47 70 8 21.696
48 117 2 50.292
49 572 50 97.425
50 192 51 85.706
51 730 59 19.951
52 809 37 77.865
53 86 37 80.443
54 615 5 11.781
55 707 26 36.539
56 821 19 67.382
57 662 7 17.061
58 1026 19 73.055
59 781 30 10.757
60 1132 54 15.886
61 1357 28 18.575
62 1387 39 24.793
63 1402 59 81.782
64 234 42 49.248
65 892 54 75.524
66 452 4 99.376
67 154 58 25.979
68 1164 24 58.270
69 859 59 40.810
70 250 54 62.447
71 192 3 23.992
72 1033 42 20.066
73 228 6 14.418
74 1286 10 61.267
75 375 46 25.849
76 677 47 35.280
77 779 25 9.780
78 564 34 39.156
79 219 34 16.249
80 329 39 58.774
81 1440 15 99.321
82 635 18 47.741
83 667 51 24.448
84 973 59 27.755
85 589 21 71.675
86 686 29 9.132
87 794 37 7.097
88 1049 46 79.505
89 866 30 24.768
90 1364 9 22.743
91 84 35 83.498
92 1220 4 22.209
93 1324 16 57.971
94 34 35 69.986
95 797 14 33.988
96 332 54 58.772
97 138 8 63.301
98 1328 30 1.985
99 638 34 46.183
100 1308 3 12.435