100
1 497 58 52.207
2 1143 5 49.199
3 753 39 51.642
4 90 9 41.447
5 389 57 23.235
6 41 60 93.508
7 233 8 24.745
8 670 54 93.808
9 930 55 13.540
10 955 6 18.049
11 908 21 89.265
12 941 8 81.453
13 280 25 47.951
14 59 41 10.470
15 814 49 26.674
16 300 54 66.194
17 365 20 89.802
18 76 38 78.823
19 47 41 16.791
20 1369 28 94.458
21 528 5 82.086
22 1291 2 52.411
23 894 45 30.302
24 1195 31 35.312
25 73 39 55.503
26 254 16 19.778
27 481 12 65.968
28 1040 22 51.237
29 22 51 79.026
30 1017 24 84.007
31 1045 57 96.616
32 157 23 48.073
33 1250 47 74.906
34 817 6 24.005
35 1081 1 50.253
36 212 24 0.118
37 880 8 24.579
38 211 17 89.703
39 352 19 58.279
40 1134 51 28.463
41 1334 47 55.286
42 929 52 53.637
43 360 2 41.753
44 977 33 10.454
45 893 39 7.601
46 349 1 2.061
47 491 49 89.052
48 146 1 66.622
49 327 52 69.925
50 583 32 98.877
51 1033 54 73.026
52 1289 2 66.638
53 647 13 16.868
54 753 51 0.313
55 883 47 43.902
56 644 39 46.681
57 313 33 97.914
58 552 41 34.535
59 494 13 63.726
60 780 6 12.010
61 829 11 69.709
62 488 5 74.823
63 979 35 34.993
64 194 39 45.869
65 523 39 16.453
66 1370 32 24.938
67 907 6 26.730
68 921 11 55.374
69 769 31 43.653
70 1359 58 30.893
71 1114 57 20.881
72 470 57 34.487
73 141 57 70.199
74 385 50 37.567
75 1250 59 55.881
76 1070 45 88.016
77 1225 8 21.156
78 622 26 62.323
79 874 9 80.167
80 374 30 92.860
81 717 32 28.950
82 794 27 13.517
83 1410 38 7.275
84 1197 29 1.575
85 1196 58 86.707
86 447 3 96.542
87 779 18 68.683
88 975 15 88.495
89 286 47 3.132
90 1415 18 42.206
91 175 55 91.786
92 608 31 72.444
93 984 21 87.972
94 1208 34 63.359
95 1164 11 16.469
96 1016 26 40.232
97 599 21 55.166
98 1378 32 29.296
99 994 43 14.162
100 244 34 4.846