100
1 1144 11 88.780
2 1058 47 33.851
3 1394 40 84.874
4 1318 41 72.323
5 741 60 70.861
6 942 9 19.659
7 33 6 92.812
8 520 48 93.766
9 312 3 77.958
10 450 31 93.583
11 106 18 47.672
12 707 35 92.805
13 672 25 91.885
14 1415 15 13.153
15 955 53 14.924
16 1314 55 73.016
17 1056 44 20.788
18 834 57 99.896
19 884 25 51.241
20 744 35 67.795
21 376 40 92.303
22 311 34 37.203
23 46 26 93.607
24 110 54 7.846
25 958 48 43.941
26 19 13 22.562
27 2 33 52.588
28 495 60 70.419
29 425 56 52.078
30 570 3 86.717
31 1213 53 33.276
32 1347 19 63.511
33 202 21 37.167
34 795 28 25.391
35 988 25 74.861
36 274 44 27.465
37 1017 4 17.592
38 1151 45 4.138
39 1182 55 31.704
40 1280 31 39.513
41 604 41 33.349
42 1184 15 40.605
43 1375 4 34.099
44 1124 37 27.121
45 102 6 55.880
46 1186 12 71.578
47 352 42 94.624
48 1054 34 10.127
49 769 14 73.778
50 324 54 38.528
51 1379 8 52.991
52 206 28 78.896
53 722 15 80.170
54 89 38 24.364
55 1060 1 62.494
56 1069 35 53.963
57 782 24 14.275
58 1028 2 2.693
59 1164 57 31.564
60 1044 53 13.166
61 1121 20 48.185
62 1241 50 94.618
63 74 26 50.835
64 467 30 97.155
65 224 47 3.506
66 718 9 87.752
67 503 36 21.008
68 1159 23 32.971
69 31 40 94.435
70 333 36 40.805
71 938 52 23.381
72 802 29 80.984
73 483 32 90.697
74 697 53 92.409
75 1117 3 58.672
76 1431 20 55.351
77 138 38 66.024
78 1382 40 13.819
79 771 10 56.988
80 1031 13 82.287
81 1331 38 6.245
82 297 60 49.980
83 482 31 36.401
84 84 35 43.283
85 1407 10 41.430
86 953 25 27.446
87 738 54 32.124
88 909 35 50.672
89 1207 46 86.662
90 428 38 29.738
91 1218 23 72.168
92 840 5 8.960
93 688 37 12.774
94 188 19 6.562
95 1289 39 5.313
96 546 53 59.943
97 937 57 22.612
98 388 52 22.106
99 251 49 32.984
100 811 5 94.019