100
1 667 20 95.625
2 1299 9 15.631
3 469 10 73.390
4 313 50 92.557
5 673 22 90.391
6 592 30 45.132
7 151 56 56.990
8 215 47 32.641
9 526 53 82.146
10 1065 34 49.745
11 962 34 91.172
12 289 52 95.948
13 1100 21 77.466
14 575 42 91.779
15 615 41 40.162
16 873 31 0.249
17 1126 14 88.817
18 1259 29 12.144
19 1128 4 75.082
20 591 13 53.906
21 492 30 99.361
22 560 23 31.075
23 462 27 17.864
24 494 42 16.459
25 1301 48 42.555
26 651 35 30.619
27 628 11 0.326
28 431 46 50.990
29 755 28 32.967
30 1030 14 12.409
31 825 23 51.532
32 232 40 6.015
33 349 35 73.204
34 517 26 78.659
35 380 58 80.990
36 1420 9 54.360
37 1293 16 52.129
38 820 40 48.808
39 1400 21 12.676
40 1192 42 73.683
41 901 36 76.647
42 1321 15 4.001
43 615 38 12.154
44 352 60 42.624
45 158 29 25.679
46 767 43 16.190
47 779 19 28.271
48 474 22 43.987
49 430 18 45.332
50 969 54 34.944
51 842 58 19.900
52 1114 27 32.654
53 638 11 37.734
54 544 5 71.681
55 353 50 76.386
56 265 31 91.325
57 670 47 90.296
58 1059 50 81.399
59 1381 57 56.183
60 1088 35 2.211
61 569 14 52.743
62 1198 11 74.856
63 224 39 40.953
64 628 16 27.505
65 312 55 6.742
66 771 42 51.411
67 1431 7 62.954
68 1129 36 62.718
69 1151 38 47.896
70 977 18 21.999
71 26 47 93.671
72 828 40 23.024
73 1158 49 78.598
74 695 11 6.518
75 433 49 14.290
76 980 51 78.526
77 382 49 95.698
78 1117 42 94.731
79 277 49 45.292
80 1185 9 79.520
81 257 29 99.350
82 1062 14 51.334
83 953 30 41.538
84 1050 35 84.125
85 85 19 76.426
86 101 30 89.652
87 4 53 43.596
88 1219 32 33.040
89 1322 1 67.154
90 640 40 60.242
91 359 3 37.063
92 1418 29 53.447
93 144 38 97.533
94 902 8 45.047
95 581 23 19.445
96 793 42 37.613
97 1161 50 94.572
98 1345 25 63.648
99 552 37 13.317
100 1185 36 10.980