100
1 711 37 93.351
2 561 16 77.235
3 714 27 62.721
4 982 27 0.902
5 1007 10 88.798
6 398 12 17.862
7 198 2 20.401
8 716 21 92.998
9 713 36 7.734
10 892 48 23.065
11 1344 24 55.892
12 990 56 28.406
13 73 48 31.138
14 1215 26 89.365
15 414 2 25.768
16 1042 18 97.980
17 449 60 46.927
18 379 43 66.823
19 529 14 23.772
20 530 30 30.087
21 330 3 25.246
22 1244 23 43.039
23 407 10 32.685
24 920 36 13.947
25 501 40 54.968
26 585 8 67.863
27 1070 31 78.757
28 430 10 93.245
29 1010 46 11.723
30 571 39 9.408
31 697 1 65.187
32 165 48 20.156
33 1251 10 74.725
34 1062 38 55.689
35 1112 60 1.651
36 1124 2 1.203
37 730 14 99.544
38 252 11 42.398
39 158 52 44.019
40 1164 53 24.305
41 1097 41 52.914
42 15 45 88.446
43 1412 31 67.975
44 82 8 46.700
45 1048 59 3.889
46 910 21 30.466
47 1166 44 11.807
48 405 49 68.138
49 138 16 69.044
50 1104 45 70.619
51 257 25 64.442
52 796 17 44.788
53 1410 15 69.160
54 369 24 86.414
55 1342 14 58.451
56 393 41 31.871
57 660 1 88.856
58 1092 42 27.160
59 895 38 73.929
60 887 38 25.262
61 1262 3 63.394
62 1063 39 64.554
63 588 45 47.516
64 200 37 82.892
65 635 42 56.015
66 209 4 57.221
67 1295 59 95.922
68 351 49 35.624
69 7 22 51.063
70 136 59 92.447
71 1135 4 26.143
72 683 30 78.604
73 1209 43 20.840
74 795 41 31.361
75 272 60 41.164
76 271 9 79.067
77 653 56 56.677
78 910 14 52.674
79 807 21 3.363
80 181 7 97.114
81 791 23 11.152
82 537 13 12.873
83 976 19 54.760
84 655 9 25.973
85 377 20 50.641
86 170 24 45.223
87 1210 39 94.793
88 74 25 16.818
89 966 10 91.523
90 462 42 66.514
91 40 33 46.547
92 858 25 5.853
93 362 48 16.130
94 79 38 87.590
95 73 56 69.666
96 842 13 59.780
97 1117 33 88.336
98 63 9 19.914
99 1121 37 16.274
100 950 47 93.783