100
1 827 32 14.948
2 621 30 71.279
3 1347 13 7.981
4 1035 31 1.800
5 291 2 97.079
6 848 48 11.613
7 1355 4 61.377
8 391 48 29.787
9 293 7 68.447
10 705 36 74.741
11 1232 12 35.450
12 506 34 63.558
13 224 37 28.128
14 911 55 68.863
15 1155 42 40.327
16 455 50 75.159
17 942 57 30.537
18 138 57 46.950
19 673 47 75.622
20 1108 5 55.428
21 394 48 82.778
22 898 13 9.741
23 732 30 67.560
24 676 60 68.328
25 603 6 2.261
26 1182 39 66.295
27 1252 34 33.799
28 241 55 38.913
29 262 16 66.788
30 320 14 26.497
31 1387 36 71.523
32 6 56 86.863
33 565 57 20.064
34 343 54 75.427
35 1261 3 70.531
36 298 22 44.134
37 338 59 99.340
38 610 5 37.044
39 124 44 57.625
40 579 50 36.982
41 650 43 42.502
42 1011 51 91.352
43 282 45 91.817
44 715 28 9.647
45 1412 19 90.772
46 59 21 40.905
47 954 25 22.606
48 374 8 2.144
49 99 27 67.118
50 534 55 39.487
51 1420 13 31.252
52 659 31 81.604
53 918 31 21.482
54 822 9 70.514
55 561 58 96.799
56 516 22 73.400
57 207 51 14.181
58 559 5 68.989
59 570 28 87.857
60 1428 3 36.147
61 966 47 8.094
62 1420 39 10.662
63 809 57 39.592
64 240 46 72.533
65 437 48 86.542
66 587 36 50.749
67 839 33 46.896
68 15 41 78.658
69 916 13 87.689
70 104 55 78.964
71 336 46 84.991
72 761 1 46.614
73 322 57 93.830
74 618 57 2.778
75 1424 32 8.410
76 318 16 37.097
77 1041 57 8.846
78 70 42 91.279
79 353 51 34.456
80 63 2 1.945
81 770 8 47.362
82 658 48 84.556
83 1226 35 80.467
84 982 45 11.942
85 242 14 94.615
86 1388 22 27.389
87 1426 33 65.714
88 674 3 19.638
89 1156 59 56.813
90 581 9 24.207
91 703 14 26.538
92 68 29 95.663
93 183 8 23.688
94 1163 5 8.928
95 502 37 33.780
96 271 37 39.721
97 1188 16 84.713
98 84 27 50.497
99 855 35 19.447
100 638 10 89.646