100
1 1262 20 21.214
2 1268 15 25.685
3 505 46 86.534
4 226 18 90.890
5 1374 38 58.106
6 1241 12 7.693
7 554 23 55.905
8 120 19 2.842
9 1420 6 64.922
10 1167 1 29.214
11 989 51 33.627
12 1439 29 67.197
13 1048 50 71.671
14 1002 5 22.937
15 26 17 40.652
16 1173 50 32.509
17 1034 10 0.340
18 652 11 27.462
19 624 7 14.622
20 936 11 14.223
21 94 11 67.244
22 493 54 46.979
23 783 14 31.526
24 589 13 45.762
25 133 40 64.286
26 1216 39 79.606
27 1250 29 70.351
28 1311 3 23.632
29 129 59 12.947
30 1032 48 96.527
31 1254 56 47.668
32 274 60 32.053
33 1068 33 34.104
34 565 47 29.180
35 1042 16 26.919
36 195 9 22.986
37 851 6 67.619
38 710 48 14.596
39 120 13 64.128
40 588 25 62.926
41 1088 41 44.344
42 854 6 14.467
43 1011 38 77.050
44 1115 10 61.913
45 481 42 5.644
46 838 27 82.762
47 1164 35 54.000
48 68 34 19.006
49 1213 14 50.549
50 399 41 35.230
51 885 7 20.854
52 1291 11 83.978
53 193 14 11.610
54 472 34 72.480
55 456 15 84.897
56 1407 40 90.248
57 369 43 5.270
58 617 30 61.503
59 233 43 67.356
60 1056 58 75.218
61 207 14 58.307
62 695 13 29.251
63 634 53 33.440
64 468 5 44.850
65 1338 3 41.753
66 335 52 46.882
67 787 14 61.029
68 1103 7 29.948
69 654 17 96.189
70 353 34 14.982
71 821 57 20.689
72 249 24 84.012
73 1236 25 43.578
74 618 24 92.245
75 1333 4 42.501
76 105 34 79.209
77 1218 43 65.640
78 1172 9 25.442
79 492 26 98.246
80 737 32 98.775
81 1135 22 59.769
82 1049 7 40.212
83 183 10 43.641
84 1109 41 28.765
85 1022 15 16.664
86 2 39 93.647
87 264 40 46.086
88 1253 6 73.602
89 651 6 87.510
90 110 34 1.016
91 1151 1 1.101
92 1228 43 65.150
93 1164 35 64.305
94 1035 58 69.045
95 1239 45 35.508
96 53 27 11.039
97 1191 21 51.045
98 980 59 69.181
99 1371 49 60.415
100 850 29 5.389