100
1 558 20 3.149
2 349 54 26.728
3 585 4 42.675
4 224 54 81.255
5 688 28 28.053
6 1059 42 22.937
7 1364 43 37.927
8 270 46 70.993
9 731 24 97.282
10 1279 16 96.426
11 1283 41 21.621
12 1161 35 19.937
13 587 36 45.675
14 318 7 83.789
15 798 16 38.246
16 1036 4 69.475
17 252 6 46.128
18 394 52 71.216
19 1116 26 58.883
20 1097 31 39.914
21 797 5 86.028
22 1327 19 14.886
23 976 23 37.118
24 147 5 54.601
25 198 13 25.366
26 245 40 71.828
27 823 52 55.827
28 298 28 79.029
29 1104 12 9.345
30 799 10 69.537
31 602 44 90.633
32 972 11 52.845
33 1438 48 80.029
34 798 1 45.709
35 467 50 76.550
36 1129 54 42.988
37 119 17 46.927
38 672 34 12.580
39 494 10 23.243
40 251 3 83.903
41 687 35 38.936
42 1191 40 4.164
43 671 3 64.332
44 1043 25 62.653
45 1404 38 94.063
46 1330 19 51.046
47 801 3 23.589
48 1125 11 17.677
49 1379 14 14.562
50 1408 15 48.425
51 781 25 99.257
52 1253 5 71.455
53 1431 32 14.790
54 947 28 49.581
55 194 58 11.952
56 930 14 60.340
57 708 43 25.175
58 1222 12 29.919
59 910 23 71.161
60 681 40 80.650
61 902 43 0.691
62 229 41 89.754
63 1148 37 17.600
64 1059 24 33.616
65 1060 30 98.372
66 24 52 96.959
67 314 1 35.666
68 1422 12 50.563
69 360 18 14.620
70 455 4 19.659
71 696 6 65.883
72 585 43 72.716
73 1108 8 55.461
74 928 6 7.808
75 26 29 63.883
76 1249 57 23.045
77 485 8 53.187
78 546 51 65.118
79 1012 58 41.752
80 859 44 83.455
81 1118 57 24.306
82 466 4 41.174
83 179 23 82.570
84 1394 57 78.218
85 1153 31 45.045
86 1086 4 84.317
87 626 55 4.043
88 835 24 67.707
89 916 19 37.870
90 538 22 77.297
91 206 26 90.356
92 876 6 30.531
93 1342 57 33.008
94 282 29 34.495
95 39 42 74.487
96 634 43 94.812
97 1009 42 65.576
98 1280 26 42.679
99 1354 40 33.245
100 1344 17 54.130