100
1 1177 39 30.475
2 244 30 53.825
3 873 39 17.936
4 1005 27 2.323
5 1166 37 28.864
6 480 43 96.299
7 716 6 41.421
8 1096 57 3.301
9 398 10 81.858
10 844 47 1.524
11 247 17 79.042
12 54 49 80.573
13 26 53 23.476
14 229 22 7.369
15 1236 44 57.035
16 745 47 4.385
17 675 6 53.273
18 23 18 62.381
19 580 50 56.787
20 1186 37 55.762
21 331 27 1.212
22 398 16 12.790
23 199 1 84.055
24 694 41 13.695
25 690 11 99.421
26 1274 8 68.481
27 624 34 42.003
28 847 25 3.726
29 956 44 82.251
30 1145 17 33.583
31 1080 38 24.689
32 608 10 34.786
33 984 3 21.951
34 1218 49 89.075
35 1319 20 70.808
36 1090 17 34.687
37 1302 16 63.771
38 24 45 25.125
39 79 42 64.647
40 869 59 42.040
41 660 39 65.898
42 593 12 88.891
43 352 33 82.904
44 502 29 50.289
45 679 55 57.763
46 742 53 51.871
47 1161 24 67.130
48 1378 6 47.924
49 389 36 27.665
50 70 20 13.762
51 722 22 49.645
52 170 26 21.361
53 511 16 85.801
54 1189 12 97.206
55 994 30 56.471
56 971 11 75.996
57 351 16 91.021
58 615 25 92.041
59 682 1 62.062
60 848 1 89.949
61 977 21 19.851
62 1407 58 15.108
63 661 51 31.866
64 347 58 9.811
65 1022 32 47.812
66 525 6 39.046
67 137 45 89.678
68 160 52 75.298
69 384 10 51.978
70 1301 10 44.019
71 599 58 51.186
72 739 41 35.458
73 1415 44 85.488
74 437 34 51.416
75 895 60 8.072
76 378 55 98.047
77 234 25 14.433
78 111 4 77.401
79 1171 3 44.425
80 735 26 61.855
81 584 56 47.131
82 153 14 61.938
83 64 6 31.256
84 492 42 84.655
85 616 52 54.683
86 843 11 16.294
87 1377 43 11.257
88 68 17 64.054
89 1314 8 69.297
90 953 57 21.918
91 65 36 99.071
92 867 11 40.629
93 138 14 35.930
94 864 23 49.364
95 533 57 19.097
96 29 21 31.233
97 621 11 80.146
98 974 32 27.041
99 684 56 7.251
100 810 36 58.387