100
1 371 12 21.914
2 949 36 8.163
3 258 53 67.380
4 652 26 62.281
5 617 13 47.000
6 1360 23 4.997
7 1166 54 27.157
8 650 30 54.329
9 1343 16 46.317
10 888 30 73.123
11 641 59 79.764
12 1079 45 96.884
13 608 47 85.605
14 833 32 54.661
15 1297 19 54.947
16 216 29 14.858
17 789 50 66.744
18 1263 55 16.617
19 920 45 60.808
20 685 37 50.812
21 1075 16 5.093
22 1194 44 98.485
23 615 24 19.538
24 1116 41 65.932
25 277 29 9.037
26 590 40 10.456
27 721 36 17.908
28 1043 27 89.205
29 479 37 97.126
30 351 38 3.718
31 740 25 26.602
32 279 11 66.514
33 605 16 27.980
34 1275 47 7.953
35 186 16 28.448
36 777 31 8.299
37 341 16 62.725
38 397 12 31.216
39 369 55 47.110
40 750 35 44.801
41 170 23 49.850
42 272 27 85.808
43 945 48 76.221
44 137 31 28.319
45 744 54 98.203
46 929 4 71.892
47 1103 52 61.355
48 153 55 12.841
49 365 11 60.943
50 868 47 44.035
51 1047 60 60.215
52 136 33 14.141
53 1249 36 70.997
54 1216 28 33.944
55 123 34 9.201
56 1359 57 18.789
57 867 19 35.049
58 401 57 67.904
59 1256 11 72.024
60 486 24 89.495
61 168 16 93.308
62 389 54 83.848
63 824 45 52.790
64 1257 4 79.217
65 1354 15 2.731
66 415 16 93.789
67 1249 42 97.250
68 735 5 45.329
69 686 15 74.743
70 980 10 19.705
71 355 25 70.278
72 487 35 84.259
73 662 44 76.710
74 985 40 48.731
75 1097 49 32.579
76 1053 44 35.923
77 86 21 7.495
78 400 38 91.685
79 1406 41 73.662
80 836 34 59.995
81 864 55 7.318
82 822 59 70.969
83 887 40 17.887
84 400 14 27.749
85 51 58 52.406
86 224 60 69.611
87 1313 48 43.255
88 682 55 37.839
89 1421 23 29.824
90 798 6 69.227
91 904 12 29.703
92 62 28 26.781
93 1140 4 31.724
94 470 29 40.247
95 736 54 32.480
96 548 1 74.666
97 1352 41 25.878
98 1128 32 24.435
99 1029 25 87.634
100 246 23 60.559