100
1 814 27 23.743
2 242 31 64.040
3 514 11 57.591
4 507 24 94.325
5 566 1 4.201
6 192 9 77.471
7 329 21 79.294
8 892 59 43.655
9 109 42 68.139
10 366 42 39.472
11 203 44 34.475
12 1289 16 99.187
13 1275 22 92.791
14 1052 39 80.273
15 988 13 45.185
16 487 25 14.115
17 74 26 72.418
18 1313 12 17.351
19 438 9 63.677
20 781 2 1.039
21 1191 34 94.993
22 565 55 77.723
23 1259 9 96.494
24 1250 38 48.680
25 1345 36 79.561
26 122 12 39.368
27 1219 22 77.709
28 1335 60 63.731
29 921 4 54.943
30 1402 40 3.213
31 115 20 9.904
32 55 38 48.861
33 557 21 20.554
34 330 21 17.788
35 1039 57 93.997
36 565 44 17.189
37 365 23 99.055
38 359 47 44.649
39 748 20 45.470
40 288 28 33.193
41 1387 23 24.225
42 627 59 67.719
43 902 10 49.998
44 450 37 15.608
45 200 20 75.311
46 96 51 4.135
47 240 20 81.999
48 330 41 35.280
49 87 11 34.450
50 692 4 89.802
51 328 6 3.862
52 353 51 67.970
53 153 38 13.478
54 488 53 5.664
55 1334 49 35.697
56 17 23 35.018
57 367 33 6.186
58 686 13 23.782
59 899 14 65.817
60 644 52 36.517
61 688 46 19.256
62 1367 51 58.035
63 398 14 51.806
64 1265 57 53.869
65 254 59 96.507
66 857 53 33.344
67 1017 41 43.578
68 1001 60 17.480
69 858 2 86.188
70 1140 22 1.260
71 149 40 80.821
72 302 58 12.852
73 270 15 67.203
74 1302 46 95.807
75 1347 24 86.415
76 997 26 30.448
77 349 7 75.684
78 674 47 79.846
79 428 29 87.749
80 317 3 35.576
81 331 14 53.889
82 1063 36 57.577
83 775 21 2.120
84 159 30 41.986
85 863 17 47.852
86 556 12 27.609
87 497 54 83.047
88 341 4 60.018
89 869 53 39.245
90 1425 15 67.856
91 80 15 18.154
92 393 38 89.290
93 369 11 42.640
94 563 55 24.882
95 1098 36 26.046
96 1066 2 99.531
97 1326 16 96.435
98 989 19 49.177
99 525 48 2.416
100 22 47 29.996