100
1 312 49 90.966
2 330 17 93.588
3 1113 4 20.030
4 1007 59 70.890
5 1255 10 30.673
6 684 33 9.771
7 74 23 16.156
8 461 42 39.109
9 46 56 63.461
10 1311 34 35.732
11 1081 53 16.280
12 233 13 80.868
13 1063 30 1.367
14 653 44 86.105
15 1336 8 79.544
16 1309 8 91.632
17 791 36 64.652
18 178 24 82.114
19 305 40 78.986
20 1360 50 19.768
21 1 12 46.220
22 49 53 82.503
23 1214 15 83.275
24 44 18 30.121
25 1141 59 57.570
26 321 1 27.541
27 204 18 35.588
28 1382 17 74.002
29 190 41 58.357
30 1248 15 18.567
31 735 18 80.190
32 100 17 10.061
33 330 14 0.817
34 164 8 73.581
35 1143 10 65.558
36 598 39 66.430
37 635 27 89.701
38 82 4 42.542
39 1359 6 96.128
40 1426 46 20.963
41 963 12 94.582
42 1351 13 12.684
43 511 56 18.239
44 1437 57 98.593
45 924 6 37.834
46 1428 16 43.114
47 849 60 32.098
48 372 28 35.495
49 1408 41 83.611
50 151 6 2.071
51 1111 57 83.797
52 1290 55 20.427
53 1177 48 86.951
54 469 60 56.163
55 605 49 68.676
56 982 34 14.716
57 848 3 37.726
58 406 11 60.650
59 1159 47 23.464
60 1349 33 6.381
61 465 31 7.621
62 899 36 97.407
63 209 32 14.439
64 159 38 79.944
65 350 37 50.046
66 557 22 85.289
67 600 35 51.308
68 543 53 46.203
69 1380 30 80.783
70 1029 36 76.099
71 1111 53 99.095
72 312 27 95.275
73 1215 4 10.059
74 1212 6 87.193
75 120 53 71.064
76 934 10 97.540
77 767 19 59.238
78 979 12 19.104
79 264 7 81.699
80 579 21 24.779
81 1110 59 58.152
82 769 53 52.805
83 189 39 23.817
84 365 6 91.084
85 173 50 5.641
86 961 60 1.897
87 220 1 63.936
88 1137 18 17.914
89 231 15 88.774
90 621 30 85.807
91 926 24 93.963
92 829 36 7.043
93 1306 40 25.021
94 1086 25 43.589
95 791 59 41.439
96 769 55 10.577
97 148 48 63.652
98 908 35 61.667
99 807 9 34.919
100 488 52 2.306