100
1 1039 54 35.647
2 243 37 96.077
3 1159 46 49.935
4 434 45 66.681
5 1381 35 70.751
6 109 38 59.519
7 721 25 5.526
8 1214 29 87.006
9 1263 33 57.271
10 580 47 35.417
11 1352 40 9.707
12 307 37 39.682
13 1262 53 18.925
14 799 47 52.836
15 332 33 50.650
16 1073 47 13.380
17 270 29 36.522
18 1167 60 35.573
19 1281 51 29.530
20 1195 31 82.725
21 676 34 92.566
22 8 28 40.621
23 374 47 91.823
24 1081 28 34.357
25 511 6 88.325
26 1001 32 90.621
27 602 38 87.262
28 883 49 77.722
29 1260 40 99.094
30 1202 41 51.866
31 1095 10 57.387
32 823 51 85.584
33 1092 59 84.533
34 690 35 78.081
35 533 1 68.641
36 89 21 82.117
37 729 30 62.109
38 1435 6 10.572
39 888 8 65.903
40 827 16 73.381
41 131 36 34.290
42 472 23 42.534
43 1281 24 0.567
44 974 1 93.220
45 367 16 63.403
46 493 7 18.329
47 506 18 27.983
48 515 39 17.058
49 1172 8 90.812
50 1108 26 75.229
51 1206 24 76.196
52 1301 47 16.277
53 541 53 17.017
54 1248 56 24.260
55 1146 10 19.176
56 1267 33 6.749
57 860 11 66.661
58 856 48 0.872
59 1344 3 83.519
60 839 19 51.167
61 1107 53 82.776
62 1331 15 60.127
63 723 23 22.420
64 500 36 99.017
65 864 1 74.803
66 817 50 61.999
67 676 21 10.913
68 562 20 2.622
69 1390 29 45.878
70 942 32 3.413
71 647 38 31.258
72 282 30 66.129
73 394 31 45.369
74 472 15 81.591
75 245 4 90.252
76 154 56 45.403
77 965 36 8.964
78 676 25 3.541
79 279 17 36.605
80 313 45 28.058
81 17 16 63.888
82 1325 1 15.250
83 602 12 65.583
84 1138 10 11.196
85 1008 9 19.441
86 829 25 33.186
87 549 53 19.995
88 766 23 82.479
89 1313 53 38.941
90 1237 52 21.240
91 1051 45 43.614
92 331 53 4.414
93 442 8 57.233
94 310 41 78.971
95 1355 54 89.534
96 1394 58 16.255
97 137 23 84.339
98 896 45 61.317
99 215 24 55.280
100 1306 8 48.642