100
1 1098 25 19.764
2 1064 31 25.869
3 1256 56 80.414
4 867 1 35.300
5 622 28 58.036
6 162 41 77.704
7 466 10 87.001
8 1065 44 31.774
9 428 17 64.459
10 1088 28 31.633
11 1336 58 80.255
12 63 20 7.177
13 123 44 73.221
14 31 15 20.976
15 1173 56 41.684
16 1374 6 52.038
17 250 14 50.220
18 610 19 34.417
19 963 39 32.576
20 1218 38 96.866
21 202 32 11.158
22 1025 41 82.110
23 322 16 26.369
24 873 30 85.807
25 1157 18 79.081
26 396 30 68.750
27 1173 41 21.779
28 756 29 53.444
29 452 19 47.771
30 1430 8 4.932
31 997 2 73.543
32 1438 55 95.946
33 192 21 42.595
34 526 16 83.375
35 111 55 4.032
36 1396 23 85.212
37 1316 34 55.444
38 1059 3 40.152
39 1141 28 44.885
40 1391 34 35.054
41 1348 13 38.478
42 194 51 44.885
43 981 44 96.904
44 345 42 61.896
45 96 50 23.583
46 920 40 2.611
47 706 1 58.357
48 97 45 94.526
49 953 23 52.909
50 1127 27 49.353
51 565 3 12.776
52 319 2 65.035
53 1299 55 53.332
54 704 7 6.909
55 481 19 64.165
56 225 8 72.536
57 238 50 64.893
58 759 24 26.945
59 545 46 5.152
60 449 19 92.143
61 412 33 4.418
62 271 53 26.165
63 470 21 65.969
64 1017 23 26.189
65 939 11 66.706
66 1384 17 69.097
67 227 24 77.245
68 1397 27 85.644
69 754 7 5.921
70 192 40 6.598
71 1217 38 25.159
72 820 11 63.547
73 237 28 17.605
74 1043 33 85.985
75 470 27 94.933
76 356 18 23.361
77 1068 49 57.672
78 646 54 58.847
79 95 38 90.767
80 428 28 87.087
81 1287 2 37.916
82 291 40 88.677
83 1152 26 6.506
84 222 19 66.969
85 463 52 13.111
86 773 21 55.336
87 1319 21 84.864
88 1258 49 87.605
89 491 51 26.195
90 811 28 56.812
91 939 50 69.613
92 123 20 4.021
93 419 17 19.729
94 746 43 41.676
95 712 49 16.775
96 759 27 86.650
97 999 36 30.739
98 404 47 50.704
99 735 20 72.075
100 704 55 9.239