100
1 570 9 13.811
2 1164 25 80.835
3 1060 31 55.607
4 1100 49 60.330
5 992 16 69.266
6 377 9 70.404
7 982 15 2.519
8 289 58 95.666
9 149 21 6.076
10 1286 19 97.203
11 746 41 64.709
12 534 5 43.633
13 979 56 77.764
14 454 59 62.758
15 237 14 78.921
16 1309 58 37.268
17 825 44 0.382
18 33 22 66.683
19 1171 14 87.112
20 977 4 24.399
21 949 25 90.548
22 367 32 86.908
23 314 21 29.497
24 315 20 8.425
25 1325 37 54.639
26 1030 30 96.249
27 984 22 6.351
28 1315 17 83.132
29 862 11 45.036
30 1283 4 56.720
31 16 35 46.034
32 1156 45 12.184
33 622 4 90.853
34 1158 49 64.106
35 1226 32 4.403
36 1262 49 57.320
37 165 11 87.138
38 564 51 61.551
39 556 44 52.841
40 1011 58 28.817
41 1182 34 46.803
42 1436 42 5.892
43 314 17 39.597
44 1163 59 87.957
45 77 34 15.485
46 458 19 21.538
47 937 44 38.266
48 62 7 91.702
49 982 1 54.722
50 722 8 96.940
51 1030 26 14.355
52 940 17 36.124
53 372 4 23.121
54 80 20 96.812
55 954 4 46.474
56 507 36 39.449
57 186 24 4.567
58 744 59 43.367
59 531 40 97.852
60 6 6 67.108
61 502 54 54.375
62 1332 51 15.516
63 872 60 38.203
64 52 12 92.336
65 1417 13 77.926
66 3 11 51.780
67 248 40 39.215
68 249 8 83.564
69 939 31 27.246
70 88 13 2.755
71 327 50 29.488
72 1329 39 30.292
73 1431 41 27.050
74 870 28 17.693
75 794 38 16.683
76 918 43 8.390
77 648 60 17.971
78 344 8 99.554
79 722 45 45.602
80 599 59 19.557
81 507 51 95.043
82 312 7 97.804
83 536 20 78.787
84 1238 53 98.847
85 726 3 82.218
86 828 32 33.733
87 721 54 19.491
88 107 24 83.335
89 704 56 40.910
90 1437 11 35.598
91 1080 23 53.033
92 992 7 42.322
93 475 60 6.198
94 94 12 77.407
95 1169 13 41.440
96 917 30 48.656
97 944 26 44.596
98 97 47 86.299
99 1328 40 56.393
100 265 14 81.281