100
1 640 54 5.799
2 1205 28 93.888
3 982 1 99.837
4 99 8 22.139
5 68 35 77.466
6 599 56 19.267
7 377 29 31.505
8 574 10 71.592
9 367 4 79.116
10 292 53 86.014
11 1377 31 88.698
12 345 10 32.819
13 537 56 59.579
14 977 59 70.357
15 378 44 18.231
16 912 51 98.677
17 246 16 36.319
18 1219 52 48.298
19 1400 3 83.830
20 290 33 65.191
21 758 56 23.528
22 608 2 99.661
23 1292 3 18.861
24 924 60 36.022
25 669 58 90.593
26 1253 7 97.305
27 1178 23 11.140
28 387 22 45.707
29 1208 51 99.084
30 95 22 65.846
31 452 16 66.483
32 143 44 3.618
33 1112 1 77.787
34 839 5 30.167
35 249 49 67.337
36 776 20 2.779
37 370 23 74.651
38 1257 2 83.532
39 1324 55 33.243
40 842 31 22.169
41 508 5 94.849
42 1375 36 98.333
43 290 59 48.732
44 1248 52 67.404
45 84 52 84.131
46 373 21 91.341
47 1027 49 29.292
48 396 37 90.319
49 790 24 65.312
50 1211 31 72.194
51 73 10 35.878
52 146 38 59.523
53 473 52 77.338
54 713 49 56.319
55 249 41 86.214
56 696 5 82.461
57 802 57 26.451
58 411 33 17.892
59 1221 32 67.616
60 440 21 93.486
61 273 48 46.307
62 1219 9 29.498
63 308 6 68.955
64 153 37 82.137
65 12 48 78.890
66 373 32 88.165
67 1001 45 43.231
68 89 36 13.038
69 145 46 32.216
70 434 28 99.944
71 273 60 10.384
72 237 21 3.025
73 251 58 18.289
74 66 60 19.558
75 510 9 3.959
76 130 49 48.341
77 893 55 46.380
78 77 51 38.335
79 1266 2 11.811
80 468 8 27.614
81 158 1 58.248
82 1168 26 26.110
83 472 26 90.329
84 350 56 44.445
85 1326 47 63.250
86 684 33 39.445
87 400 40 85.862
88 802 43 56.134
89 843 13 15.705
90 182 52 39.854
91 1131 8 78.073
92 1012 26 17.596
93 476 27 60.949
94 800 14 73.270
95 255 43 95.992
96 269 15 77.871
97 792 16 91.427
98 224 33 78.005
99 363 41 91.615
100 478 21 67.935