100
1 1349 46 68.352
2 257 30 52.844
3 755 2 70.162
4 848 43 52.224
5 711 56 77.938
6 544 41 6.284
7 760 36 97.705
8 909 55 70.980
9 783 56 49.113
10 330 35 27.148
11 1169 6 42.668
12 102 14 74.447
13 533 7 35.779
14 1205 18 98.626
15 863 23 91.519
16 786 14 47.734
17 1272 19 69.618
18 743 57 20.212
19 1112 47 6.148
20 803 26 46.434
21 1310 24 94.485
22 627 48 50.714
23 366 42 6.140
24 1188 47 77.734
25 1179 8 69.064
26 38 35 79.664
27 718 57 49.173
28 575 48 68.000
29 930 16 25.278
30 1397 30 60.809
31 990 1 96.283
32 898 7 40.625
33 544 29 99.191
34 763 45 25.915
35 844 25 34.774
36 34 48 24.054
37 196 9 40.909
38 796 23 72.281
39 408 53 23.917
40 1381 24 19.334
41 934 41 88.154
42 790 19 39.267
43 634 3 1.213
44 531 26 4.978
45 443 17 79.618
46 1097 9 67.107
47 1150 39 65.397
48 1332 33 55.824
49 439 51 86.870
50 1001 27 41.810
51 399 11 90.553
52 1347 9 32.665
53 302 49 86.959
54 957 21 36.092
55 1321 46 29.553
56 1150 28 97.379
57 1177 54 23.518
58 963 8 81.785
59 482 59 31.417
60 1058 1 6.770
61 1290 33 90.406
62 954 59 26.529
63 297 12 47.079
64 153 56 22.060
65 933 50 49.169
66 1126 37 79.037
67 671 43 1.331
68 1396 5 95.813
69 1332 15 85.396
70 856 33 11.307
71 489 36 2.473
72 325 42 96.485
73 699 30 9.209
74 1128 41 50.361
75 206 34 74.891
76 866 16 58.652
77 70 17 80.886
78 1138 8 53.388
79 196 52 12.912
80 1404 17 73.046
81 1117 16 24.310
82 127 31 14.632
83 629 40 91.438
84 79 7 46.199
85 1203 52 12.779
86 550 54 14.874
87 919 7 45.576
88 738 30 66.966
89 685 37 21.549
90 635 6 45.274
91 1265 52 93.246
92 41 3 29.935
93 696 41 78.560
94 222 46 44.036
95 1158 14 11.339
96 1431 5 97.798
97 156 20 29.611
98 489 40 50.871
99 252 1 31.187
100 1098 44 19.452