100
1 1268 36 35.805
2 1138 1 14.977
3 1206 57 81.801
4 1130 34 91.334
5 777 2 99.519
6 1405 46 74.257
7 376 47 65.423
8 335 21 41.926
9 1423 60 1.650
10 240 22 47.401
11 1372 60 6.749
12 804 28 19.644
13 1035 43 7.730
14 457 50 50.653
15 1118 52 79.649
16 155 52 82.038
17 911 38 63.919
18 1434 11 43.925
19 665 22 4.131
20 91 48 36.333
21 791 53 9.960
22 1084 19 76.246
23 309 27 55.336
24 669 56 84.964
25 985 5 43.232
26 1326 7 17.679
27 1157 6 22.827
28 1408 26 84.732
29 1160 21 15.135
30 141 23 38.904
31 565 41 64.863
32 1200 46 19.554
33 1161 39 38.269
34 882 30 21.281
35 231 45 18.779
36 417 35 42.623
37 975 15 53.949
38 1070 7 41.862
39 746 45 19.810
40 415 11 57.995
41 1389 55 96.236
42 935 16 55.908
43 59 30 24.271
44 782 26 40.774
45 448 14 42.938
46 606 30 90.878
47 291 23 13.972
48 1403 19 67.541
49 834 3 9.961
50 499 57 69.293
51 660 35 15.983
52 67 53 11.355
53 25 51 49.840
54 1312 22 91.681
55 844 42 33.948
56 1151 49 7.500
57 641 15 52.976
58 1432 36 13.084
59 840 16 82.996
60 928 19 46.057
61 257 8 42.331
62 1287 29 65.343
63 207 13 40.477
64 934 20 54.411
65 1166 19 63.505
66 517 51 17.908
67 1215 15 47.153
68 602 24 69.139
69 235 32 59.588
70 200 17 35.705
71 54 9 83.311
72 540 60 71.864
73 1320 23 18.858
74 174 14 30.461
75 1422 49 69.488
76 1382 52 52.357
77 292 4 43.499
78 1433 37 20.494
79 818 7 88.887
80 669 39 22.484
81 667 48 53.869
82 193 20 0.411
83 678 20 56.686
84 508 34 97.338
85 767 8 42.020
86 552 23 14.517
87 619 20 25.767
88 441 23 24.459
89 320 1 83.338
90 303 40 79.140
91 611 41 37.699
92 1168 49 34.565
93 515 56 65.466
94 1046 26 22.540
95 629 13 90.163
96 179 16 14.928
97 618 23 0.243
98 97 6 74.209
99 922 19 4.297
100 1278 26 74.346