100
1 493 5 62.790
2 448 25 1.907
3 1240 49 54.015
4 470 2 38.019
5 1438 6 29.505
6 596 33 47.585
7 1051 1 7.473
8 918 59 31.481
9 1224 42 69.252
10 326 41 44.421
11 819 32 12.215
12 1222 35 79.266
13 713 20 21.115
14 1309 32 29.303
15 764 23 74.292
16 929 25 35.723
17 516 8 69.208
18 448 49 62.691
19 226 6 2.524
20 607 35 4.530
21 603 58 39.156
22 867 54 9.315
23 454 48 30.117
24 7 32 58.108
25 530 1 44.083
26 1339 59 70.142
27 904 43 99.589
28 914 26 96.721
29 1145 4 53.296
30 362 21 57.771
31 183 18 6.493
32 785 8 53.049
33 392 31 11.751
34 902 27 56.239
35 286 31 79.239
36 74 9 62.417
37 1246 1 70.437
38 1079 16 25.805
39 1189 56 50.019
40 216 31 11.312
41 1179 20 32.692
42 469 30 30.905
43 1117 9 38.645
44 869 55 61.309
45 1024 43 77.483
46 375 19 25.356
47 479 47 9.866
48 752 42 12.044
49 535 38 42.012
50 318 10 12.439
51 186 26 10.430
52 994 21 64.440
53 851 45 22.038
54 1180 18 70.128
55 556 50 22.530
56 230 58 29.440
57 568 30 27.767
58 667 22 1.296
59 1078 49 44.416
60 514 25 95.140
61 346 55 43.913
62 999 32 23.252
63 803 17 25.149
64 1282 4 61.991
65 346 37 87.670
66 131 45 74.978
67 992 60 11.745
68 279 13 98.887
69 1139 10 14.774
70 143 42 36.273
71 1341 1 48.997
72 1350 43 49.820
73 1200 34 20.592
74 254 57 23.593
75 58 29 60.818
76 71 23 3.428
77 925 38 65.888
78 1031 24 69.791
79 1233 4 13.078
80 915 51 37.693
81 1161 1 77.121
82 1000 34 68.717
83 280 1 60.076
84 459 30 69.429
85 1381 42 61.548
86 617 22 31.786
87 1383 46 28.359
88 1375 35 56.871
89 164 27 95.185
90 1200 56 86.992
91 1060 12 17.970
92 561 4 6.371
93 388 42 92.125
94 615 22 19.144
95 607 11 93.210
96 535 49 55.437
97 83 39 64.544
98 181 38 82.360
99 469 59 79.232
100 127 12 72.001