100
1 1404 24 47.384
2 337 44 50.406
3 440 58 46.603
4 540 14 56.846
5 503 23 69.501
6 724 57 38.335
7 1204 14 2.552
8 139 37 39.363
9 633 4 64.220
10 1089 11 73.830
11 349 23 10.654
12 628 47 27.653
13 1171 49 65.574
14 267 38 13.599
15 1371 13 93.787
16 1194 26 76.128
17 1206 13 77.063
18 322 31 49.367
19 806 1 40.843
20 120 1 75.001
21 420 41 64.939
22 307 9 43.150
23 703 48 84.533
24 864 5 30.355
25 685 51 11.193
26 1056 60 63.777
27 161 51 89.830
28 223 20 14.846
29 894 44 39.095
30 1094 33 8.436
31 402 36 15.393
32 99 30 94.829
33 352 55 73.663
34 565 45 45.307
35 127 37 5.696
36 659 39 15.812
37 1205 54 88.358
38 867 19 59.605
39 750 46 11.321
40 1039 50 92.223
41 833 47 71.294
42 3 58 43.075
43 893 51 6.471
44 194 35 69.162
45 856 1 2.785
46 1385 48 32.063
47 442 3 81.302
48 380 37 85.581
49 426 34 51.337
50 376 53 99.551
51 1024 37 3.877
52 1078 14 82.534
53 1215 18 64.150
54 1166 20 72.896
55 501 18 20.174
56 672 26 16.116
57 366 9 9.591
58 1252 34 68.804
59 1212 43 16.567
60 1123 11 69.672
61 571 11 35.058
62 662 29 56.328
63 751 45 51.875
64 1092 30 67.895
65 987 33 58.893
66 475 34 59.447
67 747 21 4.794
68 366 37 30.762
69 60 19 3.795
70 584 35 74.471
71 183 7 72.646
72 117 29 55.461
73 456 23 47.757
74 483 37 4.842
75 60 54 40.536
76 666 40 13.460
77 1387 40 53.190
78 612 11 14.805
79 1009 10 26.966
80 236 33 74.122
81 715 37 39.391
82 1116 27 6.732
83 776 28 41.455
84 1394 51 68.182
85 746 42 12.625
86 1040 41 44.003
87 628 46 77.528
88 908 37 57.997
89 479 26 62.022
90 125 51 77.652
91 1287 24 77.534
92 354 19 7.125
93 248 48 73.216
94 1290 52 79.725
95 1081 52 59.848
96 371 33 85.444
97 158 11 69.150
98 1137 13 72.537
99 144 30 9.391
100 320 25 19.905