100
1 1072 4 13.920
2 162 57 38.005
3 752 59 49.523
4 103 52 99.845
5 1432 3 51.951
6 995 60 76.900
7 1180 14 32.162
8 192 12 71.133
9 1310 16 85.991
10 1137 43 22.074
11 226 36 50.381
12 1217 15 58.899
13 262 22 37.496
14 13 35 79.581
15 303 15 4.466
16 189 48 31.677
17 973 26 68.949
18 1190 44 43.254
19 1154 52 95.554
20 540 39 11.425
21 101 25 39.109
22 27 59 82.350
23 265 19 22.677
24 90 55 16.685
25 666 22 58.736
26 964 24 30.145
27 637 20 51.822
28 1192 10 17.555
29 767 32 71.969
30 1319 43 87.899
31 1332 9 6.129
32 522 21 26.244
33 825 57 75.423
34 567 44 67.599
35 719 28 65.084
36 1343 43 12.760
37 608 36 57.101
38 1346 32 26.260
39 671 17 72.836
40 1375 50 0.925
41 1367 48 28.059
42 1070 57 32.322
43 427 36 64.252
44 969 42 65.363
45 1296 9 65.320
46 1023 48 25.974
47 5 5 78.196
48 259 60 78.552
49 528 13 89.426
50 1309 27 42.455
51 1380 34 63.903
52 1101 30 37.176
53 419 58 0.283
54 76 25 70.371
55 314 44 8.647
56 714 8 99.301
57 1318 7 64.646
58 883 42 84.675
59 928 42 61.243
60 884 32 83.834
61 1373 55 78.624
62 880 34 56.395
63 895 19 16.442
64 162 54 84.507
65 1435 37 18.388
66 1375 44 19.932
67 35 4 23.552
68 413 41 80.516
69 1109 21 91.253
70 1175 44 86.551
71 559 47 71.756
72 308 8 72.900
73 1141 16 18.300
74 879 47 69.910
75 462 11 53.687
76 305 14 28.208
77 343 35 21.613
78 1397 6 34.293
79 1411 25 76.432
80 465 19 46.441
81 392 35 41.791
82 1221 16 2.817
83 1236 26 11.441
84 206 41 72.245
85 1165 58 54.083
86 353 58 18.730
87 930 19 89.996
88 676 44 36.865
89 1188 1 6.650
90 1166 26 60.536
91 968 16 24.615
92 673 9 4.159
93 6 14 11.407
94 1244 2 66.306
95 806 48 38.944
96 547 30 7.272
97 1338 36 22.697
98 469 54 35.630
99 314 3 87.566
100 252 21 70.896