100
1 437 49 42.489
2 538 1 55.666
3 1333 42 46.365
4 1222 3 24.923
5 447 42 90.580
6 1217 43 41.453
7 1435 11 74.100
8 1289 15 19.281
9 1270 56 39.590
10 411 57 80.501
11 1162 26 16.801
12 241 1 66.739
13 1119 23 82.520
14 862 41 94.499
15 653 34 66.040
16 26 33 16.841
17 1339 6 85.748
18 754 28 77.726
19 800 46 38.016
20 178 22 41.803
21 1140 38 41.966
22 1008 31 82.947
23 1032 38 23.874
24 1406 42 9.374
25 250 44 15.743
26 1193 40 20.982
27 212 4 30.395
28 1438 29 54.596
29 566 2 8.088
30 680 10 50.991
31 532 59 24.013
32 1253 34 78.635
33 55 4 41.399
34 417 31 78.358
35 1307 2 46.880
36 32 25 38.701
37 340 4 68.674
38 631 16 44.982
39 789 8 14.920
40 1379 31 71.000
41 357 21 17.921
42 25 20 82.207
43 1040 60 65.616
44 469 3 94.570
45 1031 18 44.716
46 1127 20 3.296
47 588 44 47.717
48 330 18 40.108
49 741 2 88.238
50 772 4 6.738
51 712 43 21.125
52 1416 50 18.958
53 801 27 82.343
54 18 13 2.824
55 295 37 36.069
56 980 46 3.914
57 1040 42 83.958
58 1297 16 74.296
59 623 43 41.869
60 238 32 82.868
61 62 12 80.338
62 1115 41 87.577
63 655 58 71.170
64 312 46 48.952
65 1174 36 67.475
66 690 3 72.171
67 1184 15 18.006
68 799 27 17.084
69 941 45 28.849
70 1243 43 29.600
71 58 23 82.550
72 1053 26 91.424
73 212 39 12.819
74 906 38 7.561
75 881 39 53.585
76 940 4 12.728
77 1075 24 16.969
78 518 17 39.926
79 1090 48 6.171
80 449 60 9.517
81 1100 49 5.957
82 906 25 8.873
83 869 46 85.598
84 513 25 90.611
85 155 19 49.110
86 73 40 80.499
87 367 54 93.527
88 674 51 22.683
89 1342 28 77.212
90 16 18 47.225
91 33 11 16.760
92 1253 7 60.145
93 244 40 32.426
94 662 57 43.193
95 2 34 47.352
96 1214 43 45.982
97 1149 4 31.535
98 57 38 61.850
99 803 6 37.174
100 1157 5 4.046