100
1 373 28 23.269
2 446 14 5.686
3 1015 43 1.189
4 621 58 33.312
5 472 40 69.238
6 129 47 15.920
7 105 30 67.154
8 1431 29 27.665
9 861 16 59.456
10 341 21 74.512
11 57 8 85.709
12 731 19 92.228
13 1268 2 47.549
14 798 20 30.552
15 109 36 57.724
16 1141 15 27.558
17 1007 15 30.665
18 1136 7 69.721
19 1251 59 62.799
20 1237 13 91.149
21 439 3 9.817
22 196 14 1.633
23 1286 56 27.250
24 982 53 40.610
25 202 57 90.741
26 409 44 24.364
27 828 47 94.468
28 403 35 0.357
29 798 46 82.433
30 1061 32 56.459
31 239 49 51.508
32 240 24 32.263
33 1154 17 26.124
34 453 50 26.030
35 800 6 24.434
36 87 2 51.753
37 784 20 15.944
38 671 58 39.209
39 157 57 49.958
40 815 32 67.149
41 587 26 64.862
42 596 49 86.770
43 1026 58 82.927
44 885 45 56.216
45 732 22 34.669
46 494 33 8.880
47 282 45 9.337
48 1217 28 75.243
49 1120 54 63.641
50 656 49 78.777
51 163 58 8.924
52 777 10 48.077
53 273 29 74.622
54 121 27 62.417
55 1360 56 35.038
56 346 56 41.227
57 325 41 59.423
58 91 51 71.657
59 476 34 98.995
60 1272 58 89.164
61 291 7 70.581
62 1410 38 73.109
63 514 50 97.896
64 745 43 91.269
65 579 49 36.830
66 1057 4 51.534
67 836 21 26.250
68 735 3 43.377
69 1359 27 56.485
70 420 13 10.219
71 1145 46 39.189
72 1155 49 63.937
73 1200 3 38.038
74 663 54 37.890
75 570 7 29.926
76 184 10 30.024
77 202 6 3.113
78 744 53 63.285
79 551 6 9.639
80 609 58 13.448
81 906 42 60.933
82 1214 50 77.307
83 697 13 78.611
84 165 28 82.032
85 642 5 13.408
86 1392 30 96.364
87 1000 16 36.543
88 959 8 12.004
89 961 27 13.806
90 1224 59 76.061
91 717 9 36.033
92 1291 28 95.960
93 159 55 32.184
94 233 8 26.888
95 252 57 98.037
96 1402 12 56.468
97 621 23 61.555
98 8 10 42.557
99 577 53 64.353
100 797 51 52.396