100
1 938 45 72.341
2 1115 31 41.826
3 747 43 33.781
4 1146 54 55.398
5 639 14 66.253
6 955 29 82.308
7 576 56 48.503
8 52 13 44.872
9 1346 44 1.082
10 894 8 64.817
11 994 1 96.033
12 1306 26 99.740
13 1342 38 41.864
14 1360 37 55.300
15 1281 31 48.804
16 547 54 88.348
17 1225 26 95.575
18 745 8 18.516
19 470 50 35.790
20 1306 17 65.843
21 322 55 20.608
22 1406 38 11.372
23 1305 53 40.999
24 1348 21 95.291
25 1304 2 76.110
26 89 36 24.108
27 1199 1 99.463
28 1343 60 69.859
29 593 32 45.456
30 1063 59 36.735
31 445 3 71.299
32 550 47 11.963
33 1258 28 39.539
34 1284 12 10.263
35 425 25 56.514
36 477 16 60.497
37 402 11 46.112
38 463 40 9.056
39 1085 1 44.236
40 566 32 9.965
41 142 32 85.575
42 1376 8 23.661
43 37 24 59.296
44 153 53 59.898
45 922 23 4.884
46 731 14 55.601
47 230 10 88.448
48 107 47 47.436
49 496 59 28.556
50 881 52 39.244
51 984 31 47.105
52 1070 53 44.058
53 1142 23 73.398
54 628 45 68.117
55 1094 45 33.825
56 368 57 11.878
57 790 23 75.778
58 859 53 29.795
59 196 32 22.253
60 472 30 86.984
61 695 15 30.128
62 193 52 19.768
63 55 40 22.265
64 824 32 47.026
65 609 2 26.550
66 922 32 98.728
67 632 26 27.158
68 105 3 2.588
69 692 11 51.023
70 418 24 77.060
71 564 55 9.314
72 865 12 56.189
73 62 46 99.492
74 117 37 55.802
75 899 15 88.000
76 1410 4 84.713
77 17 17 79.822
78 188 50 69.870
79 371 40 1.865
80 885 17 97.926
81 199 5 96.967
82 1144 1 99.502
83 337 20 32.366
84 1329 16 84.322
85 1118 44 0.492
86 777 2 90.814
87 1086 31 51.469
88 1179 12 55.832
89 324 15 99.877
90 497 36 23.152
91 1049 56 70.172
92 390 34 73.655
93 709 25 97.972
94 870 18 85.172
95 723 31 45.724
96 415 26 50.465
97 613 19 4.646
98 1375 1 76.045
99 837 18 67.774
100 711 5 61.393