100
1 877 7 80.953
2 865 16 80.681
3 613 27 32.976
4 1261 6 7.560
5 1368 50 37.339
6 1285 32 67.598
7 349 24 28.486
8 1256 54 43.603
9 5 4 43.304
10 317 58 79.579
11 1430 17 13.862
12 712 55 86.448
13 599 25 56.766
14 1238 25 12.057
15 991 23 81.059
16 90 29 21.321
17 606 9 45.451
18 698 28 32.709
19 742 19 37.198
20 63 43 49.937
21 905 58 28.073
22 743 6 88.707
23 734 4 63.682
24 1047 6 5.305
25 137 44 88.542
26 203 45 17.277
27 129 35 66.726
28 657 51 62.275
29 1309 42 65.720
30 1362 58 62.662
31 1383 31 26.442
32 974 17 35.175
33 1072 31 63.784
34 655 13 14.220
35 222 44 50.883
36 82 44 15.393
37 340 44 17.842
38 222 7 19.019
39 1335 21 20.002
40 1324 38 91.181
41 347 6 18.858
42 1285 19 72.159
43 294 54 6.595
44 1326 39 65.704
45 241 2 25.024
46 941 32 55.908
47 1263 19 30.570
48 454 6 86.926
49 1071 24 14.805
50 334 4 14.074
51 646 25 76.493
52 751 32 4.589
53 1153 37 39.610
54 801 47 61.234
55 147 3 41.622
56 1188 23 20.244
57 366 36 78.981
58 423 35 86.497
59 1359 31 2.230
60 319 25 32.849
61 657 33 80.357
62 1182 56 50.068
63 1315 4 65.119
64 184 26 86.519
65 209 53 43.313
66 125 50 57.338
67 63 34 67.185
68 920 19 18.122
69 135 36 95.520
70 124 29 58.239
71 613 30 46.578
72 472 39 19.814
73 210 52 70.646
74 1377 18 27.711
75 396 35 74.267
76 465 40 17.422
77 641 40 84.022
78 775 38 66.143
79 638 6 31.226
80 529 33 64.394
81 837 16 28.388
82 993 8 61.478
83 1175 33 62.731
84 1011 21 50.359
85 792 36 40.298
86 29 34 17.162
87 549 12 65.092
88 1113 21 27.336
89 458 1 28.424
90 1023 9 46.292
91 1001 56 40.663
92 1074 14 25.761
93 1311 2 58.916
94 63 25 79.768
95 1321 6 69.717
96 1218 47 39.150
97 1230 21 88.189
98 576 27 18.589
99 1437 32 30.244
100 486 23 57.823