100
1 1404 31 36.732
2 1388 58 61.585
3 1028 7 2.998
4 1078 39 84.984
5 1277 2 26.650
6 832 22 50.619
7 57 35 11.877
8 1267 50 65.901
9 1005 18 29.766
10 1130 21 40.959
11 1016 29 87.220
12 539 24 58.821
13 1058 34 56.396
14 1279 23 60.192
15 452 18 76.100
16 1398 60 19.421
17 1118 52 85.874
18 258 24 58.063
19 208 23 61.614
20 263 18 22.762
21 1241 17 60.899
22 1011 18 66.662
23 1433 59 41.429
24 243 46 40.176
25 1181 37 68.272
26 527 16 98.982
27 276 39 49.380
28 871 25 29.318
29 750 28 52.662
30 1440 25 12.508
31 920 40 23.562
32 291 31 97.340
33 883 21 75.774
34 395 29 9.816
35 575 9 26.133
36 457 1 39.655
37 1181 16 34.576
38 923 45 21.480
39 366 55 33.978
40 420 15 65.063
41 950 36 13.900
42 608 2 67.594
43 589 8 47.112
44 655 15 93.220
45 1218 44 56.560
46 1101 48 81.065
47 808 58 49.615
48 933 22 26.597
49 513 43 82.153
50 1065 33 23.770
51 572 48 2.864
52 592 14 34.537
53 297 11 22.178
54 22 59 59.231
55 1406 45 91.258
56 791 55 73.392
57 260 53 13.329
58 1017 55 55.612
59 1256 47 36.669
60 84 48 26.994
61 1184 49 45.039
62 1318 45 37.091
63 166 37 67.443
64 290 9 71.919
65 556 18 5.536
66 428 47 53.184
67 174 8 95.595
68 1180 11 76.905
69 1191 57 20.202
70 156 29 11.846
71 169 7 24.287
72 89 56 74.278
73 710 37 39.558
74 30 26 38.615
75 705 14 77.954
76 770 36 73.725
77 693 48 92.537
78 203 55 40.886
79 1262 58 53.948
80 730 28 99.041
81 119 57 39.622
82 681 4 62.269
83 826 57 93.085
84 4 58 27.282
85 1345 8 25.593
86 536 21 96.975
87 593 32 60.105
88 780 40 81.258
89 1023 60 50.703
90 725 51 86.897
91 1372 47 94.239
92 307 20 41.124
93 109 35 43.152
94 1136 33 97.116
95 837 38 3.178
96 684 3 96.848
97 1212 9 44.037
98 241 45 93.724
99 781 36 93.424
100 904 7 2.674