100
1 322 25 34.960
2 14 1 54.839
3 973 26 10.563
4 478 49 85.525
5 605 22 61.224
6 735 12 54.087
7 828 55 73.689
8 855 31 60.209
9 640 2 78.000
10 1184 49 41.073
11 684 18 21.382
12 558 32 69.399
13 623 19 41.782
14 735 50 3.254
15 675 32 56.946
16 1115 25 65.804
17 712 53 29.284
18 26 16 78.320
19 592 48 43.413
20 552 3 91.640
21 30 2 21.655
22 832 39 15.747
23 1179 1 52.906
24 1397 20 73.004
25 998 9 55.548
26 1135 40 18.628
27 363 40 63.808
28 1286 21 23.516
29 889 41 57.384
30 196 22 91.592
31 205 55 27.896
32 895 1 13.223
33 500 29 80.647
34 1065 30 7.182
35 936 56 73.984
36 612 12 24.527
37 1106 15 73.418
38 972 55 1.526
39 805 1 66.323
40 418 58 3.848
41 730 32 66.902
42 1416 42 27.762
43 68 12 45.498
44 1433 33 18.482
45 929 54 53.671
46 1336 1 4.153
47 458 3 4.298
48 7 14 12.329
49 60 11 23.857
50 1087 41 62.768
51 989 19 16.405
52 30 34 61.021
53 276 41 11.064
54 949 26 61.287
55 169 24 54.702
56 709 15 36.963
57 671 54 45.697
58 1121 10 8.890
59 350 56 80.811
60 299 30 73.755
61 1216 45 79.935
62 1420 43 2.373
63 697 18 73.789
64 1021 27 27.147
65 799 47 3.421
66 847 44 3.963
67 979 27 31.663
68 1230 33 83.515
69 841 32 96.742
70 449 41 14.829
71 994 20 82.481
72 525 55 22.013
73 651 6 96.910
74 1160 40 49.952
75 360 20 32.548
76 59 27 65.359
77 72 19 9.380
78 950 59 65.723
79 1114 24 12.348
80 1070 34 89.434
81 1235 25 60.094
82 36 8 41.820
83 1119 57 62.677
84 119 15 63.900
85 1325 5 42.289
86 1104 55 94.244
87 317 17 99.585
88 1109 25 76.325
89 199 2 9.344
90 196 27 70.800
91 1345 23 91.589
92 1017 57 49.870
93 349 29 90.250
94 853 6 88.345
95 686 48 17.343
96 1038 37 8.156
97 522 11 16.949
98 485 15 47.667
99 1124 1 2.698
100 1006 7 10.170