100
1 1419 12 13.776
2 1195 51 89.337
3 1256 21 97.257
4 103 34 78.744
5 153 31 18.855
6 313 52 42.848
7 662 52 72.870
8 1099 19 54.131
9 737 52 84.437
10 685 23 30.922
11 431 48 95.896
12 23 4 80.018
13 1234 49 25.355
14 477 52 81.678
15 974 11 62.413
16 106 13 16.543
17 873 26 23.628
18 582 60 7.161
19 38 37 83.713
20 282 28 42.427
21 453 3 88.397
22 1298 4 5.869
23 733 10 32.279
24 1276 18 84.612
25 425 2 39.451
26 210 22 49.525
27 187 34 58.415
28 1132 23 55.841
29 709 25 99.022
30 1399 24 60.318
31 299 57 65.708
32 802 32 64.056
33 1122 60 50.550
34 908 21 88.576
35 487 18 92.427
36 848 31 18.848
37 993 22 67.867
38 53 34 92.372
39 1021 9 17.381
40 535 28 55.582
41 962 28 25.672
42 436 17 6.663
43 305 25 21.450
44 665 19 91.007
45 353 7 89.836
46 618 40 10.406
47 1041 11 73.786
48 620 34 2.335
49 779 55 79.532
50 381 59 52.021
51 122 4 64.454
52 711 31 88.562
53 676 50 90.530
54 913 2 41.728
55 853 23 61.891
56 628 14 36.203
57 1180 30 38.735
58 1118 45 16.379
59 474 50 70.570
60 818 43 20.729
61 967 38 73.171
62 745 56 16.876
63 946 48 88.281
64 1410 47 92.804
65 783 26 44.690
66 146 14 65.673
67 838 56 5.712
68 1314 37 22.724
69 962 16 61.188
70 674 43 32.818
71 763 22 47.623
72 730 51 76.297
73 1103 5 94.789
74 42 11 5.981
75 150 48 89.975
76 721 50 51.893
77 1436 24 93.192
78 495 26 43.600
79 1109 26 51.742
80 1033 46 82.806
81 890 59 25.835
82 608 40 32.714
83 976 18 43.369
84 429 60 11.532
85 1232 25 39.253
86 450 2 0.105
87 397 33 3.421
88 863 10 91.306
89 1041 25 26.488
90 288 48 18.632
91 224 15 87.275
92 669 37 23.720
93 698 46 20.090
94 810 58 93.194
95 154 30 85.723
96 718 12 14.651
97 670 55 90.792
98 735 46 39.205
99 1250 52 93.064
100 1149 48 92.130