100
1 711 52 15.476
2 376 11 38.696
3 530 41 27.142
4 1302 54 17.620
5 715 33 89.992
6 862 30 96.817
7 1181 8 43.733
8 541 26 41.473
9 942 10 24.584
10 572 21 16.311
11 519 43 65.354
12 9 18 89.454
13 1258 35 20.390
14 949 3 26.375
15 170 51 44.629
16 405 20 52.136
17 581 47 58.824
18 388 19 24.832
19 875 49 75.687
20 119 49 25.380
21 403 45 55.613
22 742 39 70.213
23 1384 53 81.937
24 140 25 90.014
25 246 11 84.521
26 859 43 68.373
27 145 37 32.144
28 726 31 65.371
29 981 39 26.614
30 937 23 36.353
31 1010 59 64.640
32 1074 14 64.444
33 615 2 4.246
34 1072 60 75.664
35 45 51 89.065
36 981 41 19.412
37 238 11 51.549
38 312 11 38.989
39 1196 36 14.088
40 743 37 90.511
41 275 32 33.576
42 64 3 7.652
43 875 44 22.866
44 1121 44 68.221
45 1372 30 74.804
46 1021 46 71.324
47 249 8 83.192
48 1254 5 31.274
49 774 58 7.599
50 525 53 28.115
51 1088 59 41.574
52 638 17 45.461
53 1425 30 83.858
54 1155 40 58.783
55 116 40 1.607
56 384 29 5.731
57 1199 7 2.547
58 957 48 74.622
59 450 12 62.582
60 472 19 23.836
61 69 57 51.060
62 646 59 74.940
63 906 19 96.948
64 1384 43 69.304
65 241 8 77.016
66 1248 9 0.683
67 889 1 9.480
68 787 15 47.451
69 235 12 48.322
70 362 29 71.172
71 205 15 39.213
72 1090 42 90.436
73 582 11 33.831
74 1243 29 51.673
75 1352 32 20.909
76 531 56 81.321
77 385 33 0.175
78 907 2 51.036
79 247 49 25.626
80 1252 36 72.766
81 1317 58 17.488
82 1170 57 24.584
83 981 17 15.793
84 923 35 70.768
85 957 29 92.735
86 820 59 32.985
87 373 19 84.298
88 1077 19 29.800
89 1150 58 47.597
90 1413 53 48.299
91 552 32 96.401
92 780 34 27.628
93 661 10 2.583
94 1269 31 46.048
95 793 6 10.782
96 641 7 65.369
97 133 49 99.831
98 1004 13 34.553
99 345 47 87.632
100 385 46 75.169