100
1 1232 20 42.485
2 56 28 83.337
3 146 19 97.184
4 283 33 75.215
5 97 2 36.008
6 796 6 66.335
7 155 1 73.067
8 1092 54 22.824
9 276 7 76.029
10 1193 2 84.141
11 600 9 74.370
12 254 8 70.206
13 327 51 72.612
14 829 59 84.837
15 841 27 13.224
16 364 36 14.055
17 1184 5 99.806
18 259 39 31.843
19 218 36 86.972
20 982 6 31.186
21 1369 53 99.862
22 324 36 91.534
23 882 5 25.577
24 817 32 42.178
25 121 4 20.137
26 662 30 59.309
27 1394 2 88.674
28 574 47 44.959
29 298 51 39.735
30 153 29 25.092
31 1164 40 10.049
32 130 36 35.231
33 1255 24 62.701
34 994 55 45.789
35 618 40 33.922
36 1004 3 40.287
37 1092 19 87.112
38 1188 18 96.865
39 273 55 85.293
40 1301 49 49.120
41 66 48 28.157
42 568 50 67.468
43 963 31 22.971
44 1186 12 55.359
45 445 7 51.380
46 497 25 44.095
47 201 22 65.637
48 484 34 85.014
49 224 20 71.775
50 1359 36 64.320
51 331 30 99.463
52 890 16 39.367
53 386 34 15.132
54 1432 5 49.078
55 1399 28 65.321
56 1051 27 81.746
57 1241 6 23.521
58 382 26 18.753
59 290 55 17.629
60 440 50 45.784
61 701 21 21.906
62 235 32 68.004
63 385 32 41.285
64 473 46 64.412
65 648 45 66.653
66 28 9 82.885
67 378 23 40.042
68 504 59 74.594
69 1208 1 66.947
70 449 10 54.489
71 600 28 43.268
72 45 15 83.329
73 150 23 21.334
74 792 36 1.310
75 1045 10 24.309
76 1222 30 2.728
77 723 54 44.829
78 505 43 83.744
79 1190 3 66.193
80 464 58 52.918
81 536 40 69.694
82 1315 31 19.224
83 556 55 72.512
84 1061 17 16.786
85 889 4 98.424
86 549 25 44.269
87 1399 47 30.979
88 255 33 92.071
89 422 42 23.025
90 1176 11 31.235
91 653 25 75.700
92 1368 23 41.512
93 850 10 53.064
94 324 44 88.255
95 474 14 60.568
96 1213 60 93.671
97 901 6 22.425
98 619 19 59.867
99 531 41 28.210
100 1397 37 15.517