100
1 879 26 94.464
2 335 14 52.240
3 765 38 56.135
4 451 27 38.511
5 796 28 20.138
6 1202 6 6.516
7 233 45 96.273
8 1370 36 72.656
9 145 5 20.560
10 22 12 4.351
11 1330 26 42.582
12 730 26 47.825
13 441 13 60.495
14 874 34 5.534
15 1031 3 16.827
16 383 25 94.740
17 1002 5 71.302
18 1240 42 3.887
19 417 46 97.301
20 411 60 46.905
21 806 54 94.265
22 1410 20 50.460
23 176 54 87.486
24 983 29 8.640
25 372 21 82.627
26 436 38 21.391
27 399 57 61.457
28 1136 23 4.923
29 915 14 22.616
30 968 41 88.833
31 425 25 24.801
32 177 9 70.248
33 239 2 67.372
34 283 26 84.084
35 23 17 92.998
36 528 46 43.672
37 531 16 9.300
38 1346 50 86.843
39 1233 51 16.142
40 1001 49 44.687
41 1222 53 89.686
42 394 26 43.922
43 1293 4 24.460
44 1154 56 10.803
45 717 51 73.294
46 716 14 89.315
47 528 4 51.092
48 1178 44 11.383
49 421 43 8.531
50 1348 47 44.928
51 133 60 84.445
52 1179 18 10.059
53 14 16 73.065
54 14 2 93.633
55 1153 25 91.698
56 390 52 45.085
57 1339 13 0.566
58 187 25 31.768
59 849 32 3.909
60 1353 29 79.380
61 546 17 43.956
62 486 33 25.247
63 1024 29 60.050
64 1183 15 23.458
65 364 32 95.936
66 526 2 98.993
67 605 41 41.009
68 1270 30 27.176
69 868 20 52.267
70 553 39 21.679
71 1207 57 24.065
72 1002 21 20.182
73 492 43 99.164
74 1015 1 7.717
75 578 47 11.428
76 29 43 27.567
77 1330 4 86.971
78 1182 8 89.992
79 742 16 50.608
80 3 31 50.997
81 813 16 23.357
82 119 43 9.227
83 227 59 54.503
84 472 23 53.322
85 871 50 13.203
86 504 47 62.572
87 846 35 11.292
88 619 40 66.491
89 477 25 14.023
90 458 34 22.087
91 16 30 18.567
92 288 33 87.864
93 330 14 88.398
94 237 16 51.235
95 457 5 6.990
96 232 10 33.330
97 651 18 35.240
98 400 13 26.967
99 116 49 5.203
100 854 16 74.135