100
1 941 45 46.320
2 166 10 92.058
3 482 41 13.606
4 551 49 61.344
5 888 60 44.047
6 661 43 94.946
7 615 41 92.862
8 999 6 90.324
9 547 21 77.846
10 959 30 9.856
11 1201 38 99.387
12 656 60 26.107
13 83 37 92.199
14 923 54 78.816
15 131 6 13.938
16 169 38 75.121
17 1155 16 20.943
18 949 1 92.116
19 771 29 0.039
20 33 26 97.158
21 1057 40 36.223
22 139 26 10.423
23 618 41 19.537
24 515 6 12.859
25 410 38 95.524
26 209 36 43.564
27 1061 16 30.681
28 1038 5 84.559
29 798 34 69.731
30 1226 17 68.104
31 423 45 56.013
32 339 44 38.232
33 426 8 93.902
34 741 46 10.248
35 548 21 8.303
36 792 41 27.907
37 198 22 86.322
38 1432 49 17.217
39 936 53 73.133
40 98 48 26.044
41 403 51 69.819
42 1213 29 84.134
43 1277 31 78.482
44 1082 8 60.414
45 774 13 10.111
46 397 57 41.937
47 183 10 3.488
48 349 24 12.280
49 97 4 37.483
50 696 57 27.477
51 1107 34 31.515
52 1083 33 84.595
53 668 27 49.370
54 853 33 34.275
55 626 35 90.737
56 1221 19 78.279
57 91 19 91.961
58 918 56 2.706
59 221 29 4.664
60 1036 15 99.396
61 140 22 41.964
62 842 12 11.441
63 1210 23 24.444
64 254 59 59.163
65 724 50 37.221
66 1334 32 5.518
67 858 31 70.713
68 87 35 66.800
69 1151 30 18.751
70 1217 37 6.792
71 899 4 1.199
72 575 44 6.139
73 436 45 0.522
74 1157 25 35.482
75 44 23 60.134
76 181 53 4.592
77 1005 5 65.775
78 404 8 71.989
79 507 50 51.148
80 160 45 7.584
81 1225 1 73.315
82 1108 12 48.005
83 668 59 86.734
84 543 20 89.506
85 666 44 41.958
86 1167 54 24.444
87 1326 21 30.735
88 294 39 84.410
89 1298 38 7.168
90 1062 60 13.523
91 88 4 19.632
92 569 6 69.068
93 793 30 88.511
94 154 34 83.894
95 1148 54 65.545
96 754 25 25.905
97 922 20 96.548
98 722 26 72.370
99 671 59 68.710
100 944 55 22.187