100
1 289 8 90.289
2 46 44 24.590
3 193 23 38.943
4 1101 14 37.423
5 1325 1 80.574
6 483 31 70.847
7 1021 54 14.429
8 514 36 16.892
9 671 1 69.127
10 1367 16 87.049
11 392 56 67.575
12 1006 5 17.486
13 376 41 24.066
14 1282 49 76.681
15 315 28 44.546
16 236 3 58.461
17 491 34 40.767
18 1412 24 71.598
19 1035 59 52.981
20 912 36 41.086
21 366 45 86.830
22 1353 39 66.767
23 263 48 15.670
24 132 38 90.393
25 329 1 56.081
26 608 11 26.559
27 957 16 0.157
28 882 48 47.980
29 1184 51 8.286
30 1425 57 27.936
31 850 2 60.107
32 423 34 45.109
33 144 59 37.551
34 416 9 58.792
35 1019 37 8.134
36 978 8 48.667
37 1227 32 1.544
38 800 5 72.955
39 309 24 86.243
40 1407 1 7.184
41 1365 23 45.803
42 41 19 58.033
43 170 14 58.462
44 1373 7 0.136
45 683 54 20.070
46 1093 56 22.092
47 268 43 56.583
48 852 12 82.703
49 174 27 87.433
50 407 6 49.101
51 314 39 96.234
52 972 48 74.725
53 34 33 31.895
54 573 29 69.411
55 801 14 64.707
56 1147 46 73.982
57 1308 31 84.930
58 414 5 45.713
59 32 25 82.702
60 308 36 7.959
61 326 5 86.887
62 1336 60 90.169
63 648 42 35.741
64 848 17 4.493
65 1089 2 0.377
66 845 8 4.477
67 213 43 8.611
68 1357 5 2.616
69 638 15 81.544
70 683 16 71.894
71 974 36 59.042
72 627 10 10.918
73 1161 4 24.596
74 1351 21 2.323
75 173 14 74.591
76 239 53 2.993
77 665 9 62.324
78 453 36 16.600
79 1219 7 0.719
80 951 12 23.475
81 114 27 92.836
82 1313 60 43.411
83 70 16 2.298
84 334 50 22.047
85 1224 4 59.637
86 326 32 41.679
87 1050 11 82.227
88 834 39 37.656
89 584 33 4.243
90 579 27 55.673
91 578 51 75.929
92 349 15 45.729
93 1227 38 9.338
94 1082 43 61.289
95 377 44 68.985
96 787 27 91.475
97 1138 43 14.780
98 619 6 72.322
99 752 26 41.214
100 473 22 26.869