100
1 526 58 65.900
2 1165 43 23.048
3 383 52 49.278
4 549 23 21.318
5 1154 17 18.698
6 1096 1 40.227
7 135 5 64.886
8 907 12 62.117
9 85 50 26.132
10 248 27 65.635
11 676 47 30.792
12 1109 22 96.683
13 68 38 83.889
14 468 14 75.518
15 559 16 89.403
16 328 4 44.616
17 1388 38 96.644
18 1288 7 70.774
19 1133 45 44.342
20 536 38 12.293
21 1361 39 94.685
22 592 59 34.823
23 674 3 6.051
24 841 27 41.873
25 907 30 52.423
26 336 31 97.870
27 1261 46 20.538
28 675 8 28.947
29 379 23 70.966
30 949 31 9.633
31 1087 17 66.075
32 1369 48 75.794
33 884 49 27.287
34 1052 9 51.140
35 176 15 61.855
36 1150 38 35.096
37 151 2 23.117
38 373 7 7.866
39 790 36 49.356
40 393 52 7.584
41 77 40 24.055
42 225 10 98.392
43 269 33 55.863
44 1019 24 32.708
45 616 9 22.819
46 1069 44 57.177
47 1089 43 39.618
48 366 41 66.764
49 612 38 97.727
50 673 24 66.652
51 1331 16 60.526
52 1253 13 30.391
53 1048 45 79.094
54 351 31 99.311
55 391 2 67.050
56 904 26 31.383
57 74 12 99.065
58 797 50 96.420
59 569 57 17.275
60 1367 49 4.928
61 1337 17 17.248
62 705 8 28.324
63 1049 59 47.375
64 311 52 11.132
65 944 55 87.068
66 942 38 18.230
67 485 11 22.618
68 1049 56 15.281
69 1149 30 33.290
70 997 58 10.888
71 172 13 5.509
72 1037 34 18.464
73 798 43 13.903
74 1422 7 73.747
75 805 11 81.477
76 552 27 8.777
77 760 21 53.480
78 429 17 73.716
79 576 15 93.447
80 665 45 35.124
81 1334 57 92.211
82 1203 26 20.894
83 842 28 30.165
84 321 8 55.716
85 385 32 46.265
86 261 33 45.770
87 546 52 8.626
88 1314 3 97.073
89 342 40 60.367
90 449 1 25.650
91 1074 3 59.574
92 1022 1 59.753
93 480 39 55.772
94 771 3 84.760
95 1275 58 79.169
96 1078 48 94.710
97 573 39 95.444
98 783 1 85.271
99 164 30 34.552
100 902 36 1.775