100
1 638 16 54.952
2 1297 11 23.578
3 761 50 69.483
4 582 29 11.654
5 1315 29 58.649
6 628 15 67.443
7 760 10 64.353
8 982 55 84.112
9 1377 10 84.066
10 780 31 48.826
11 2 16 27.239
12 13 42 40.589
13 513 14 59.327
14 440 28 74.829
15 763 11 7.556
16 171 28 81.910
17 923 16 42.140
18 255 4 51.639
19 25 46 54.194
20 293 3 8.093
21 821 45 39.155
22 208 42 80.264
23 513 38 63.460
24 1203 40 18.615
25 523 4 70.194
26 283 44 61.322
27 505 29 34.210
28 13 25 95.121
29 129 53 5.072
30 845 35 48.650
31 734 36 48.457
32 1374 25 89.653
33 460 45 19.292
34 1302 5 42.335
35 740 15 41.636
36 266 11 67.371
37 957 46 52.802
38 882 37 27.157
39 1340 25 27.139
40 1349 16 48.298
41 277 8 0.156
42 940 8 24.321
43 1222 53 6.633
44 502 20 20.833
45 685 28 88.874
46 8 56 26.773
47 839 44 35.268
48 1320 46 95.363
49 998 39 48.852
50 1371 26 45.015
51 457 50 42.000
52 907 5 43.059
53 991 18 20.462
54 175 16 61.722
55 484 22 87.761
56 888 35 92.495
57 733 31 2.875
58 873 34 84.992
59 681 22 33.450
60 596 5 52.658
61 123 4 58.803
62 52 43 39.599
63 31 6 16.223
64 352 24 55.327
65 1386 53 61.832
66 1066 30 40.132
67 822 11 0.076
68 291 57 36.070
69 1069 53 97.712
70 1343 4 28.790
71 613 39 88.984
72 498 2 32.960
73 367 4 11.175
74 852 32 96.618
75 215 40 64.761
76 1025 14 53.174
77 647 6 80.724
78 991 33 4.261
79 1371 3 84.220
80 1201 30 48.560
81 697 17 69.955
82 173 10 55.250
83 865 19 26.101
84 376 20 31.689
85 419 47 2.532
86 1351 40 89.826
87 1117 57 82.306
88 355 38 88.174
89 273 49 70.502
90 332 10 93.485
91 777 42 90.655
92 898 1 29.365
93 531 7 85.500
94 1282 12 58.059
95 148 11 16.874
96 493 54 74.305
97 664 4 97.011
98 889 15 73.145
99 1094 2 34.744
100 1303 49 30.312