100
1 293 23 62.011
2 528 25 48.290
3 1389 16 93.653
4 842 25 75.473
5 1311 9 33.669
6 489 29 26.513
7 15 48 90.687
8 34 21 30.809
9 1438 50 54.206
10 1390 23 36.551
11 1397 16 43.280
12 613 38 56.515
13 404 32 3.758
14 1200 21 26.304
15 316 21 3.799
16 117 42 1.613
17 497 15 12.091
18 1007 2 63.176
19 718 9 7.426
20 1295 46 31.855
21 759 15 1.761
22 636 32 88.732
23 316 33 68.000
24 1286 45 5.073
25 847 26 84.465
26 978 11 22.031
27 929 32 40.028
28 333 21 14.858
29 161 48 25.568
30 584 17 44.931
31 952 11 76.984
32 678 4 99.200
33 1062 24 48.064
34 1135 50 98.420
35 401 4 7.324
36 1124 9 53.915
37 78 12 34.919
38 191 18 27.330
39 1163 58 83.494
40 592 21 1.290
41 1208 3 56.457
42 176 5 5.106
43 724 29 7.127
44 422 53 73.714
45 694 29 71.958
46 351 43 66.313
47 889 46 66.085
48 1081 28 88.998
49 1061 44 88.860
50 804 20 62.124
51 80 13 49.840
52 1266 31 15.571
53 265 35 50.874
54 613 36 49.101
55 909 8 13.107
56 168 56 3.812
57 913 18 15.007
58 941 48 8.569
59 1222 21 18.483
60 743 9 63.766
61 1044 24 51.973
62 34 43 46.127
63 9 30 17.207
64 1116 49 8.236
65 1188 54 95.658
66 1433 23 23.964
67 276 29 40.181
68 1014 52 18.063
69 1094 36 42.343
70 1259 44 74.622
71 88 51 14.882
72 76 8 43.674
73 503 32 96.557
74 508 20 99.409
75 638 14 56.665
76 508 38 63.793
77 860 37 68.103
78 1254 46 33.898
79 212 23 32.019
80 1045 51 44.846
81 1004 25 30.416
82 1121 19 99.075
83 28 48 43.514
84 800 21 79.131
85 701 21 1.499
86 847 57 37.403
87 1428 44 51.674
88 1289 27 63.697
89 232 13 45.775
90 404 23 56.489
91 386 20 31.714
92 840 3 41.441
93 987 50 31.558
94 366 59 17.187
95 352 40 61.000
96 777 3 46.650
97 936 8 76.605
98 505 40 78.612
99 99 19 96.376
100 691 30 24.539