100
1 346 30 64.037
2 1009 44 95.485
3 917 12 39.325
4 1330 1 63.728
5 684 20 63.124
6 441 49 81.446
7 1396 29 39.004
8 915 4 84.408
9 1196 13 95.695
10 1416 56 57.354
11 246 39 95.576
12 494 17 79.661
13 645 3 89.121
14 192 17 51.524
15 1141 41 36.761
16 211 34 71.655
17 962 47 34.677
18 572 18 88.116
19 1213 19 18.088
20 879 59 81.018
21 827 34 79.919
22 617 38 85.031
23 1361 54 24.441
24 488 20 79.595
25 418 54 54.586
26 348 44 83.142
27 1406 33 3.550
28 433 21 46.926
29 260 31 88.107
30 1005 44 25.247
31 1375 14 40.404
32 551 36 95.601
33 311 50 56.104
34 60 9 8.659
35 706 32 25.588
36 523 10 10.970
37 443 20 7.868
38 905 9 42.718
39 87 6 56.222
40 826 46 75.006
41 36 40 94.432
42 501 29 3.498
43 288 57 66.702
44 1161 19 71.082
45 533 35 9.897
46 1143 1 3.245
47 957 18 82.489
48 1100 17 34.402
49 877 47 92.953
50 741 20 38.446
51 533 3 38.328
52 1107 9 76.277
53 1425 56 58.975
54 1423 59 0.775
55 980 33 30.653
56 360 21 92.739
57 1275 28 44.388
58 1119 46 71.700
59 417 8 15.130
60 1216 17 96.649
61 18 45 57.659
62 711 27 3.715
63 778 50 59.634
64 127 4 39.594
65 1078 17 92.608
66 1139 54 65.158
67 262 33 35.686
68 554 32 27.436
69 789 11 30.784
70 282 32 68.686
71 425 37 45.158
72 192 25 0.848
73 26 54 74.573
74 1013 44 13.673
75 1048 60 70.393
76 1411 8 69.328
77 752 58 66.386
78 519 9 12.549
79 653 60 2.209
80 233 60 84.978
81 1185 57 92.044
82 103 11 76.547
83 408 21 54.030
84 1085 26 24.927
85 953 7 93.200
86 871 24 33.292
87 686 40 44.326
88 1305 39 41.557
89 50 54 13.879
90 736 45 46.977
91 313 28 86.188
92 1151 19 25.492
93 476 48 70.685
94 241 27 32.778
95 740 24 82.091
96 636 43 75.947
97 183 15 83.614
98 1297 14 50.681
99 116 1 29.176
100 214 50 24.172