100
1 104 10 17.753
2 1222 32 10.132
3 1121 18 8.798
4 36 32 53.400
5 1405 41 82.511
6 150 18 63.437
7 116 18 79.019
8 1075 53 59.432
9 300 54 5.020
10 370 11 2.258
11 290 7 76.960
12 552 52 10.876
13 1345 53 7.292
14 1239 12 39.637
15 1263 58 18.621
16 1135 46 54.060
17 78 56 78.303
18 871 40 97.052
19 705 20 42.225
20 1353 37 5.809
21 977 40 33.349
22 1358 34 81.461
23 227 3 52.275
24 560 18 53.778
25 169 32 11.881
26 135 13 56.605
27 1304 12 74.834
28 360 11 41.953
29 164 4 62.135
30 446 12 39.383
31 1205 14 23.133
32 417 3 17.311
33 53 42 77.517
34 1301 51 33.538
35 780 17 19.509
36 261 23 36.052
37 501 23 92.265
38 773 1 32.208
39 1249 49 33.078
40 191 41 69.082
41 826 5 68.842
42 603 44 71.393
43 1422 56 77.293
44 677 39 44.069
45 1139 56 74.782
46 253 35 17.408
47 693 18 5.457
48 328 53 6.429
49 586 17 45.954
50 563 36 46.100
51 154 9 0.356
52 916 53 84.342
53 157 5 26.611
54 33 43 22.859
55 1226 8 85.847
56 635 49 67.591
57 710 15 57.362
58 184 47 70.555
59 483 9 9.803
60 435 44 61.836
61 29 56 28.410
62 870 29 86.345
63 675 10 31.274
64 1425 6 11.358
65 1303 52 96.330
66 134 44 28.680
67 918 13 4.640
68 444 2 49.196
69 811 5 89.447
70 724 58 25.191
71 990 47 22.659
72 1029 12 26.136
73 1042 60 69.146
74 1119 3 64.727
75 567 4 26.837
76 1025 38 46.833
77 998 32 82.370
78 296 31 39.730
79 1215 53 52.743
80 1034 43 56.986
81 502 45 18.383
82 485 41 9.930
83 672 49 82.523
84 541 27 41.804
85 1052 29 53.573
86 822 60 33.244
87 1004 59 8.742
88 224 53 34.609
89 1051 5 36.074
90 1219 41 54.144
91 1176 24 15.606
92 1235 1 2.980
93 728 42 10.047
94 1010 2 50.804
95 373 27 96.534
96 966 10 87.504
97 1063 24 88.388
98 40 12 3.325
99 164 11 26.460
100 1036 22 61.453