100
1 738 19 77.986
2 494 7 4.050
3 485 31 31.043
4 458 49 18.861
5 1027 13 28.960
6 482 36 38.599
7 248 18 68.424
8 363 40 46.068
9 809 50 36.649
10 1127 28 8.651
11 715 53 26.444
12 1280 53 83.269
13 717 20 13.017
14 928 35 44.197
15 435 18 49.548
16 1035 34 34.366
17 1394 33 56.383
18 1373 25 93.424
19 143 21 17.638
20 198 21 46.799
21 27 22 29.436
22 43 23 86.553
23 653 29 37.196
24 1174 12 42.122
25 775 49 33.835
26 1206 24 46.616
27 893 49 70.131
28 248 6 83.063
29 801 29 48.618
30 448 13 65.697
31 582 4 65.606
32 288 38 66.120
33 1241 56 3.404
34 703 6 14.726
35 1188 7 69.530
36 430 37 24.057
37 1015 57 66.222
38 455 22 54.996
39 1381 36 9.042
40 245 28 1.789
41 1096 8 47.206
42 661 14 95.946
43 813 7 46.883
44 437 54 93.751
45 1109 8 54.589
46 1140 16 51.944
47 155 34 95.524
48 872 17 79.490
49 41 53 81.130
50 89 29 37.166
51 687 10 18.394
52 942 9 81.314
53 845 40 39.558
54 114 55 54.130
55 33 37 71.699
56 1186 48 47.846
57 781 50 99.286
58 284 4 3.305
59 654 45 97.675
60 88 55 77.146
61 1119 38 64.399
62 667 19 89.641
63 1440 38 76.770
64 1351 36 42.377
65 1049 9 25.572
66 1096 13 57.745
67 30 8 85.570
68 1227 17 73.671
69 949 23 70.424
70 1255 40 19.181
71 631 35 89.976
72 613 40 81.148
73 701 53 63.517
74 971 21 31.558
75 380 45 38.901
76 413 28 43.147
77 103 15 17.758
78 813 51 13.241
79 877 33 46.393
80 1090 34 87.710
81 403 22 56.519
82 1227 8 46.276
83 1337 32 56.656
84 129 43 56.817
85 1347 25 33.328
86 430 46 48.831
87 1345 56 37.276
88 246 27 67.744
89 1304 1 94.198
90 660 29 46.568
91 541 51 67.415
92 763 15 6.910
93 933 21 10.405
94 114 60 78.501
95 1091 23 95.619
96 583 13 52.769
97 253 20 49.880
98 1113 33 26.902
99 406 31 25.098
100 1245 21 3.322