100
1 776 58 99.135
2 384 41 77.324
3 790 39 17.263
4 77 11 1.748
5 157 38 85.045
6 1403 11 77.127
7 555 20 23.711
8 1339 49 27.344
9 8 53 82.275
10 1012 43 76.885
11 655 52 87.057
12 698 18 11.849
13 419 5 47.648
14 780 38 43.193
15 1307 40 11.785
16 1069 35 4.638
17 1 41 57.683
18 813 8 8.811
19 1171 6 88.495
20 1092 35 20.562
21 401 11 1.079
22 372 55 11.296
23 578 44 7.657
24 1239 36 32.399
25 223 27 72.911
26 467 29 83.055
27 1011 2 88.597
28 1038 8 58.438
29 1365 49 75.242
30 180 47 37.240
31 838 24 4.887
32 1073 58 36.281
33 1163 4 6.229
34 1057 52 78.110
35 630 56 1.826
36 425 47 69.187
37 1091 10 72.003
38 136 8 52.275
39 79 42 64.116
40 763 9 10.282
41 414 32 35.136
42 469 19 75.353
43 571 46 25.203
44 1300 29 41.657
45 821 59 56.916
46 1217 44 93.984
47 909 55 59.968
48 197 48 5.542
49 35 20 37.640
50 526 11 88.665
51 1290 59 30.919
52 1155 37 72.354
53 1197 60 0.722
54 955 42 67.039
55 471 29 6.150
56 500 8 52.182
57 1012 47 55.718
58 91 44 15.785
59 1370 49 50.479
60 887 13 41.469
61 447 40 35.079
62 400 29 55.802
63 82 12 2.208
64 177 58 68.536
65 750 10 92.384
66 1270 49 93.336
67 264 22 69.458
68 1027 28 23.130
69 194 41 82.942
70 111 3 42.555
71 919 37 76.261
72 806 12 64.020
73 542 22 90.370
74 1019 46 16.128
75 1221 37 18.914
76 653 55 86.763
77 279 7 93.312
78 52 53 60.357
79 1426 58 20.272
80 1327 23 90.420
81 1187 30 3.055
82 529 32 31.388
83 292 51 50.125
84 1177 18 48.937
85 370 18 74.677
86 864 57 27.203
87 958 34 30.745
88 387 37 41.558
89 626 44 83.817
90 571 16 18.433
91 846 20 83.335
92 940 23 6.368
93 1404 57 51.718
94 767 14 22.651
95 504 31 28.659
96 368 34 63.703
97 1159 37 30.089
98 311 46 56.101
99 735 9 50.898
100 762 12 3.863