100
1 651 54 48.583
2 1324 52 58.666
3 699 31 91.216
4 177 13 62.414
5 23 11 38.415
6 962 2 48.521
7 1130 41 55.791
8 674 5 39.285
9 1155 54 61.796
10 54 19 89.209
11 997 53 72.535
12 1214 44 10.573
13 577 41 75.014
14 56 43 78.077
15 1016 49 25.290
16 55 52 4.072
17 581 5 79.122
18 737 27 45.800
19 1413 58 31.135
20 156 51 86.843
21 1417 36 25.087
22 897 14 80.082
23 381 44 95.758
24 999 48 71.866
25 1303 45 36.824
26 1163 13 67.511
27 832 31 15.854
28 239 18 8.518
29 826 43 39.852
30 1356 43 17.341
31 799 29 55.765
32 1036 8 53.042
33 632 51 85.358
34 228 28 53.553
35 478 31 40.637
36 1310 12 32.689
37 1106 26 30.678
38 620 42 55.387
39 798 54 79.413
40 745 16 44.735
41 275 24 18.937
42 1142 12 19.642
43 1346 41 23.937
44 704 7 98.778
45 18 58 52.769
46 1184 53 51.008
47 78 56 17.445
48 611 30 84.371
49 1204 45 85.668
50 761 31 30.378
51 265 54 93.794
52 942 2 69.295
53 1430 7 81.380
54 123 33 25.704
55 1348 13 38.035
56 885 41 57.369
57 344 10 65.228
58 969 2 67.285
59 366 29 58.399
60 1233 30 66.896
61 491 10 16.363
62 924 60 15.879
63 136 49 89.402
64 592 14 70.880
65 796 34 47.173
66 1048 24 27.882
67 643 6 43.333
68 1288 21 39.432
69 113 22 66.548
70 719 17 51.944
71 503 55 68.713
72 1045 58 16.730
73 1116 40 28.371
74 536 41 66.239
75 64 59 24.181
76 857 14 65.720
77 268 8 52.186
78 699 52 73.088
79 65 9 76.391
80 1360 60 74.253
81 802 44 9.954
82 1311 30 79.975
83 1420 38 70.841
84 1273 14 31.769
85 769 16 18.597
86 778 43 26.007
87 1052 32 22.031
88 433 29 80.390
89 380 13 99.030
90 435 53 47.145
91 413 28 2.302
92 1195 53 23.349
93 1056 16 82.699
94 1294 45 98.528
95 1253 34 17.649
96 1372 13 13.356
97 180 48 78.760
98 389 33 88.067
99 1336 43 14.453
100 1312 35 82.028