100
1 1311 28 16.719
2 656 21 90.877
3 1165 45 36.870
4 1032 50 73.736
5 1321 9 81.416
6 1118 14 93.474
7 1438 50 48.547
8 291 43 84.246
9 657 56 3.407
10 34 16 45.400
11 678 5 95.807
12 1257 10 0.712
13 1247 52 41.053
14 222 31 23.554
15 306 5 53.899
16 652 35 49.684
17 548 42 73.901
18 408 8 29.762
19 414 40 10.120
20 75 31 38.173
21 155 59 53.065
22 937 1 48.674
23 899 20 18.939
24 1346 21 42.791
25 893 6 20.583
26 42 27 96.095
27 41 56 84.337
28 980 31 3.343
29 338 48 87.079
30 115 54 54.966
31 756 5 97.469
32 135 15 12.522
33 199 59 17.372
34 367 31 37.229
35 513 42 4.721
36 230 14 48.777
37 24 48 30.662
38 1174 43 5.096
39 1068 22 65.325
40 765 1 70.286
41 1432 17 99.864
42 846 59 36.089
43 817 3 12.420
44 728 41 50.985
45 708 22 96.078
46 541 45 75.186
47 1334 44 31.861
48 485 42 57.710
49 676 25 47.124
50 884 53 93.651
51 1249 18 65.250
52 1135 3 79.714
53 342 25 80.914
54 439 60 62.242
55 619 49 16.967
56 622 54 92.235
57 986 22 87.835
58 1103 6 42.094
59 1145 55 0.643
60 90 5 38.411
61 849 48 79.900
62 1256 12 4.704
63 930 40 41.255
64 977 27 19.850
65 1360 39 28.219
66 1149 57 83.045
67 541 39 72.587
68 1004 8 82.722
69 1315 21 85.409
70 975 38 50.917
71 870 45 61.750
72 272 1 15.970
73 809 22 59.038
74 578 17 31.987
75 125 14 77.394
76 269 50 2.587
77 44 37 41.243
78 1430 22 77.591
79 57 53 13.220
80 874 59 37.578
81 912 49 11.348
82 876 60 75.447
83 560 11 80.921
84 197 58 28.302
85 1162 16 67.184
86 1108 3 57.421
87 866 11 7.123
88 725 4 38.075
89 552 58 71.712
90 227 58 1.920
91 597 60 8.272
92 795 45 12.976
93 985 40 91.432
94 1180 24 44.106
95 967 37 66.456
96 236 18 88.145
97 207 49 44.978
98 909 33 81.041
99 1336 36 15.044
100 676 18 86.733