100
1 422 59 83.453
2 396 14 73.824
3 1263 23 74.649
4 420 60 21.887
5 36 43 14.026
6 1286 15 64.392
7 216 48 26.123
8 482 54 68.914
9 583 28 76.673
10 912 10 90.399
11 674 7 67.849
12 400 14 15.509
13 1423 19 31.880
14 499 44 20.242
15 1236 46 77.012
16 674 32 33.741
17 525 34 95.162
18 149 34 62.783
19 860 6 85.812
20 1094 8 37.957
21 700 52 62.390
22 234 60 97.300
23 1067 26 36.057
24 405 51 44.116
25 1281 58 86.430
26 671 20 44.542
27 650 36 10.637
28 856 48 39.794
29 976 39 68.663
30 161 55 44.507
31 1112 31 14.679
32 616 43 31.671
33 956 15 61.554
34 669 39 72.858
35 1010 30 24.262
36 465 7 5.372
37 843 26 87.402
38 433 52 34.202
39 913 53 5.958
40 190 33 89.010
41 1319 19 97.073
42 193 57 20.932
43 147 13 8.920
44 903 55 58.562
45 1288 51 37.960
46 145 15 84.594
47 1393 10 17.366
48 178 39 56.727
49 775 32 47.473
50 1141 29 28.713
51 884 15 67.945
52 552 31 62.569
53 847 28 62.057
54 186 60 65.115
55 920 35 72.902
56 28 52 46.016
57 273 4 30.008
58 707 5 21.042
59 966 21 22.508
60 1329 26 12.895
61 1240 46 61.941
62 901 19 89.263
63 403 36 89.825
64 979 38 96.346
65 241 15 69.365
66 116 7 44.754
67 1374 55 82.025
68 641 24 58.019
69 299 39 75.000
70 822 36 73.108
71 536 38 14.925
72 1244 45 96.544
73 296 46 68.051
74 545 54 88.604
75 1277 52 38.457
76 784 5 61.679
77 747 7 10.193
78 1275 37 38.707
79 819 23 11.368
80 200 44 34.414
81 468 54 63.572
82 1277 27 51.889
83 585 8 82.705
84 95 32 68.507
85 61 46 57.491
86 519 54 55.320
87 857 27 97.674
88 1248 14 42.354
89 898 25 76.390
90 1098 7 82.980
91 1064 60 53.948
92 1318 6 3.517
93 308 32 17.974
94 1353 35 60.727
95 1331 49 34.167
96 997 26 73.418
97 1301 11 79.682
98 489 56 81.156
99 383 28 90.724
100 522 60 53.243