100
1 857 57 9.014
2 1259 7 93.105
3 975 31 24.236
4 1162 58 15.484
5 835 10 89.184
6 223 15 0.869
7 548 51 91.312
8 489 51 18.581
9 338 54 38.115
10 516 32 95.426
11 212 46 19.848
12 294 46 69.045
13 556 45 68.489
14 99 58 51.818
15 1312 21 61.054
16 1228 47 5.172
17 1236 12 72.309
18 1008 16 20.016
19 414 56 51.267
20 16 19 97.680
21 1362 49 0.261
22 646 51 19.003
23 549 40 25.168
24 1187 32 72.468
25 667 19 12.032
26 25 13 18.833
27 900 21 81.597
28 1342 18 12.930
29 484 28 22.832
30 756 14 3.812
31 522 42 90.746
32 894 52 3.041
33 646 9 10.019
34 254 51 78.195
35 841 39 44.324
36 1255 59 17.438
37 1160 14 38.049
38 331 12 86.992
39 30 48 35.808
40 1091 37 8.377
41 355 3 18.814
42 863 53 49.736
43 1353 11 6.040
44 1202 27 98.805
45 325 35 29.631
46 990 23 86.297
47 1063 19 35.269
48 1302 18 73.973
49 1062 26 35.119
50 1273 7 63.127
51 466 7 74.435
52 947 43 88.287
53 815 15 89.338
54 417 45 90.274
55 1069 22 82.185
56 1430 55 3.517
57 118 33 16.276
58 348 34 49.143
59 897 49 1.775
60 1429 56 38.892
61 1373 24 11.744
62 220 29 37.570
63 939 3 18.354
64 416 52 69.630
65 866 15 91.390
66 776 35 55.732
67 493 58 35.044
68 978 9 17.762
69 1042 7 76.016
70 169 53 56.928
71 592 32 77.815
72 963 36 0.718
73 601 19 55.528
74 779 34 53.620
75 41 58 47.434
76 822 7 80.005
77 884 21 99.385
78 518 59 61.517
79 321 25 5.268
80 613 12 70.654
81 905 25 6.802
82 330 16 5.068
83 486 36 65.721
84 769 47 74.155
85 392 59 12.509
86 969 38 88.646
87 1016 51 46.493
88 1295 17 43.254
89 504 17 45.650
90 9 54 47.516
91 819 37 65.643
92 259 30 8.612
93 936 2 37.774
94 1279 7 30.096
95 1120 14 8.565
96 245 53 46.373
97 1048 36 81.294
98 545 25 50.351
99 189 18 50.564
100 200 56 72.049