100
1 50 16 6.955
2 824 38 49.864
3 633 36 57.897
4 1418 14 36.926
5 858 29 19.252
6 914 26 34.738
7 1260 16 30.383
8 961 11 89.803
9 172 7 75.023
10 529 17 52.352
11 260 38 57.656
12 231 35 10.329
13 931 28 39.334
14 1076 36 22.269
15 1260 28 53.954
16 1174 30 4.263
17 593 23 91.813
18 325 45 26.771
19 642 14 42.729
20 689 9 23.419
21 1077 59 36.464
22 65 57 87.792
23 1236 45 74.105
24 571 3 83.561
25 433 9 24.422
26 43 49 35.400
27 21 47 33.415
28 727 37 39.753
29 811 23 92.594
30 749 11 75.092
31 631 3 68.991
32 925 14 35.202
33 1152 18 7.325
34 1094 18 7.343
35 325 56 45.132
36 881 13 77.617
37 429 11 36.278
38 1344 18 87.162
39 180 2 77.651
40 810 23 24.976
41 120 53 90.519
42 878 47 7.172
43 1398 46 27.605
44 964 18 95.367
45 430 5 71.020
46 605 27 97.693
47 987 31 31.575
48 1173 25 67.556
49 999 3 85.699
50 1008 18 73.926
51 523 15 61.939
52 149 24 61.518
53 207 43 88.384
54 66 45 75.826
55 578 37 66.022
56 1123 19 26.797
57 358 23 48.548
58 860 41 52.528
59 1302 48 35.699
60 1100 47 28.507
61 1 15 0.471
62 1097 36 53.030
63 1095 6 48.194
64 369 45 4.547
65 117 6 65.414
66 668 12 32.765
67 82 9 83.723
68 381 8 49.697
69 857 26 3.853
70 350 34 74.223
71 1303 48 57.119
72 1309 5 69.100
73 624 40 73.415
74 846 60 12.743
75 1418 24 92.458
76 680 9 87.623
77 650 55 44.665
78 906 38 37.523
79 381 27 29.642
80 1046 2 63.503
81 917 37 87.035
82 1284 25 17.538
83 631 24 58.540
84 238 9 76.814
85 1034 44 19.141
86 1053 42 17.322
87 519 26 82.013
88 765 1 63.339
89 1081 5 85.987
90 1335 38 15.346
91 343 47 33.827
92 77 22 45.385
93 375 47 40.824
94 31 55 97.596
95 1110 41 12.152
96 1239 46 45.604
97 831 56 10.457
98 1367 12 85.288
99 825 50 97.245
100 799 29 4.168