100
1 276 33 20.800
2 949 12 17.209
3 630 57 74.762
4 14 22 68.278
5 1260 30 42.824
6 319 11 12.488
7 641 27 70.761
8 1090 47 9.327
9 265 12 57.262
10 995 26 25.030
11 1187 1 37.952
12 106 39 71.171
13 79 22 90.953
14 438 26 70.373
15 585 41 51.989
16 376 28 39.483
17 912 56 47.065
18 73 46 54.059
19 1052 16 94.714
20 74 23 5.683
21 261 43 5.590
22 440 17 60.400
23 1133 16 43.090
24 1398 38 11.827
25 471 18 92.126
26 547 18 20.552
27 1187 7 17.475
28 1374 41 92.152
29 783 7 72.368
30 386 58 15.572
31 1165 28 26.533
32 1069 35 98.112
33 42 8 92.480
34 342 55 87.953
35 1255 49 59.342
36 284 18 45.171
37 58 31 63.555
38 201 43 15.769
39 132 7 72.946
40 599 44 89.777
41 1151 52 29.232
42 287 30 76.306
43 683 16 33.737
44 614 39 74.330
45 603 42 77.664
46 702 40 13.874
47 1143 4 62.370
48 1344 49 98.332
49 359 43 84.564
50 59 5 9.496
51 562 24 6.557
52 720 8 85.102
53 1096 34 33.381
54 146 34 77.643
55 47 44 73.078
56 42 24 71.799
57 142 6 25.653
58 655 28 65.633
59 401 13 22.214
60 1277 49 72.989
61 982 47 1.083
62 1354 7 64.172
63 642 37 85.016
64 329 13 20.519
65 1107 58 43.931
66 1089 3 77.496
67 1117 29 88.495
68 603 55 43.622
69 53 57 23.383
70 1121 51 42.646
71 1012 9 69.067
72 1403 8 42.958
73 717 60 86.625
74 707 54 78.026
75 272 24 12.110
76 1382 26 96.492
77 404 36 61.083
78 635 46 64.613
79 824 31 54.238
80 1245 13 46.438
81 556 8 2.044
82 91 46 15.196
83 781 35 0.509
84 752 48 53.776
85 396 51 12.757
86 839 15 65.304
87 888 51 8.699
88 641 8 72.667
89 1151 37 51.775
90 1133 51 10.017
91 30 56 65.219
92 809 11 67.091
93 1303 13 38.300
94 334 30 4.237
95 1385 36 35.466
96 139 42 91.771
97 949 31 93.085
98 730 33 91.251
99 508 6 67.159
100 1312 19 3.876