100
1 269 51 23.681
2 330 17 87.605
3 926 29 83.555
4 1360 57 6.051
5 436 1 76.333
6 416 27 94.355
7 913 28 95.460
8 57 48 91.788
9 97 38 72.533
10 813 6 36.782
11 336 16 20.832
12 1336 14 9.785
13 386 45 3.272
14 897 51 39.584
15 72 43 43.137
16 626 54 14.658
17 942 4 21.430
18 786 10 10.789
19 1383 6 74.275
20 1039 53 77.846
21 609 56 46.245
22 1200 56 22.284
23 351 9 70.406
24 1006 55 56.123
25 1350 36 99.488
26 1384 55 90.867
27 360 17 91.614
28 780 7 37.636
29 601 30 98.444
30 1313 60 2.066
31 457 1 63.570
32 1435 29 89.443
33 907 49 14.311
34 1299 1 59.017
35 79 25 64.335
36 1118 60 75.544
37 337 4 63.633
38 1136 46 68.212
39 276 9 59.132
40 595 26 61.167
41 193 3 95.756
42 1170 16 85.004
43 19 33 67.968
44 893 29 70.494
45 1038 15 97.367
46 427 29 15.292
47 1017 49 19.783
48 77 7 83.279
49 116 1 74.276
50 814 54 43.688
51 477 25 17.383
52 101 29 4.434
53 383 58 43.524
54 727 13 35.354
55 289 37 9.277
56 490 2 47.719
57 715 33 78.554
58 102 33 81.155
59 667 46 97.903
60 814 37 8.178
61 201 21 81.364
62 159 22 44.693
63 495 53 6.612
64 1228 2 72.348
65 1134 9 59.625
66 1171 32 89.717
67 967 7 50.613
68 1361 20 25.285
69 250 14 41.034
70 107 29 79.308
71 1276 9 81.141
72 1170 36 75.449
73 38 60 47.958
74 12 25 51.606
75 1048 18 29.251
76 57 40 10.466
77 1247 10 69.735
78 1110 34 44.602
79 1177 57 31.838
80 1162 37 83.684
81 914 13 61.203
82 322 18 78.386
83 762 10 80.436
84 211 57 9.279
85 418 54 53.692
86 1137 42 29.646
87 908 48 20.844
88 1167 36 9.252
89 919 36 74.768
90 48 60 85.469
91 1377 44 46.192
92 865 49 91.522
93 801 2 45.473
94 545 27 64.157
95 207 38 60.635
96 825 11 27.301
97 760 16 61.385
98 1337 3 27.754
99 893 13 67.997
100 681 20 74.186