100
1 242 17 76.452
2 5 34 60.896
3 38 41 47.717
4 336 13 92.194
5 53 46 4.582
6 404 7 49.765
7 429 22 32.823
8 480 1 44.894
9 498 58 63.399
10 860 24 95.998
11 1082 11 4.662
12 349 37 23.755
13 671 3 85.252
14 1255 27 55.506
15 1301 54 40.970
16 1342 42 24.956
17 902 3 4.558
18 1296 43 92.114
19 476 21 42.028
20 944 45 81.209
21 18 48 39.678
22 451 46 96.312
23 1189 21 35.378
24 601 56 45.868
25 1052 3 71.350
26 519 26 88.451
27 330 9 81.702
28 1019 21 5.069
29 504 21 35.889
30 1285 46 76.290
31 1054 44 49.815
32 381 5 49.033
33 1011 56 49.042
34 1250 46 25.034
35 818 29 94.414
36 816 49 12.816
37 1144 50 85.391
38 1323 48 40.815
39 864 14 56.499
40 346 42 91.896
41 1026 26 69.813
42 1133 5 70.885
43 587 20 70.963
44 204 8 28.858
45 762 45 16.721
46 386 43 83.290
47 49 44 53.745
48 1155 27 58.676
49 751 26 42.020
50 1098 55 85.069
51 368 7 21.104
52 1435 50 86.664
53 1360 21 63.733
54 127 16 25.882
55 228 57 50.896
56 380 52 11.561
57 137 21 76.958
58 604 48 77.888
59 976 17 67.470
60 1365 24 22.452
61 1181 5 28.255
62 775 13 72.644
63 244 6 25.116
64 307 36 47.254
65 52 42 47.962
66 1078 21 11.571
67 791 32 38.866
68 114 58 45.744
69 536 37 13.152
70 1057 13 51.415
71 1052 42 6.207
72 1406 41 17.531
73 122 39 91.393
74 859 35 61.241
75 744 34 27.172
76 435 49 28.642
77 440 53 59.108
78 1334 39 82.729
79 297 60 14.345
80 119 52 35.256
81 981 23 89.362
82 827 56 40.400
83 1409 26 39.435
84 46 13 42.650
85 69 50 48.934
86 830 8 51.787
87 390 10 42.056
88 545 5 62.264
89 1414 8 17.742
90 262 41 77.707
91 386 44 26.875
92 1229 23 50.442
93 605 20 31.462
94 1426 29 89.004
95 529 50 71.484
96 330 58 58.224
97 328 24 90.207
98 252 60 3.050
99 523 60 91.170
100 1381 11 96.964