100
1 826 49 48.403
2 554 7 90.370
3 452 48 60.341
4 807 59 63.687
5 264 13 91.478
6 312 58 97.875
7 954 42 78.826
8 199 36 19.828
9 796 45 29.802
10 573 27 97.008
11 408 31 37.623
12 391 16 98.904
13 1179 6 41.456
14 852 39 4.033
15 687 12 63.114
16 765 14 84.580
17 1167 42 70.729
18 378 22 15.745
19 1353 26 36.875
20 1267 42 54.187
21 851 55 24.999
22 1208 35 17.038
23 626 47 10.257
24 151 5 94.764
25 1402 42 57.069
26 1194 19 19.973
27 816 29 69.608
28 1076 41 35.141
29 525 48 35.779
30 451 40 96.951
31 898 43 52.138
32 1425 41 66.133
33 1167 42 56.291
34 514 16 16.116
35 1149 46 62.682
36 901 30 31.635
37 1317 41 45.917
38 480 37 38.474
39 1105 13 61.634
40 31 56 16.194
41 372 16 89.010
42 168 57 81.857
43 113 7 21.398
44 992 59 22.982
45 374 44 73.072
46 1103 16 59.909
47 327 54 35.329
48 1170 39 63.391
49 1157 8 40.865
50 639 15 59.959
51 493 13 67.496
52 880 3 95.196
53 1360 48 96.735
54 351 11 45.254
55 147 12 85.907
56 793 40 83.834
57 1053 48 61.694
58 362 3 11.429
59 115 49 74.069
60 343 19 51.048
61 485 14 83.067
62 132 40 88.341
63 1321 56 90.607
64 315 56 85.595
65 94 45 15.941
66 670 39 79.040
67 186 60 52.960
68 451 34 68.581
69 314 33 98.592
70 798 41 97.889
71 1334 55 28.044
72 461 40 30.199
73 708 45 37.380
74 614 11 69.953
75 1353 30 24.516
76 404 53 78.841
77 376 18 24.043
78 927 55 8.718
79 1176 34 68.039
80 131 28 63.552
81 882 37 52.309
82 1167 25 97.573
83 851 28 88.181
84 1171 6 91.123
85 673 44 0.889
86 1018 36 33.073
87 626 28 24.888
88 302 34 58.395
89 1322 7 71.464
90 46 42 13.970
91 706 54 65.402
92 985 27 21.473
93 1328 17 57.338
94 1265 23 68.291
95 739 14 96.298
96 1371 29 29.822
97 389 58 83.983
98 536 16 84.461
99 838 1 87.672
100 475 4 48.049