100
1 87 23 46.610
2 171 59 27.213
3 1020 30 3.655
4 972 12 53.006
5 147 23 27.338
6 1194 39 50.753
7 350 28 28.913
8 40 40 91.699
9 1242 53 60.660
10 932 18 67.853
11 1047 33 81.172
12 1294 40 83.987
13 262 15 24.164
14 3 50 66.946
15 779 12 77.543
16 240 60 42.378
17 1069 32 88.521
18 829 60 57.924
19 640 40 50.028
20 88 20 37.452
21 428 37 57.748
22 1189 55 29.580
23 462 4 60.180
24 234 14 57.357
25 318 21 79.988
26 950 46 21.691
27 1237 9 15.356
28 103 40 32.890
29 890 48 28.948
30 1264 57 73.036
31 26 3 23.947
32 524 52 88.785
33 357 1 26.516
34 635 39 59.027
35 782 34 12.721
36 1270 55 94.813
37 115 16 79.230
38 1047 42 28.485
39 300 44 97.535
40 21 27 1.431
41 333 28 64.845
42 1261 10 0.639
43 1304 4 67.351
44 563 6 26.740
45 420 3 75.612
46 548 56 50.738
47 566 19 16.314
48 1336 49 7.683
49 1305 55 32.472
50 889 2 56.156
51 1133 56 46.858
52 1419 23 30.541
53 197 17 13.590
54 1350 53 5.031
55 400 44 82.294
56 588 41 31.309
57 36 47 74.403
58 294 27 43.601
59 277 58 77.220
60 49 46 98.546
61 1268 56 46.167
62 323 53 27.594
63 377 42 9.650
64 1217 19 87.436
65 797 31 57.310
66 760 34 54.215
67 468 15 95.049
68 916 8 12.253
69 407 54 71.652
70 238 10 13.516
71 181 42 44.090
72 1289 11 40.137
73 144 6 50.923
74 502 44 32.378
75 1370 44 71.885
76 655 47 86.380
77 542 31 23.027
78 348 26 25.759
79 1402 38 29.885
80 1341 40 76.341
81 134 50 66.859
82 201 48 95.340
83 977 40 78.781
84 1219 10 83.078
85 916 28 90.876
86 1286 26 74.224
87 333 19 13.783
88 437 47 54.547
89 419 1 47.602
90 202 52 3.811
91 1408 20 54.172
92 209 6 4.973
93 1134 23 26.360
94 515 17 78.523
95 414 22 79.439
96 1111 28 35.686
97 22 10 21.254
98 641 8 81.216
99 1432 26 95.742
100 774 2 37.605