100
1 15 9 37.088
2 1298 55 21.717
3 1293 44 0.564
4 1185 4 38.461
5 846 52 42.839
6 364 26 21.322
7 417 37 49.630
8 601 46 26.086
9 842 36 61.702
10 792 2 91.376
11 1358 16 29.011
12 1220 24 36.404
13 1432 13 63.656
14 852 46 6.557
15 1053 59 60.397
16 1011 25 39.959
17 763 7 11.860
18 72 45 2.870
19 978 15 29.729
20 276 49 92.751
21 802 33 69.725
22 1137 47 39.622
23 1391 11 97.921
24 914 52 99.039
25 131 50 48.567
26 774 6 52.220
27 975 32 96.114
28 679 4 88.703
29 837 6 17.510
30 1431 12 98.472
31 934 24 41.858
32 637 8 35.529
33 1436 2 27.342
34 292 55 75.995
35 113 29 88.413
36 1410 4 66.825
37 190 58 89.904
38 1079 15 53.086
39 935 57 23.579
40 1015 53 94.752
41 631 53 58.465
42 769 1 22.588
43 1213 7 49.015
44 1031 32 95.314
45 981 26 82.894
46 493 25 31.773
47 343 57 34.191
48 95 50 92.410
49 1398 41 68.018
50 139 24 36.458
51 442 16 54.393
52 90 7 28.588
53 369 48 21.443
54 239 49 55.129
55 1241 24 72.680
56 1366 59 16.202
57 1044 1 84.699
58 539 59 13.349
59 1243 48 3.227
60 710 1 79.447
61 249 23 13.963
62 1205 41 95.700
63 378 22 92.636
64 1283 12 42.403
65 313 37 94.251
66 1341 7 54.254
67 867 8 22.748
68 674 34 93.421
69 1097 5 64.081
70 504 33 25.242
71 154 11 63.446
72 913 5 55.764
73 738 24 45.781
74 895 21 67.071
75 1109 41 96.683
76 735 15 30.742
77 349 44 59.610
78 1223 60 83.796
79 135 31 92.524
80 914 45 60.941
81 155 45 49.271
82 211 57 99.789
83 972 27 62.971
84 657 5 23.472
85 1349 34 33.487
86 145 41 61.170
87 99 3 77.494
88 909 26 45.710
89 552 30 1.274
90 1398 55 84.041
91 918 24 97.652
92 1158 32 64.338
93 224 49 80.001
94 88 14 64.855
95 1340 20 22.893
96 1125 50 50.748
97 1138 12 39.352
98 25 50 14.557
99 206 33 91.511
100 1104 46 2.718