100
1 1239 59 42.723
2 898 51 88.940
3 1132 11 56.832
4 410 43 54.780
5 515 45 70.907
6 12 28 64.053
7 363 60 42.795
8 1366 23 13.347
9 1358 24 66.966
10 447 36 97.896
11 1359 49 65.114
12 898 57 22.428
13 103 13 16.193
14 1350 19 90.926
15 999 4 19.856
16 1145 39 9.360
17 163 46 0.698
18 1117 7 53.354
19 669 2 48.921
20 966 3 27.124
21 507 2 34.805
22 1436 31 98.836
23 694 48 12.305
24 933 19 95.737
25 1124 34 37.488
26 579 32 41.462
27 809 27 93.202
28 1131 59 88.790
29 628 53 56.418
30 1347 50 29.825
31 1140 20 7.231
32 750 55 42.013
33 979 44 85.464
34 800 13 35.200
35 122 4 60.941
36 1012 33 86.823
37 816 26 18.621
38 677 15 81.402
39 1162 4 69.752
40 623 10 51.003
41 1125 59 60.555
42 270 4 46.108
43 1063 28 18.721
44 180 39 99.477
45 843 23 71.851
46 651 11 86.732
47 765 33 92.249
48 335 36 54.301
49 220 59 91.350
50 98 38 30.308
51 1284 56 88.957
52 299 9 81.192
53 7 9 16.905
54 94 3 13.139
55 540 5 72.087
56 949 29 17.920
57 1037 33 11.495
58 15 56 43.772
59 860 45 6.726
60 1378 49 63.459
61 503 28 77.524
62 134 52 14.624
63 1257 13 59.660
64 854 19 8.747
65 782 37 77.518
66 1251 22 83.327
67 898 52 16.108
68 417 49 17.747
69 292 13 50.603
70 578 25 85.391
71 1139 39 42.257
72 1070 58 31.809
73 1340 27 16.271
74 1011 28 73.369
75 811 37 60.797
76 672 56 31.663
77 30 52 66.230
78 920 1 98.584
79 380 50 63.744
80 698 26 61.817
81 784 26 7.409
82 404 24 72.261
83 294 22 99.320
84 454 40 16.283
85 816 33 40.856
86 313 11 40.503
87 669 6 77.901
88 280 47 6.236
89 539 29 30.499
90 1095 19 65.676
91 357 3 86.536
92 219 42 0.612
93 562 37 10.274
94 154 5 15.409
95 22 31 36.806
96 743 12 38.128
97 552 12 90.824
98 1149 21 17.371
99 248 39 33.765
100 216 30 8.679