100
1 1292 44 1.178
2 535 29 59.943
3 819 48 49.499
4 482 59 54.828
5 59 14 32.338
6 961 53 9.296
7 101 2 31.503
8 334 39 22.283
9 1241 55 58.429
10 349 6 50.006
11 1380 58 86.666
12 364 21 60.911
13 1052 56 31.743
14 826 33 14.154
15 369 9 47.586
16 1154 26 57.882
17 1258 24 76.431
18 1268 35 29.260
19 404 13 51.999
20 1433 12 93.748
21 1258 8 89.837
22 434 41 91.974
23 336 20 78.308
24 746 12 65.739
25 590 20 39.105
26 1051 4 64.647
27 270 28 65.588
28 579 50 76.367
29 501 12 59.966
30 403 25 7.105
31 1298 8 14.191
32 412 55 42.302
33 524 44 16.559
34 619 43 34.422
35 920 34 42.578
36 428 44 73.509
37 788 31 42.762
38 1129 37 74.604
39 17 55 17.797
40 757 50 95.787
41 438 59 67.824
42 870 21 34.501
43 681 47 2.503
44 1278 28 70.469
45 172 22 81.861
46 1222 21 28.967
47 1305 57 53.705
48 447 38 62.238
49 359 53 40.389
50 142 56 36.967
51 669 13 11.032
52 968 41 21.297
53 653 30 17.117
54 1148 46 93.210
55 1273 34 70.998
56 1438 33 49.522
57 1325 16 73.252
58 1094 29 73.851
59 252 39 98.172
60 874 29 1.568
61 434 45 42.793
62 637 13 63.572
63 927 38 46.706
64 757 22 25.471
65 109 19 34.864
66 1287 24 40.318
67 950 46 51.257
68 420 41 65.421
69 708 38 21.823
70 1218 17 9.187
71 511 41 61.914
72 1228 7 84.926
73 690 18 30.676
74 734 44 26.979
75 741 60 42.071
76 108 24 92.454
77 391 43 34.580
78 476 51 43.862
79 1266 17 68.231
80 59 5 98.633
81 338 24 7.703
82 1190 2 43.390
83 765 52 3.389
84 26 39 76.645
85 930 37 17.875
86 1158 50 39.525
87 504 44 46.496
88 607 2 55.298
89 1215 49 77.223
90 1403 20 48.485
91 390 11 47.723
92 252 58 70.308
93 545 30 15.835
94 55 36 16.385
95 817 46 75.695
96 795 18 98.424
97 895 7 85.074
98 1350 3 52.833
99 1023 52 67.894
100 846 53 69.615