100
1 1152 43 79.240
2 1190 24 37.045
3 432 54 19.337
4 721 50 78.427
5 437 30 55.657
6 429 24 30.227
7 375 21 40.054
8 668 16 41.157
9 663 23 42.894
10 589 49 16.213
11 1399 50 12.817
12 745 13 67.314
13 164 13 25.191
14 1125 13 24.016
15 1160 46 87.230
16 1186 4 1.079
17 904 20 38.996
18 365 38 48.972
19 517 54 95.234
20 1116 1 19.163
21 803 20 46.657
22 1331 11 9.310
23 388 11 77.018
24 104 2 98.415
25 1083 51 11.240
26 645 23 85.082
27 360 56 51.999
28 87 41 53.214
29 1265 31 69.269
30 816 38 84.103
31 1359 24 3.484
32 1355 51 68.571
33 424 21 98.893
34 600 10 52.677
35 888 38 38.144
36 1348 45 71.180
37 957 26 25.226
38 42 21 22.634
39 809 54 82.745
40 26 14 0.435
41 910 41 86.990
42 503 60 70.418
43 883 3 8.233
44 698 59 45.608
45 751 28 84.664
46 699 19 11.745
47 1166 37 74.681
48 333 8 6.734
49 490 28 24.119
50 416 10 47.375
51 196 4 25.793
52 517 37 1.910
53 487 60 7.734
54 1050 60 2.128
55 1091 18 57.783
56 718 59 5.794
57 1331 19 79.339
58 1431 39 66.746
59 569 13 37.105
60 952 50 86.191
61 919 31 28.834
62 146 3 57.673
63 1003 36 39.790
64 1347 25 29.492
65 1171 39 59.784
66 331 47 75.448
67 491 38 34.438
68 230 2 42.747
69 911 34 38.669
70 445 50 90.072
71 110 38 61.315
72 885 28 82.466
73 411 11 36.647
74 1064 39 2.169
75 600 9 15.634
76 586 9 68.938
77 343 56 16.766
78 746 39 73.648
79 901 2 53.314
80 666 11 19.922
81 1317 41 88.937
82 1202 23 35.141
83 490 1 83.232
84 739 37 49.411
85 24 28 56.868
86 440 51 72.291
87 173 19 40.366
88 798 26 69.174
89 1400 53 83.427
90 69 45 13.960
91 710 33 94.982
92 171 6 68.816
93 37 44 64.756
94 875 17 61.835
95 1425 16 53.283
96 318 33 50.641
97 1430 30 47.982
98 1107 38 90.963
99 417 27 46.092
100 913 4 92.557