100
1 158 20 98.794
2 1301 15 15.490
3 1258 51 71.896
4 167 16 58.031
5 602 46 42.949
6 330 20 22.710
7 37 19 66.882
8 355 22 64.257
9 1425 22 59.348
10 1080 55 23.840
11 310 3 28.509
12 1149 32 46.356
13 843 33 65.701
14 874 37 4.213
15 222 56 48.206
16 779 57 17.932
17 1286 45 55.560
18 116 44 98.196
19 737 25 44.720
20 1314 46 60.272
21 757 56 6.385
22 1000 16 9.462
23 866 31 93.712
24 421 38 92.069
25 701 59 59.800
26 38 14 16.540
27 904 57 37.294
28 951 18 14.851
29 592 37 1.617
30 733 50 69.014
31 273 26 23.450
32 972 39 80.592
33 1139 30 92.312
34 1432 36 31.378
35 943 18 79.996
36 779 12 59.281
37 734 13 95.557
38 912 5 34.425
39 849 8 18.532
40 1331 23 72.919
41 1199 47 75.938
42 1211 4 86.291
43 202 55 25.387
44 449 37 48.632
45 29 55 97.879
46 1089 58 52.323
47 875 51 53.928
48 360 58 75.273
49 519 57 57.161
50 1333 6 95.148
51 645 39 96.834
52 1426 44 75.769
53 1379 36 7.721
54 397 5 4.209
55 804 8 44.919
56 1161 44 96.731
57 44 13 93.452
58 1419 38 64.556
59 1129 10 55.012
60 1309 17 91.788
61 731 33 28.247
62 1417 21 61.302
63 615 28 31.817
64 1255 58 63.646
65 160 37 31.638
66 107 57 50.309
67 916 25 45.859
68 926 38 38.033
69 1027 52 2.572
70 879 16 76.675
71 1316 27 12.170
72 322 34 43.108
73 742 46 89.919
74 709 11 34.590
75 573 5 75.235
76 912 28 31.384
77 50 41 73.110
78 974 54 18.467
79 357 11 99.743
80 888 46 79.531
81 218 11 12.829
82 1143 9 30.403
83 1022 39 17.080
84 1327 54 69.073
85 1405 26 25.490
86 1015 54 27.706
87 233 31 98.956
88 795 42 63.324
89 955 43 17.511
90 713 14 94.961
91 561 11 46.431
92 830 16 37.669
93 30 15 19.064
94 173 33 28.114
95 439 52 67.076
96 304 1 63.343
97 971 53 61.130
98 1016 50 12.771
99 229 34 76.006
100 997 23 50.483