100
1 219 4 77.361
2 1264 24 40.145
3 24 28 74.762
4 1130 16 23.484
5 738 19 17.903
6 724 47 33.067
7 254 48 94.706
8 726 28 69.601
9 557 26 89.786
10 1281 44 81.379
11 1145 12 16.272
12 1344 5 0.135
13 1047 52 40.915
14 1074 32 30.260
15 1244 49 24.705
16 1377 23 63.868
17 811 55 78.158
18 80 47 68.830
19 678 22 88.127
20 787 2 15.963
21 413 8 14.705
22 621 57 39.195
23 96 22 98.695
24 1228 14 13.518
25 176 30 89.380
26 156 53 26.070
27 540 24 80.168
28 1280 45 81.953
29 323 10 8.726
30 1326 32 46.440
31 825 25 37.868
32 505 60 48.686
33 1310 28 27.479
34 59 19 36.575
35 1248 30 98.858
36 903 26 6.611
37 239 41 51.493
38 880 3 12.307
39 67 8 68.974
40 233 31 59.249
41 681 42 71.092
42 375 38 2.572
43 310 43 32.116
44 901 31 49.297
45 293 30 83.445
46 302 48 11.482
47 376 51 76.523
48 1413 25 98.348
49 630 49 63.718
50 606 21 70.018
51 264 38 75.612
52 234 44 69.457
53 178 56 56.560
54 573 53 5.708
55 1016 7 31.488
56 654 18 77.057
57 1322 45 75.329
58 793 25 52.742
59 1025 14 90.122
60 1149 9 79.300
61 1355 58 60.328
62 992 47 36.055
63 759 59 57.793
64 1212 20 86.729
65 168 26 7.507
66 246 41 5.135
67 874 12 29.513
68 1108 50 69.003
69 235 10 74.441
70 452 43 96.159
71 1047 2 32.125
72 1432 26 39.924
73 1101 39 41.220
74 1084 43 42.268
75 532 37 56.679
76 141 47 72.126
77 1278 55 95.616
78 141 30 9.561
79 260 20 7.142
80 727 8 31.906
81 1404 26 42.446
82 670 23 16.429
83 601 42 76.546
84 360 1 66.290
85 772 46 19.153
86 1212 16 23.930
87 723 24 40.324
88 817 48 13.257
89 767 60 53.387
90 1061 1 66.961
91 855 29 24.346
92 655 2 8.535
93 900 54 85.655
94 1045 44 4.120
95 1239 60 84.426
96 1292 55 2.100
97 759 25 28.336
98 242 3 88.589
99 696 29 83.484
100 1409 13 28.684