100
1 1264 20 52.547
2 1014 28 59.969
3 332 52 43.317
4 1289 41 52.887
5 692 6 76.476
6 679 21 27.800
7 70 21 52.578
8 1218 10 37.290
9 1212 43 18.282
10 460 23 25.653
11 42 34 96.962
12 1433 40 21.782
13 134 2 39.291
14 904 2 97.385
15 862 47 26.170
16 654 14 89.886
17 133 6 88.549
18 1168 59 57.973
19 403 8 37.268
20 696 47 2.686
21 1261 20 3.507
22 795 60 47.735
23 220 39 65.090
24 97 22 75.623
25 238 60 60.922
26 1168 14 54.820
27 1211 17 29.334
28 1192 39 14.739
29 1382 10 70.371
30 1429 16 4.267
31 1213 31 39.633
32 964 36 77.350
33 1429 45 38.094
34 18 26 87.443
35 428 20 33.462
36 168 2 39.210
37 671 50 79.023
38 420 37 48.737
39 379 17 17.121
40 1059 7 64.990
41 1141 21 6.556
42 114 54 81.448
43 670 36 85.687
44 562 11 22.635
45 157 5 23.755
46 659 55 28.581
47 1210 15 94.653
48 1042 52 39.346
49 353 42 19.902
50 81 42 34.189
51 1336 28 9.758
52 921 55 2.036
53 1208 7 71.090
54 422 46 2.001
55 274 36 11.064
56 1215 43 13.696
57 249 39 44.300
58 1 58 50.336
59 1215 55 19.134
60 290 24 28.381
61 88 33 3.602
62 907 54 13.676
63 1128 47 74.039
64 895 58 47.539
65 627 35 90.270
66 1334 55 43.778
67 277 23 74.312
68 5 42 63.757
69 478 30 20.370
70 765 3 2.218
71 847 29 67.023
72 134 12 24.999
73 1094 18 9.702
74 1329 39 4.254
75 1120 30 36.044
76 989 37 65.795
77 950 15 55.641
78 391 58 73.947
79 744 6 91.184
80 1212 28 72.279
81 500 33 32.407
82 1395 42 91.614
83 780 45 42.458
84 769 29 61.610
85 153 20 28.263
86 405 6 41.420
87 1239 28 7.710
88 261 35 65.648
89 328 30 92.475
90 55 48 35.271
91 383 45 95.328
92 1056 28 35.395
93 1195 45 18.045
94 568 57 48.531
95 521 15 22.612
96 225 48 59.378
97 113 1 98.474
98 310 20 14.315
99 806 5 26.916
100 1316 57 43.533