100
1 926 47 33.504
2 664 57 61.773
3 166 12 48.260
4 347 7 55.702
5 342 31 48.375
6 376 40 99.339
7 354 2 82.376
8 1347 12 94.823
9 1117 49 89.535
10 1291 1 70.854
11 844 16 21.518
12 293 13 87.567
13 614 57 93.841
14 369 11 54.075
15 923 49 57.063
16 153 14 50.736
17 1348 44 14.578
18 455 19 57.505
19 1259 55 18.183
20 1015 37 86.123
21 914 9 72.523
22 1082 30 64.151
23 853 54 60.741
24 652 8 1.149
25 279 50 87.476
26 1134 12 16.310
27 189 49 79.249
28 45 22 17.348
29 868 49 74.573
30 1079 31 81.167
31 764 51 42.265
32 99 57 36.174
33 1263 30 70.698
34 104 14 9.939
35 326 4 13.915
36 619 22 75.745
37 788 6 7.378
38 804 11 31.610
39 644 51 46.845
40 263 7 72.454
41 517 13 98.352
42 276 40 59.129
43 741 44 27.849
44 1379 9 35.380
45 242 19 58.803
46 621 31 78.401
47 190 26 87.156
48 1308 46 5.032
49 900 14 80.605
50 15 15 2.401
51 497 46 46.992
52 1356 25 78.022
53 432 53 81.640
54 916 46 12.851
55 1348 7 23.199
56 1307 60 64.832
57 1270 41 16.493
58 1269 27 46.433
59 291 31 18.566
60 324 50 27.318
61 1203 52 48.289
62 92 31 53.262
63 1058 20 84.061
64 664 1 38.844
65 63 30 69.270
66 830 37 53.823
67 3 30 53.637
68 308 19 69.641
69 242 9 14.810
70 1104 29 90.128
71 546 11 81.258
72 100 43 7.863
73 842 28 32.842
74 1335 48 59.383
75 28 37 33.651
76 13 52 58.436
77 239 23 89.039
78 59 20 96.169
79 1361 58 63.584
80 1112 32 30.074
81 555 35 55.473
82 655 6 28.468
83 1271 60 43.961
84 1390 51 71.161
85 379 13 67.845
86 1413 60 90.846
87 1261 12 51.465
88 140 34 56.189
89 758 17 2.828
90 1015 40 47.268
91 1042 12 53.142
92 893 10 37.871
93 973 54 14.511
94 1278 40 95.701
95 20 54 34.331
96 765 32 38.641
97 991 13 41.047
98 757 41 7.938
99 484 43 48.020
100 1315 31 80.694