100
1 1245 1 86.024
2 580 43 53.728
3 320 22 56.169
4 1431 32 26.539
5 1410 35 95.090
6 509 17 64.154
7 430 29 21.239
8 523 31 70.533
9 50 24 85.390
10 238 46 21.477
11 168 40 81.093
12 488 2 45.041
13 262 45 58.910
14 1426 23 44.148
15 800 35 63.103
16 182 23 33.415
17 306 14 76.420
18 1007 47 28.880
19 347 54 61.192
20 1026 52 77.913
21 1393 47 11.709
22 1245 1 69.581
23 851 21 56.703
24 1290 29 13.860
25 620 50 91.928
26 706 17 88.871
27 1060 37 51.746
28 714 1 17.925
29 1394 3 91.039
30 1197 46 91.351
31 588 17 51.427
32 43 31 63.116
33 109 41 10.813
34 457 4 83.237
35 1204 24 92.565
36 195 59 92.742
37 343 51 76.077
38 1047 18 75.367
39 189 5 3.380
40 299 14 7.601
41 1354 5 41.134
42 1309 3 15.895
43 1099 56 11.677
44 697 8 98.477
45 452 29 96.450
46 321 35 70.064
47 173 47 11.678
48 1079 32 60.117
49 750 32 6.401
50 1413 49 64.580
51 819 44 72.013
52 864 39 20.102
53 366 29 44.045
54 815 20 2.336
55 764 37 33.025
56 1127 42 61.934
57 500 13 19.580
58 486 1 91.086
59 1337 19 56.530
60 648 21 91.721
61 747 13 67.853
62 856 27 53.430
63 231 13 55.583
64 857 3 20.853
65 95 18 94.280
66 385 2 1.084
67 1141 53 84.318
68 382 49 24.898
69 1343 31 0.867
70 663 43 55.882
71 755 24 40.379
72 59 1 22.875
73 1007 46 23.774
74 386 16 65.967
75 469 11 67.521
76 1388 30 59.373
77 1064 26 83.476
78 1425 2 13.557
79 647 51 24.926
80 928 32 79.961
81 1319 5 95.681
82 1073 27 93.316
83 1188 14 44.364
84 498 41 51.206
85 464 19 76.810
86 1148 33 27.625
87 644 21 81.269
88 693 3 31.045
89 791 56 80.291
90 443 17 72.885
91 1207 17 39.421
92 761 1 78.802
93 243 16 21.184
94 419 14 77.060
95 428 1 62.737
96 898 56 58.150
97 338 16 29.932
98 556 49 66.391
99 945 57 7.120
100 1247 18 11.430