100
1 1393 3 32.192
2 280 25 23.781
3 79 42 33.103
4 831 4 82.355
5 931 3 31.863
6 42 57 43.542
7 1024 10 71.277
8 1168 19 86.855
9 568 23 88.396
10 1001 10 2.196
11 750 15 43.012
12 1258 16 85.283
13 1071 7 46.142
14 1322 54 0.846
15 777 51 3.204
16 620 47 7.019
17 757 58 7.310
18 784 7 12.717
19 506 9 63.145
20 203 55 61.893
21 691 49 18.772
22 570 33 22.182
23 993 18 76.197
24 790 22 61.456
25 605 13 92.144
26 99 21 31.018
27 472 10 27.527
28 930 11 10.273
29 1264 57 61.320
30 219 7 30.062
31 48 22 95.332
32 1383 49 53.968
33 1131 43 56.355
34 513 33 1.397
35 913 57 19.476
36 1336 11 24.880
37 1343 28 83.233
38 533 20 62.445
39 954 8 29.891
40 637 23 89.863
41 1243 1 1.729
42 376 25 66.931
43 816 8 99.618
44 100 19 66.747
45 959 16 99.432
46 525 35 99.482
47 563 36 67.033
48 1248 4 21.410
49 1142 53 1.889
50 1422 25 31.268
51 1228 56 73.803
52 996 29 89.339
53 308 6 96.451
54 935 2 39.666
55 1111 5 8.304
56 491 14 90.889
57 870 60 85.864
58 1311 4 12.773
59 273 54 28.676
60 538 57 57.121
61 1423 34 56.950
62 1080 9 3.950
63 101 51 22.200
64 1115 53 95.149
65 430 50 79.347
66 1376 22 16.498
67 349 53 39.958
68 1312 42 12.653
69 468 60 31.301
70 708 47 59.216
71 1031 56 88.393
72 1436 31 27.007
73 880 5 90.304
74 383 5 0.387
75 707 14 42.086
76 522 53 47.544
77 1139 31 97.428
78 691 53 80.200
79 558 34 87.272
80 853 56 71.288
81 417 20 93.302
82 860 19 16.287
83 1034 19 25.604
84 1020 7 65.075
85 1426 43 72.874
86 1196 30 47.977
87 1188 53 42.107
88 269 40 27.263
89 620 6 35.275
90 1360 33 80.619
91 19 51 70.531
92 434 20 71.619
93 21 30 41.092
94 108 57 47.338
95 1351 22 82.772
96 498 34 4.759
97 1276 25 28.919
98 664 49 92.819
99 895 18 18.474
100 1128 15 53.216