100
1 1392 7 28.328
2 373 1 83.556
3 146 14 2.106
4 1274 37 83.993
5 701 58 28.805
6 749 44 77.827
7 194 11 94.029
8 127 52 75.831
9 1315 28 29.371
10 933 51 20.361
11 1309 51 12.368
12 658 17 83.539
13 884 36 6.003
14 932 47 97.899
15 1432 48 62.562
16 1371 26 6.252
17 1293 35 50.761
18 7 3 94.985
19 24 18 4.395
20 1157 53 69.792
21 370 40 10.753
22 345 50 96.557
23 344 10 40.661
24 58 19 41.303
25 973 28 52.320
26 486 9 80.839
27 964 44 13.944
28 1173 57 62.069
29 1332 22 62.528
30 1296 42 82.813
31 458 31 26.186
32 537 23 12.829
33 1347 26 85.654
34 311 20 95.312
35 614 52 88.629
36 1156 34 29.945
37 1294 43 54.206
38 495 31 48.505
39 257 8 13.944
40 353 24 41.878
41 839 51 90.929
42 247 28 53.448
43 506 20 24.799
44 857 35 90.783
45 227 27 25.083
46 1046 15 86.692
47 444 39 8.190
48 1383 1 70.685
49 1196 22 7.810
50 1370 8 11.427
51 691 40 72.195
52 231 32 54.402
53 1180 27 75.526
54 1217 4 13.387
55 1282 58 79.188
56 763 9 20.967
57 1016 1 99.514
58 225 41 13.602
59 1440 2 35.389
60 70 27 93.242
61 426 30 67.357
62 591 7 32.064
63 693 50 63.216
64 1386 11 36.170
65 392 33 44.076
66 90 26 52.156
67 487 20 49.001
68 857 45 60.720
69 215 5 44.147
70 1383 3 39.993
71 1368 27 62.044
72 1176 32 61.379
73 854 15 61.530
74 149 15 49.846
75 308 24 75.007
76 273 47 79.670
77 633 43 85.787
78 1268 16 93.857
79 1309 59 35.554
80 868 3 0.120
81 1297 37 94.741
82 968 32 29.926
83 300 49 38.723
84 1364 52 18.641
85 457 25 82.697
86 70 41 65.555
87 218 1 62.339
88 1191 23 68.728
89 441 30 51.466
90 693 18 61.694
91 1319 56 72.676
92 8 16 40.917
93 77 16 47.202
94 42 42 30.292
95 90 8 48.546
96 1144 28 66.560
97 48 43 97.175
98 472 24 58.922
99 148 5 55.206
100 1245 38 58.812