150
1 820 36 88.031
2 1102 22 60.475
3 1427 48 54.993
4 1026 4 55.951
5 182 11 43.958
6 729 36 74.910
7 1430 31 35.029
8 586 47 27.523
9 2 3 34.314
10 1032 28 83.631
11 711 59 99.430
12 17 45 27.806
13 479 60 86.311
14 134 33 7.931
15 1076 31 82.099
16 573 15 68.614
17 1053 25 99.399
18 519 47 91.891
19 119 45 7.190
20 250 54 44.052
21 1333 36 58.808
22 662 60 78.033
23 188 12 99.817
24 113 37 58.030
25 203 17 70.578
26 776 11 61.349
27 1207 29 92.344
28 939 40 18.325
29 621 47 87.652
30 123 43 67.709
31 923 23 73.633
32 345 5 11.463
33 648 35 53.734
34 251 5 7.937
35 71 12 82.163
36 534 16 2.735
37 699 24 47.170
38 14 49 93.674
39 1307 57 80.330
40 489 37 28.588
41 1093 36 34.406
42 1403 12 61.546
43 1365 45 23.176
44 641 9 44.780
45 562 12 43.010
46 558 16 67.299
47 309 54 25.862
48 511 20 22.459
49 427 13 77.606
50 1415 32 1.721
51 1001 2 95.757
52 1137 60 75.952
53 512 37 72.439
54 234 40 84.507
55 90 14 80.896
56 59 34 42.397
57 1009 56 98.391
58 908 1 21.149
59 1100 3 3.615
60 188 18 50.438
61 150 7 91.897
62 432 52 78.033
63 142 18 88.584
64 362 58 41.884
65 1372 1 74.930
66 1327 48 25.872
67 785 18 51.351
68 1080 57 92.081
69 400 7 77.342
70 182 18 28.297
71 216 31 9.398
72 890 32 87.301
73 551 14 20.582
74 255 34 74.143
75 843 4 70.155
76 430 5 81.403
77 1356 13 84.783
78 1416 50 72.929
79 599 56 1.733
80 847 26 71.490
81 1164 14 25.559
82 1309 47 26.669
83 575 34 39.765
84 541 9 30.115
85 1231 59 22.072
86 113 16 43.679
87 258 19 44.164
88 485 35 11.313
89 1111 41 55.359
90 163 22 28.815
91 829 41 86.558
92 869 29 25.097
93 308 38 11.229
94 1063 50 59.259
95 545 30 1.710
96 376 34 66.804
97 1069 11 24.508
98 1436 49 41.990
99 690 39 11.801
100 164 32 86.048
101 480 27 14.467
102 1275 31 41.894
103 518 60 97.550
104 1153 34 44.582
105 519 31 33.105
106 73 26 50.463
107 460 21 34.177
108 1000 14 85.504
109 1316 42 58.127
110 1321 9 49.469
111 875 45 92.009
112 1131 44 71.387
113 971 31 49.258
114 787 35 27.957
115 1222 18 83.484
116 618 34 80.448
117 210 36 51.114
118 1158 25 78.446
119 1326 19 43.642
120 1420 24 38.969
121 1365 54 79.907
122 1160 18 66.353
123 1279 41 76.819
124 1116 34 54.128
125 1291 43 99.678
126 18 56 36.392
127 655 58 70.080
128 1129 6 15.781
129 886 33 57.837
130 1368 29 61.040
131 651 17 50.156
132 261 39 96.758
133 73 53 13.479
134 441 51 94.832
135 48 55 71.266
136 560 45 16.493
137 309 60 92.457
138 496 60 40.953
139 1375 35 34.055
140 45 23 5.715
141 1396 59 86.452
142 1067 36 39.089
143 77 20 40.130
144 257 8 14.072
145 870 50 73.052
146 823 45 75.264
147 1073 37 89.994
148 1352 7 20.677
149 1295 31 29.513
150 943 9 93.745