150
1 228 35 94.100
2 1118 7 97.267
3 510 17 27.257
4 386 6 72.675
5 585 46 48.878
6 1098 16 8.097
7 1037 43 62.826
8 135 5 25.650
9 70 14 93.919
10 293 24 82.367
11 1278 31 87.160
12 1325 33 35.677
13 221 52 60.196
14 458 54 43.931
15 1410 12 78.424
16 798 37 15.376
17 451 42 54.205
18 2 32 83.242
19 424 1 31.185
20 293 6 55.385
21 799 18 80.466
22 1084 55 93.892
23 818 37 65.814
24 672 32 25.892
25 115 55 76.450
26 1107 33 69.290
27 173 51 78.171
28 437 58 53.290
29 1278 31 6.106
30 97 34 49.935
31 156 47 98.385
32 1339 11 89.538
33 1219 22 86.475
34 220 5 15.514
35 966 18 60.719
36 362 1 49.835
37 887 60 86.339
38 561 52 52.897
39 641 60 1.194
40 1027 29 21.905
41 381 22 9.095
42 616 41 34.855
43 751 22 7.838
44 114 57 97.428
45 1020 39 24.424
46 525 18 56.980
47 1071 38 95.715
48 116 24 74.739
49 656 55 9.341
50 1265 14 33.679
51 1289 26 55.454
52 1182 24 63.633
53 735 56 44.055
54 572 33 45.269
55 1439 35 85.162
56 1368 18 20.290
57 1391 48 99.420
58 1254 7 34.062
59 318 45 90.919
60 1110 41 84.696
61 790 24 79.662
62 333 13 6.354
63 51 44 87.046
64 1130 50 77.665
65 1143 52 75.115
66 122 23 27.446
67 1358 22 31.018
68 810 13 10.070
69 226 38 65.069
70 800 23 36.745
71 205 33 48.912
72 1251 18 8.385
73 357 29 32.182
74 1111 59 33.822
75 1130 20 18.626
76 1258 15 69.824
77 999 38 44.710
78 341 52 40.618
79 702 33 68.913
80 169 18 97.951
81 1179 47 31.727
82 1193 7 26.487
83 377 26 87.427
84 934 24 76.516
85 266 25 84.018
86 411 33 54.837
87 508 22 14.976
88 332 11 41.250
89 74 18 41.499
90 122 21 32.567
91 96 21 4.497
92 5 23 58.037
93 108 38 44.729
94 17 17 46.711
95 319 32 65.547
96 709 10 63.191
97 22 49 19.867
98 1214 24 66.867
99 791 6 41.723
100 987 27 3.192
101 15 46 68.990
102 982 55 22.741
103 837 23 66.913
104 596 35 14.852
105 272 48 68.050
106 817 12 65.820
107 227 9 80.489
108 362 55 25.243
109 721 5 61.771
110 338 35 56.347
111 1075 35 39.626
112 743 36 34.709
113 94 26 32.139
114 436 28 77.879
115 555 23 14.425
116 123 22 47.626
117 138 11 49.605
118 140 2 29.059
119 1075 23 63.050
120 186 26 50.169
121 882 30 10.483
122 301 21 15.036
123 20 21 31.284
124 1194 9 19.856
125 656 59 1.365
126 199 54 42.920
127 171 40 34.969
128 865 21 96.928
129 555 36 4.930
130 1195 29 19.810
131 1085 8 43.205
132 460 10 87.184
133 198 13 40.677
134 1180 26 87.390
135 1039 54 89.109
136 630 13 66.431
137 130 29 73.153
138 80 47 56.863
139 611 59 29.743
140 1268 20 68.566
141 1329 9 16.745
142 1038 51 4.950
143 515 7 1.720
144 863 26 52.104
145 1015 1 25.948
146 1240 8 10.360
147 722 48 8.124
148 739 10 48.621
149 1314 27 37.579
150 1386 34 22.858