150
1 746 60 64.966
2 624 33 22.877
3 506 36 5.706
4 67 1 30.584
5 1266 45 65.179
6 4 34 69.694
7 807 1 1.526
8 1418 39 62.583
9 721 55 52.914
10 300 28 20.551
11 395 9 25.366
12 133 55 86.798
13 564 55 81.119
14 1117 5 3.731
15 213 32 10.090
16 349 45 63.774
17 178 50 65.477
18 1238 25 21.598
19 881 47 4.784
20 869 55 35.956
21 363 25 8.778
22 1105 36 48.540
23 449 39 30.924
24 959 12 80.674
25 838 4 14.757
26 838 24 33.823
27 444 11 23.128
28 385 20 46.303
29 107 6 44.543
30 1140 56 43.130
31 779 18 6.328
32 590 33 86.868
33 1332 36 67.122
34 1432 39 99.087
35 1207 34 65.125
36 628 3 58.250
37 1201 16 6.645
38 1379 40 67.627
39 561 43 24.971
40 667 8 72.126
41 1091 36 29.528
42 37 53 97.360
43 835 51 85.031
44 1078 31 78.561
45 474 27 39.803
46 14 54 23.936
47 1073 9 13.615
48 157 49 20.265
49 1261 49 64.322
50 1172 39 40.752
51 885 47 98.192
52 489 23 33.112
53 808 21 38.960
54 429 15 57.116
55 47 9 12.896
56 1083 45 12.338
57 608 25 6.631
58 1161 24 33.812
59 149 16 58.298
60 652 2 30.646
61 945 14 20.894
62 1230 45 89.321
63 603 57 80.749
64 76 18 82.044
65 1013 56 63.068
66 507 56 51.715
67 1231 59 55.752
68 51 7 23.488
69 190 50 22.409
70 1136 26 67.094
71 472 34 90.129
72 761 44 2.155
73 169 48 94.977
74 177 17 13.381
75 624 36 62.563
76 180 33 50.978
77 757 13 46.176
78 803 60 38.821
79 149 43 25.288
80 1114 8 70.945
81 239 1 47.008
82 9 56 53.921
83 226 36 54.812
84 563 52 67.843
85 1027 45 5.744
86 347 34 15.137
87 1111 17 11.009
88 92 37 81.301
89 779 22 58.359
90 1155 9 91.546
91 192 36 13.292
92 811 26 17.830
93 1363 52 45.941
94 1405 28 37.542
95 466 7 16.271
96 1435 29 76.395
97 182 15 56.178
98 538 58 75.545
99 1250 8 57.261
100 105 56 2.689
101 826 1 0.882
102 1033 55 23.507
103 1280 14 8.889
104 248 52 56.451
105 327 50 66.931
106 459 4 26.542
107 1121 18 84.924
108 752 14 69.860
109 1250 47 1.873
110 321 49 17.012
111 735 47 82.361
112 31 59 4.733
113 144 13 62.384
114 397 53 77.938
115 669 45 32.187
116 700 7 85.974
117 994 43 87.986
118 276 57 47.814
119 271 56 20.412
120 265 18 1.831
121 573 58 87.073
122 1415 27 11.610
123 869 22 31.895
124 1220 39 81.472
125 1266 35 32.620
126 148 24 58.977
127 1324 33 38.729
128 1355 17 43.306
129 652 27 44.788
130 1429 47 59.090
131 524 46 69.523
132 1109 33 12.880
133 942 34 42.300
134 238 52 99.066
135 1426 11 84.964
136 1430 44 87.343
137 456 1 61.365
138 82 14 92.777
139 631 1 67.265
140 407 53 87.671
141 292 17 63.279
142 19 47 68.106
143 242 55 86.308
144 709 46 41.749
145 1039 56 24.571
146 511 8 94.800
147 1308 54 1.866
148 836 55 68.342
149 631 53 6.431
150 1257 45 31.559