150
1 800 47 82.332
2 379 27 53.102
3 298 9 19.182
4 1223 53 54.382
5 620 5 88.465
6 95 2 0.954
7 1002 2 44.156
8 1023 8 85.938
9 642 5 67.398
10 784 31 41.415
11 555 59 88.737
12 35 47 81.834
13 816 56 78.988
14 1085 27 35.958
15 17 26 63.141
16 1393 38 5.950
17 377 27 16.077
18 1108 13 17.899
19 1151 48 99.454
20 1063 19 81.297
21 903 59 51.346
22 907 39 22.283
23 638 21 61.631
24 831 20 8.552
25 1360 6 61.133
26 451 29 60.941
27 208 28 41.112
28 164 14 9.650
29 749 38 6.321
30 964 54 26.073
31 238 35 44.765
32 1307 20 63.894
33 841 53 0.834
34 821 15 6.001
35 1404 60 72.743
36 274 13 61.270
37 1050 34 32.472
38 415 35 34.015
39 798 22 35.170
40 1422 16 31.145
41 1316 60 13.641
42 119 8 63.469
43 1258 44 22.172
44 1247 25 53.577
45 431 41 73.503
46 1055 59 75.775
47 434 2 63.949
48 835 20 5.518
49 1031 58 28.401
50 1179 52 10.491
51 1228 21 47.756
52 241 18 20.144
53 1178 54 8.445
54 499 26 84.026
55 1430 12 61.085
56 526 8 39.527
57 805 18 3.855
58 1168 19 2.995
59 1164 10 72.041
60 312 1 85.420
61 964 1 66.883
62 792 40 9.234
63 952 42 62.633
64 905 16 78.601
65 1002 45 39.115
66 376 49 47.347
67 675 36 56.774
68 459 46 52.067
69 28 31 77.111
70 107 3 31.468
71 1260 50 85.937
72 444 52 50.296
73 1393 11 28.549
74 28 9 66.632
75 1163 56 11.874
76 1245 20 94.558
77 965 19 7.873
78 662 7 5.401
79 111 5 25.610
80 67 27 56.537
81 463 5 60.698
82 466 42 79.816
83 72 15 24.011
84 969 36 92.119
85 467 55 0.066
86 486 21 11.224
87 578 51 47.914
88 288 2 43.433
89 1009 3 44.735
90 616 45 89.904
91 901 24 68.067
92 1168 7 81.059
93 420 31 45.375
94 1321 50 55.498
95 137 21 34.335
96 132 17 75.738
97 1106 25 38.279
98 277 38 88.356
99 271 26 60.209
100 882 41 77.676
101 529 6 40.914
102 429 27 94.946
103 572 7 66.540
104 18 35 69.215
105 627 10 13.877
106 146 47 79.226
107 91 24 80.154
108 1372 52 6.714
109 888 40 65.231
110 1408 32 44.228
111 1096 31 3.765
112 675 38 59.405
113 603 22 26.717
114 670 50 81.702
115 256 53 72.971
116 304 38 7.633
117 538 43 44.380
118 900 8 10.797
119 640 9 32.728
120 155 44 9.583
121 206 6 11.355
122 1425 50 52.994
123 1266 25 94.493
124 429 50 4.465
125 580 48 89.877
126 1022 28 8.435
127 1034 29 60.908
128 767 57 0.593
129 374 37 19.211
130 803 57 67.139
131 993 46 6.941
132 864 2 80.551
133 799 21 93.133
134 79 34 51.906
135 1180 25 20.284
136 1398 25 96.079
137 1158 23 71.968
138 1160 7 79.044
139 560 51 89.146
140 497 11 95.301
141 651 34 76.498
142 384 1 86.715
143 1002 13 7.379
144 835 27 92.187
145 1003 41 5.406
146 400 24 77.898
147 798 3 10.173
148 904 16 18.172
149 1014 42 45.171
150 60 30 31.877