150
1 1052 33 22.813
2 1298 53 46.566
3 340 2 8.851
4 730 22 73.426
5 314 43 3.879
6 1025 4 47.696
7 120 24 28.582
8 1280 13 70.860
9 620 19 19.798
10 1075 40 81.081
11 797 20 74.683
12 537 58 80.719
13 937 48 10.565
14 448 15 56.535
15 1252 34 48.623
16 319 48 45.988
17 95 26 95.883
18 211 26 36.715
19 322 46 81.670
20 645 44 81.215
21 1111 49 92.868
22 911 1 72.095
23 1254 55 12.209
24 992 42 60.671
25 1090 12 96.637
26 87 21 96.148
27 1220 33 35.986
28 1213 12 56.801
29 245 49 97.944
30 1395 1 86.682
31 73 24 67.963
32 906 30 27.956
33 266 3 2.276
34 665 25 48.206
35 372 30 63.443
36 694 40 46.986
37 2 48 62.965
38 973 38 27.976
39 1339 60 18.357
40 237 50 58.618
41 624 22 39.738
42 233 1 38.022
43 1434 28 58.700
44 1400 1 85.948
45 931 39 21.551
46 1252 59 12.098
47 1029 21 69.933
48 829 33 71.640
49 1387 57 36.056
50 607 47 90.514
51 444 45 48.069
52 370 7 91.427
53 1318 54 8.336
54 350 20 38.980
55 777 13 66.572
56 704 45 60.195
57 1272 22 81.492
58 1063 45 59.014
59 931 53 51.607
60 1299 4 30.389
61 190 53 78.990
62 1024 54 79.876
63 104 35 83.831
64 615 24 98.863
65 1142 2 72.619
66 1101 28 60.741
67 1394 11 70.161
68 1124 24 61.758
69 895 6 5.104
70 700 20 79.900
71 802 21 32.113
72 1281 33 57.573
73 5 11 85.602
74 398 7 7.764
75 834 32 76.063
76 3 20 75.873
77 800 28 99.821
78 664 52 43.756
79 1403 25 73.921
80 1068 58 16.991
81 1345 7 65.254
82 100 36 28.229
83 805 10 14.091
84 910 41 72.170
85 1139 30 92.383
86 226 52 13.008
87 1122 24 48.161
88 764 43 30.149
89 130 33 17.336
90 918 20 23.299
91 491 32 52.577
92 261 17 98.966
93 1321 14 54.064
94 250 40 17.435
95 296 34 12.494
96 1350 21 97.467
97 1073 41 48.101
98 282 51 27.285
99 10 53 93.775
100 562 14 82.076
101 988 25 24.786
102 224 38 39.763
103 856 26 20.604
104 39 32 12.795
105 1022 1 70.888
106 40 52 92.026
107 974 40 8.894
108 1262 13 10.043
109 64 57 65.422
110 182 47 12.112
111 1093 30 45.286
112 187 24 41.498
113 351 11 43.105
114 1225 18 0.646
115 207 53 75.125
116 562 42 6.934
117 694 49 16.935
118 1092 28 62.514
119 470 59 93.286
120 432 28 19.919
121 190 46 18.414
122 482 29 78.495
123 1024 51 86.404
124 1144 7 55.862
125 1012 33 48.868
126 733 23 49.986
127 587 35 36.006
128 329 22 70.512
129 616 26 20.278
130 54 10 56.648
131 1375 39 0.305
132 1184 13 19.539
133 858 48 22.592
134 375 50 39.150
135 1327 29 54.118
136 807 37 93.597
137 886 58 70.645
138 1178 29 35.720
139 1283 6 69.972
140 1029 31 99.168
141 388 16 31.357
142 973 54 10.746
143 1076 54 68.737
144 1094 42 60.852
145 349 52 6.410
146 1208 56 61.516
147 395 34 19.095
148 528 30 21.391
149 386 60 36.574
150 1298 15 85.577