150
1 841 39 16.570
2 832 51 24.826
3 133 41 91.773
4 1050 33 13.420
5 1061 44 50.295
6 220 28 48.025
7 401 10 84.998
8 742 15 56.451
9 811 57 36.717
10 134 18 23.636
11 893 60 80.580
12 1193 5 4.500
13 258 35 90.415
14 1215 7 67.865
15 1060 44 0.607
16 806 17 11.455
17 918 41 58.146
18 18 46 70.039
19 493 53 86.666
20 738 18 54.812
21 1399 58 20.861
22 316 46 96.375
23 516 47 55.548
24 358 42 39.082
25 384 4 89.332
26 509 12 94.241
27 366 23 80.964
28 877 31 82.494
29 299 26 40.243
30 1241 37 74.054
31 1262 6 96.707
32 1261 50 76.665
33 1081 22 44.375
34 304 33 69.029
35 236 51 42.546
36 630 11 11.230
37 65 1 29.472
38 420 56 27.647
39 664 37 32.687
40 585 33 15.886
41 737 23 49.048
42 655 15 58.632
43 870 29 72.284
44 786 46 35.472
45 978 30 31.333
46 806 4 96.595
47 364 9 25.293
48 302 32 1.609
49 486 38 83.078
50 124 59 63.714
51 1263 55 22.430
52 513 37 39.669
53 1328 48 15.016
54 962 17 63.746
55 330 57 98.506
56 818 44 48.545
57 1107 35 13.277
58 300 12 20.949
59 690 52 43.643
60 1179 47 8.848
61 1040 11 1.355
62 956 32 5.426
63 796 30 8.777
64 336 16 69.822
65 871 28 36.683
66 1263 3 54.179
67 220 15 57.311
68 126 32 84.218
69 5 37 89.179
70 966 29 82.946
71 1173 12 17.455
72 77 49 94.955
73 57 23 24.238
74 99 13 47.181
75 212 20 86.139
76 534 32 11.194
77 620 37 18.919
78 449 60 33.833
79 275 54 63.702
80 141 24 15.046
81 198 9 78.928
82 1189 41 93.118
83 616 12 31.015
84 869 37 30.212
85 258 4 12.224
86 1226 9 79.314
87 38 6 89.826
88 645 60 62.318
89 1350 19 61.127
90 1256 29 5.690
91 226 25 57.208
92 55 7 72.892
93 1347 46 61.120
94 73 31 47.312
95 594 6 82.007
96 954 28 61.169
97 1256 1 12.658
98 236 10 4.021
99 695 10 6.000
100 442 51 6.424
101 248 30 47.508
102 1363 8 74.787
103 321 42 77.456
104 755 40 80.413
105 1364 46 63.471
106 312 19 42.767
107 1351 8 61.636
108 1252 34 65.794
109 910 9 70.986
110 539 34 1.249
111 1087 16 11.073
112 742 20 17.898
113 404 9 10.391
114 1049 11 90.416
115 654 17 23.137
116 294 52 90.967
117 206 3 88.488
118 492 4 2.249
119 1438 37 48.766
120 925 54 86.712
121 412 3 13.595
122 136 60 20.293
123 82 28 54.400
124 1091 36 81.039
125 1054 15 5.880
126 627 11 59.714
127 629 38 28.196
128 1000 14 60.077
129 620 51 4.444
130 723 4 66.413
131 1326 47 53.190
132 851 24 74.388
133 673 48 80.527
134 914 30 8.615
135 354 5 31.823
136 346 44 0.165
137 104 33 0.229
138 907 47 22.685
139 1179 10 34.642
140 777 59 94.576
141 38 25 98.548
142 469 10 20.607
143 266 28 97.737
144 937 54 3.176
145 19 20 44.014
146 777 39 5.911
147 1413 11 56.077
148 1035 58 2.260
149 637 18 92.171
150 975 8 91.748