150
1 458 49 99.139
2 1289 44 28.908
3 324 38 30.194
4 1094 40 63.536
5 536 29 67.784
6 832 29 95.324
7 1100 56 40.634
8 346 51 26.649
9 970 36 10.390
10 999 33 64.990
11 899 3 88.837
12 511 23 45.410
13 955 9 47.213
14 1179 29 20.874
15 455 58 14.063
16 1340 14 54.255
17 1048 43 83.362
18 1351 14 56.996
19 913 59 37.839
20 1070 33 31.461
21 1169 44 16.751
22 230 17 79.658
23 1216 57 83.212
24 485 29 74.763
25 1217 31 52.340
26 766 24 14.716
27 220 23 91.264
28 1233 9 24.239
29 222 36 53.676
30 491 35 97.008
31 1318 37 65.809
32 1245 25 93.311
33 386 9 71.859
34 1131 15 23.074
35 750 6 53.627
36 332 53 61.234
37 493 37 33.678
38 75 13 66.313
39 518 57 60.538
40 394 47 89.670
41 1194 49 85.923
42 878 45 85.054
43 661 17 84.174
44 318 56 8.323
45 457 9 9.940
46 669 23 64.095
47 1359 59 88.987
48 163 15 37.849
49 709 47 17.880
50 627 1 66.594
51 527 23 7.212
52 1020 39 5.140
53 486 27 6.543
54 127 17 21.181
55 136 13 67.854
56 46 36 5.938
57 1294 57 40.534
58 1154 43 83.460
59 235 48 12.601
60 211 12 36.072
61 1010 13 50.577
62 1062 7 29.270
63 383 22 77.319
64 700 17 66.170
65 445 21 45.229
66 674 46 75.927
67 807 48 17.064
68 1231 13 64.826
69 672 12 45.874
70 427 3 48.472
71 428 18 53.617
72 977 22 8.475
73 259 22 54.524
74 254 36 31.908
75 56 22 14.943
76 351 60 93.703
77 231 34 37.525
78 1370 18 94.585
79 1107 3 84.934
80 249 35 34.607
81 839 10 57.652
82 1235 50 74.071
83 50 25 34.076
84 346 28 61.758
85 1330 45 65.725
86 1321 42 91.351
87 1095 21 19.753
88 1212 47 71.070
89 678 50 84.558
90 1210 5 83.525
91 1071 40 43.516
92 685 52 40.792
93 723 47 4.159
94 721 38 96.664
95 472 45 56.737
96 1012 2 95.639
97 805 56 53.159
98 333 45 21.969
99 341 37 33.217
100 1189 48 16.663
101 1325 39 37.733
102 1264 4 71.758
103 1180 39 47.735
104 172 40 72.115
105 1283 53 9.796
106 975 5 81.688
107 731 16 1.829
108 1094 36 23.430
109 1320 56 44.881
110 843 12 80.031
111 289 45 54.522
112 1185 11 34.832
113 994 36 22.558
114 1173 55 14.125
115 1028 47 32.460
116 1074 47 13.810
117 430 8 96.520
118 1302 55 79.776
119 1039 1 78.756
120 1312 15 55.250
121 1035 7 35.295
122 785 55 68.619
123 1000 42 58.178
124 569 23 3.086
125 1390 50 65.834
126 1132 38 77.969
127 770 28 96.367
128 1009 40 89.738
129 580 20 62.612
130 1202 6 99.417
131 1279 57 24.378
132 943 22 93.486
133 866 8 1.579
134 165 59 4.555
135 226 59 59.059
136 1189 19 76.139
137 1214 36 71.119
138 324 8 47.623
139 1411 1 16.888
140 804 53 34.039
141 216 44 43.551
142 84 42 59.061
143 1044 51 14.885
144 624 34 51.045
145 113 12 5.329
146 17 20 64.372
147 880 8 60.998
148 884 19 40.741
149 569 51 32.040
150 475 25 75.798