150
1 265 14 10.362
2 16 10 23.161
3 1132 3 6.695
4 482 7 57.479
5 641 3 40.114
6 1043 18 66.285
7 105 46 39.541
8 344 4 60.294
9 793 49 25.357
10 328 51 71.966
11 361 5 84.912
12 1306 28 19.724
13 1358 52 50.938
14 337 49 1.973
15 521 2 61.090
16 1280 2 57.380
17 225 9 44.908
18 214 13 28.287
19 670 11 48.708
20 37 53 71.458
21 1389 9 92.085
22 1293 48 38.841
23 1294 47 20.333
24 368 23 42.549
25 1122 27 6.018
26 124 20 56.646
27 967 16 82.304
28 875 27 66.844
29 1279 18 89.783
30 642 51 15.301
31 1388 10 73.633
32 466 15 5.649
33 293 11 76.037
34 876 38 48.615
35 785 52 16.471
36 177 58 25.046
37 1278 41 77.027
38 1307 19 45.414
39 1424 37 81.580
40 623 49 47.597
41 1049 26 14.368
42 620 48 73.604
43 572 45 71.982
44 862 3 83.572
45 1214 21 47.509
46 88 42 10.336
47 1400 8 35.047
48 496 37 37.599
49 1394 32 97.404
50 498 42 37.215
51 590 24 73.251
52 311 8 16.322
53 809 1 77.748
54 362 42 14.390
55 791 21 64.663
56 1376 46 12.566
57 496 13 4.158
58 1039 15 51.824
59 1403 18 41.032
60 1135 60 12.848
61 714 33 85.698
62 712 8 29.957
63 1132 28 2.280
64 624 31 19.364
65 1229 11 74.870
66 282 19 47.682
67 1392 57 65.164
68 686 37 92.534
69 1149 54 96.557
70 449 4 45.436
71 82 5 15.939
72 663 41 60.713
73 804 6 38.598
74 409 24 17.593
75 919 49 78.617
76 570 50 40.499
77 1337 19 54.439
78 408 36 22.012
79 1323 23 39.002
80 897 1 57.773
81 436 30 39.706
82 67 50 51.240
83 326 15 63.284
84 34 14 61.554
85 1226 12 63.526
86 552 36 73.347
87 1006 3 84.102
88 1037 43 88.401
89 615 7 28.821
90 617 60 65.680
91 295 27 40.561
92 33 11 57.072
93 507 51 1.701
94 614 43 21.155
95 577 34 60.197
96 314 16 49.530
97 732 55 31.293
98 90 29 8.363
99 360 37 81.921
100 1104 28 49.153
101 498 55 95.367
102 442 58 31.062
103 483 32 66.534
104 109 41 42.180
105 917 24 56.563
106 1243 35 0.776
107 865 3 25.893
108 496 23 88.175
109 862 30 54.935
110 406 15 59.949
111 343 10 19.400
112 646 33 41.227
113 870 6 72.764
114 1222 45 57.488
115 1440 46 40.954
116 1283 44 10.263
117 1155 5 2.951
118 224 34 23.191
119 1053 54 25.677
120 14 43 35.710
121 36 59 69.149
122 715 16 3.510
123 1416 6 55.687
124 1186 12 21.389
125 1088 52 60.529
126 431 19 21.550
127 771 30 45.677
128 383 1 93.435
129 885 6 81.505
130 353 7 47.839
131 31 9 89.577
132 1308 47 86.924
133 1040 52 64.051
134 391 54 58.293
135 487 41 97.432
136 1355 6 8.155
137 530 3 76.874
138 1208 6 43.017
139 1130 17 71.170
140 196 48 36.077
141 204 21 41.946
142 1277 18 12.967
143 644 16 68.332
144 1301 5 66.854
145 735 21 95.586
146 697 40 88.127
147 601 23 1.844
148 882 38 64.004
149 385 46 20.488
150 418 29 75.750