150
1 307 21 48.959
2 286 24 43.899
3 1106 43 26.904
4 611 26 73.492
5 108 31 75.653
6 301 5 31.012
7 39 13 96.900
8 1273 22 67.413
9 688 34 17.766
10 400 18 57.092
11 59 50 31.091
12 400 12 44.276
13 705 30 26.421
14 788 16 18.432
15 1421 15 39.571
16 193 39 29.489
17 42 49 23.146
18 1243 43 27.028
19 899 42 70.362
20 336 43 52.627
21 521 39 29.491
22 944 7 57.451
23 874 60 56.438
24 752 34 25.022
25 594 21 78.302
26 504 50 88.748
27 1239 14 95.920
28 613 43 93.248
29 1400 34 7.976
30 618 16 2.816
31 537 25 83.246
32 1410 6 81.866
33 8 5 37.740
34 1340 48 72.834
35 916 7 16.097
36 292 24 84.216
37 1187 37 68.350
38 958 20 63.184
39 1064 23 52.241
40 1318 18 1.674
41 306 54 39.068
42 1034 47 67.229
43 633 23 41.851
44 138 26 61.081
45 656 25 48.253
46 685 45 39.447
47 1028 24 33.327
48 349 18 95.422
49 1362 25 67.620
50 1112 53 59.582
51 1277 26 6.647
52 1194 39 68.483
53 1200 34 46.155
54 227 58 5.146
55 1013 49 40.469
56 29 8 31.600
57 26 54 99.747
58 479 7 34.538
59 525 20 48.199
60 1257 18 73.261
61 134 34 84.152
62 599 50 66.171
63 1355 1 73.916
64 170 5 70.117
65 499 4 59.536
66 1018 32 14.322
67 1159 18 97.952
68 76 4 23.536
69 659 41 42.804
70 34 6 22.028
71 1348 9 6.441
72 94 5 35.997
73 195 12 63.614
74 383 60 13.077
75 714 46 19.463
76 1096 44 47.746
77 1233 17 51.626
78 165 4 98.642
79 8 15 30.906
80 388 47 35.752
81 190 55 20.185
82 1396 60 17.016
83 1383 37 3.328
84 1097 27 66.688
85 1022 19 67.782
86 6 39 67.574
87 593 4 41.406
88 360 28 82.793
89 1018 44 69.439
90 509 55 82.801
91 1246 57 89.400
92 905 52 4.469
93 432 16 86.474
94 853 33 38.583
95 743 50 26.066
96 98 22 28.942
97 1291 30 61.816
98 293 15 79.656
99 435 23 73.574
100 1005 54 3.568
101 465 8 38.885
102 65 11 9.244
103 1377 58 69.503
104 525 42 50.907
105 882 28 45.797
106 913 13 7.258
107 134 46 9.110
108 934 34 7.746
109 1355 60 64.576
110 449 58 44.027
111 296 47 99.521
112 1299 60 6.341
113 312 11 16.075
114 657 24 94.216
115 946 16 49.568
116 1283 46 85.966
117 1383 31 45.259
118 479 38 59.753
119 96 17 3.111
120 1237 6 19.721
121 76 44 71.102
122 458 53 49.168
123 591 25 2.726
124 1440 25 79.982
125 768 21 62.872
126 7 21 52.961
127 1328 18 42.789
128 1054 37 20.390
129 1405 5 11.513
130 442 59 82.670
131 929 38 93.133
132 242 59 24.814
133 1264 55 10.818
134 129 9 99.224
135 1113 1 30.225
136 1085 23 27.057
137 427 51 85.279
138 514 17 95.344
139 952 37 50.970
140 483 43 90.334
141 18 48 11.316
142 71 1 43.485
143 1399 48 64.415
144 218 35 40.876
145 48 21 49.784
146 890 30 96.982
147 680 14 28.784
148 384 33 36.081
149 1395 60 80.335
150 226 31 71.810