150
1 431 37 22.093
2 894 50 36.021
3 413 18 77.424
4 431 58 52.496
5 706 42 43.247
6 124 20 15.659
7 369 60 12.989
8 2 55 22.678
9 709 13 44.817
10 307 59 53.057
11 122 28 16.944
12 1269 38 30.491
13 1139 24 36.180
14 363 26 0.218
15 581 58 44.949
16 774 32 66.075
17 5 59 82.248
18 1215 59 80.686
19 1282 40 64.780
20 1129 31 63.785
21 562 2 84.271
22 702 36 74.856
23 625 35 6.274
24 43 54 57.761
25 510 35 81.941
26 1017 26 12.869
27 1090 36 47.377
28 743 2 96.368
29 846 44 82.423
30 51 37 84.722
31 1002 53 57.833
32 229 47 98.329
33 683 3 12.299
34 397 3 44.883
35 178 38 98.054
36 1008 8 68.394
37 537 2 4.459
38 203 52 57.256
39 680 16 88.847
40 425 12 27.382
41 361 44 69.134
42 227 46 51.152
43 262 49 70.664
44 652 18 68.476
45 933 60 23.510
46 231 2 58.848
47 1272 7 98.998
48 847 50 30.573
49 452 28 40.429
50 570 8 58.680
51 357 5 28.251
52 880 12 11.062
53 489 11 12.728
54 477 47 46.707
55 989 8 69.318
56 194 20 96.268
57 1116 38 24.445
58 741 53 62.866
59 1374 42 43.556
60 485 3 28.289
61 581 45 6.934
62 1054 2 54.584
63 1244 48 61.501
64 688 11 87.979
65 667 31 12.405
66 900 39 43.418
67 241 6 20.777
68 1331 53 99.185
69 1 24 52.501
70 458 34 35.725
71 224 48 58.428
72 1021 2 35.638
73 100 24 54.119
74 1203 26 81.484
75 563 9 71.332
76 862 30 43.206
77 480 16 40.607
78 571 29 37.982
79 562 16 35.243
80 1157 56 53.398
81 83 27 61.319
82 859 7 4.791
83 885 57 85.319
84 1123 32 18.112
85 727 48 79.003
86 1236 26 28.612
87 988 8 63.561
88 1157 26 80.982
89 1008 24 10.097
90 1288 54 28.005
91 991 51 43.323
92 870 39 8.370
93 152 17 63.861
94 775 30 4.336
95 1386 44 20.266
96 1422 9 57.563
97 1253 22 71.653
98 1426 3 36.217
99 1227 17 15.498
100 74 8 39.900
101 1414 11 58.245
102 813 35 7.203
103 834 10 98.457
104 1237 15 86.464
105 1072 30 38.207
106 855 24 72.019
107 1245 58 61.071
108 1287 38 7.016
109 360 60 15.750
110 1294 9 27.422
111 1210 52 18.111
112 1128 34 12.093
113 687 9 92.201
114 580 27 77.235
115 1274 56 11.332
116 590 16 50.611
117 1151 56 23.750
118 1349 4 9.933
119 1239 1 62.636
120 87 60 94.691
121 87 32 2.017
122 608 11 73.328
123 330 45 5.758
124 251 7 4.835
125 1172 11 98.603
126 671 34 81.151
127 1418 56 6.297
128 70 60 60.301
129 1218 41 17.541
130 14 44 27.257
131 442 45 82.914
132 749 7 24.362
133 710 54 25.582
134 852 20 22.647
135 163 48 99.682
136 663 4 17.489
137 68 22 24.642
138 550 51 25.244
139 753 42 42.897
140 536 39 99.910
141 1141 18 92.558
142 387 42 49.943
143 702 27 69.114
144 1247 40 11.293
145 1080 55 33.702
146 726 2 21.680
147 951 9 59.848
148 412 8 97.569
149 311 36 60.200
150 1330 38 71.383