150
1 1289 60 36.990
2 298 5 67.331
3 898 41 91.986
4 561 8 40.766
5 177 42 83.973
6 1016 42 6.702
7 168 57 31.610
8 267 17 25.952
9 525 45 38.949
10 144 35 43.987
11 1069 4 72.771
12 1340 50 45.433
13 674 24 73.833
14 444 16 14.751
15 948 30 27.983
16 714 53 66.678
17 342 25 14.701
18 582 40 97.589
19 1020 60 57.002
20 1027 4 38.764
21 688 45 14.990
22 334 41 85.520
23 884 57 97.234
24 693 47 26.594
25 661 5 57.842
26 991 21 38.234
27 1324 1 19.312
28 412 45 8.000
29 1233 30 6.733
30 1175 6 20.908
31 1340 30 34.847
32 761 42 46.393
33 878 56 67.802
34 493 29 22.524
35 1396 7 63.304
36 187 56 56.232
37 73 44 42.010
38 565 56 70.977
39 802 31 30.596
40 1112 24 83.853
41 808 32 54.551
42 778 43 36.653
43 665 15 90.290
44 1404 15 6.862
45 1118 3 35.812
46 498 28 36.111
47 1114 31 74.788
48 454 47 94.280
49 675 46 62.368
50 123 3 47.921
51 122 35 94.071
52 754 1 78.469
53 1370 30 58.161
54 1005 48 25.485
55 1372 60 38.851
56 212 21 96.439
57 161 27 47.646
58 290 60 39.654
59 727 30 78.897
60 575 45 89.364
61 857 5 85.477
62 110 11 34.478
63 555 49 47.971
64 1096 57 98.627
65 876 39 93.935
66 595 37 37.562
67 503 23 18.822
68 895 2 23.609
69 373 23 77.878
70 1026 32 32.510
71 1017 11 79.482
72 430 13 61.903
73 231 32 63.387
74 609 38 46.276
75 241 10 15.301
76 775 19 80.863
77 65 35 60.049
78 664 36 93.977
79 436 23 80.760
80 1084 3 90.138
81 1263 42 54.516
82 382 20 14.879
83 302 27 81.950
84 516 11 63.771
85 512 32 72.860
86 581 56 34.528
87 676 58 17.330
88 649 40 4.072
89 1250 13 60.939
90 696 14 14.285
91 319 42 57.233
92 69 53 78.673
93 613 31 36.284
94 1198 6 26.422
95 262 5 39.163
96 188 11 60.488
97 1381 53 54.846
98 13 32 22.525
99 507 13 2.828
100 1268 60 18.837
101 513 47 76.108
102 588 3 96.991
103 1333 9 96.507
104 934 40 81.652
105 788 12 16.865
106 34 51 68.383
107 584 38 63.081
108 646 56 63.874
109 578 41 75.927
110 1420 6 98.634
111 579 23 73.239
112 1 50 46.709
113 1425 40 24.986
114 256 27 83.069
115 1065 59 46.653
116 1193 52 64.627
117 1281 13 10.464
118 653 6 76.075
119 271 54 64.246
120 1 13 35.261
121 1099 16 33.218
122 1050 8 3.671
123 927 60 44.999
124 35 2 67.193
125 1042 13 17.465
126 165 28 28.586
127 1350 22 62.705
128 169 44 57.609
129 518 28 38.162
130 872 40 83.820
131 321 18 23.421
132 59 57 22.366
133 575 27 17.085
134 518 31 85.982
135 657 40 80.943
136 971 42 40.509
137 1311 53 28.850
138 173 23 62.888
139 1054 43 40.863
140 178 33 93.972
141 1197 43 47.857
142 719 52 93.588
143 509 21 38.471
144 467 15 37.063
145 446 15 67.434
146 524 6 57.259
147 860 41 24.957
148 126 28 52.711
149 236 12 9.929
150 1015 31 24.042