150
1 905 50 98.899
2 874 32 4.274
3 873 3 99.948
4 349 9 89.358
5 1060 20 93.686
6 9 41 10.379
7 111 50 7.392
8 412 20 7.539
9 865 44 69.130
10 641 51 97.026
11 690 30 71.331
12 72 3 8.708
13 307 20 57.576
14 1117 23 76.851
15 1291 47 84.494
16 1102 27 80.332
17 460 50 82.693
18 653 24 70.158
19 280 16 10.682
20 671 24 20.288
21 960 21 22.614
22 301 3 77.340
23 658 2 71.929
24 758 10 86.348
25 1417 21 23.806
26 1045 13 41.720
27 1164 58 16.325
28 1272 14 7.567
29 426 15 37.555
30 1171 36 82.131
31 852 39 93.666
32 133 54 52.687
33 69 59 87.037
34 941 14 20.088
35 74 57 62.278
36 181 10 92.609
37 1403 58 52.299
38 243 30 64.179
39 1026 19 66.884
40 636 40 97.795
41 1351 54 28.462
42 843 2 87.990
43 177 35 96.999
44 209 12 62.138
45 963 4 97.717
46 322 9 91.359
47 154 31 24.039
48 234 17 17.833
49 1132 52 26.180
50 673 25 82.243
51 225 59 82.977
52 1221 56 11.978
53 910 8 11.737
54 751 55 81.052
55 1162 14 83.945
56 347 31 38.193
57 290 59 76.737
58 1275 52 81.732
59 909 41 96.816
60 488 6 49.203
61 1296 5 33.361
62 7 5 0.385
63 26 38 8.965
64 1392 22 6.931
65 1112 36 35.818
66 780 39 49.150
67 172 6 19.173
68 871 20 15.850
69 232 23 24.542
70 78 29 51.591
71 249 22 71.019
72 1289 4 82.036
73 1394 42 77.009
74 597 29 36.097
75 299 39 51.603
76 1356 57 48.657
77 401 16 2.652
78 737 48 50.993
79 178 14 2.027
80 367 41 68.129
81 335 2 28.162
82 538 54 85.372
83 587 13 83.626
84 1197 17 34.936
85 1161 9 71.460
86 1440 57 18.751
87 199 29 50.183
88 18 15 62.298
89 476 44 44.388
90 366 43 87.356
91 736 48 61.206
92 263 33 53.160
93 1417 45 48.180
94 17 46 16.725
95 623 50 2.943
96 233 25 17.516
97 278 11 96.851
98 1231 38 46.775
99 398 28 37.467
100 325 56 15.840
101 1062 47 96.788
102 542 57 13.813
103 733 47 78.198
104 397 53 35.895
105 845 56 90.185
106 1374 3 91.623
107 1088 25 88.283
108 1260 59 25.425
109 510 25 83.527
110 618 9 43.682
111 1410 6 81.329
112 1249 11 73.897
113 1355 14 64.561
114 1433 8 90.558
115 866 29 69.737
116 18 4 47.152
117 503 19 22.020
118 427 7 55.511
119 427 47 97.234
120 895 33 44.575
121 566 31 55.976
122 505 52 32.748
123 1067 8 87.099
124 689 21 44.096
125 226 44 25.878
126 479 55 77.507
127 1306 31 69.631
128 284 53 11.882
129 1267 3 30.274
130 386 3 73.785
131 1120 51 72.167
132 1139 37 80.943
133 875 32 26.413
134 1155 13 56.442
135 703 54 36.140
136 794 50 47.362
137 1069 36 86.642
138 964 25 13.805
139 58 24 53.089
140 1204 46 86.367
141 290 14 14.583
142 625 48 11.929
143 54 6 0.356
144 916 10 82.304
145 957 52 43.468
146 847 46 4.274
147 67 7 83.419
148 1440 47 22.197
149 510 55 91.332
150 1156 15 50.246