150
1 346 4 74.402
2 1115 49 10.515
3 729 37 12.306
4 634 37 46.592
5 127 1 20.908
6 959 54 43.248
7 400 42 35.549
8 326 42 55.084
9 665 52 41.769
10 103 44 52.377
11 1030 31 14.053
12 799 10 91.977
13 1271 2 3.651
14 1224 56 99.191
15 990 22 2.031
16 334 27 71.986
17 121 46 24.860
18 569 49 25.762
19 721 15 19.141
20 1104 16 31.267
21 325 10 16.259
22 70 8 55.433
23 364 54 52.030
24 123 24 9.183
25 249 53 5.907
26 773 24 40.357
27 564 18 5.654
28 1015 19 14.277
29 1144 2 5.960
30 769 4 62.072
31 185 3 71.573
32 1262 44 40.390
33 92 12 59.931
34 484 53 33.092
35 306 20 95.789
36 911 32 27.404
37 312 49 98.065
38 452 18 13.908
39 550 30 8.984
40 990 55 64.600
41 1385 41 42.013
42 1324 39 14.535
43 1109 49 71.480
44 802 19 59.504
45 962 11 11.152
46 1009 13 31.640
47 1124 49 32.994
48 475 7 83.123
49 29 51 86.911
50 468 10 54.711
51 394 1 64.156
52 792 30 78.412
53 1146 36 27.851
54 1355 30 11.004
55 1197 17 50.084
56 764 31 46.818
57 783 19 30.742
58 654 57 38.598
59 630 57 33.875
60 1091 16 90.644
61 1031 3 98.603
62 74 9 24.802
63 283 46 27.615
64 1415 31 59.991
65 599 41 49.560
66 131 19 31.777
67 141 56 77.867
68 574 33 54.169
69 805 48 10.065
70 467 8 79.331
71 942 45 82.270
72 615 4 16.703
73 958 45 43.301
74 1187 43 98.968
75 802 55 20.638
76 683 32 87.274
77 951 31 62.575
78 1013 9 41.657
79 1369 9 57.006
80 729 25 88.569
81 236 13 96.983
82 456 56 80.130
83 286 34 23.239
84 197 26 93.736
85 373 50 20.345
86 1352 54 28.213
87 1437 44 58.597
88 1028 44 57.126
89 192 58 42.353
90 15 9 11.935
91 1059 38 48.432
92 436 44 84.076
93 1239 5 38.916
94 1284 53 57.657
95 1250 33 20.100
96 332 22 57.635
97 9 10 46.270
98 1359 22 30.643
99 1001 25 91.293
100 1377 39 96.459
101 1174 49 64.953
102 284 54 97.457
103 131 9 5.264
104 984 19 1.858
105 1274 12 72.084
106 910 1 24.839
107 366 11 89.689
108 887 56 78.624
109 973 20 56.950
110 1296 45 24.533
111 78 50 98.346
112 1106 39 36.877
113 1105 15 71.001
114 816 48 28.123
115 302 19 64.028
116 1076 37 56.497
117 951 60 86.612
118 683 18 65.312
119 1120 2 56.926
120 638 50 5.770
121 1053 60 73.650
122 720 46 11.959
123 434 27 16.647
124 51 25 2.456
125 768 48 65.970
126 116 42 58.362
127 1095 16 9.016
128 1035 6 45.405
129 326 15 42.739
130 1385 42 6.363
131 1397 30 92.334
132 301 41 48.125
133 173 55 36.946
134 961 10 96.880
135 963 29 7.976
136 1156 37 55.227
137 1173 36 32.398
138 660 19 13.768
139 373 45 32.387
140 175 13 68.339
141 1151 7 72.219
142 807 51 38.161
143 213 39 2.094
144 595 1 19.262
145 884 56 33.991
146 816 21 3.145
147 983 29 69.305
148 84 20 63.650
149 1214 42 29.873
150 582 35 70.091