150
1 1103 16 60.975
2 556 8 93.715
3 1103 47 54.927
4 1262 60 74.807
5 999 19 59.287
6 1056 14 27.130
7 845 36 21.823
8 1217 17 11.540
9 379 36 32.202
10 241 33 26.763
11 1095 22 52.249
12 986 21 31.398
13 517 56 72.174
14 701 22 60.523
15 1132 27 96.441
16 694 7 49.299
17 118 36 28.575
18 852 1 34.765
19 1056 45 2.493
20 645 23 14.640
21 40 19 34.916
22 368 14 52.033
23 1096 55 79.769
24 252 2 56.522
25 1329 40 57.084
26 98 54 70.276
27 1028 5 87.467
28 399 25 51.852
29 1167 8 79.704
30 301 28 33.558
31 320 24 22.060
32 514 55 93.813
33 1012 7 29.089
34 257 21 63.460
35 1205 19 57.210
36 662 22 20.636
37 343 39 48.263
38 337 24 44.517
39 283 44 44.814
40 144 43 76.376
41 163 8 9.901
42 222 49 79.100
43 1284 54 24.322
44 20 60 97.492
45 1029 38 21.287
46 1432 50 12.389
47 979 59 17.271
48 276 47 51.515
49 1208 30 40.738
50 910 51 42.129
51 73 17 11.346
52 94 25 23.078
53 1124 2 35.284
54 1359 57 27.281
55 377 12 89.150
56 501 4 12.098
57 314 59 4.928
58 534 27 17.099
59 154 8 58.138
60 349 51 34.423
61 148 11 99.517
62 1364 44 21.466
63 710 9 80.007
64 866 7 2.365
65 934 37 50.647
66 671 37 35.617
67 1317 9 74.526
68 933 44 88.292
69 1024 28 98.294
70 714 26 87.774
71 321 28 9.845
72 723 17 94.786
73 446 1 66.650
74 209 43 13.921
75 861 14 41.047
76 674 58 73.525
77 739 49 14.464
78 213 59 3.020
79 296 19 20.957
80 522 52 96.249
81 674 20 87.763
82 1115 51 16.445
83 1150 33 41.579
84 504 3 65.840
85 360 54 27.824
86 721 60 62.317
87 1161 13 66.039
88 459 13 81.636
89 1290 33 80.506
90 129 22 10.597
91 690 24 49.554
92 497 33 51.413
93 143 14 80.857
94 1326 33 66.893
95 824 2 92.412
96 280 24 59.491
97 866 6 52.102
98 624 47 76.957
99 255 9 73.371
100 1326 48 3.866
101 782 11 6.255
102 162 53 96.035
103 1027 16 91.453
104 482 51 54.126
105 959 46 2.845
106 146 21 46.804
107 15 17 27.668
108 574 52 93.291
109 675 12 55.184
110 161 46 29.328
111 1195 52 74.244
112 791 24 76.417
113 746 9 47.155
114 1314 21 12.873
115 963 28 91.610
116 157 56 41.015
117 632 18 70.589
118 1274 16 65.157
119 921 36 34.762
120 296 60 40.243
121 599 6 70.822
122 464 14 10.156
123 653 30 5.097
124 876 45 67.646
125 965 34 74.082
126 1098 37 89.500
127 789 11 13.751
128 393 19 28.221
129 2 19 9.279
130 1207 47 28.225
131 634 47 6.422
132 303 23 46.019
133 408 41 11.991
134 1438 12 44.000
135 982 39 76.009
136 1251 35 15.124
137 1340 36 96.707
138 837 18 24.435
139 725 42 43.190
140 927 51 72.800
141 225 45 62.769
142 600 9 65.652
143 1288 19 53.077
144 113 46 43.258
145 19 23 17.983
146 687 54 11.992
147 32 16 16.431
148 1070 22 29.593
149 11 58 45.326
150 1238 15 45.595