150
1 870 41 47.637
2 509 47 41.731
3 1050 15 25.576
4 140 10 30.817
5 641 21 84.421
6 1306 28 11.577
7 1393 38 64.413
8 1287 20 18.305
9 156 21 36.495
10 721 55 29.951
11 1176 56 78.304
12 1187 3 78.098
13 1277 22 81.437
14 229 35 73.927
15 926 58 28.056
16 618 47 22.841
17 772 15 82.699
18 980 14 38.424
19 1067 20 81.997
20 96 27 74.372
21 476 37 62.891
22 702 25 40.683
23 12 32 22.510
24 362 3 95.033
25 100 21 18.603
26 377 24 4.930
27 1431 34 86.726
28 1316 33 71.243
29 976 60 28.125
30 175 10 57.090
31 89 46 29.499
32 1071 32 48.250
33 417 54 87.857
34 501 50 21.858
35 1200 10 63.391
36 512 47 73.972
37 1004 46 12.994
38 655 25 6.843
39 650 4 96.134
40 699 36 42.388
41 770 39 49.726
42 361 58 7.895
43 199 24 57.849
44 584 21 5.730
45 841 36 23.740
46 677 2 23.158
47 1354 17 88.958
48 959 47 67.568
49 1235 24 54.340
50 143 52 34.918
51 521 57 19.209
52 997 50 50.555
53 1282 58 31.517
54 1348 35 66.385
55 276 59 66.737
56 1158 47 14.668
57 136 55 37.076
58 663 6 80.067
59 488 28 30.094
60 864 3 2.819
61 474 10 24.315
62 313 41 51.935
63 1096 45 40.718
64 729 32 6.711
65 1126 54 31.376
66 747 43 72.869
67 1151 44 30.953
68 965 21 34.064
69 1147 6 56.737
70 1401 5 19.453
71 628 55 69.074
72 935 23 90.945
73 175 28 42.999
74 1185 43 16.099
75 748 57 8.810
76 399 5 38.576
77 39 48 88.394
78 215 41 22.966
79 313 3 16.010
80 612 49 51.041
81 1063 41 41.675
82 959 2 79.103
83 194 32 42.788
84 661 57 29.038
85 799 15 19.306
86 6 57 35.827
87 1059 56 97.723
88 946 52 69.888
89 1176 19 27.160
90 829 33 37.390
91 348 44 86.154
92 215 54 99.080
93 977 14 95.206
94 976 40 40.519
95 449 10 96.216
96 322 11 73.688
97 1422 29 74.101
98 550 16 34.111
99 60 10 38.142
100 795 23 82.166
101 394 11 57.534
102 217 4 49.730
103 995 5 89.197
104 805 31 15.910
105 418 2 58.863
106 804 54 56.766
107 905 43 4.885
108 1383 32 44.758
109 687 42 46.392
110 897 55 40.236
111 257 3 75.620
112 730 13 58.973
113 1278 18 0.146
114 1257 35 71.336
115 905 7 66.283
116 413 39 96.320
117 303 48 47.024
118 1406 43 44.897
119 751 56 71.844
120 236 42 43.714
121 1333 21 19.607
122 96 17 72.746
123 961 13 75.618
124 639 38 11.449
125 820 47 56.796
126 1207 44 14.956
127 799 53 25.917
128 298 52 90.438
129 606 19 78.751
130 719 52 75.250
131 1192 25 31.431
132 1144 7 57.837
133 139 25 24.824
134 520 31 1.343
135 447 37 53.795
136 97 33 32.497
137 299 16 14.510
138 472 4 76.986
139 1043 9 26.790
140 702 2 95.362
141 263 11 15.163
142 387 49 76.935
143 1245 14 31.744
144 176 9 61.201
145 1359 28 2.726
146 453 28 56.530
147 785 8 19.130
148 716 13 35.446
149 411 8 9.930
150 1147 51 55.215