150
1 1070 13 5.348
2 426 8 44.525
3 574 39 72.088
4 1167 56 34.455
5 786 28 90.780
6 1010 29 48.585
7 1130 5 91.737
8 1302 23 27.045
9 424 23 70.249
10 1038 59 60.210
11 472 16 29.994
12 1426 31 67.247
13 931 33 50.935
14 1076 42 82.524
15 1381 26 95.567
16 103 9 39.983
17 1414 24 53.699
18 1332 47 41.746
19 1367 1 7.883
20 646 12 73.763
21 955 34 54.805
22 851 26 73.350
23 478 52 48.439
24 538 54 94.759
25 1044 60 27.234
26 375 5 25.738
27 692 39 97.480
28 138 3 38.721
29 1358 30 16.233
30 659 13 25.403
31 223 4 40.194
32 444 6 30.232
33 1159 3 99.679
34 152 30 42.788
35 285 41 2.588
36 977 36 93.765
37 334 53 83.573
38 186 50 84.415
39 450 13 90.155
40 1414 35 59.901
41 675 27 53.805
42 80 41 93.742
43 79 11 19.093
44 574 54 60.033
45 632 3 80.109
46 189 9 56.876
47 185 32 57.710
48 918 28 44.124
49 1006 55 18.991
50 1037 19 50.147
51 270 37 76.609
52 1335 50 36.260
53 188 60 68.821
54 246 28 48.894
55 202 4 89.699
56 225 43 69.094
57 1287 32 25.354
58 870 54 85.717
59 1075 52 56.471
60 628 34 29.707
61 1319 59 76.534
62 94 37 28.043
63 464 39 63.379
64 272 47 46.964
65 412 43 28.313
66 1 19 24.208
67 1268 8 8.655
68 1430 6 97.444
69 331 27 11.501
70 741 28 65.265
71 674 19 99.610
72 965 35 45.371
73 1121 36 20.716
74 876 17 65.345
75 359 39 25.546
76 575 16 3.375
77 1343 32 64.142
78 497 51 14.476
79 1293 31 49.263
80 991 2 5.313
81 1195 43 12.519
82 889 26 28.618
83 1200 44 47.055
84 622 53 30.417
85 1139 13 57.195
86 495 38 93.935
87 589 7 57.092
88 1331 19 85.014
89 1021 23 32.631
90 433 45 84.736
91 1407 11 63.458
92 1357 19 57.163
93 134 11 61.677
94 1389 25 52.888
95 569 58 88.061
96 1390 7 8.981
97 1332 21 2.937
98 419 38 61.851
99 254 23 99.279
100 1328 21 54.769
101 1081 17 70.805
102 1050 15 70.973
103 1015 11 83.373
104 1408 28 86.813
105 361 21 52.960
106 1381 36 25.718
107 189 16 93.590
108 653 28 51.240
109 389 14 62.455
110 921 39 47.286
111 1339 59 2.003
112 993 9 66.265
113 519 16 56.205
114 201 44 5.556
115 1320 43 35.304
116 1263 17 52.775
117 1368 44 17.574
118 1248 12 56.627
119 420 21 58.685
120 316 18 46.513
121 412 37 10.350
122 906 7 6.108
123 409 39 94.988
124 409 7 94.014
125 537 15 1.482
126 1234 14 91.751
127 222 46 54.990
128 1339 41 41.888
129 142 55 73.113
130 191 43 12.804
131 433 13 79.246
132 250 47 25.203
133 745 46 14.647
134 1090 24 46.506
135 435 4 27.079
136 205 18 86.795
137 737 25 99.652
138 1159 58 77.101
139 1235 38 95.655
140 616 42 45.078
141 531 15 74.080
142 93 33 8.984
143 186 57 14.838
144 797 53 86.757
145 180 50 96.131
146 1263 45 3.199
147 861 4 76.792
148 1397 52 92.131
149 1199 18 20.815
150 1226 35 66.800