150
1 616 54 50.605
2 147 52 60.120
3 279 59 46.864
4 848 34 23.785
5 1032 42 8.865
6 1207 36 13.525
7 138 47 83.658
8 1367 12 28.716
9 816 18 5.280
10 1279 48 61.337
11 791 24 20.391
12 250 4 89.245
13 1257 1 92.638
14 1254 2 76.722
15 668 26 31.208
16 1008 31 54.311
17 1183 48 96.060
18 1093 42 5.377
19 95 31 12.360
20 84 50 40.015
21 94 60 54.263
22 610 42 1.050
23 704 14 90.320
24 875 20 57.831
25 246 34 23.366
26 1100 46 94.570
27 90 42 96.935
28 929 22 66.447
29 1137 58 57.470
30 45 27 77.727
31 972 50 61.814
32 1292 51 22.483
33 329 8 99.732
34 1042 38 44.823
35 1192 58 35.471
36 81 24 32.235
37 687 54 16.865
38 1010 59 59.843
39 1366 30 99.869
40 1430 41 95.325
41 1161 35 54.303
42 124 24 57.971
43 253 43 6.965
44 895 53 91.692
45 405 60 21.053
46 996 49 13.267
47 185 51 71.119
48 1146 36 95.247
49 791 48 56.937
50 692 18 24.535
51 681 24 7.276
52 1219 2 98.542
53 1439 3 63.386
54 979 55 34.037
55 429 12 99.983
56 93 57 29.861
57 1002 44 60.649
58 1214 38 89.203
59 1065 59 43.757
60 48 55 38.379
61 24 52 68.639
62 673 48 91.267
63 1043 15 68.325
64 1335 60 60.028
65 620 2 91.661
66 912 23 4.167
67 709 27 56.423
68 1018 54 21.848
69 1408 25 47.966
70 554 19 37.309
71 1023 39 29.351
72 1311 16 83.690
73 173 21 17.531
74 877 20 30.206
75 298 29 17.640
76 1340 25 32.058
77 462 15 22.916
78 463 4 20.816
79 935 9 14.074
80 1387 37 82.539
81 194 31 23.400
82 1188 47 28.910
83 1363 57 53.197
84 984 8 9.448
85 1133 52 27.639
86 1025 52 15.160
87 1270 57 56.100
88 1279 60 80.284
89 325 43 41.488
90 521 19 61.337
91 1152 12 99.094
92 129 53 69.249
93 831 47 47.568
94 154 53 78.863
95 1336 54 40.878
96 548 50 67.908
97 1141 20 15.930
98 1193 49 84.953
99 1233 59 72.414
100 1049 50 14.744
101 1292 47 74.524
102 314 19 76.684
103 1346 6 96.450
104 167 3 10.541
105 739 6 87.955
106 347 3 66.341
107 94 8 90.806
108 311 55 53.156
109 1316 6 98.005
110 34 3 62.438
111 393 37 0.200
112 51 9 87.856
113 92 26 96.600
114 465 7 20.061
115 807 3 86.114
116 1232 18 39.395
117 768 4 25.563
118 1105 34 44.733
119 1081 43 38.409
120 978 13 73.634
121 19 1 51.283
122 573 27 92.982
123 1000 12 57.074
124 973 56 11.833
125 622 10 86.023
126 1184 41 91.665
127 1130 54 83.569
128 1239 57 85.338
129 271 57 69.511
130 431 9 78.456
131 153 37 9.776
132 22 12 70.185
133 1166 54 77.600
134 314 38 97.087
135 213 4 71.903
136 835 34 80.281
137 601 3 34.151
138 1216 9 80.061
139 651 10 99.729
140 1133 58 14.788
141 1414 25 97.065
142 584 58 25.307
143 1109 15 65.870
144 513 59 99.380
145 24 25 36.546
146 1375 60 80.588
147 749 10 31.876
148 522 37 54.614
149 981 43 17.127
150 485 46 39.441