150
1 54 58 5.937
2 197 44 56.955
3 462 31 47.230
4 1287 40 59.616
5 100 44 28.257
6 1301 29 57.972
7 1277 30 81.963
8 956 19 0.239
9 772 50 39.936
10 1418 52 75.913
11 1199 22 89.453
12 973 13 22.713
13 517 47 66.385
14 32 3 87.932
15 1064 39 94.945
16 561 32 93.772
17 1431 41 1.222
18 183 46 64.981
19 913 38 75.788
20 472 8 95.970
21 993 46 58.756
22 571 39 85.538
23 1075 9 29.172
24 1223 22 45.626
25 454 19 10.740
26 909 23 75.483
27 917 49 38.528
28 1168 59 0.043
29 103 56 11.759
30 206 25 41.156
31 561 42 5.216
32 758 32 86.575
33 998 19 56.410
34 17 33 49.097
35 582 45 64.189
36 790 11 14.590
37 34 43 78.834
38 1124 34 58.199
39 294 41 78.992
40 155 37 35.543
41 1165 15 36.818
42 1376 57 27.738
43 763 28 45.307
44 1241 2 91.079
45 747 59 28.973
46 1203 6 41.187
47 793 38 61.025
48 454 11 40.622
49 644 58 71.529
50 463 29 36.453
51 542 41 42.887
52 417 22 88.975
53 158 50 55.189
54 1077 5 43.655
55 1264 58 48.389
56 1081 52 46.940
57 70 47 64.111
58 920 5 46.829
59 820 10 6.571
60 1280 29 2.215
61 284 26 83.575
62 780 46 4.234
63 266 5 68.884
64 1103 39 8.491
65 874 39 93.387
66 907 6 79.965
67 745 41 35.672
68 1244 41 6.875
69 435 47 61.461
70 227 51 85.583
71 345 39 36.534
72 1029 53 17.746
73 1107 21 1.824
74 847 9 87.221
75 1385 15 92.303
76 511 18 49.478
77 927 41 93.525
78 1037 35 20.427
79 39 57 57.553
80 302 51 26.908
81 263 35 35.923
82 953 8 94.636
83 410 48 39.983
84 743 20 4.313
85 576 58 99.614
86 514 54 99.776
87 24 55 54.771
88 222 59 38.826
89 754 14 11.802
90 335 43 54.231
91 1155 21 80.930
92 435 15 42.800
93 81 37 72.792
94 1294 8 87.428
95 1397 23 32.145
96 998 43 98.605
97 1434 51 71.971
98 829 16 5.373
99 812 25 5.870
100 1175 22 61.140
101 1062 19 97.351
102 1212 30 54.528
103 1429 8 91.898
104 106 28 57.283
105 1356 34 3.559
106 1110 20 16.232
107 1434 26 2.479
108 513 25 25.633
109 1094 4 38.267
110 409 41 96.989
111 827 15 27.145
112 1185 7 65.760
113 1011 58 23.967
114 747 49 36.513
115 316 15 52.555
116 1074 40 70.199
117 106 19 43.263
118 90 29 47.564
119 614 55 8.311
120 1020 36 17.128
121 784 23 59.369
122 466 46 57.499
123 1020 49 0.402
124 977 24 56.028
125 983 23 93.730
126 271 40 46.393
127 309 31 1.254
128 1010 59 51.458
129 117 39 60.089
130 791 28 84.041
131 433 18 69.513
132 800 44 83.027
133 576 33 56.604
134 986 19 81.631
135 203 22 34.761
136 298 10 35.999
137 1376 50 52.984
138 588 25 81.839
139 386 59 63.602
140 711 50 34.484
141 998 47 28.039
142 773 25 79.154
143 795 33 8.475
144 79 6 73.390
145 555 60 37.570
146 269 8 23.230
147 796 24 72.580
148 1255 18 8.233
149 1154 23 23.836
150 407 23 89.137