150
1 1430 28 0.595
2 243 53 55.303
3 465 7 12.835
4 568 33 50.359
5 1219 28 89.323
6 697 20 64.603
7 1066 3 68.226
8 1090 12 73.292
9 167 7 20.811
10 464 36 79.395
11 264 35 82.901
12 1197 47 85.564
13 1257 22 41.121
14 477 24 69.519
15 183 10 75.202
16 1052 2 24.902
17 8 59 22.813
18 635 18 74.783
19 1039 17 69.450
20 421 42 91.421
21 188 46 1.853
22 1391 51 92.124
23 1068 33 9.540
24 192 19 46.640
25 602 36 52.184
26 1088 32 17.664
27 696 49 81.045
28 1370 13 84.584
29 1050 50 20.971
30 555 27 31.781
31 1254 33 35.475
32 359 34 78.908
33 200 2 29.243
34 427 58 84.500
35 633 22 67.831
36 415 39 96.439
37 707 14 22.037
38 670 2 45.124
39 193 41 65.046
40 158 21 48.652
41 638 30 15.681
42 11 37 73.257
43 1167 60 53.739
44 428 51 75.737
45 535 49 89.345
46 184 56 70.813
47 682 49 48.002
48 401 50 65.874
49 453 7 29.029
50 894 10 60.545
51 826 20 76.058
52 1094 59 78.354
53 1430 48 29.547
54 669 52 84.517
55 63 59 28.300
56 3 54 38.001
57 119 2 96.408
58 212 32 41.678
59 748 32 29.184
60 1426 45 59.531
61 235 8 70.124
62 611 35 74.649
63 121 44 13.245
64 232 34 64.542
65 238 40 26.062
66 429 36 21.175
67 260 6 24.082
68 749 36 29.257
69 1029 32 34.832
70 1057 32 60.017
71 1424 36 59.117
72 289 13 49.758
73 1419 59 82.251
74 1428 22 85.295
75 1429 49 15.558
76 618 34 64.398
77 1084 4 44.322
78 547 18 67.946
79 607 51 23.941
80 221 18 6.742
81 585 11 36.488
82 25 6 52.845
83 127 3 37.028
84 23 47 28.268
85 509 38 33.765
86 534 2 96.660
87 803 39 65.602
88 55 9 9.795
89 271 17 44.947
90 1302 35 63.810
91 1088 35 72.553
92 763 47 55.497
93 725 56 54.309
94 1242 8 12.209
95 267 6 48.429
96 1414 22 41.094
97 1173 48 49.268
98 805 24 96.989
99 353 21 78.439
100 1187 59 88.248
101 98 9 31.778
102 1144 2 58.263
103 379 19 0.587
104 1350 50 70.666
105 1336 39 4.858
106 1177 3 87.054
107 811 47 7.572
108 640 45 82.654
109 1165 43 57.054
110 1355 48 36.056
111 812 3 15.149
112 233 44 57.414
113 5 35 25.328
114 20 56 20.999
115 871 44 94.427
116 205 4 79.092
117 1099 14 42.511
118 38 17 53.120
119 348 9 61.711
120 982 12 54.037
121 1429 8 55.845
122 17 10 64.786
123 769 39 43.894
124 1058 24 38.636
125 1183 20 13.962
126 140 29 76.469
127 306 55 47.720
128 1310 42 98.421
129 1285 34 55.871
130 484 3 83.414
131 668 60 17.779
132 1369 51 62.679
133 330 55 11.382
134 178 25 77.246
135 983 59 33.060
136 668 36 8.085
137 1265 21 49.926
138 1359 11 15.175
139 517 2 55.060
140 708 21 6.608
141 377 33 70.416
142 512 26 72.140
143 960 8 28.967
144 720 14 76.013
145 98 23 7.166
146 435 47 98.979
147 4 3 91.096
148 1046 56 61.721
149 854 58 4.938
150 934 42 26.672