150
1 1430 12 85.002
2 327 14 16.749
3 573 52 12.386
4 330 22 30.831
5 1258 51 70.779
6 25 28 98.475
7 804 29 61.713
8 852 24 42.828
9 721 58 57.635
10 931 17 28.517
11 1340 44 24.134
12 628 50 41.109
13 524 1 64.669
14 1118 24 77.404
15 890 1 41.483
16 658 51 80.077
17 1126 32 52.225
18 1365 2 38.659
19 340 47 93.775
20 829 18 40.411
21 800 37 82.948
22 369 11 57.840
23 389 23 2.799
24 880 42 46.111
25 860 30 70.507
26 2 36 81.300
27 1063 57 44.921
28 689 39 68.939
29 1101 23 35.396
30 55 6 32.007
31 1274 22 30.396
32 819 49 58.528
33 906 34 55.785
34 536 50 19.640
35 148 28 54.512
36 343 54 83.064
37 1215 22 30.662
38 899 40 13.278
39 1353 41 9.799
40 386 36 96.070
41 904 50 16.819
42 963 5 16.656
43 578 4 90.669
44 402 20 35.847
45 314 11 73.239
46 1311 47 41.377
47 617 15 83.307
48 887 45 18.516
49 1263 35 71.204
50 469 1 64.120
51 1000 20 63.711
52 706 32 12.848
53 177 44 10.028
54 461 2 60.124
55 126 14 51.812
56 548 31 21.168
57 373 17 54.291
58 545 6 49.601
59 713 28 37.244
60 887 10 66.956
61 924 9 80.407
62 52 58 34.168
63 182 13 72.772
64 219 53 16.458
65 387 23 37.196
66 1289 45 38.946
67 37 17 63.225
68 343 30 80.893
69 522 7 75.462
70 1134 48 95.033
71 882 49 92.638
72 64 6 71.586
73 81 49 20.592
74 453 25 93.801
75 903 44 56.042
76 28 36 52.501
77 32 1 16.630
78 479 17 28.591
79 224 26 34.500
80 701 51 32.436
81 565 26 93.438
82 95 45 62.516
83 1282 53 11.374
84 396 36 41.818
85 837 3 61.905
86 962 46 98.902
87 501 58 1.527
88 121 30 12.401
89 235 44 11.178
90 40 7 68.506
91 591 42 18.149
92 1153 58 71.720
93 908 26 75.560
94 355 32 86.524
95 166 18 86.159
96 778 28 4.956
97 1093 29 50.289
98 952 12 14.578
99 774 49 20.608
100 936 27 59.737
101 49 35 85.434
102 110 59 36.358
103 475 45 45.417
104 1390 16 68.867
105 617 36 18.310
106 164 13 34.605
107 417 53 15.429
108 1288 7 72.063
109 1364 9 30.701
110 813 54 4.665
111 260 45 90.217
112 440 47 50.389
113 82 26 9.943
114 390 43 97.907
115 361 14 86.902
116 1143 38 19.948
117 352 60 14.842
118 341 51 56.001
119 308 34 59.393
120 923 31 72.938
121 765 21 13.916
122 1232 16 30.271
123 43 55 29.451
124 1085 10 41.414
125 245 21 58.510
126 382 60 31.370
127 1165 7 44.500
128 1340 50 27.493
129 399 45 33.748
130 142 39 13.909
131 269 22 43.228
132 653 19 1.069
133 986 28 73.049
134 105 29 28.028
135 486 16 72.036
136 625 49 12.072
137 1259 47 89.749
138 562 39 24.916
139 193 28 18.743
140 460 60 47.945
141 949 38 25.658
142 1193 46 20.398
143 789 34 80.608
144 950 46 45.103
145 1394 37 29.189
146 581 55 55.916
147 1290 25 80.902
148 177 40 72.267
149 634 32 59.350
150 537 23 83.998