150
1 678 21 14.009
2 925 24 1.385
3 153 33 41.617
4 1003 58 89.039
5 1435 56 9.450
6 299 46 0.543
7 894 58 8.064
8 623 15 6.484
9 862 25 55.807
10 560 13 9.435
11 257 49 40.720
12 535 46 19.962
13 620 8 76.897
14 866 7 36.447
15 1033 54 18.958
16 821 40 65.580
17 1302 23 23.532
18 1264 17 20.979
19 521 34 45.453
20 207 26 44.169
21 560 13 1.528
22 246 50 93.956
23 937 6 15.559
24 322 48 97.877
25 1057 35 28.703
26 1337 56 15.159
27 183 45 53.252
28 77 2 81.866
29 574 9 21.889
30 1002 25 61.636
31 1412 12 11.663
32 969 31 45.579
33 78 44 20.857
34 1332 51 42.012
35 1186 13 81.933
36 1145 42 69.637
37 316 59 65.056
38 270 55 33.633
39 1060 42 12.775
40 1001 49 93.214
41 886 21 84.901
42 1264 41 47.307
43 1188 39 72.606
44 585 60 97.924
45 1050 33 71.153
46 1151 27 51.699
47 851 55 89.281
48 1393 18 40.510
49 747 5 30.558
50 169 29 32.398
51 749 46 34.773
52 432 40 32.238
53 634 57 41.625
54 1326 10 97.475
55 599 15 68.134
56 900 6 64.827
57 1100 38 34.470
58 1184 52 78.671
59 1093 52 91.908
60 1376 39 2.974
61 156 43 78.979
62 292 29 73.799
63 648 33 72.045
64 781 40 33.779
65 680 26 59.624
66 1014 53 59.091
67 1224 1 28.841
68 1417 34 40.607
69 1061 14 72.507
70 581 23 37.483
71 445 15 50.476
72 1285 9 5.255
73 651 58 77.506
74 864 43 16.254
75 1295 10 81.213
76 218 28 85.251
77 618 52 74.549
78 35 35 28.008
79 1104 46 38.360
80 464 27 49.016
81 912 38 16.315
82 1357 15 40.342
83 1112 48 53.445
84 635 55 37.756
85 1350 38 44.938
86 627 9 6.841
87 834 9 5.780
88 536 41 66.539
89 276 34 46.884
90 239 42 84.497
91 144 6 64.566
92 191 14 27.775
93 364 9 58.513
94 788 8 19.967
95 160 11 51.252
96 1151 6 10.686
97 407 8 65.627
98 460 29 43.316
99 1003 24 25.603
100 1142 4 34.846
101 785 16 98.330
102 172 49 33.673
103 610 51 24.855
104 669 45 76.613
105 309 31 56.818
106 524 60 43.941
107 1069 42 33.978
108 1090 24 1.772
109 691 52 5.639
110 627 5 0.176
111 1126 29 81.835
112 627 53 32.339
113 576 55 99.260
114 626 35 44.527
115 1349 26 58.589
116 1081 59 25.658
117 1213 34 51.072
118 672 52 90.040
119 954 8 58.107
120 1120 58 22.212
121 33 19 91.277
122 195 46 95.090
123 262 32 85.359
124 662 5 83.262
125 1005 15 48.331
126 524 9 86.689
127 1018 42 2.095
128 973 9 39.191
129 147 10 88.919
130 1132 27 55.455
131 948 28 73.017
132 1302 30 96.308
133 734 40 66.317
134 356 10 49.338
135 1094 9 40.641
136 283 37 1.062
137 78 38 15.901
138 1005 53 25.440
139 135 47 15.475
140 329 48 37.325
141 727 54 51.657
142 636 12 95.845
143 1330 1 19.641
144 467 24 1.024
145 959 18 95.781
146 571 30 86.446
147 585 10 97.093
148 25 36 68.265
149 615 39 31.247
150 199 33 12.780