150
1 1316 26 92.041
2 56 39 76.620
3 1182 33 10.602
4 775 2 91.136
5 442 16 29.368
6 394 43 67.450
7 731 14 67.303
8 177 13 48.340
9 640 21 89.490
10 140 14 44.431
11 1425 47 81.050
12 815 48 15.544
13 1354 42 38.655
14 1141 54 11.675
15 808 46 57.808
16 466 15 96.391
17 390 43 58.688
18 1287 40 19.392
19 1411 21 39.770
20 279 48 17.441
21 640 38 60.418
22 576 26 25.400
23 660 44 8.956
24 206 23 73.772
25 669 55 73.019
26 927 11 88.251
27 711 57 97.393
28 502 54 40.985
29 840 31 2.444
30 1320 37 39.423
31 127 18 77.642
32 939 36 74.179
33 883 13 55.236
34 760 18 48.674
35 775 58 47.732
36 1205 35 83.272
37 486 10 68.637
38 315 2 6.061
39 522 24 18.543
40 179 13 96.318
41 791 28 88.929
42 185 26 29.622
43 881 22 30.534
44 102 15 96.971
45 1203 56 68.771
46 198 55 16.454
47 387 43 76.747
48 88 33 39.894
49 1362 53 59.828
50 799 34 1.887
51 740 12 62.457
52 234 24 20.198
53 132 42 26.864
54 20 4 69.197
55 988 30 42.305
56 958 51 14.360
57 761 19 18.799
58 312 23 42.085
59 264 8 56.947
60 1436 44 0.459
61 650 19 30.660
62 624 5 41.622
63 436 60 28.587
64 1423 49 17.129
65 828 56 86.424
66 1277 31 1.494
67 1022 1 82.967
68 73 43 41.660
69 1023 40 52.728
70 1011 32 60.674
71 1439 36 22.535
72 874 49 5.926
73 917 46 10.950
74 98 48 33.669
75 491 25 7.819
76 1375 7 85.730
77 598 6 14.982
78 312 2 91.058
79 236 33 93.028
80 396 45 80.414
81 519 36 34.559
82 1432 6 97.670
83 1039 47 68.602
84 939 26 9.016
85 940 49 1.902
86 170 37 73.228
87 872 20 43.161
88 1108 41 51.835
89 406 3 25.966
90 1304 6 53.704
91 484 6 42.348
92 995 3 91.673
93 1376 23 92.476
94 185 41 33.061
95 88 24 86.492
96 661 25 70.090
97 551 15 44.947
98 1037 17 39.108
99 1005 6 42.427
100 156 26 71.410
101 1091 41 37.511
102 1382 9 84.596
103 1225 6 90.651
104 59 58 49.783
105 267 27 16.277
106 1233 26 14.644
107 643 23 33.030
108 842 35 54.205
109 934 51 1.055
110 1354 47 41.383
111 688 54 81.278
112 189 48 91.171
113 1240 14 59.106
114 706 16 61.848
115 986 24 21.798
116 1123 27 17.821
117 967 59 96.369
118 518 56 12.375
119 926 19 89.833
120 1418 16 10.914
121 487 27 52.499
122 952 9 11.989
123 1299 50 0.857
124 1389 8 55.499
125 282 51 24.591
126 908 2 33.406
127 23 12 63.535
128 58 54 30.372
129 1014 44 92.317
130 488 53 66.091
131 1206 42 67.404
132 758 32 40.196
133 174 49 54.981
134 376 17 27.442
135 653 52 4.125
136 554 24 26.294
137 629 42 15.310
138 1394 28 65.513
139 623 56 97.141
140 1354 59 17.069
141 84 35 65.094
142 854 30 61.910
143 1232 23 69.151
144 269 33 97.204
145 818 60 49.561
146 1126 60 5.734
147 1430 54 20.362
148 1347 11 48.795
149 534 40 18.004
150 523 54 12.308