150
1 1309 12 83.791
2 909 5 30.370
3 105 22 19.794
4 1354 20 96.633
5 624 57 92.209
6 289 2 56.672
7 1050 21 5.673
8 847 11 72.360
9 490 36 37.408
10 12 33 87.628
11 1288 12 82.676
12 380 53 28.428
13 1003 54 69.291
14 440 30 0.597
15 1204 52 97.518
16 870 42 53.450
17 712 42 65.963
18 250 50 73.377
19 161 33 11.712
20 491 33 5.784
21 1286 29 5.363
22 531 58 6.939
23 1421 19 58.659
24 874 23 14.364
25 839 35 62.452
26 965 1 3.733
27 1351 14 11.653
28 648 55 23.768
29 1309 41 89.112
30 628 50 18.437
31 1295 57 61.712
32 1137 18 94.710
33 717 42 88.437
34 875 55 56.212
35 415 42 20.649
36 448 59 72.247
37 282 16 23.785
38 457 2 30.698
39 238 51 53.031
40 1023 38 88.889
41 22 9 19.968
42 883 57 56.302
43 626 2 60.102
44 1131 49 86.512
45 318 47 77.449
46 1179 2 86.697
47 1283 1 97.091
48 539 31 3.715
49 279 52 17.034
50 1120 35 83.849
51 909 55 92.019
52 276 22 36.028
53 985 38 5.005
54 84 20 83.740
55 769 3 46.371
56 1222 29 12.628
57 97 33 43.932
58 724 2 63.050
59 261 27 42.804
60 825 47 37.757
61 758 32 85.428
62 99 49 52.083
63 1187 1 0.041
64 907 3 89.609
65 573 2 85.719
66 484 47 71.361
67 807 30 56.770
68 77 49 21.262
69 916 5 29.769
70 22 57 70.801
71 636 36 48.930
72 1173 56 75.519
73 802 22 76.369
74 63 1 98.996
75 1234 60 81.131
76 591 5 0.401
77 940 3 20.814
78 1234 29 89.067
79 1156 39 66.215
80 458 5 32.745
81 1130 41 75.208
82 1394 8 2.722
83 729 2 36.408
84 74 10 38.760
85 604 7 9.563
86 753 5 4.665
87 1218 32 62.845
88 324 26 55.073
89 1138 53 70.247
90 400 53 38.052
91 661 27 77.634
92 726 2 19.552
93 857 25 82.244
94 12 40 57.743
95 532 58 93.920
96 541 44 22.018
97 444 50 85.368
98 843 21 48.815
99 148 60 17.320
100 647 25 97.871
101 1085 45 35.100
102 1094 3 39.904
103 901 45 66.684
104 742 19 54.400
105 331 57 38.354
106 965 46 63.211
107 1180 27 91.862
108 860 33 66.711
109 1205 41 95.784
110 523 17 2.332
111 928 60 6.088
112 1034 59 5.260
113 473 54 4.095
114 659 48 6.130
115 408 13 20.867
116 554 13 91.705
117 251 47 76.772
118 1135 54 60.964
119 918 10 80.649
120 907 34 61.808
121 157 8 25.618
122 859 42 66.685
123 294 34 51.832
124 1240 19 50.186
125 1097 34 18.391
126 1233 17 15.433
127 106 47 81.305
128 924 35 90.586
129 840 9 44.533
130 9 22 36.432
131 267 28 78.215
132 694 57 34.822
133 883 3 48.920
134 1239 14 51.440
135 558 53 71.879
136 1405 23 77.793
137 325 27 32.527
138 413 13 95.973
139 39 57 48.248
140 1389 55 14.413
141 1382 1 99.642
142 406 27 95.132
143 960 7 32.913
144 935 49 72.664
145 776 57 12.827
146 414 6 26.826
147 1197 50 26.942
148 1014 1 4.988
149 684 20 47.049
150 106 37 58.551