150
1 1405 49 19.470
2 94 32 37.546
3 805 40 1.137
4 28 33 85.790
5 1400 32 64.235
6 332 1 27.596
7 456 26 54.385
8 1065 17 39.019
9 530 16 9.383
10 1102 44 47.866
11 666 11 54.651
12 727 40 83.184
13 613 40 72.849
14 503 1 52.411
15 86 9 90.469
16 810 14 98.445
17 550 38 44.197
18 1321 17 67.192
19 608 59 99.991
20 1045 45 11.987
21 115 2 68.956
22 775 2 18.763
23 1181 2 57.179
24 254 9 71.732
25 476 28 18.782
26 24 14 78.452
27 1303 7 98.445
28 417 17 36.399
29 411 34 30.088
30 109 30 27.072
31 1 30 76.319
32 791 35 65.050
33 1072 33 72.130
34 958 2 58.185
35 515 52 31.988
36 650 34 95.253
37 437 52 83.674
38 676 54 38.139
39 188 47 44.305
40 678 22 11.947
41 534 29 2.585
42 998 30 34.323
43 445 35 28.995
44 793 5 7.620
45 582 60 44.974
46 1394 7 94.448
47 735 47 26.158
48 457 56 9.717
49 475 22 85.101
50 1339 28 89.243
51 764 54 69.080
52 496 46 58.115
53 262 13 94.012
54 206 51 45.141
55 1099 32 99.048
56 865 4 40.847
57 485 23 13.019
58 430 44 76.772
59 334 15 36.314
60 1322 55 74.025
61 1427 31 34.925
62 799 48 97.826
63 73 59 49.368
64 196 3 62.859
65 76 9 64.348
66 895 58 59.420
67 785 31 70.106
68 934 45 51.931
69 581 58 67.322
70 196 56 78.026
71 1279 53 21.728
72 15 51 85.992
73 1227 25 32.350
74 477 49 41.755
75 1045 8 88.051
76 239 46 46.428
77 1430 16 72.364
78 1165 48 18.725
79 1055 29 12.441
80 662 27 58.051
81 691 6 9.057
82 848 36 85.986
83 928 58 12.744
84 1417 52 18.847
85 416 19 52.727
86 937 55 45.631
87 1130 29 14.710
88 1157 7 94.874
89 991 26 60.723
90 158 43 56.842
91 1339 24 90.318
92 393 11 78.341
93 468 31 83.206
94 864 48 56.561
95 998 34 11.647
96 140 28 17.872
97 439 39 26.493
98 1410 59 2.579
99 792 20 4.615
100 957 18 29.556
101 804 17 85.831
102 1357 9 2.942
103 1298 18 44.816
104 1376 12 55.603
105 1040 8 22.425
106 1325 46 66.645
107 1264 28 84.462
108 157 41 13.352
109 1041 7 17.223
110 50 55 80.022
111 677 60 85.432
112 446 1 85.214
113 1204 30 20.388
114 1429 37 63.238
115 650 39 96.865
116 161 20 46.406
117 101 15 73.195
118 836 7 62.143
119 386 31 88.638
120 1290 58 83.341
121 949 7 1.870
122 1250 45 4.338
123 203 38 21.449
124 994 28 7.640
125 608 14 6.942
126 1226 51 71.389
127 295 48 23.797
128 558 34 82.422
129 347 32 70.135
130 1226 7 48.658
131 1432 25 58.947
132 928 36 38.970
133 583 8 33.540
134 1332 55 84.520
135 945 32 18.712
136 1004 44 87.263
137 1067 56 59.107
138 178 30 10.562
139 63 27 70.146
140 993 20 6.251
141 230 59 43.698
142 203 50 53.012
143 103 43 63.983
144 277 21 9.279
145 745 12 76.322
146 29 49 73.118
147 326 51 99.388
148 835 1 58.577
149 25 41 91.636
150 903 6 11.372