150
1 1172 7 61.907
2 969 13 0.595
3 273 1 5.621
4 193 30 22.925
5 1365 35 56.681
6 22 54 3.993
7 1118 34 24.699
8 378 25 91.158
9 981 19 96.792
10 572 16 41.671
11 1409 53 9.317
12 288 41 82.704
13 244 18 43.383
14 176 54 20.151
15 1408 58 91.758
16 415 56 27.168
17 966 20 21.423
18 370 2 54.700
19 1323 25 12.111
20 3 53 7.091
21 1101 17 79.524
22 934 2 4.503
23 1371 44 3.031
24 522 14 53.887
25 1045 1 43.292
26 267 20 20.251
27 628 1 56.339
28 896 51 39.977
29 599 10 81.999
30 1115 59 77.691
31 267 18 39.430
32 1305 47 53.950
33 239 21 77.319
34 2 59 11.235
35 65 42 49.481
36 598 48 26.616
37 435 7 17.353
38 1164 3 96.385
39 886 33 74.201
40 491 12 23.291
41 591 32 79.678
42 1275 12 53.783
43 551 38 76.486
44 753 12 35.420
45 1131 47 52.294
46 1025 32 71.219
47 1245 37 26.756
48 322 60 45.129
49 1020 11 74.069
50 418 3 55.761
51 1025 6 36.546
52 960 23 3.644
53 331 24 25.590
54 1393 39 40.678
55 14 24 20.642
56 689 21 23.998
57 286 60 2.503
58 216 41 24.655
59 327 56 72.324
60 117 23 37.461
61 48 35 59.107
62 457 43 82.072
63 95 51 53.559
64 781 35 78.480
65 1047 9 76.264
66 1038 40 32.500
67 492 30 91.530
68 12 41 29.034
69 2 38 51.460
70 1293 36 7.939
71 103 55 22.716
72 1364 40 57.957
73 842 34 16.734
74 695 21 3.495
75 1310 52 15.961
76 42 56 79.574
77 815 26 15.198
78 255 8 18.354
79 1177 1 55.982
80 1131 2 65.297
81 900 51 29.454
82 919 41 61.265
83 472 57 75.958
84 511 50 74.427
85 1124 39 50.935
86 1186 29 38.037
87 1133 47 29.301
88 813 25 42.438
89 917 45 84.957
90 1068 45 65.879
91 378 5 21.150
92 194 22 50.155
93 648 46 21.693
94 1178 28 8.934
95 192 1 51.614
96 214 60 95.325
97 1100 55 34.148
98 796 47 17.347
99 406 47 6.254
100 1252 36 13.690
101 914 8 66.901
102 1286 37 16.916
103 272 12 91.171
104 493 52 6.620
105 379 39 85.955
106 921 31 6.231
107 1406 37 59.029
108 15 32 63.597
109 835 46 1.878
110 265 40 97.942
111 824 1 53.189
112 876 41 59.740
113 1397 5 33.948
114 459 25 80.859
115 954 40 72.260
116 5 16 40.677
117 648 39 75.929
118 472 28 71.931
119 226 56 88.608
120 555 5 98.273
121 1331 4 9.107
122 553 41 38.239
123 396 44 41.639
124 338 50 93.516
125 586 16 33.401
126 1074 56 50.362
127 1326 37 94.478
128 1204 47 38.970
129 1417 26 86.828
130 1064 42 4.158
131 1162 17 92.455
132 1044 33 27.566
133 166 22 15.246
134 1377 38 98.370
135 467 58 48.885
136 890 51 51.061
137 593 22 81.348
138 516 30 26.007
139 665 51 17.878
140 490 14 69.724
141 701 33 75.964
142 898 41 46.570
143 1312 46 97.592
144 1041 37 9.423
145 645 51 82.721
146 1018 33 20.226
147 288 8 63.466
148 497 40 58.439
149 1309 42 7.166
150 702 4 75.969