150
1 1388 22 77.422
2 157 13 81.246
3 102 2 81.525
4 137 41 68.938
5 1352 43 11.849
6 163 40 99.996
7 641 49 78.221
8 1007 10 31.130
9 489 59 8.155
10 1248 5 68.487
11 1165 51 81.183
12 843 22 67.708
13 46 28 33.046
14 1389 37 45.404
15 701 50 56.268
16 287 9 71.719
17 361 39 77.106
18 1264 22 26.757
19 1383 58 8.490
20 328 20 93.706
21 536 30 12.175
22 370 32 5.879
23 1187 20 0.579
24 252 57 28.410
25 1270 34 25.435
26 549 19 73.578
27 525 42 41.864
28 682 27 76.155
29 25 38 21.095
30 1194 30 84.705
31 1155 49 15.099
32 773 32 39.667
33 61 50 88.662
34 436 32 96.037
35 545 10 5.385
36 1145 32 38.607
37 255 19 17.572
38 664 45 23.067
39 229 51 99.989
40 348 11 74.265
41 925 51 38.227
42 422 54 23.829
43 844 37 54.021
44 499 2 81.648
45 1011 25 65.364
46 260 13 8.169
47 196 31 52.361
48 996 57 33.593
49 971 60 48.342
50 624 53 85.564
51 812 59 48.001
52 726 15 10.648
53 1360 5 57.334
54 124 14 61.522
55 1155 55 46.171
56 702 51 51.795
57 1252 56 3.404
58 1068 59 45.065
59 1414 59 65.508
60 1030 42 47.919
61 967 19 5.418
62 383 28 54.163
63 844 37 10.479
64 38 30 96.318
65 530 43 21.000
66 832 28 96.129
67 388 58 80.573
68 94 13 12.683
69 95 25 47.265
70 679 28 31.527
71 433 49 91.891
72 1058 10 34.407
73 1145 52 27.691
74 1341 17 93.217
75 121 36 43.751
76 958 38 39.307
77 1351 33 43.927
78 769 14 39.875
79 523 48 54.183
80 1276 21 63.779
81 837 4 71.385
82 782 29 83.670
83 1184 49 60.213
84 68 52 51.286
85 750 14 0.617
86 678 29 0.973
87 1392 19 17.755
88 771 19 48.120
89 781 1 66.652
90 418 51 10.269
91 378 19 30.818
92 1041 51 38.544
93 55 49 15.514
94 629 29 19.674
95 1114 13 5.816
96 746 15 10.305
97 47 11 16.972
98 912 49 2.350
99 1095 3 28.917
100 1418 31 73.266
101 331 57 25.882
102 48 33 66.238
103 637 42 14.559
104 1292 32 55.791
105 272 55 53.042
106 374 40 41.475
107 836 29 40.102
108 1307 20 35.243
109 1051 58 5.752
110 457 34 79.839
111 629 29 3.559
112 1440 26 12.568
113 442 54 18.088
114 1130 29 46.936
115 1022 36 48.008
116 227 19 55.709
117 526 57 36.675
118 315 13 59.745
119 822 46 40.276
120 1143 10 96.236
121 1167 55 2.500
122 1355 8 30.009
123 413 42 5.268
124 180 54 18.675
125 1414 20 65.317
126 205 37 92.002
127 229 20 80.397
128 605 60 82.519
129 614 37 66.321
130 750 27 10.922
131 964 60 95.148
132 315 14 72.091
133 955 60 71.026
134 1343 1 95.730
135 584 41 97.464
136 657 25 87.729
137 793 1 94.787
138 728 2 23.825
139 870 28 39.159
140 1262 50 39.668
141 806 41 2.112
142 729 52 60.879
143 399 22 93.481
144 1204 15 48.406
145 939 11 41.551
146 371 37 75.625
147 779 56 47.658
148 59 41 96.734
149 1154 8 63.194
150 1188 42 16.629