150
1 309 16 30.878
2 705 4 59.094
3 686 30 84.702
4 675 30 89.256
5 448 46 46.221
6 1248 56 61.133
7 500 51 72.707
8 167 29 90.041
9 784 41 91.409
10 1203 47 18.450
11 625 8 78.893
12 1128 26 62.546
13 520 16 16.342
14 1381 41 1.176
15 949 45 52.740
16 575 24 41.554
17 1388 4 38.418
18 228 32 85.404
19 95 49 32.711
20 161 24 57.207
21 1298 33 32.643
22 298 5 62.559
23 626 50 84.403
24 604 36 38.686
25 857 46 13.801
26 903 6 20.187
27 23 40 64.023
28 128 25 23.845
29 797 57 34.772
30 669 10 56.435
31 1247 10 62.274
32 564 17 31.050
33 581 47 27.867
34 759 28 67.306
35 976 13 18.723
36 272 51 92.021
37 972 41 97.059
38 841 39 14.077
39 1072 30 93.447
40 1206 32 17.600
41 1033 25 40.518
42 1043 17 60.494
43 1208 28 74.412
44 1000 4 7.957
45 463 22 76.464
46 642 3 26.560
47 1308 23 18.912
48 988 23 5.240
49 590 60 38.612
50 741 19 48.841
51 1233 30 23.720
52 728 31 61.929
53 86 35 96.797
54 952 37 5.280
55 960 13 89.638
56 1206 33 53.411
57 386 41 66.121
58 1137 39 13.151
59 757 39 24.553
60 53 5 2.836
61 244 55 82.025
62 663 50 19.241
63 816 37 63.119
64 552 58 50.470
65 1030 41 53.361
66 1333 12 2.334
67 1322 36 81.351
68 855 19 20.562
69 1287 46 62.872
70 1043 46 54.974
71 11 19 50.646
72 532 50 72.446
73 919 49 79.749
74 1007 52 80.434
75 1141 35 25.981
76 812 60 32.059
77 1220 47 56.155
78 816 18 67.067
79 781 51 25.103
80 442 36 41.067
81 1349 27 27.469
82 506 11 70.674
83 426 3 26.040
84 988 8 54.496
85 605 44 36.545
86 554 56 47.826
87 242 60 37.857
88 2 32 89.229
89 524 33 42.310
90 475 54 86.931
91 102 23 63.842
92 456 46 27.730
93 248 17 2.168
94 390 21 59.692
95 1160 9 43.317
96 414 33 43.529
97 305 35 44.684
98 1434 46 20.516
99 73 43 74.261
100 1198 17 35.124
101 417 24 36.065
102 719 47 28.207
103 1347 48 96.485
104 1244 46 30.780
105 82 20 44.182
106 813 21 13.548
107 641 36 81.564
108 519 8 69.747
109 749 42 67.248
110 1121 28 37.621
111 251 49 99.524
112 694 50 29.493
113 580 44 4.349
114 900 7 76.188
115 883 41 30.852
116 876 60 42.819
117 1107 13 25.411
118 1043 1 97.777
119 943 38 68.179
120 366 35 18.382
121 1369 42 8.595
122 771 4 52.418
123 1258 13 19.266
124 1168 2 38.963
125 1285 40 56.168
126 715 30 97.403
127 1178 12 88.168
128 97 15 63.260
129 675 27 76.842
130 200 38 65.505
131 1143 41 18.651
132 32 23 78.056
133 175 41 96.075
134 431 39 34.304
135 1038 60 15.569
136 987 19 56.575
137 544 17 95.120
138 274 27 82.118
139 1205 59 54.170
140 712 48 97.624
141 991 21 13.051
142 1145 25 95.449
143 293 54 34.285
144 589 49 97.664
145 250 50 70.780
146 1130 18 17.322
147 958 5 95.108
148 637 47 2.530
149 61 49 72.118
150 459 56 94.748