150
1 579 60 27.468
2 1331 7 66.095
3 811 34 70.365
4 1338 16 14.908
5 1356 28 67.435
6 973 59 6.855
7 506 1 36.335
8 764 19 36.638
9 697 6 59.408
10 1397 60 29.083
11 100 6 3.206
12 459 34 33.568
13 193 33 69.334
14 691 24 75.870
15 912 21 19.069
16 771 5 4.683
17 38 8 33.518
18 481 26 41.008
19 706 53 75.782
20 933 51 93.929
21 1376 44 61.160
22 575 4 17.329
23 491 42 31.688
24 621 6 5.599
25 1129 31 55.992
26 661 56 93.883
27 969 33 19.648
28 649 4 83.737
29 992 1 90.787
30 739 28 27.313
31 1336 17 83.408
32 490 3 2.794
33 1313 13 25.370
34 456 38 69.409
35 1231 57 93.054
36 367 15 11.122
37 181 4 3.239
38 66 54 2.987
39 980 53 8.691
40 136 52 87.781
41 1305 9 32.161
42 1042 13 27.088
43 446 44 76.600
44 910 37 42.933
45 552 41 58.234
46 221 48 64.166
47 490 21 10.069
48 262 37 64.371
49 784 15 16.663
50 652 51 35.341
51 992 17 49.899
52 781 4 34.157
53 200 12 12.831
54 1297 24 13.168
55 797 59 74.639
56 184 40 30.626
57 486 29 43.215
58 857 52 81.498
59 1316 5 67.431
60 352 1 41.433
61 1061 17 44.005
62 739 6 48.365
63 510 37 53.762
64 788 28 91.046
65 1039 1 71.448
66 328 39 93.651
67 672 56 23.046
68 1268 59 71.649
69 109 35 76.495
70 1246 37 10.860
71 571 37 17.437
72 148 52 45.990
73 89 51 49.926
74 296 31 70.140
75 1107 31 15.560
76 177 56 30.873
77 558 53 24.985
78 1388 47 41.890
79 148 19 88.763
80 1216 12 44.693
81 422 22 70.651
82 1260 17 17.406
83 706 51 95.393
84 552 14 32.174
85 418 16 10.550
86 616 29 75.348
87 1103 48 56.195
88 672 28 71.094
89 387 57 65.602
90 1279 41 80.478
91 970 29 99.598
92 270 45 50.347
93 1405 4 52.370
94 1323 35 66.748
95 408 43 78.273
96 435 59 68.381
97 913 28 41.408
98 308 28 53.780
99 927 38 39.071
100 634 37 13.166
101 352 3 16.942
102 1322 2 14.771
103 1296 59 67.368
104 636 25 94.737
105 32 9 40.795
106 1206 33 53.028
107 1136 5 87.395
108 540 36 23.634
109 204 43 70.622
110 1290 25 5.508
111 928 41 60.242
112 1232 33 79.493
113 908 52 5.574
114 473 24 53.437
115 502 37 13.362
116 1194 2 47.644
117 195 35 87.257
118 1220 8 76.311
119 1190 56 1.085
120 1286 34 64.011
121 867 5 59.602
122 118 49 36.590
123 1191 41 30.593
124 236 35 22.093
125 1301 12 3.942
126 1432 33 48.661
127 1075 1 16.374
128 1183 8 86.371
129 608 8 80.266
130 1335 28 49.010
131 413 7 77.458
132 1189 17 48.503
133 1246 21 76.525
134 119 17 90.158
135 1312 33 14.888
136 958 20 72.049
137 1011 10 80.210
138 1175 26 29.593
139 1087 16 51.703
140 1427 21 41.987
141 518 19 27.514
142 1175 35 77.911
143 350 40 75.777
144 1369 59 62.776
145 585 35 77.404
146 281 51 81.570
147 1302 46 68.347
148 1269 43 53.805
149 482 46 59.947
150 1236 16 70.451