150
1 269 23 61.688
2 73 3 52.121
3 628 37 70.315
4 1047 55 60.025
5 195 43 9.346
6 1420 8 65.058
7 1034 38 8.672
8 304 29 75.114
9 1259 37 6.231
10 303 40 11.187
11 1097 47 88.074
12 601 19 2.942
13 854 42 3.801
14 1165 47 40.973
15 406 21 38.325
16 1130 31 96.621
17 672 24 51.271
18 1393 58 43.120
19 1256 8 42.503
20 467 3 98.429
21 165 4 79.652
22 939 59 6.006
23 889 32 96.393
24 870 20 16.358
25 1405 26 20.912
26 572 18 19.311
27 90 42 1.841
28 666 16 77.394
29 397 8 9.938
30 362 5 74.894
31 819 17 26.933
32 765 37 7.466
33 402 18 14.115
34 108 38 93.080
35 825 39 37.311
36 324 16 54.251
37 842 33 34.670
38 1417 2 10.333
39 617 47 7.841
40 31 49 10.861
41 142 13 82.483
42 1015 45 58.536
43 758 11 66.905
44 215 52 11.380
45 1343 30 84.730
46 1401 21 26.003
47 1210 35 42.980
48 635 13 24.556
49 861 46 26.078
50 663 18 26.520
51 138 11 54.189
52 672 55 10.566
53 1170 39 78.966
54 634 12 70.661
55 451 2 49.614
56 1172 5 33.971
57 256 18 75.881
58 658 12 6.814
59 22 40 95.716
60 698 55 30.848
61 785 45 48.878
62 283 54 95.968
63 587 33 51.650
64 772 14 21.611
65 747 1 14.558
66 666 33 29.633
67 1312 52 80.816
68 734 9 53.930
69 769 9 93.834
70 928 29 28.487
71 619 46 84.462
72 602 17 5.368
73 1038 22 12.718
74 227 20 10.243
75 885 38 51.252
76 1354 5 25.640
77 405 31 58.536
78 578 30 27.107
79 1180 55 39.693
80 950 33 52.671
81 1249 17 22.291
82 541 58 59.846
83 893 37 39.754
84 810 9 24.207
85 186 58 21.302
86 287 38 48.631
87 1427 34 58.111
88 185 22 12.987
89 621 47 53.768
90 383 57 21.638
91 371 53 53.126
92 980 28 70.725
93 146 8 60.991
94 274 34 33.207
95 1082 60 37.905
96 1229 18 52.444
97 448 27 31.918
98 15 20 8.572
99 578 46 90.245
100 929 29 16.728
101 419 51 83.801
102 1267 53 25.592
103 1199 22 6.026
104 548 2 38.861
105 495 37 52.856
106 620 24 77.091
107 1149 28 96.015
108 574 40 98.231
109 103 47 59.040
110 666 1 39.851
111 1269 36 1.099
112 986 24 16.140
113 720 55 64.269
114 159 11 91.143
115 456 5 52.539
116 367 40 94.653
117 1160 38 46.765
118 955 3 67.884
119 768 6 3.110
120 1097 49 40.656
121 1349 54 21.970
122 1017 9 75.810
123 923 29 26.949
124 606 43 72.434
125 728 44 78.177
126 1363 14 77.326
127 406 46 13.963
128 1178 26 4.505
129 41 58 89.235
130 868 40 38.749
131 1020 25 90.307
132 146 2 0.051
133 215 32 92.536
134 466 54 54.351
135 207 46 68.338
136 1089 50 53.423
137 1403 17 2.470
138 388 52 0.150
139 1320 28 53.662
140 937 53 38.513
141 18 54 50.489
142 1209 26 34.429
143 498 31 81.631
144 960 31 17.434
145 707 49 77.528
146 5 29 5.082
147 177 53 56.292
148 748 47 25.181
149 1383 5 17.890
150 1193 46 44.845