150
1 779 14 53.529
2 1394 37 93.713
3 745 41 23.451
4 636 24 26.564
5 1224 38 61.348
6 1244 24 4.376
7 362 19 81.375
8 628 54 47.622
9 141 2 27.929
10 1352 53 81.637
11 998 8 89.318
12 1291 33 91.678
13 393 28 65.687
14 1422 24 92.176
15 192 20 2.587
16 788 52 51.217
17 477 12 94.665
18 388 42 89.831
19 934 35 48.348
20 232 43 27.633
21 1401 23 0.939
22 206 36 13.430
23 1210 26 58.329
24 715 32 58.240
25 74 5 80.293
26 196 39 81.577
27 1362 50 6.886
28 362 48 98.088
29 1206 45 93.102
30 685 16 94.265
31 920 48 86.400
32 1061 4 48.254
33 77 27 48.123
34 1203 15 88.116
35 749 32 73.456
36 1329 55 88.458
37 1009 12 86.970
38 1127 50 11.504
39 885 35 94.674
40 930 42 87.149
41 1390 11 78.011
42 596 25 64.224
43 1155 26 60.573
44 1177 12 91.382
45 1387 60 12.537
46 1291 32 56.468
47 538 9 41.845
48 1057 48 47.563
49 289 59 61.898
50 626 19 62.057
51 591 56 82.953
52 1307 15 23.596
53 1197 12 34.369
54 52 57 9.486
55 1309 19 40.626
56 1067 20 73.259
57 224 47 88.492
58 802 40 92.679
59 708 3 69.386
60 807 35 22.178
61 300 19 39.174
62 298 26 87.712
63 111 19 48.163
64 918 17 93.361
65 231 29 14.942
66 793 21 46.870
67 1246 37 36.001
68 980 19 79.918
69 455 38 35.343
70 801 35 88.337
71 1125 51 36.566
72 70 50 38.273
73 1204 60 79.851
74 505 34 96.718
75 1104 12 24.346
76 140 39 21.026
77 1285 40 92.829
78 439 39 71.373
79 330 32 98.942
80 1022 49 7.565
81 404 54 67.826
82 865 8 90.244
83 1184 14 31.591
84 933 48 95.924
85 452 55 78.217
86 342 23 25.406
87 443 50 95.392
88 1381 16 57.402
89 1131 47 1.051
90 517 2 87.824
91 76 35 83.162
92 1129 50 64.296
93 1188 55 90.434
94 139 41 59.786
95 705 46 12.334
96 643 41 4.959
97 326 10 75.499
98 906 5 15.381
99 169 48 73.264
100 815 16 94.919
101 92 19 52.384
102 1328 1 71.401
103 349 30 46.649
104 1034 16 10.418
105 473 35 12.854
106 175 48 46.882
107 454 6 29.928
108 1220 41 57.402
109 27 47 72.680
110 915 54 1.916
111 612 5 44.974
112 162 18 32.895
113 1365 33 80.548
114 461 50 58.027
115 1061 55 10.395
116 224 5 67.391
117 330 37 89.045
118 845 23 18.714
119 225 40 56.335
120 238 54 63.755
121 1420 39 16.147
122 926 13 54.096
123 566 56 75.168
124 978 5 37.476
125 1434 37 37.877
126 950 7 97.158
127 619 20 28.869
128 929 30 39.060
129 217 11 31.645
130 1068 29 60.331
131 828 46 80.410
132 849 53 26.183
133 83 47 26.098
134 118 10 96.978
135 1398 44 9.986
136 526 19 51.203
137 1323 25 95.103
138 1376 25 4.256
139 129 57 19.212
140 1321 34 88.889
141 391 40 40.546
142 497 46 72.444
143 27 42 28.142
144 920 34 48.529
145 1365 18 66.559
146 67 16 91.869
147 3 24 77.221
148 45 47 88.164
149 540 39 1.274
150 1272 37 22.164