150
1 978 32 22.332
2 1152 54 66.416
3 1035 38 4.382
4 692 3 11.840
5 289 48 76.651
6 401 33 44.462
7 260 21 18.916
8 682 32 67.230
9 1390 41 74.953
10 695 32 6.051
11 1024 32 18.499
12 368 4 34.233
13 737 57 37.199
14 1376 55 5.184
15 1193 1 41.074
16 145 56 19.515
17 1280 52 3.704
18 1230 14 8.487
19 1125 45 3.668
20 800 44 27.169
21 171 60 17.051
22 1187 57 6.999
23 476 43 11.295
24 637 26 56.890
25 572 6 77.192
26 1201 34 52.132
27 643 2 16.640
28 534 18 33.735
29 1125 40 73.989
30 386 41 80.181
31 93 15 62.935
32 47 3 20.505
33 605 34 66.976
34 853 52 20.998
35 176 48 8.650
36 700 14 66.694
37 506 38 80.408
38 745 44 79.061
39 587 11 99.695
40 1033 42 44.755
41 730 30 85.241
42 371 34 27.937
43 969 5 55.179
44 354 4 82.513
45 1075 60 58.396
46 179 18 79.285
47 847 14 41.582
48 519 1 39.939
49 489 59 81.081
50 1427 29 9.684
51 954 25 26.454
52 855 12 95.194
53 1293 8 90.900
54 223 35 88.775
55 1025 10 84.680
56 912 27 15.523
57 615 54 80.250
58 420 19 58.985
59 1439 34 62.621
60 141 39 84.516
61 405 56 21.868
62 1235 27 47.639
63 703 29 20.261
64 1034 15 17.174
65 753 29 23.296
66 1016 38 94.991
67 690 47 64.560
68 1107 54 11.737
69 133 47 95.083
70 1417 49 92.800
71 42 58 89.585
72 698 48 59.433
73 1166 34 11.130
74 1364 31 54.472
75 916 27 89.138
76 790 45 25.657
77 467 59 89.745
78 25 14 89.617
79 894 41 95.506
80 21 13 91.405
81 1255 52 48.055
82 1308 33 3.623
83 1281 18 38.994
84 563 17 15.696
85 340 48 29.533
86 377 43 39.081
87 1037 39 70.748
88 770 48 80.285
89 1233 24 91.153
90 719 57 86.099
91 878 28 20.276
92 942 58 50.370
93 17 26 16.975
94 724 19 15.630
95 109 18 79.407
96 1387 19 32.242
97 666 44 78.630
98 1301 5 8.439
99 239 36 12.029
100 1295 26 77.674
101 151 49 83.592
102 1337 51 68.325
103 711 50 49.779
104 1131 57 7.198
105 1368 6 22.631
106 1306 39 94.813
107 603 24 71.989
108 517 43 86.951
109 1199 25 50.891
110 1182 51 68.031
111 948 20 94.499
112 1097 60 56.398
113 857 40 15.547
114 260 57 75.951
115 1358 4 2.861
116 879 23 12.831
117 1105 24 57.788
118 866 2 43.664
119 103 25 52.255
120 1279 37 23.345
121 1232 20 40.570
122 586 11 49.915
123 1121 8 84.841
124 225 29 3.522
125 825 39 78.575
126 687 42 17.574
127 219 8 58.135
128 329 50 51.249
129 411 1 87.069
130 1311 35 64.232
131 394 24 99.534
132 151 51 40.888
133 333 9 69.387
134 1435 43 12.805
135 195 35 22.829
136 756 33 77.808
137 640 37 58.141
138 113 27 58.249
139 1415 26 58.560
140 613 10 70.035
141 410 1 10.388
142 371 29 98.141
143 927 1 6.296
144 79 53 93.315
145 320 48 95.554
146 289 51 19.998
147 1096 35 72.550
148 528 47 23.294
149 47 26 49.723
150 1008 20 77.410