150
1 1336 8 68.999
2 210 54 72.034
3 429 36 98.709
4 519 48 73.861
5 588 56 27.013
6 501 59 36.004
7 1421 52 55.583
8 192 53 29.460
9 249 35 68.117
10 569 17 3.312
11 1419 32 56.415
12 604 7 7.531
13 269 60 32.260
14 1329 31 49.531
15 958 29 70.162
16 1022 23 67.137
17 1251 28 98.188
18 529 14 4.336
19 34 22 50.642
20 622 29 71.300
21 107 2 61.853
22 870 47 67.838
23 1171 44 26.828
24 602 25 33.768
25 445 21 66.067
26 1210 13 36.265
27 751 16 95.640
28 213 51 86.378
29 1122 34 71.301
30 1022 11 60.745
31 678 56 48.398
32 747 53 79.013
33 428 43 94.238
34 1168 52 84.951
35 77 4 32.048
36 392 18 12.290
37 210 10 6.898
38 1339 1 94.805
39 470 49 31.025
40 888 31 87.478
41 954 54 4.384
42 863 20 29.753
43 1275 58 29.374
44 64 35 93.813
45 242 60 56.841
46 1072 11 56.897
47 1262 53 88.577
48 639 49 18.180
49 913 29 17.374
50 1362 27 4.376
51 411 53 1.441
52 644 23 27.928
53 724 10 46.838
54 4 25 81.089
55 1161 29 67.133
56 1043 41 74.362
57 705 31 6.306
58 871 41 56.053
59 790 33 5.984
60 432 16 77.975
61 1353 35 1.287
62 632 38 19.133
63 592 15 25.899
64 223 46 35.108
65 910 44 54.631
66 1388 37 28.088
67 77 11 77.261
68 19 27 1.212
69 438 52 2.783
70 849 16 3.239
71 372 39 65.201
72 426 46 96.683
73 565 25 98.510
74 837 45 51.015
75 968 56 26.883
76 673 38 87.662
77 1410 44 29.155
78 165 53 26.889
79 1073 56 91.532
80 1042 6 54.398
81 829 9 85.980
82 1130 25 86.768
83 396 18 94.400
84 241 5 2.406
85 1315 38 69.330
86 321 16 81.895
87 1404 21 55.988
88 7 13 9.819
89 1111 32 15.888
90 1092 58 20.322
91 760 20 85.554
92 164 8 19.357
93 855 4 31.992
94 105 41 76.669
95 133 13 8.644
96 1016 5 96.167
97 223 35 49.859
98 799 4 47.397
99 834 27 83.334
100 1404 9 87.273
101 169 23 29.565
102 57 42 64.631
103 673 57 18.703
104 805 35 25.980
105 835 28 54.027
106 203 3 30.344
107 914 57 19.067
108 621 36 97.102
109 1151 12 97.855
110 605 29 63.103
111 443 28 17.137
112 441 36 38.770
113 614 1 74.643
114 827 17 85.420
115 162 34 41.669
116 1188 31 18.911
117 930 59 94.269
118 375 2 15.762
119 469 38 9.338
120 1062 32 28.507
121 667 20 43.849
122 1119 46 74.869
123 973 18 14.502
124 1025 55 56.425
125 309 7 33.584
126 952 60 51.581
127 988 13 61.810
128 1323 8 87.563
129 487 35 67.946
130 318 11 70.787
131 1370 7 50.592
132 565 39 83.901
133 537 42 45.426
134 1020 60 5.242
135 969 9 53.920
136 671 32 73.153
137 525 16 89.549
138 337 17 14.430
139 1345 56 56.154
140 285 59 59.920
141 888 47 70.401
142 1406 14 29.615
143 668 32 42.039
144 1173 7 44.406
145 1374 45 82.388
146 79 27 15.264
147 462 29 80.644
148 405 47 21.714
149 1165 4 4.194
150 326 49 14.354