150
1 1359 14 22.062
2 1347 33 89.287
3 1063 23 41.350
4 1437 56 13.562
5 302 18 61.518
6 442 14 96.313
7 337 5 46.421
8 861 35 91.707
9 1112 33 36.473
10 1100 22 66.721
11 958 56 88.366
12 1275 37 45.727
13 959 30 45.745
14 1285 32 58.460
15 483 44 72.212
16 1434 8 28.727
17 1339 6 6.434
18 1061 49 68.520
19 959 15 43.531
20 610 46 56.733
21 1218 12 56.049
22 1016 57 63.482
23 1369 31 34.913
24 1069 6 6.794
25 413 9 10.158
26 461 23 41.916
27 324 20 90.365
28 1252 18 19.593
29 553 20 4.031
30 366 11 96.078
31 1017 40 20.861
32 793 12 1.113
33 958 25 3.204
34 767 24 17.514
35 878 15 8.466
36 1157 17 54.670
37 795 31 10.312
38 437 30 65.002
39 774 54 67.393
40 709 36 84.933
41 916 13 92.631
42 355 12 5.353
43 673 41 40.851
44 906 55 16.656
45 375 26 55.790
46 22 48 22.728
47 565 5 97.517
48 898 18 69.139
49 1232 39 19.770
50 1267 8 37.702
51 737 19 49.154
52 337 20 64.123
53 1166 18 35.431
54 338 37 14.695
55 487 57 40.868
56 290 50 16.531
57 880 60 71.611
58 1049 25 51.520
59 124 4 58.729
60 980 6 49.537
61 1279 23 24.992
62 853 1 24.395
63 714 12 24.887
64 359 43 15.528
65 883 59 65.553
66 49 4 52.623
67 702 36 55.375
68 84 26 76.617
69 859 58 85.411
70 679 4 36.228
71 289 13 62.461
72 992 19 71.387
73 122 45 6.483
74 1429 36 9.084
75 550 36 76.632
76 273 47 93.543
77 261 25 67.534
78 1099 4 14.335
79 94 4 87.238
80 56 27 66.649
81 850 4 21.995
82 28 32 2.602
83 1025 32 60.862
84 164 49 63.792
85 240 5 39.139
86 22 10 63.304
87 686 51 71.064
88 1244 33 98.192
89 1439 27 1.004
90 1095 37 20.133
91 395 40 47.896
92 312 22 10.705
93 1047 7 53.280
94 800 33 91.878
95 522 4 80.039
96 308 20 40.556
97 110 36 18.700
98 559 2 40.168
99 325 32 94.804
100 1276 33 85.325
101 1258 42 24.399
102 1346 34 29.342
103 808 47 97.231
104 1433 25 45.432
105 824 4 83.366
106 790 36 28.323
107 655 46 3.577
108 479 50 37.969
109 1026 33 9.185
110 1241 46 18.495
111 810 34 15.327
112 924 49 69.650
113 562 54 2.716
114 595 42 15.293
115 1097 59 46.003
116 1421 37 11.067
117 1293 57 97.680
118 79 13 91.410
119 1069 40 60.192
120 353 18 60.455
121 1170 1 36.341
122 12 54 81.540
123 818 22 0.995
124 1226 3 73.593
125 626 55 81.830
126 41 23 50.188
127 500 38 78.138
128 743 29 6.972
129 790 48 7.593
130 466 5 31.411
131 548 60 69.572
132 768 45 13.005
133 1054 8 37.194
134 529 55 38.912
135 267 21 57.102
136 1323 11 63.801
137 1152 21 11.053
138 1148 18 83.568
139 193 25 73.984
140 1363 19 13.797
141 1084 41 59.790
142 1238 56 0.925
143 522 51 50.809
144 298 10 78.929
145 974 58 7.484
146 524 55 38.455
147 1187 40 17.925
148 617 19 31.450
149 804 33 51.937
150 442 32 49.820