150
1 1304 29 95.890
2 582 45 13.680
3 832 44 35.837
4 503 30 55.838
5 970 50 79.352
6 449 3 38.724
7 501 30 19.036
8 542 10 75.721
9 148 18 31.635
10 1135 23 39.141
11 728 29 71.315
12 147 49 53.126
13 1082 24 87.470
14 512 3 73.303
15 154 26 81.661
16 1176 53 83.468
17 1296 57 35.889
18 168 10 36.900
19 71 4 83.683
20 154 11 14.643
21 1356 29 41.657
22 720 53 40.626
23 295 12 93.151
24 272 3 59.811
25 20 21 87.802
26 932 29 24.568
27 857 40 49.887
28 436 40 37.152
29 1281 53 63.732
30 47 34 39.577
31 1111 23 16.250
32 748 52 52.158
33 964 1 2.077
34 838 36 91.677
35 522 39 13.318
36 300 28 38.589
37 910 55 54.729
38 870 17 1.956
39 97 42 20.282
40 203 9 94.051
41 118 14 50.658
42 156 24 24.565
43 375 55 59.536
44 56 35 14.438
45 542 55 31.371
46 928 52 28.934
47 1282 52 80.377
48 763 6 57.331
49 640 58 28.673
50 1384 29 30.631
51 317 26 28.162
52 719 53 41.877
53 337 49 92.333
54 427 27 30.541
55 477 38 5.157
56 1151 5 52.999
57 1280 18 60.150
58 309 30 88.077
59 1405 7 71.805
60 1257 1 93.178
61 55 57 19.952
62 1363 55 64.495
63 581 50 86.350
64 850 1 91.806
65 75 59 97.875
66 646 9 98.376
67 688 11 42.159
68 602 39 10.722
69 837 20 4.218
70 1198 43 77.463
71 1159 3 0.806
72 5 13 88.097
73 562 51 10.701
74 1209 35 3.634
75 987 15 61.052
76 1244 20 86.897
77 1234 1 11.408
78 209 25 74.451
79 749 34 37.238
80 101 3 14.914
81 603 14 27.724
82 750 28 15.718
83 210 10 2.777
84 98 50 96.340
85 350 46 76.282
86 855 60 22.539
87 832 40 45.526
88 1314 14 26.798
89 501 27 34.290
90 335 4 46.686
91 607 35 81.261
92 67 54 37.543
93 1134 37 12.577
94 366 17 89.129
95 787 11 80.826
96 560 13 25.254
97 223 8 99.144
98 989 33 32.208
99 1064 49 34.659
100 1411 19 31.608
101 981 49 89.466
102 570 1 10.409
103 598 40 27.841
104 20 10 71.190
105 664 49 71.420
106 223 57 81.435
107 1074 15 12.788
108 1290 21 79.836
109 1352 3 26.407
110 382 55 18.198
111 1361 15 85.057
112 744 10 44.237
113 1389 39 29.660
114 425 57 75.704
115 973 5 42.803
116 631 48 78.768
117 304 41 89.820
118 1402 43 62.414
119 1381 57 39.312
120 663 30 82.941
121 682 37 94.251
122 468 42 20.889
123 899 59 59.670
124 967 52 49.542
125 1199 30 88.149
126 71 60 44.995
127 141 54 76.707
128 333 33 10.148
129 647 4 80.276
130 398 26 30.403
131 176 53 92.039
132 1289 24 80.585
133 1420 4 23.379
134 681 44 74.835
135 643 4 57.802
136 1016 59 91.900
137 1247 42 45.802
138 1086 19 39.840
139 292 54 93.501
140 684 54 88.968
141 1020 47 3.497
142 464 22 31.543
143 1147 42 5.211
144 1229 24 54.918
145 1067 56 80.514
146 194 11 47.282
147 702 32 35.423
148 781 27 46.554
149 90 41 36.854
150 34 5 5.829