150
1 321 3 12.364
2 776 57 32.705
3 765 49 29.649
4 1082 18 85.366
5 466 58 11.583
6 897 26 27.539
7 348 31 29.527
8 86 11 70.731
9 1182 3 65.738
10 273 19 97.126
11 548 14 2.686
12 1111 37 97.912
13 1226 60 14.245
14 735 7 24.260
15 195 3 77.149
16 221 54 90.104
17 801 50 36.132
18 241 51 23.528
19 924 9 79.519
20 165 50 72.777
21 526 26 4.327
22 728 24 57.466
23 207 9 44.390
24 809 29 45.666
25 127 5 17.887
26 939 32 22.776
27 288 1 35.632
28 227 28 84.600
29 1159 19 13.764
30 146 28 80.680
31 1040 35 32.172
32 732 43 14.318
33 933 21 31.656
34 27 22 25.998
35 91 27 40.798
36 240 41 30.693
37 358 53 20.315
38 1251 60 76.241
39 115 34 83.074
40 802 11 49.713
41 188 5 34.944
42 679 20 7.299
43 150 6 1.442
44 479 27 52.910
45 549 56 93.715
46 526 22 30.200
47 1223 55 33.480
48 817 60 46.508
49 1291 18 30.442
50 265 26 26.506
51 525 31 89.889
52 1065 56 13.832
53 886 15 60.125
54 526 5 25.603
55 364 17 75.341
56 1091 44 60.545
57 544 26 94.143
58 723 47 51.939
59 654 47 36.751
60 1121 48 52.370
61 987 28 53.224
62 444 9 27.659
63 668 1 26.113
64 277 7 2.704
65 368 31 31.218
66 138 2 59.952
67 1088 2 43.997
68 866 33 94.054
69 537 4 47.678
70 769 58 84.333
71 951 45 20.617
72 188 58 27.961
73 652 31 74.379
74 1181 24 94.287
75 1027 4 4.731
76 725 46 76.800
77 681 17 12.518
78 1359 34 30.500
79 212 35 97.845
80 191 6 35.678
81 982 60 76.086
82 215 56 34.528
83 866 11 12.444
84 1366 32 69.715
85 102 57 57.433
86 423 10 80.240
87 201 42 42.510
88 156 50 15.228
89 1150 52 22.737
90 130 30 12.215
91 106 36 51.707
92 482 17 79.416
93 150 26 72.204
94 918 2 12.175
95 1233 22 16.113
96 116 39 9.350
97 652 14 31.220
98 802 33 77.642
99 3 7 31.145
100 1404 41 48.514
101 1175 38 42.505
102 340 19 85.399
103 81 21 80.125
104 882 1 2.712
105 744 48 89.904
106 740 48 28.397
107 305 5 75.364
108 991 32 83.006
109 961 2 81.434
110 123 18 95.970
111 1345 1 3.503
112 585 54 92.269
113 339 33 84.426
114 1408 22 74.700
115 1106 22 63.361
116 209 3 92.012
117 1130 25 6.167
118 971 18 4.333
119 1251 39 66.050
120 761 18 7.477
121 562 36 62.135
122 795 36 5.176
123 757 1 27.743
124 1042 53 72.172
125 1027 40 95.291
126 1080 47 42.229
127 19 43 84.693
128 956 52 92.236
129 888 18 29.133
130 1399 22 19.308
131 486 8 10.591
132 62 25 52.007
133 916 24 74.556
134 791 20 75.475
135 497 37 95.288
136 901 41 33.052
137 604 15 12.914
138 51 22 57.726
139 1250 7 50.541
140 193 30 98.977
141 1334 24 19.417
142 761 20 84.773
143 169 36 68.076
144 89 55 61.829
145 33 59 4.148
146 1309 1 88.607
147 587 19 42.270
148 637 9 53.914
149 761 2 23.276
150 1114 25 46.256