150
1 401 55 40.308
2 422 48 29.427
3 145 40 67.762
4 1057 21 97.693
5 168 7 98.319
6 636 11 46.871
7 1411 36 19.694
8 85 50 27.947
9 998 27 62.265
10 781 36 99.951
11 1238 39 23.509
12 368 30 40.334
13 123 41 1.341
14 1008 20 6.612
15 1289 2 78.627
16 864 20 55.438
17 664 13 43.178
18 842 23 24.436
19 966 45 14.735
20 251 38 11.468
21 1354 7 61.949
22 458 2 54.696
23 930 23 52.678
24 566 47 84.838
25 265 58 18.802
26 235 51 77.749
27 111 13 15.685
28 248 22 4.506
29 919 39 66.236
30 790 26 87.335
31 707 60 84.862
32 823 18 54.772
33 376 13 17.703
34 644 44 42.105
35 439 10 24.263
36 890 58 46.953
37 59 17 16.058
38 1359 44 72.262
39 731 45 97.521
40 9 35 94.445
41 134 42 96.406
42 84 26 88.514
43 644 33 82.289
44 1262 49 97.657
45 260 9 11.724
46 365 26 44.349
47 1147 40 7.200
48 1214 60 10.517
49 1088 45 65.453
50 319 13 48.217
51 860 34 15.218
52 324 29 92.552
53 402 43 4.359
54 1135 2 38.188
55 861 14 51.688
56 1263 53 6.427
57 1303 39 54.802
58 167 16 16.138
59 500 31 84.583
60 714 5 3.971
61 839 26 36.188
62 191 38 96.402
63 877 26 57.791
64 305 19 93.743
65 785 17 14.769
66 908 15 23.578
67 1307 30 51.590
68 1166 31 95.517
69 1168 23 49.009
70 501 7 58.833
71 954 11 33.301
72 146 5 82.213
73 473 32 97.813
74 1358 53 13.193
75 260 26 4.581
76 1007 26 53.532
77 174 41 24.503
78 72 38 54.634
79 1317 13 6.042
80 1033 57 36.489
81 1098 10 6.765
82 1341 22 43.503
83 86 50 99.746
84 157 20 11.058
85 824 3 83.961
86 771 4 82.934
87 1030 32 67.658
88 1130 33 94.363
89 228 34 55.647
90 1251 3 7.685
91 601 38 66.441
92 582 14 13.623
93 883 18 0.037
94 1057 5 31.300
95 490 22 34.071
96 1143 56 42.660
97 1080 1 99.225
98 169 27 19.427
99 1209 2 87.261
100 1221 7 28.032
101 1246 30 42.072
102 126 19 84.966
103 942 27 36.073
104 1144 23 43.088
105 1415 10 14.252
106 1048 24 83.121
107 1365 5 22.327
108 237 14 24.719
109 1332 56 51.052
110 1059 60 5.811
111 1145 19 53.721
112 812 34 25.551
113 804 28 38.160
114 284 28 50.452
115 799 50 29.865
116 1390 40 92.311
117 1270 2 96.004
118 744 12 90.580
119 253 14 37.748
120 983 31 4.471
121 456 16 73.488
122 388 16 22.899
123 1068 38 61.295
124 1218 28 68.383
125 108 48 90.666
126 642 43 28.931
127 1058 33 30.395
128 599 59 9.037
129 539 16 81.793
130 811 3 15.117
131 1352 24 75.887
132 1085 41 40.041
133 239 45 92.731
134 1145 34 57.798
135 1394 53 32.071
136 768 12 57.096
137 39 40 26.470
138 1436 44 43.789
139 288 56 83.076
140 522 52 94.077
141 1098 32 12.906
142 1113 4 93.643
143 372 46 26.261
144 375 35 46.264
145 1233 46 72.502
146 355 46 86.782
147 1102 49 69.428
148 1163 53 61.957
149 1238 28 67.855
150 1084 37 25.453