150
1 705 42 35.186
2 1146 17 92.684
3 1305 49 13.748
4 1169 49 30.451
5 1031 33 45.252
6 1084 23 29.465
7 992 40 0.706
8 1020 30 21.090
9 1282 3 94.069
10 207 37 83.080
11 566 41 14.884
12 1123 2 19.704
13 57 12 37.679
14 1077 53 9.599
15 1145 48 66.357
16 566 18 89.403
17 1015 9 27.421
18 484 5 58.202
19 440 22 89.280
20 568 57 93.881
21 1321 52 89.277
22 186 33 83.458
23 1011 30 56.916
24 328 18 75.879
25 1301 35 6.328
26 1163 15 44.235
27 1271 30 83.827
28 1321 5 68.020
29 979 60 81.778
30 530 48 19.602
31 746 36 15.833
32 1330 8 61.591
33 1352 33 72.225
34 88 1 22.342
35 1083 44 1.150
36 1170 11 46.877
37 1338 28 37.910
38 612 44 66.109
39 44 59 14.331
40 711 10 7.736
41 889 16 31.341
42 142 21 36.397
43 1387 60 18.644
44 851 58 48.393
45 617 2 4.584
46 1094 32 61.030
47 346 25 42.474
48 767 45 98.992
49 79 23 35.905
50 1213 11 49.785
51 863 40 77.649
52 1259 8 81.156
53 960 47 70.403
54 392 2 84.105
55 690 12 83.750
56 1064 44 4.216
57 456 25 86.058
58 447 40 54.214
59 1061 51 17.800
60 537 30 12.575
61 1305 3 68.379
62 433 52 61.189
63 379 13 54.082
64 1305 50 40.573
65 1067 14 42.849
66 963 4 62.759
67 431 35 41.029
68 23 47 98.793
69 215 29 51.729
70 74 50 35.891
71 978 21 97.222
72 854 40 69.597
73 832 44 72.568
74 368 13 39.815
75 708 33 61.537
76 1224 40 4.593
77 702 4 69.510
78 1194 7 49.891
79 483 18 72.359
80 956 45 12.270
81 505 38 65.508
82 507 14 65.638
83 1112 55 61.142
84 483 18 20.187
85 598 20 92.217
86 685 37 45.760
87 1008 58 11.106
88 1113 30 9.029
89 1187 11 97.541
90 370 4 41.448
91 1346 41 9.330
92 1418 45 24.463
93 62 45 27.948
94 790 13 81.451
95 1297 44 88.750
96 108 3 85.920
97 141 34 93.676
98 806 10 86.755
99 256 6 99.546
100 1176 8 45.264
101 140 39 82.851
102 560 31 36.305
103 1156 6 69.096
104 725 4 98.144
105 925 27 99.054
106 132 7 56.386
107 1119 51 92.954
108 497 3 60.112
109 384 56 75.728
110 150 22 70.798
111 454 1 99.135
112 643 31 27.432
113 1136 5 54.080
114 1271 25 88.530
115 591 14 22.479
116 507 52 50.066
117 684 25 69.818
118 427 55 41.214
119 160 19 58.216
120 1303 50 84.480
121 713 22 54.871
122 503 38 54.551
123 1435 8 37.468
124 79 14 94.665
125 533 7 86.707
126 553 47 38.778
127 419 16 85.843
128 154 30 53.286
129 153 5 71.657
130 825 1 4.027
131 884 8 85.962
132 1115 41 89.718
133 768 5 19.689
134 309 31 88.239
135 782 39 50.324
136 1111 37 81.207
137 394 50 25.972
138 1133 18 99.673
139 501 60 75.960
140 1380 29 40.086
141 731 26 53.780
142 505 27 92.229
143 89 6 47.298
144 523 30 98.812
145 134 7 89.314
146 766 10 63.894
147 1422 15 76.080
148 1359 40 60.471
149 1329 52 71.153
150 180 31 44.964