150
1 816 30 14.187
2 899 24 64.021
3 647 30 26.144
4 100 22 45.595
5 1268 41 4.124
6 223 56 17.037
7 1164 8 64.480
8 376 31 11.525
9 1228 4 56.419
10 328 50 14.204
11 395 34 43.985
12 1413 60 29.067
13 1356 54 12.257
14 625 41 50.473
15 819 24 34.058
16 612 45 18.538
17 908 17 45.455
18 213 6 1.397
19 1285 10 9.194
20 478 7 89.697
21 670 60 49.215
22 539 52 66.901
23 926 27 9.778
24 1375 42 61.181
25 1140 27 85.315
26 164 59 58.021
27 709 6 94.102
28 578 17 30.110
29 802 59 35.799
30 603 58 94.343
31 93 31 14.988
32 813 45 59.803
33 429 25 22.988
34 383 38 94.288
35 1309 36 96.372
36 299 25 49.311
37 851 27 13.116
38 780 48 71.646
39 172 38 5.079
40 815 42 9.205
41 105 21 73.477
42 862 23 80.066
43 1081 31 73.383
44 485 14 94.252
45 234 20 33.379
46 802 23 23.709
47 365 36 86.836
48 1428 2 40.815
49 227 8 77.303
50 67 27 79.544
51 524 52 82.431
52 444 54 16.951
53 555 26 94.234
54 245 49 60.319
55 250 18 65.225
56 488 29 44.297
57 1018 56 65.293
58 516 47 80.402
59 1392 28 3.341
60 530 41 80.541
61 1055 49 44.109
62 527 18 45.133
63 715 16 88.626
64 841 55 80.442
65 1317 3 71.627
66 1061 18 38.734
67 662 42 54.912
68 1090 33 49.725
69 990 46 30.508
70 225 2 87.605
71 56 2 28.913
72 529 29 39.071
73 815 59 99.409
74 453 30 8.433
75 613 26 52.889
76 959 56 97.803
77 1134 17 48.360
78 626 53 89.734
79 1105 49 92.480
80 326 7 53.248
81 413 19 76.843
82 771 23 80.877
83 135 40 68.109
84 159 6 90.427
85 464 60 56.967
86 1260 12 50.187
87 1207 29 22.935
88 435 47 11.847
89 834 26 12.183
90 275 53 48.147
91 1373 60 24.511
92 1243 2 53.093
93 1219 32 11.950
94 1258 5 65.577
95 990 49 73.190
96 166 5 64.979
97 813 59 4.292
98 257 12 8.020
99 607 24 82.424
100 148 1 68.555
101 889 29 79.096
102 43 12 95.205
103 904 7 93.474
104 853 37 76.272
105 1185 35 27.154
106 1307 34 42.937
107 441 20 94.373
108 969 4 90.061
109 1145 1 63.168
110 149 35 0.286
111 263 10 48.596
112 39 29 95.660
113 902 48 68.953
114 371 38 83.932
115 803 9 71.770
116 52 14 12.825
117 512 48 98.060
118 512 60 11.197
119 854 43 41.497
120 715 18 47.530
121 606 44 39.993
122 716 47 82.449
123 1055 5 94.378
124 875 33 18.630
125 1277 2 35.204
126 1199 11 80.927
127 384 40 95.572
128 820 29 85.747
129 193 15 5.213
130 483 26 12.575
131 28 58 19.385
132 1317 12 28.999
133 797 1 67.835
134 5 52 54.986
135 726 1 9.577
136 1287 43 74.806
137 1046 36 76.671
138 435 25 56.252
139 670 33 65.309
140 38 40 84.431
141 381 31 10.773
142 174 52 9.605
143 620 31 26.698
144 338 51 80.530
145 707 13 34.358
146 1255 4 41.875
147 224 5 91.654
148 1394 13 4.885
149 524 21 69.905
150 33 17 86.877