150
1 789 12 31.100
2 77 38 32.318
3 468 57 1.565
4 1166 57 52.978
5 864 30 46.871
6 794 15 10.543
7 684 37 63.799
8 173 42 29.949
9 1080 54 28.993
10 975 60 35.768
11 952 34 10.909
12 374 42 69.297
13 364 23 41.698
14 161 2 27.057
15 697 51 21.788
16 874 31 65.637
17 490 43 12.527
18 41 54 87.859
19 1296 46 71.372
20 1104 6 52.964
21 985 32 45.788
22 568 7 79.677
23 1003 50 49.676
24 545 8 97.984
25 1011 20 16.127
26 969 23 43.867
27 1440 44 14.424
28 588 2 85.263
29 480 2 6.475
30 772 58 76.542
31 148 59 84.489
32 1128 60 88.788
33 668 41 46.302
34 877 38 57.175
35 337 54 97.778
36 994 54 7.040
37 1185 14 16.028
38 971 8 13.610
39 1162 27 90.138
40 545 46 93.079
41 1339 36 32.039
42 59 20 51.105
43 947 35 34.435
44 953 12 93.542
45 1181 23 49.553
46 108 59 45.427
47 827 39 9.761
48 1437 49 39.042
49 1028 42 62.695
50 683 56 74.374
51 314 1 17.501
52 304 27 54.477
53 539 13 72.826
54 1319 45 66.879
55 894 13 39.338
56 472 58 13.617
57 1270 46 15.941
58 1333 3 55.826
59 1232 7 14.359
60 1349 50 74.550
61 406 8 73.035
62 79 12 40.834
63 344 47 59.260
64 214 39 95.379
65 212 27 5.475
66 529 51 29.745
67 218 4 1.180
68 1185 6 37.557
69 1105 42 21.036
70 953 13 81.870
71 660 14 4.594
72 1179 5 23.406
73 1302 57 68.814
74 1015 19 4.283
75 1060 16 80.549
76 742 56 15.707
77 560 13 28.648
78 1247 17 44.700
79 1123 11 13.605
80 854 35 30.673
81 445 14 7.043
82 210 50 97.689
83 1130 33 5.302
84 524 47 99.446
85 499 4 41.608
86 1261 26 8.979
87 800 8 32.971
88 1410 41 72.096
89 265 14 34.321
90 302 32 79.341
91 29 23 42.795
92 394 31 85.994
93 150 29 86.816
94 723 30 99.525
95 1188 54 2.245
96 1093 41 87.424
97 108 25 12.747
98 412 16 88.581
99 837 1 31.146
100 220 56 74.566
101 1392 43 98.462
102 523 21 4.406
103 128 30 62.047
104 635 54 33.127
105 875 35 17.807
106 1337 30 62.588
107 1399 33 73.084
108 1048 23 53.319
109 631 47 22.943
110 1321 18 97.208
111 623 44 89.266
112 772 53 36.786
113 874 33 22.804
114 990 23 94.203
115 639 45 65.735
116 1317 41 2.486
117 1210 15 74.746
118 444 52 0.636
119 41 39 17.729
120 173 44 89.530
121 213 49 33.192
122 155 51 19.994
123 13 55 89.305
124 1375 20 61.786
125 30 58 50.433
126 466 59 63.900
127 395 56 5.447
128 601 41 4.729
129 1099 53 34.580
130 1097 3 20.998
131 596 36 85.380
132 895 22 79.760
133 392 27 89.819
134 773 41 10.017
135 637 22 34.377
136 198 47 73.080
137 443 8 29.666
138 1006 6 53.023
139 361 57 94.501
140 186 26 20.934
141 577 47 3.293
142 512 24 61.292
143 474 33 72.763
144 526 17 36.250
145 613 20 59.197
146 618 9 56.416
147 142 1 90.780
148 949 4 30.087
149 429 45 47.965
150 1387 9 80.580