150
1 822 52 10.472
2 467 45 55.924
3 731 30 33.686
4 77 55 97.180
5 21 31 42.941
6 861 32 72.955
7 1218 19 44.936
8 942 40 85.282
9 190 40 72.591
10 104 28 43.596
11 1219 46 62.213
12 363 48 29.382
13 781 26 71.470
14 606 33 17.754
15 1412 40 54.576
16 1183 46 30.371
17 681 53 74.446
18 229 27 95.782
19 873 38 4.656
20 1213 39 68.293
21 716 3 44.023
22 357 19 32.276
23 1058 17 25.392
24 1127 55 5.121
25 964 27 5.267
26 1254 44 6.226
27 594 54 86.710
28 187 19 4.136
29 234 34 74.322
30 1122 22 43.158
31 1059 19 37.625
32 697 3 79.833
33 900 35 58.705
34 1363 18 21.810
35 399 35 76.004
36 282 53 83.995
37 783 48 94.988
38 287 44 48.358
39 499 53 73.126
40 105 34 54.515
41 630 16 2.356
42 625 51 36.901
43 1330 37 74.328
44 607 40 19.889
45 31 28 65.495
46 1134 56 2.468
47 549 47 63.397
48 1134 47 99.476
49 635 34 59.239
50 1181 50 25.410
51 820 14 91.006
52 309 40 54.018
53 1172 60 42.214
54 166 15 10.862
55 1127 37 33.509
56 961 21 87.467
57 1354 30 61.032
58 659 33 91.038
59 1221 35 59.871
60 993 9 29.711
61 1073 38 39.031
62 773 55 19.444
63 1224 15 28.266
64 628 37 55.184
65 738 35 88.298
66 201 16 21.707
67 897 27 13.645
68 60 38 13.859
69 341 40 66.630
70 1171 24 9.791
71 1173 51 63.344
72 525 23 50.683
73 699 46 13.462
74 1260 9 45.755
75 560 11 95.960
76 1377 43 54.062
77 759 41 85.062
78 1111 25 81.006
79 331 48 97.364
80 1260 55 55.718
81 54 17 54.771
82 835 50 21.130
83 290 4 39.864
84 924 41 28.957
85 827 20 56.290
86 1401 13 56.987
87 1066 55 84.205
88 467 55 64.976
89 399 42 54.407
90 1215 6 62.493
91 601 51 81.487
92 281 44 80.382
93 403 9 19.008
94 875 38 78.182
95 947 39 21.333
96 1250 22 15.776
97 790 38 40.265
98 1413 60 42.111
99 1174 33 45.326
100 17 22 3.762
101 406 49 99.704
102 790 58 62.339
103 427 26 42.033
104 365 60 99.546
105 694 22 8.613
106 1102 60 48.770
107 571 47 42.121
108 692 56 23.626
109 123 51 5.723
110 327 27 21.553
111 656 41 50.171
112 850 23 81.313
113 329 18 40.439
114 36 21 55.334
115 322 10 86.005
116 174 58 56.242
117 1402 56 5.271
118 1079 50 24.830
119 760 9 14.327
120 1303 5 43.084
121 1111 39 78.067
122 119 15 35.015
123 985 52 93.810
124 304 34 1.772
125 288 28 74.833
126 844 57 27.869
127 54 20 44.147
128 1282 9 30.492
129 919 25 29.032
130 1133 48 34.908
131 764 58 72.527
132 1123 31 66.167
133 296 6 94.591
134 504 53 68.213
135 1059 42 64.562
136 1181 6 39.988
137 939 17 30.432
138 986 29 54.072
139 1123 26 7.606
140 753 43 50.299
141 1395 8 99.500
142 235 42 14.706
143 1382 16 34.100
144 1058 43 75.134
145 1318 42 43.249
146 651 10 37.122
147 127 48 96.669
148 83 22 62.905
149 510 2 78.976
150 869 21 15.043