150
1 74 3 43.327
2 1095 23 74.210
3 133 6 41.946
4 1216 24 8.764
5 523 36 59.254
6 903 11 95.274
7 1364 30 6.576
8 749 56 74.302
9 926 11 61.110
10 449 7 3.458
11 256 5 12.548
12 845 20 67.164
13 247 34 81.117
14 91 58 66.242
15 293 33 1.092
16 501 34 7.840
17 501 17 33.716
18 762 38 5.801
19 854 40 40.072
20 1366 21 7.678
21 1289 47 71.321
22 191 31 73.859
23 414 38 98.330
24 438 41 99.935
25 780 39 29.767
26 494 43 89.732
27 245 35 35.608
28 629 43 77.209
29 1304 22 72.096
30 819 16 19.836
31 933 45 51.903
32 314 40 6.338
33 867 41 68.015
34 879 46 0.753
35 839 18 95.999
36 206 44 65.696
37 1027 20 82.502
38 1145 26 43.343
39 198 46 38.941
40 349 45 95.068
41 570 36 52.194
42 629 37 20.394
43 26 42 47.850
44 35 16 7.153
45 952 1 98.103
46 1090 56 18.875
47 514 35 68.153
48 701 21 64.455
49 532 40 74.529
50 638 50 38.128
51 1230 27 61.456
52 848 47 96.625
53 479 52 17.294
54 437 5 68.275
55 460 16 83.807
56 1153 44 67.029
57 363 3 80.462
58 378 45 54.494
59 1302 6 40.297
60 711 1 64.589
61 585 8 22.970
62 422 49 19.650
63 198 49 67.147
64 141 2 55.380
65 317 6 38.445
66 1015 34 61.342
67 1422 17 85.668
68 888 34 15.341
69 901 10 87.009
70 1089 32 36.743
71 329 23 71.952
72 986 36 39.931
73 364 17 15.673
74 275 55 58.128
75 1409 43 47.008
76 1258 38 44.738
77 1025 27 6.334
78 961 17 21.528
79 606 7 40.138
80 1033 45 42.866
81 1115 50 36.197
82 1083 23 64.863
83 168 12 67.367
84 977 54 76.670
85 1116 3 68.351
86 66 4 96.542
87 802 12 31.238
88 784 27 14.124
89 584 2 98.743
90 156 27 63.959
91 333 47 58.606
92 1195 3 46.528
93 425 52 99.477
94 646 7 91.305
95 652 17 44.911
96 281 1 18.712
97 253 7 62.044
98 1084 44 29.602
99 1360 15 67.416
100 200 5 65.689
101 1367 10 49.230
102 601 12 58.159
103 123 48 58.163
104 1150 23 53.199
105 1093 20 65.248
106 671 28 0.793
107 669 7 99.658
108 342 7 1.757
109 1 26 58.541
110 1078 25 91.576
111 719 1 74.697
112 1040 46 70.817
113 523 10 49.210
114 99 18 16.185
115 1047 10 78.499
116 125 49 68.142
117 204 2 55.015
118 225 37 8.489
119 307 46 66.277
120 807 45 7.414
121 275 44 38.742
122 466 2 19.141
123 1045 49 0.578
124 656 54 50.286
125 1112 38 41.822
126 1319 48 74.631
127 413 14 88.249
128 68 39 70.355
129 101 24 92.552
130 635 3 91.589
131 890 6 4.409
132 1038 49 6.272
133 1374 22 30.628
134 142 49 23.519
135 1287 59 91.026
136 639 33 37.841
137 1420 37 1.164
138 414 50 71.154
139 1017 16 89.539
140 727 25 93.462
141 1407 51 19.078
142 465 34 37.707
143 1175 1 32.758
144 529 44 2.618
145 447 55 23.276
146 779 42 92.318
147 512 16 34.912
148 530 26 1.023
149 491 14 24.536
150 155 56 69.795