150
1 993 58 57.182
2 256 52 90.969
3 419 16 24.621
4 1393 1 50.608
5 208 33 23.519
6 43 30 9.265
7 832 23 12.251
8 1110 53 58.637
9 90 4 77.931
10 1068 3 77.191
11 672 39 27.496
12 1138 24 80.793
13 55 11 15.380
14 1182 24 37.397
15 689 57 31.074
16 1062 16 19.696
17 1181 25 12.058
18 384 47 38.552
19 114 50 81.917
20 1110 43 97.338
21 781 49 97.237
22 843 27 46.784
23 593 2 35.495
24 539 16 29.056
25 907 50 75.870
26 1159 40 75.290
27 1287 48 96.186
28 208 6 9.469
29 614 16 74.089
30 97 59 4.212
31 477 31 47.071
32 877 55 13.727
33 178 10 40.606
34 1355 3 35.209
35 1052 24 55.374
36 1324 45 69.367
37 566 53 52.619
38 463 29 84.891
39 1200 30 79.159
40 1172 44 53.123
41 1058 2 7.882
42 525 18 41.789
43 1247 2 57.818
44 854 5 3.144
45 1299 12 62.858
46 1264 17 85.848
47 857 49 40.612
48 1125 20 43.043
49 1278 13 47.254
50 696 34 78.026
51 505 46 52.889
52 510 13 52.908
53 1246 4 85.759
54 814 1 25.695
55 33 6 25.299
56 380 11 88.499
57 744 18 75.885
58 1290 5 91.238
59 734 39 87.103
60 262 5 82.233
61 263 56 40.847
62 787 41 13.672
63 151 11 69.366
64 291 41 79.415
65 1076 6 99.865
66 889 12 42.095
67 238 58 63.097
68 1035 31 49.839
69 1245 52 68.375
70 1423 35 47.485
71 361 51 76.761
72 489 50 5.473
73 918 39 68.107
74 880 53 19.595
75 992 4 0.954
76 606 11 69.040
77 318 58 31.189
78 1077 36 79.419
79 1385 20 10.339
80 539 15 45.417
81 595 29 85.420
82 62 7 36.475
83 1261 33 88.643
84 1018 32 0.632
85 622 4 73.487
86 941 22 91.958
87 103 18 68.023
88 107 9 23.946
89 248 24 75.479
90 750 24 6.144
91 1412 29 98.317
92 1288 58 27.924
93 390 35 33.317
94 1207 44 94.417
95 1354 53 8.942
96 1153 38 90.711
97 944 50 30.532
98 265 28 84.946
99 355 53 32.359
100 962 26 33.174
101 1157 26 83.940
102 568 24 47.616
103 198 24 7.618
104 1386 14 41.979
105 739 44 93.335
106 1179 40 25.129
107 107 36 38.442
108 1309 47 15.422
109 804 13 35.784
110 998 60 80.784
111 137 20 94.915
112 1251 26 64.886
113 562 59 23.051
114 1270 3 69.110
115 823 18 87.706
116 1204 34 29.668
117 712 19 92.360
118 577 8 17.895
119 429 33 71.595
120 1395 30 44.641
121 1378 42 47.794
122 557 22 86.541
123 434 41 69.811
124 1298 11 60.435
125 1092 10 2.276
126 1209 43 52.255
127 990 27 11.543
128 930 10 81.449
129 97 57 68.370
130 692 47 95.521
131 748 26 21.639
132 1254 41 64.915
133 815 6 68.155
134 966 11 42.326
135 666 32 54.857
136 837 48 11.333
137 521 38 28.029
138 707 17 37.145
139 1376 53 32.217
140 1041 57 2.494
141 584 59 98.156
142 1128 11 30.597
143 810 8 53.700
144 1134 8 48.391
145 1360 44 88.502
146 1411 15 0.097
147 489 14 73.641
148 1073 58 40.211
149 1338 20 15.415
150 1350 33 16.658