150
1 821 11 71.821
2 1397 18 93.256
3 300 8 94.179
4 420 14 1.463
5 412 33 39.369
6 108 31 0.437
7 651 37 28.975
8 919 29 30.072
9 1084 42 17.844
10 1048 19 26.318
11 1180 38 33.501
12 356 53 86.538
13 719 44 15.369
14 491 17 83.564
15 65 17 95.069
16 276 58 0.059
17 562 15 45.929
18 96 29 23.985
19 1097 44 36.809
20 1257 30 82.110
21 824 26 61.861
22 552 40 96.571
23 170 3 43.682
24 1386 20 36.014
25 1392 36 56.315
26 927 50 40.309
27 532 8 81.814
28 400 11 16.709
29 299 56 78.443
30 657 35 37.198
31 265 52 87.479
32 475 29 48.781
33 1177 47 10.581
34 300 59 90.888
35 1033 40 88.554
36 354 6 66.055
37 973 58 41.086
38 144 51 28.110
39 313 27 4.150
40 1141 41 48.320
41 262 43 49.859
42 57 6 89.289
43 604 19 40.431
44 454 48 93.956
45 434 10 55.034
46 888 36 56.279
47 1052 23 89.614
48 303 3 90.582
49 659 31 36.055
50 611 13 8.809
51 1009 31 90.076
52 167 8 92.339
53 638 52 97.140
54 1368 57 65.452
55 464 18 88.085
56 360 17 85.956
57 1413 54 74.872
58 861 19 57.486
59 1056 35 4.068
60 1349 45 46.558
61 1425 21 20.878
62 1085 27 2.907
63 95 32 9.790
64 132 4 63.917
65 138 41 83.854
66 260 57 88.610
67 73 54 39.876
68 378 12 86.152
69 1011 29 53.371
70 1191 13 5.813
71 119 27 12.825
72 995 37 60.250
73 1379 25 60.807
74 494 5 42.380
75 494 21 67.490
76 1242 56 5.807
77 1250 59 37.436
78 785 46 12.749
79 769 58 1.511
80 1065 19 13.034
81 960 56 18.413
82 1220 29 92.928
83 1342 60 81.620
84 1396 6 41.767
85 468 56 52.953
86 1338 59 50.317
87 1404 18 13.520
88 1181 52 91.074
89 1038 14 81.421
90 997 56 14.059
91 644 45 21.131
92 603 49 82.602
93 640 26 33.437
94 696 5 75.538
95 441 3 35.130
96 221 26 23.870
97 825 59 70.924
98 307 51 53.484
99 190 10 52.335
100 576 20 29.840
101 395 7 92.728
102 772 34 47.434
103 18 7 31.908
104 327 56 80.114
105 329 7 51.585
106 825 6 28.000
107 1409 5 78.729
108 1084 5 89.075
109 249 57 89.923
110 514 1 65.833
111 543 10 55.529
112 117 1 13.333
113 856 28 24.758
114 320 10 91.862
115 1111 27 8.888
116 43 5 56.593
117 838 50 78.504
118 1092 5 85.591
119 88 23 87.100
120 1261 9 71.883
121 1311 20 31.594
122 697 31 73.032
123 636 50 12.143
124 1278 17 47.683
125 839 50 39.379
126 1347 58 6.632
127 685 24 56.778
128 66 29 66.787
129 720 33 46.647
130 1196 22 57.366
131 240 21 91.127
132 425 54 64.299
133 304 24 9.765
134 279 34 36.850
135 95 2 67.531
136 1224 34 73.193
137 252 22 62.215
138 817 31 10.894
139 915 13 27.088
140 591 49 56.758
141 1206 25 7.228
142 178 60 0.533
143 1130 2 77.390
144 1003 25 72.723
145 125 24 80.209
146 39 9 63.955
147 801 16 3.771
148 410 15 87.553
149 1393 10 73.401
150 971 54 41.981