150
1 1187 50 56.818
2 1177 47 34.858
3 55 3 37.999
4 1307 15 41.160
5 1096 1 17.429
6 1145 12 73.363
7 703 7 39.770
8 452 2 26.429
9 1036 51 67.632
10 1139 53 42.394
11 914 25 36.002
12 1409 12 95.202
13 1409 1 52.958
14 1318 21 35.294
15 562 39 19.281
16 1220 41 37.405
17 1430 51 87.281
18 726 42 58.403
19 1217 42 32.784
20 1063 48 71.345
21 893 41 37.055
22 492 24 12.357
23 405 33 28.082
24 980 3 98.150
25 843 34 82.080
26 1159 1 95.645
27 1097 8 24.924
28 868 27 31.514
29 934 41 25.751
30 798 57 52.777
31 1079 38 73.895
32 270 30 23.292
33 305 12 11.558
34 1369 22 74.125
35 559 6 30.416
36 895 44 19.607
37 562 44 20.776
38 497 32 43.250
39 966 42 15.288
40 141 21 20.722
41 1089 33 24.084
42 587 18 69.768
43 1424 42 50.925
44 1362 17 96.562
45 1094 3 10.720
46 696 53 88.814
47 945 30 46.011
48 1425 13 13.545
49 864 17 37.304
50 1418 48 87.435
51 670 36 64.381
52 569 10 82.210
53 311 13 56.003
54 54 50 20.399
55 142 43 50.678
56 197 19 77.489
57 145 44 12.900
58 1325 58 53.192
59 1101 13 49.286
60 462 24 25.321
61 1309 19 33.409
62 161 58 46.204
63 1218 5 77.641
64 25 36 14.263
65 226 17 99.418
66 961 55 52.382
67 29 47 74.378
68 948 10 7.098
69 910 39 29.515
70 496 57 69.464
71 200 1 38.906
72 408 59 59.582
73 816 21 21.213
74 408 33 0.581
75 588 33 78.841
76 127 38 80.033
77 930 57 27.744
78 840 12 34.498
79 1024 56 42.616
80 748 20 62.835
81 723 14 7.848
82 73 53 39.660
83 609 22 7.731
84 865 13 71.083
85 1223 59 26.684
86 850 44 44.407
87 557 23 21.076
88 287 41 86.629
89 1362 18 32.597
90 917 39 4.477
91 118 21 5.551
92 536 25 43.363
93 405 6 54.469
94 382 11 80.304
95 1310 46 63.577
96 1242 33 79.894
97 835 35 19.015
98 1142 50 57.006
99 1244 52 97.036
100 1113 52 5.311
101 904 60 92.378
102 578 58 76.897
103 888 45 27.291
104 180 31 85.892
105 224 32 49.699
106 1042 37 24.506
107 1206 59 80.122
108 295 29 33.323
109 839 6 1.205
110 755 23 18.616
111 1339 55 56.364
112 881 12 65.528
113 1089 5 77.220
114 1322 20 66.379
115 887 1 88.613
116 121 20 49.386
117 204 3 52.677
118 1376 31 75.639
119 863 26 69.744
120 1300 8 78.330
121 259 28 40.981
122 355 59 63.738
123 759 54 47.199
124 129 55 32.148
125 1343 49 15.574
126 620 25 42.488
127 415 16 35.224
128 875 27 60.201
129 533 51 83.842
130 888 20 97.804
131 1429 3 45.979
132 684 46 48.707
133 588 20 75.305
134 1108 8 65.626
135 991 30 60.811
136 30 31 17.833
137 116 28 43.440
138 1389 4 82.167
139 1255 44 38.804
140 633 10 11.870
141 28 25 81.004
142 737 44 64.507
143 288 13 82.587
144 516 29 63.328
145 778 31 60.487
146 1208 20 88.020
147 37 2 48.535
148 28 48 69.515
149 1178 54 50.432
150 1179 4 39.001