150
1 999 4 89.505
2 1145 58 12.713
3 1383 37 88.178
4 630 56 40.197
5 1405 18 10.067
6 704 51 34.883
7 98 40 93.511
8 399 34 65.857
9 778 41 14.050
10 949 21 70.869
11 844 18 96.994
12 1412 19 18.609
13 979 43 35.328
14 1277 23 23.577
15 1296 17 34.008
16 1376 6 86.883
17 707 39 45.314
18 751 37 23.557
19 573 20 19.686
20 999 31 61.405
21 1309 60 89.197
22 1127 49 56.055
23 942 20 56.718
24 859 51 31.772
25 1081 7 32.348
26 1021 2 12.578
27 221 23 84.192
28 399 43 6.772
29 1359 56 25.227
30 395 32 68.402
31 874 3 87.429
32 506 50 51.667
33 587 46 81.844
34 29 25 17.719
35 688 53 81.605
36 409 28 0.732
37 440 9 85.450
38 777 10 34.814
39 1369 31 23.586
40 697 43 39.164
41 1391 54 75.729
42 429 14 39.377
43 370 14 31.306
44 299 36 75.861
45 705 36 2.136
46 333 44 18.419
47 1352 14 10.495
48 811 24 42.117
49 1149 7 60.003
50 999 31 60.777
51 652 18 31.192
52 1055 8 27.983
53 25 38 32.127
54 111 59 2.819
55 1176 1 52.519
56 569 43 36.853
57 681 36 68.382
58 1035 52 69.404
59 1250 25 34.298
60 718 23 49.357
61 82 28 95.560
62 149 54 83.638
63 234 12 57.586
64 673 12 45.008
65 678 21 74.937
66 331 57 16.442
67 1195 28 65.726
68 372 20 82.620
69 385 16 23.019
70 961 60 66.359
71 1290 39 19.097
72 284 52 25.547
73 31 21 49.634
74 53 11 40.153
75 662 13 65.834
76 376 41 65.670
77 589 49 66.071
78 595 25 73.042
79 1144 60 66.211
80 452 14 36.724
81 319 7 49.424
82 674 7 52.091
83 1064 24 59.428
84 1057 38 8.622
85 390 9 91.179
86 606 13 67.733
87 623 38 68.796
88 1244 16 11.261
89 424 53 47.182
90 314 21 43.296
91 687 55 45.050
92 1391 46 13.133
93 1058 15 64.376
94 336 19 32.971
95 387 21 57.085
96 548 51 14.896
97 337 29 22.695
98 608 16 16.196
99 675 57 30.995
100 772 32 71.401
101 78 22 61.976
102 352 60 43.354
103 1227 5 89.363
104 321 49 39.110
105 740 28 65.381
106 292 44 78.876
107 1053 10 74.955
108 1094 60 28.713
109 1229 26 1.889
110 872 30 84.427
111 1296 2 51.404
112 1213 53 67.438
113 588 44 64.560
114 620 48 99.936
115 133 18 9.496
116 540 49 54.959
117 1384 12 47.068
118 759 31 7.743
119 39 56 56.901
120 256 54 11.619
121 1246 2 48.882
122 1003 2 65.616
123 770 59 16.802
124 421 14 98.416
125 96 53 40.898
126 1360 12 57.584
127 326 11 89.720
128 750 31 91.358
129 855 10 41.030
130 778 6 22.889
131 317 41 49.537
132 534 58 79.075
133 631 11 17.014
134 1316 39 97.593
135 1065 4 41.765
136 901 5 34.864
137 1292 15 62.076
138 513 4 33.815
139 504 13 7.484
140 266 54 0.312
141 775 22 98.453
142 1099 57 43.409
143 696 46 16.984
144 215 23 65.446
145 893 15 61.613
146 587 8 43.124
147 124 31 80.628
148 960 46 30.946
149 1105 59 95.012
150 160 2 0.766