150
1 1432 55 63.095
2 438 27 14.901
3 324 12 11.794
4 256 31 90.958
5 1298 54 87.797
6 641 8 31.763
7 512 49 74.055
8 763 25 60.274
9 754 58 59.907
10 221 30 5.423
11 119 55 47.067
12 1415 7 0.430
13 483 49 19.987
14 1353 35 23.721
15 114 54 48.345
16 909 55 9.196
17 298 4 62.922
18 462 38 26.453
19 549 7 41.286
20 95 49 70.502
21 270 10 82.991
22 841 21 61.675
23 762 50 55.006
24 213 8 60.735
25 1424 24 3.632
26 646 7 85.019
27 1375 5 34.315
28 104 17 51.863
29 855 48 21.646
30 382 20 14.152
31 1409 34 68.925
32 463 56 53.875
33 273 42 19.509
34 1118 45 36.700
35 176 54 23.998
36 1320 25 9.435
37 1373 43 13.569
38 509 55 14.251
39 135 45 45.709
40 1398 56 97.839
41 450 10 98.571
42 120 7 72.353
43 1200 11 2.566
44 1015 11 93.767
45 1253 50 42.593
46 1360 3 50.592
47 805 45 94.374
48 245 3 98.709
49 318 3 13.554
50 20 48 64.437
51 1232 32 3.295
52 948 28 88.989
53 937 58 6.314
54 487 39 85.733
55 41 19 11.549
56 630 24 44.881
57 729 31 13.238
58 1107 11 69.449
59 952 13 91.550
60 888 52 6.461
61 342 52 44.456
62 133 39 71.092
63 1017 7 72.218
64 1138 16 23.391
65 104 18 84.090
66 1005 21 83.339
67 347 17 84.352
68 1070 10 13.011
69 66 16 53.184
70 1006 9 76.367
71 899 45 34.842
72 945 56 63.349
73 795 8 15.048
74 226 17 97.613
75 29 35 13.458
76 1224 36 64.029
77 487 8 77.702
78 1364 1 8.751
79 626 28 42.387
80 1339 47 67.249
81 1372 49 34.750
82 1271 11 60.176
83 890 19 16.058
84 369 33 73.506
85 184 16 15.303
86 114 42 88.393
87 1124 12 91.318
88 728 35 60.480
89 1334 29 34.679
90 1139 31 25.792
91 704 17 48.620
92 406 22 41.946
93 764 37 56.537
94 863 28 79.693
95 696 50 8.647
96 928 41 35.140
97 973 15 59.417
98 1217 43 98.862
99 30 23 65.695
100 1081 10 25.202
101 816 54 51.636
102 597 36 37.554
103 1430 39 33.122
104 1350 23 27.639
105 556 7 36.061
106 363 38 99.351
107 899 53 76.229
108 738 36 57.163
109 493 27 74.186
110 132 52 75.668
111 275 49 85.883
112 402 47 27.619
113 792 28 2.089
114 779 31 60.200
115 531 42 15.223
116 881 6 23.273
117 589 59 85.632
118 932 47 86.487
119 249 48 22.478
120 1199 36 44.159
121 744 51 1.479
122 469 26 10.490
123 922 13 7.789
124 1210 20 20.956
125 577 32 91.498
126 1181 4 56.509
127 97 32 13.676
128 1062 10 43.197
129 407 28 60.319
130 537 52 5.563
131 1191 46 65.550
132 28 24 77.718
133 108 3 93.203
134 1372 24 79.540
135 3 26 9.003
136 1211 25 39.638
137 589 22 29.189
138 720 46 58.632
139 1020 40 96.674
140 1297 48 32.392
141 151 55 67.843
142 174 19 84.714
143 859 21 78.160
144 793 1 5.346
145 611 50 95.604
146 885 7 9.207
147 393 17 59.667
148 962 26 99.058
149 772 17 48.485
150 1003 31 42.652