150
1 763 36 34.971
2 756 41 4.145
3 859 8 59.002
4 1024 46 84.288
5 936 34 70.699
6 1062 14 38.396
7 1180 6 9.810
8 752 29 95.083
9 891 17 1.541
10 672 38 58.121
11 773 57 34.232
12 1432 34 13.955
13 1076 17 92.501
14 235 21 6.190
15 1076 16 80.073
16 762 15 26.321
17 1235 2 29.727
18 120 56 93.478
19 1138 58 26.068
20 1013 6 12.517
21 1087 54 60.317
22 208 20 52.418
23 232 9 77.557
24 1216 27 29.265
25 1211 25 17.929
26 157 4 66.323
27 1389 3 14.567
28 58 33 93.257
29 1082 7 21.541
30 712 11 1.234
31 112 1 36.113
32 1060 24 35.054
33 1220 53 53.770
34 728 23 86.636
35 788 14 88.581
36 151 14 50.872
37 1039 51 20.824
38 277 48 38.125
39 125 58 9.786
40 349 18 36.441
41 696 47 81.543
42 609 15 25.146
43 1410 57 77.866
44 1020 4 61.878
45 1062 32 9.184
46 197 34 12.673
47 980 48 90.948
48 438 40 39.007
49 118 56 78.121
50 850 31 93.687
51 277 21 73.448
52 974 15 15.130
53 1190 5 17.043
54 588 5 64.328
55 571 17 97.247
56 409 52 73.521
57 340 41 30.459
58 589 36 16.880
59 401 39 79.205
60 424 54 17.904
61 730 28 27.987
62 81 43 47.150
63 1078 19 68.783
64 476 59 35.653
65 1139 28 18.935
66 782 37 14.495
67 226 30 98.883
68 229 48 63.642
69 1258 1 12.631
70 191 60 68.888
71 193 50 73.772
72 203 51 55.069
73 1209 44 97.372
74 117 37 92.845
75 1352 26 1.270
76 380 42 13.625
77 651 13 39.984
78 885 21 47.059
79 1100 43 15.995
80 820 44 59.466
81 1222 33 92.063
82 732 10 57.162
83 1366 14 58.382
84 1287 34 53.806
85 961 57 72.839
86 1291 29 24.983
87 665 16 90.931
88 937 53 85.721
89 731 11 20.538
90 458 47 9.919
91 1356 33 14.793
92 27 45 28.404
93 445 31 82.510
94 563 36 88.220
95 821 13 12.286
96 501 51 23.671
97 796 37 74.753
98 27 59 62.877
99 418 8 38.257
100 645 3 70.936
101 795 48 86.612
102 1246 26 80.200
103 672 5 37.565
104 496 8 87.615
105 1304 18 90.623
106 364 19 82.525
107 250 20 16.624
108 415 55 26.075
109 1274 49 24.717
110 903 20 10.801
111 48 23 1.251
112 6 60 50.504
113 1402 52 15.732
114 620 26 95.342
115 106 57 77.340
116 253 34 13.830
117 684 41 72.614
118 708 1 12.716
119 958 53 28.907
120 1302 24 66.399
121 745 13 31.419
122 356 27 70.131
123 337 51 93.383
124 1080 13 53.310
125 632 50 54.835
126 880 20 2.804
127 1189 56 10.197
128 147 22 21.109
129 28 3 86.002
130 14 8 74.177
131 504 5 31.997
132 496 33 1.750
133 1009 27 90.097
134 1407 23 42.792
135 981 32 15.732
136 288 41 84.128
137 521 53 43.580
138 1013 53 85.248
139 958 23 74.761
140 293 48 37.250
141 447 13 20.884
142 373 60 13.487
143 343 27 34.429
144 827 9 53.217
145 1194 29 90.919
146 160 60 68.922
147 85 34 75.893
148 1408 35 47.346
149 837 56 66.058
150 433 2 20.379