150
1 687 14 41.475
2 714 34 10.449
3 443 26 40.618
4 498 21 28.943
5 1357 42 78.141
6 1256 27 67.900
7 273 13 2.052
8 958 7 40.195
9 543 26 76.011
10 674 36 63.745
11 358 43 64.486
12 444 8 7.259
13 129 7 84.520
14 900 54 76.706
15 934 47 53.664
16 1438 17 45.241
17 62 39 78.648
18 608 17 95.433
19 19 44 85.678
20 742 16 62.620
21 624 5 41.541
22 533 22 48.252
23 157 46 60.589
24 390 38 55.637
25 491 6 33.284
26 720 14 74.026
27 1302 13 58.043
28 783 46 1.361
29 1299 35 88.984
30 1011 25 44.339
31 954 43 23.272
32 902 46 30.431
33 758 36 24.012
34 1242 45 11.705
35 658 8 92.001
36 265 58 87.048
37 1080 53 6.447
38 439 36 96.855
39 1059 60 17.607
40 138 6 88.801
41 1355 26 81.524
42 899 51 89.357
43 863 3 73.434
44 466 14 68.904
45 162 30 76.446
46 1165 56 88.020
47 179 8 18.277
48 887 25 9.628
49 1368 48 37.564
50 1026 45 85.781
51 866 38 83.145
52 78 39 82.940
53 1104 45 1.953
54 299 22 44.586
55 932 46 7.359
56 1359 49 76.568
57 1178 57 67.908
58 735 10 74.150
59 417 28 52.909
60 634 56 48.692
61 206 38 64.170
62 824 13 60.936
63 466 37 55.321
64 564 55 71.988
65 1018 59 25.921
66 124 19 80.681
67 974 20 10.316
68 578 41 17.941
69 1095 18 66.387
70 105 12 4.891
71 1081 42 70.014
72 1389 35 21.968
73 523 31 61.497
74 1357 41 88.715
75 847 6 25.064
76 981 1 66.606
77 542 22 19.895
78 1382 51 81.360
79 596 29 43.013
80 174 9 39.797
81 17 28 56.214
82 808 13 50.274
83 779 6 23.196
84 933 1 11.186
85 1266 56 37.875
86 320 20 69.712
87 1275 20 11.447
88 466 31 64.330
89 1105 50 7.231
90 1102 38 56.126
91 162 38 34.254
92 1069 59 40.245
93 115 13 73.399
94 774 44 44.002
95 1150 14 82.616
96 1053 24 47.019
97 571 34 40.341
98 1326 51 56.623
99 439 32 58.414
100 1288 9 25.667
101 1227 48 12.521
102 194 46 87.241
103 927 5 36.211
104 142 14 73.899
105 475 43 38.901
106 264 3 39.316
107 173 11 61.348
108 1390 17 45.394
109 626 35 97.557
110 540 37 34.964
111 454 15 47.877
112 723 34 44.276
113 171 38 73.794
114 544 20 43.364
115 112 38 74.044
116 596 58 45.486
117 402 55 94.568
118 1106 27 44.448
119 1072 20 94.198
120 1195 30 92.264
121 267 8 69.329
122 243 57 66.786
123 1133 36 26.090
124 801 26 18.184
125 615 57 49.525
126 944 1 70.333
127 1372 44 96.351
128 1218 7 23.119
129 1330 26 76.079
130 632 29 51.200
131 1007 39 48.868
132 816 39 58.914
133 182 13 38.916
134 727 41 88.511
135 766 51 87.888
136 700 3 13.684
137 583 31 12.395
138 707 33 49.345
139 364 42 81.198
140 363 1 89.880
141 1071 60 41.213
142 612 53 8.505
143 1159 38 44.466
144 67 55 71.932
145 146 7 65.098
146 1203 43 58.673
147 24 31 13.264
148 147 6 83.549
149 713 11 44.823
150 527 12 67.862