150
1 974 20 98.376
2 243 59 56.356
3 542 42 18.496
4 1350 3 66.155
5 185 15 47.731
6 505 32 11.427
7 1320 23 19.359
8 354 48 54.762
9 1184 43 57.506
10 815 10 6.046
11 1302 28 38.209
12 410 38 6.965
13 1311 12 13.609
14 264 7 23.676
15 681 13 41.268
16 11 18 12.201
17 1250 54 7.146
18 198 4 15.822
19 1089 48 5.267
20 86 3 26.731
21 1004 14 82.922
22 617 37 67.152
23 1366 3 48.157
24 124 23 11.358
25 805 42 45.619
26 162 10 40.818
27 561 6 13.022
28 921 11 22.487
29 339 55 70.590
30 1112 6 89.797
31 368 9 59.251
32 187 57 76.841
33 1272 2 83.235
34 848 15 6.898
35 1376 56 58.995
36 673 30 24.691
37 1091 38 63.054
38 879 59 64.830
39 547 60 63.188
40 231 13 93.431
41 767 20 36.425
42 823 34 60.391
43 60 58 78.946
44 243 31 95.516
45 877 6 16.502
46 604 45 43.097
47 170 30 66.028
48 146 38 73.827
49 813 54 34.020
50 1038 17 22.320
51 673 37 46.174
52 838 32 38.739
53 779 55 95.349
54 514 58 20.961
55 1369 18 65.750
56 614 27 83.358
57 839 11 3.197
58 981 42 48.728
59 107 45 73.260
60 577 29 31.027
61 3 10 83.171
62 287 39 8.602
63 487 49 0.752
64 615 50 42.695
65 803 6 76.755
66 182 15 79.718
67 80 16 98.369
68 616 43 40.970
69 704 10 71.364
70 764 5 73.929
71 1037 45 17.579
72 1260 54 88.057
73 327 52 29.944
74 1433 13 51.857
75 1007 8 72.809
76 876 58 59.233
77 1292 17 55.215
78 1102 43 24.489
79 703 39 88.635
80 240 5 15.858
81 647 30 42.116
82 1142 47 91.242
83 1370 49 90.143
84 1223 34 30.970
85 1335 54 57.850
86 799 47 61.144
87 1264 37 66.913
88 1275 42 90.376
89 245 1 6.698
90 298 3 74.484
91 242 26 92.757
92 1259 24 67.488
93 959 47 73.335
94 217 55 85.092
95 631 8 86.583
96 556 25 18.327
97 491 37 3.136
98 1271 38 70.646
99 957 45 81.239
100 266 39 87.419
101 231 47 67.536
102 76 44 85.930
103 797 57 39.414
104 68 33 15.903
105 20 29 50.162
106 60 23 70.859
107 363 46 96.503
108 1289 18 1.207
109 78 32 9.113
110 1232 37 10.167
111 236 52 79.442
112 160 44 15.476
113 275 35 35.030
114 754 58 39.483
115 940 5 7.762
116 1254 13 16.944
117 815 38 2.155
118 10 56 47.629
119 1028 59 70.491
120 473 45 6.611
121 809 56 57.767
122 405 43 7.822
123 1 40 12.894
124 849 3 53.640
125 1374 26 8.516
126 656 2 80.852
127 987 15 19.743
128 1113 45 0.626
129 1063 32 19.844
130 987 60 59.033
131 243 41 63.314
132 1128 17 73.858
133 960 43 59.271
134 625 55 23.324
135 1233 49 52.205
136 367 37 28.268
137 267 6 37.191
138 1167 48 98.058
139 532 4 64.511
140 1020 59 62.474
141 997 40 57.653
142 962 36 27.598
143 808 3 36.943
144 1249 17 55.631
145 824 50 38.315
146 141 43 18.781
147 1189 11 43.084
148 799 17 50.548
149 286 23 56.609
150 1431 4 79.860