150
1 451 11 47.507
2 913 45 69.009
3 1090 30 40.753
4 1125 48 34.134
5 1297 50 68.502
6 650 19 70.857
7 201 45 76.087
8 1350 52 39.109
9 507 15 43.107
10 625 43 11.584
11 577 38 48.861
12 1179 18 6.818
13 1006 46 80.043
14 577 36 34.514
15 1024 24 74.174
16 1118 45 68.827
17 290 4 30.292
18 806 36 63.845
19 292 5 47.916
20 109 59 38.494
21 360 43 75.477
22 988 2 95.062
23 933 57 97.290
24 734 37 15.832
25 681 27 66.957
26 176 54 84.674
27 14 53 72.603
28 185 45 90.789
29 386 27 98.207
30 1019 20 84.112
31 739 4 60.359
32 241 23 79.791
33 129 31 70.504
34 23 38 57.978
35 875 16 82.562
36 1035 51 78.640
37 1298 38 59.286
38 1245 44 91.317
39 155 30 5.336
40 743 2 78.486
41 1335 19 59.055
42 1128 26 63.233
43 749 7 54.648
44 58 6 72.918
45 132 23 73.252
46 583 30 60.040
47 756 46 21.913
48 524 39 45.685
49 361 46 57.196
50 1164 30 91.297
51 322 32 77.247
52 58 39 6.991
53 238 6 8.100
54 546 48 64.739
55 51 33 79.576
56 1161 22 36.103
57 976 1 25.381
58 1256 54 96.769
59 950 47 80.133
60 833 38 72.157
61 1181 58 20.714
62 682 59 69.019
63 1103 30 8.667
64 393 44 28.893
65 103 3 4.969
66 874 53 45.438
67 115 9 88.819
68 1339 16 27.031
69 1348 21 6.332
70 658 43 17.799
71 1045 48 46.614
72 1165 38 53.765
73 760 15 69.033
74 1084 29 4.359
75 1233 44 44.803
76 1183 51 44.054
77 72 51 36.543
78 386 47 98.750
79 1274 35 2.124
80 1110 53 61.292
81 1088 28 99.923
82 943 15 83.927
83 412 49 79.855
84 514 26 91.304
85 1084 45 53.303
86 594 23 78.540
87 720 31 65.611
88 941 29 15.797
89 604 39 52.276
90 559 52 38.038
91 1295 60 36.936
92 1154 33 81.107
93 917 33 93.832
94 977 46 63.510
95 194 46 93.298
96 1202 41 16.915
97 938 35 4.950
98 977 24 47.523
99 1325 7 84.011
100 1341 10 7.118
101 312 4 34.959
102 462 29 73.273
103 1271 24 22.113
104 93 15 97.767
105 1015 55 60.614
106 1410 34 22.593
107 478 26 4.543
108 207 28 6.817
109 1368 1 66.552
110 1141 32 91.511
111 346 42 97.463
112 282 59 9.478
113 418 34 58.677
114 351 20 45.246
115 1347 10 11.326
116 1121 59 96.640
117 185 8 38.001
118 859 23 87.218
119 1045 54 61.522
120 318 2 81.092
121 696 26 73.634
122 400 2 84.510
123 785 14 54.886
124 1169 45 97.033
125 929 15 47.210
126 1243 14 21.584
127 196 36 19.377
128 663 27 59.611
129 241 31 12.513
130 21 11 28.483
131 879 51 18.523
132 223 53 60.114
133 1241 1 71.745
134 180 45 9.483
135 37 10 88.559
136 1366 46 4.144
137 1053 4 58.001
138 1239 6 79.749
139 997 25 20.097
140 648 11 74.398
141 1141 11 44.232
142 1226 34 88.400
143 466 9 38.356
144 437 14 60.159
145 1105 56 55.926
146 370 35 91.775
147 677 46 60.816
148 793 55 85.793
149 368 19 5.134
150 1375 22 91.225