150
1 1354 40 62.412
2 1190 4 69.665
3 142 15 5.106
4 809 9 31.069
5 1063 10 11.222
6 934 51 69.861
7 1304 24 48.512
8 532 18 11.350
9 907 11 50.597
10 1043 19 51.986
11 698 8 73.238
12 302 21 93.742
13 212 33 57.388
14 1027 38 68.284
15 486 36 10.968
16 801 9 57.737
17 1398 43 79.786
18 651 17 21.949
19 1294 60 85.099
20 1324 56 40.398
21 1216 35 11.179
22 565 34 74.087
23 25 10 26.729
24 60 46 71.666
25 148 6 29.025
26 1436 41 60.523
27 1313 59 75.090
28 145 31 16.978
29 1288 30 94.923
30 868 36 32.133
31 1392 48 21.198
32 456 35 39.813
33 191 54 28.067
34 753 37 41.747
35 497 30 9.943
36 319 53 8.460
37 1287 25 27.681
38 893 37 25.103
39 1227 13 81.745
40 562 27 62.119
41 1114 35 68.712
42 820 20 82.812
43 1199 14 74.056
44 634 3 16.260
45 462 12 37.159
46 832 26 63.661
47 604 50 43.175
48 895 21 20.472
49 109 16 39.830
50 282 33 9.924
51 703 50 96.035
52 833 17 92.595
53 1137 44 31.260
54 374 29 81.026
55 125 35 84.329
56 647 3 80.620
57 1201 26 69.272
58 177 5 33.574
59 525 57 1.149
60 520 34 98.857
61 1099 6 90.045
62 1136 30 77.284
63 1214 8 26.022
64 589 27 85.800
65 623 58 74.029
66 53 45 62.769
67 1391 4 0.762
68 1004 43 54.134
69 859 2 66.052
70 1380 58 63.070
71 1160 42 32.142
72 1343 37 40.231
73 1329 33 51.736
74 1331 24 48.982
75 987 42 26.159
76 814 49 30.304
77 921 10 65.096
78 465 58 14.435
79 326 5 55.327
80 782 33 80.361
81 210 50 43.945
82 523 56 86.034
83 1358 17 84.815
84 554 14 92.216
85 52 40 44.134
86 531 11 42.571
87 280 53 15.129
88 566 6 66.377
89 219 47 10.500
90 1411 7 42.014
91 378 52 38.645
92 1071 13 40.359
93 619 11 4.210
94 958 12 31.511
95 1020 6 26.877
96 685 28 25.822
97 329 42 61.128
98 362 8 64.445
99 337 15 17.749
100 425 55 26.555
101 1391 15 9.201
102 583 44 25.943
103 1338 10 22.268
104 139 3 62.329
105 662 57 60.412
106 730 39 58.740
107 1031 12 11.749
108 271 12 57.586
109 1232 39 13.900
110 1278 30 15.920
111 510 6 29.917
112 565 17 22.252
113 610 50 93.602
114 1339 28 43.383
115 1133 45 15.619
116 230 6 85.463
117 1397 60 29.731
118 1166 10 71.581
119 775 46 26.119
120 911 24 73.879
121 1336 4 34.790
122 762 54 43.284
123 761 52 85.800
124 1239 37 7.148
125 1365 28 48.860
126 1134 47 62.842
127 516 30 38.106
128 164 6 46.110
129 165 15 51.921
130 1314 27 34.632
131 796 28 58.441
132 559 38 18.396
133 1250 33 31.048
134 1262 5 65.600
135 999 1 56.312
136 868 48 68.952
137 401 3 49.786
138 1242 21 28.855
139 1402 25 53.811
140 1341 34 7.203
141 801 50 49.031
142 1387 3 8.752
143 105 45 6.205
144 1320 42 85.634
145 925 54 70.517
146 156 51 31.721
147 770 56 94.066
148 175 25 39.530
149 1384 39 99.383
150 661 32 93.974