150
1 665 52 92.360
2 1152 58 58.595
3 1158 8 78.214
4 1210 10 91.397
5 1277 1 81.801
6 1413 9 46.731
7 665 27 76.612
8 890 27 58.897
9 1365 5 56.635
10 544 4 16.877
11 574 28 83.933
12 1047 51 88.175
13 189 9 21.833
14 154 17 27.099
15 705 22 36.418
16 871 20 55.932
17 196 60 57.342
18 553 23 71.285
19 388 17 97.228
20 1066 26 46.639
21 1069 35 33.785
22 624 54 6.974
23 962 34 51.263
24 1208 19 45.990
25 1376 46 83.446
26 1001 2 25.946
27 466 1 70.770
28 958 17 1.903
29 358 53 32.013
30 1258 12 50.007
31 529 58 88.592
32 149 41 58.940
33 604 26 22.902
34 614 53 98.670
35 724 18 75.699
36 257 35 47.692
37 211 51 16.671
38 903 8 39.394
39 1037 36 98.916
40 1076 48 64.463
41 954 12 5.690
42 1414 31 84.264
43 1194 8 59.449
44 1427 5 76.147
45 1389 26 70.560
46 527 44 60.560
47 838 20 91.514
48 525 55 24.351
49 711 47 87.349
50 290 53 87.403
51 700 8 89.318
52 520 50 64.007
53 1208 25 25.735
54 1266 46 75.143
55 1101 54 48.541
56 361 39 37.879
57 393 54 11.765
58 1017 49 58.608
59 480 2 62.084
60 1290 13 14.980
61 64 30 43.454
62 1091 42 93.857
63 84 57 39.243
64 408 5 9.279
65 1034 57 51.422
66 1081 54 75.530
67 964 24 34.775
68 618 22 49.121
69 7 16 97.412
70 474 7 18.702
71 250 39 84.288
72 1011 20 68.542
73 203 24 48.850
74 795 55 90.334
75 850 37 90.189
76 1300 55 67.329
77 229 17 70.335
78 411 10 79.986
79 572 20 99.415
80 1002 54 99.575
81 173 11 91.253
82 898 51 30.211
83 601 6 89.079
84 298 29 0.533
85 356 2 85.530
86 624 22 3.537
87 1110 40 47.857
88 357 39 1.390
89 194 25 82.701
90 1403 4 56.438
91 914 47 71.924
92 551 41 78.893
93 1153 22 18.730
94 1199 56 80.288
95 1334 59 44.480
96 262 44 51.357
97 408 59 94.996
98 645 5 66.438
99 537 51 0.519
100 385 53 28.263
101 444 51 87.801
102 1171 45 41.233
103 328 22 22.995
104 1392 46 40.959
105 949 8 24.766
106 1322 50 99.058
107 327 52 4.554
108 1025 34 79.122
109 691 54 32.170
110 64 12 78.687
111 1022 48 3.270
112 150 41 78.410
113 1382 55 3.643
114 278 46 86.019
115 1011 44 60.390
116 693 55 45.771
117 1258 47 84.902
118 1247 41 42.765
119 213 21 51.105
120 1420 23 22.760
121 900 32 82.636
122 1171 2 32.735
123 421 37 35.990
124 144 40 32.748
125 293 4 18.672
126 387 27 65.918
127 1414 41 14.447
128 803 15 8.274
129 686 16 52.183
130 861 18 41.808
131 877 19 45.901
132 1341 28 3.779
133 1329 40 68.202
134 1142 13 60.826
135 1172 33 68.120
136 200 43 22.256
137 307 1 59.738
138 261 19 47.480
139 806 24 88.733
140 1336 19 76.181
141 214 45 33.405
142 815 1 55.051
143 914 14 80.709
144 1101 15 85.429
145 315 38 1.899
146 65 29 83.695
147 297 15 49.115
148 443 41 49.145
149 1002 9 93.500
150 715 38 71.101