150
1 233 25 41.231
2 640 14 76.462
3 671 37 5.059
4 824 57 57.676
5 950 58 32.425
6 180 1 41.492
7 1214 33 46.384
8 981 34 63.514
9 980 15 44.598
10 35 49 78.582
11 1043 6 11.850
12 1288 25 0.306
13 1139 39 89.296
14 718 11 25.593
15 1409 55 97.102
16 401 52 79.527
17 118 53 94.574
18 747 43 63.298
19 344 22 96.541
20 1013 26 4.415
21 1339 43 71.242
22 387 27 60.448
23 551 57 20.941
24 809 19 20.538
25 533 3 86.752
26 67 13 29.817
27 141 41 37.264
28 1214 27 74.056
29 199 18 96.737
30 790 50 91.642
31 24 28 74.473
32 130 40 88.812
33 772 55 17.776
34 45 46 72.966
35 256 20 82.730
36 664 36 3.926
37 992 46 11.484
38 1295 13 10.809
39 1186 45 89.470
40 1218 20 57.227
41 67 20 95.351
42 40 12 3.726
43 1334 53 71.732
44 191 23 9.276
45 9 46 52.817
46 458 9 29.601
47 816 30 16.846
48 868 35 38.045
49 289 27 44.346
50 269 47 70.208
51 452 24 14.485
52 476 35 56.903
53 1349 26 41.683
54 726 27 25.370
55 531 59 21.257
56 356 18 21.523
57 116 59 90.354
58 769 11 5.501
59 1143 32 13.764
60 1288 2 47.249
61 1200 2 33.477
62 1402 47 55.430
63 927 44 24.495
64 492 57 28.622
65 1196 38 75.844
66 1052 20 81.357
67 193 30 39.307
68 824 17 75.278
69 349 53 47.863
70 1069 35 91.111
71 1242 6 66.529
72 132 6 37.126
73 1120 11 48.262
74 771 48 25.654
75 120 21 7.276
76 614 25 19.529
77 23 45 88.758
78 539 2 26.598
79 1286 48 39.919
80 77 27 78.954
81 125 30 20.726
82 379 47 58.641
83 630 9 79.234
84 94 42 55.498
85 500 22 88.201
86 965 23 7.783
87 104 22 12.903
88 873 60 69.451
89 262 10 56.367
90 262 59 21.644
91 999 14 49.260
92 1414 39 49.719
93 192 8 3.122
94 775 56 90.581
95 1263 7 44.640
96 37 58 73.418
97 892 14 43.438
98 700 52 39.402
99 644 36 90.904
100 590 28 88.235
101 956 55 61.683
102 96 47 0.635
103 813 18 25.347
104 970 45 78.364
105 489 39 59.298
106 320 34 36.147
107 558 1 24.427
108 392 31 78.394
109 1192 3 8.445
110 357 12 88.995
111 385 34 71.961
112 23 58 16.556
113 563 16 60.293
114 144 8 58.180
115 228 28 11.317
116 1036 19 99.842
117 513 30 8.900
118 256 27 82.225
119 1250 30 94.802
120 1182 35 2.503
121 1225 44 98.235
122 69 49 97.762
123 237 16 32.100
124 409 18 67.466
125 206 18 8.167
126 1023 16 96.095
127 1068 25 79.970
128 342 28 39.673
129 1087 44 7.606
130 727 30 50.667
131 1383 32 37.465
132 800 52 1.155
133 275 59 43.656
134 46 9 7.720
135 1430 28 15.392
136 1110 28 20.616
137 1316 19 4.520
138 1160 4 10.578
139 1227 15 53.362
140 1371 56 46.829
141 1072 48 2.951
142 1129 7 47.313
143 1340 56 52.331
144 23 53 22.419
145 710 54 28.211
146 80 11 47.676
147 1380 14 32.680
148 635 33 0.145
149 992 13 84.429
150 1192 40 77.160