150
1 962 43 86.809
2 16 44 48.547
3 209 2 48.186
4 475 5 10.701
5 300 41 22.178
6 711 18 94.691
7 1327 24 30.879
8 1416 53 95.743
9 665 57 63.289
10 198 49 93.188
11 854 15 2.602
12 778 5 62.156
13 156 29 40.780
14 187 3 72.891
15 1185 17 9.748
16 53 49 38.329
17 448 20 93.976
18 1258 25 21.784
19 249 60 43.814
20 309 32 84.600
21 56 27 86.926
22 1201 24 29.586
23 1278 2 11.232
24 1226 39 27.137
25 1103 58 28.691
26 1233 51 35.418
27 762 45 44.458
28 846 15 40.786
29 363 46 34.931
30 1100 9 68.621
31 339 47 46.335
32 323 26 91.937
33 715 52 44.530
34 1111 41 85.604
35 730 29 54.308
36 1284 59 29.998
37 962 55 39.500
38 697 12 32.021
39 815 4 83.680
40 1358 19 42.920
41 343 4 65.062
42 928 14 85.395
43 1314 8 44.779
44 1146 17 68.259
45 1057 39 32.282
46 1165 52 20.444
47 331 54 93.795
48 869 31 36.652
49 5 18 68.921
50 939 27 66.857
51 956 52 44.873
52 1223 2 22.608
53 1200 14 83.043
54 553 50 6.508
55 482 55 40.938
56 594 50 27.603
57 294 33 42.989
58 579 10 30.821
59 376 39 21.075
60 1064 46 84.690
61 1289 29 49.723
62 342 27 71.587
63 1395 35 46.257
64 1031 49 12.680
65 1111 32 23.153
66 1261 6 5.080
67 1403 48 21.155
68 280 6 85.859
69 577 60 78.616
70 99 26 18.868
71 625 17 83.997
72 556 19 58.272
73 838 19 51.766
74 775 24 10.073
75 471 39 6.449
76 384 15 81.366
77 484 45 6.906
78 226 46 10.022
79 858 49 27.377
80 654 57 19.662
81 703 58 29.446
82 48 53 8.523
83 1174 16 0.306
84 33 22 58.921
85 664 49 33.844
86 399 15 93.614
87 998 9 3.744
88 361 38 68.830
89 1036 12 29.328
90 862 35 6.394
91 912 4 79.757
92 35 11 89.787
93 822 58 60.344
94 602 52 29.059
95 578 18 24.877
96 599 11 81.997
97 487 12 58.328
98 1066 38 8.376
99 1390 32 55.754
100 426 38 18.308
101 1436 50 93.845
102 1122 12 13.185
103 32 16 86.442
104 842 15 24.305
105 676 52 50.996
106 890 39 55.811
107 1356 27 35.386
108 1238 19 75.530
109 367 49 83.726
110 89 59 84.845
111 34 41 31.150
112 659 40 31.803
113 284 22 33.856
114 1417 12 95.205
115 1081 49 97.855
116 85 13 78.381
117 785 39 70.632
118 574 34 36.481
119 713 52 82.012
120 354 46 66.195
121 707 56 14.965
122 1213 15 18.556
123 1137 53 76.670
124 57 29 22.265
125 192 3 27.443
126 105 36 10.063
127 591 3 0.358
128 257 40 51.523
129 1251 38 65.988
130 634 1 69.297
131 376 21 37.202
132 1121 52 77.144
133 904 21 31.844
134 267 33 79.827
135 845 6 55.195
136 1316 59 91.214
137 703 47 73.145
138 916 34 94.972
139 135 50 66.737
140 5 56 23.729
141 310 30 85.630
142 276 1 40.789
143 577 45 1.458
144 924 11 37.347
145 328 5 13.830
146 583 5 81.063
147 418 41 65.419
148 1424 18 1.210
149 106 17 33.616
150 1263 17 32.737