150
1 96 52 84.583
2 287 22 19.745
3 640 20 83.282
4 765 46 76.997
5 611 39 70.968
6 790 60 39.485
7 477 17 41.088
8 434 6 76.858
9 88 29 22.538
10 714 36 24.011
11 971 28 54.857
12 360 31 74.242
13 170 4 75.332
14 1157 53 43.589
15 897 40 49.552
16 577 6 3.921
17 975 11 34.538
18 991 44 75.324
19 1096 7 40.262
20 1205 17 85.398
21 36 30 33.372
22 299 55 93.775
23 727 43 52.458
24 510 8 69.186
25 688 12 89.752
26 934 56 29.197
27 841 54 96.078
28 987 32 1.386
29 125 36 98.311
30 842 34 5.821
31 262 6 70.681
32 1266 28 11.267
33 1244 21 3.723
34 1074 15 32.589
35 202 12 35.572
36 861 50 93.892
37 283 12 10.060
38 820 19 48.101
39 887 57 35.082
40 1082 54 79.076
41 618 58 30.801
42 110 22 66.471
43 1301 2 29.557
44 654 18 20.051
45 663 1 52.067
46 207 47 0.819
47 18 58 51.220
48 861 37 34.570
49 413 52 51.658
50 1371 48 74.497
51 165 39 25.115
52 1278 14 22.547
53 35 12 96.047
54 640 40 79.464
55 362 14 66.145
56 935 9 67.450
57 698 45 40.261
58 906 15 81.810
59 1085 13 23.588
60 868 51 9.559
61 1235 20 10.275
62 493 28 15.558
63 256 23 52.211
64 1169 33 37.986
65 900 30 43.144
66 872 5 96.038
67 197 40 29.014
68 660 52 80.060
69 1064 7 90.055
70 17 4 76.390
71 185 51 72.128
72 551 4 47.203
73 617 59 6.318
74 55 38 44.083
75 400 34 98.750
76 569 7 35.651
77 1079 16 95.734
78 6 2 94.117
79 713 39 76.653
80 312 20 40.242
81 285 1 76.739
82 1426 5 95.857
83 540 47 13.365
84 1023 34 35.041
85 1432 18 7.753
86 1239 34 73.281
87 110 41 11.262
88 75 39 82.723
89 115 1 4.127
90 771 10 15.243
91 388 58 52.492
92 1272 41 32.568
93 418 24 91.200
94 734 39 87.988
95 773 49 84.631
96 325 5 38.235
97 1204 49 21.256
98 1091 10 16.549
99 1091 14 47.041
100 1384 38 32.727
101 1347 14 77.853
102 356 14 17.170
103 932 42 16.002
104 266 55 65.109
105 164 35 14.970
106 344 49 97.845
107 159 23 37.919
108 278 18 91.322
109 486 42 53.380
110 566 22 17.179
111 1414 45 10.448
112 1120 33 87.722
113 303 44 62.882
114 577 20 75.952
115 557 25 7.702
116 889 37 27.460
117 138 47 11.828
118 43 53 50.169
119 477 12 79.048
120 507 40 49.244
121 405 15 33.708
122 997 36 98.013
123 370 22 92.559
124 479 15 50.247
125 829 1 78.014
126 293 1 46.532
127 190 11 27.999
128 132 55 56.367
129 1280 55 84.372
130 268 49 82.612
131 40 8 29.728
132 183 2 11.226
133 1005 6 7.517
134 509 38 14.980
135 66 36 11.349
136 236 11 14.773
137 1063 16 27.630
138 186 4 38.153
139 530 38 74.734
140 151 29 56.032
141 988 23 10.394
142 312 51 39.132
143 260 28 15.211
144 177 35 29.681
145 772 52 93.844
146 1233 45 27.346
147 1439 44 64.694
148 820 15 25.782
149 1035 21 14.176
150 939 3 56.598