150
1 531 8 5.236
2 971 44 64.966
3 262 36 79.709
4 698 40 14.507
5 1419 45 81.448
6 569 57 63.303
7 1289 32 27.656
8 1381 55 38.276
9 109 33 75.970
10 1035 32 1.726
11 1407 32 59.560
12 1066 40 74.985
13 1192 59 95.172
14 852 18 61.625
15 1011 58 30.720
16 1006 28 85.815
17 893 20 68.397
18 350 12 89.285
19 1164 56 72.493
20 1132 38 95.981
21 362 54 8.216
22 94 12 12.856
23 325 21 45.798
24 1425 35 11.781
25 389 13 79.298
26 457 2 45.396
27 721 55 32.942
28 1077 59 91.251
29 313 7 49.624
30 671 48 32.326
31 795 53 11.815
32 509 41 79.283
33 441 38 60.033
34 1059 59 84.492
35 386 54 15.337
36 937 37 63.185
37 171 16 27.996
38 78 41 98.955
39 924 37 66.487
40 1421 56 30.710
41 895 37 86.381
42 924 24 12.516
43 232 17 91.504
44 883 18 27.876
45 1096 25 79.637
46 857 5 56.446
47 1174 8 54.721
48 1128 16 23.369
49 737 43 54.311
50 42 25 12.613
51 1041 1 2.725
52 424 7 52.089
53 468 41 6.094
54 932 48 15.244
55 177 44 50.037
56 475 4 7.925
57 385 3 46.087
58 1164 59 16.998
59 798 14 63.859
60 805 24 1.243
61 940 21 28.464
62 377 35 89.146
63 767 37 50.710
64 974 50 63.061
65 518 27 43.594
66 927 59 6.884
67 172 27 90.180
68 863 14 69.276
69 662 8 31.954
70 690 38 54.896
71 939 59 25.195
72 1127 56 46.242
73 599 46 60.534
74 474 49 52.260
75 228 12 1.819
76 1091 25 84.844
77 622 51 9.369
78 1047 21 73.244
79 960 28 1.625
80 389 9 59.660
81 33 43 3.646
82 873 53 34.183
83 352 59 32.859
84 1254 12 42.428
85 656 47 79.602
86 537 16 11.543
87 631 30 5.971
88 1009 9 33.935
89 462 2 77.284
90 1360 27 20.922
91 243 45 87.992
92 1152 40 15.846
93 939 14 78.499
94 1043 45 67.976
95 1113 16 97.930
96 1397 18 54.530
97 1434 2 39.012
98 1224 43 15.197
99 162 60 59.290
100 1005 27 89.438
101 1365 46 38.506
102 1119 15 27.314
103 1408 31 89.289
104 1246 24 90.327
105 587 30 0.177
106 1280 29 80.366
107 244 20 12.373
108 306 43 31.508
109 1058 14 45.357
110 1097 58 73.053
111 828 30 17.310
112 203 40 64.099
113 1440 45 51.629
114 315 41 13.233
115 667 42 52.387
116 682 44 15.706
117 718 46 70.394
118 250 1 96.397
119 1345 33 44.885
120 493 22 97.620
121 280 20 0.402
122 476 27 37.527
123 1174 15 44.227
124 1234 40 14.084
125 363 34 57.132
126 689 31 46.583
127 16 50 12.482
128 810 53 25.907
129 152 50 29.904
130 1282 26 91.021
131 414 58 34.639
132 1297 7 89.158
133 552 2 8.897
134 417 39 89.854
135 39 26 76.341
136 588 1 40.380
137 463 9 20.348
138 397 35 9.852
139 603 32 57.208
140 441 48 82.693
141 1276 1 11.863
142 478 15 45.739
143 1372 37 70.178
144 381 21 18.226
145 1144 53 54.994
146 1379 56 69.745
147 1080 31 65.432
148 1354 52 79.637
149 1341 37 97.199
150 1040 47 49.107