150
1 238 52 54.422
2 51 14 64.647
3 585 12 76.467
4 407 50 11.254
5 1239 47 46.815
6 1176 29 80.131
7 39 35 79.639
8 1131 45 5.344
9 156 31 84.546
10 1056 10 79.621
11 1045 43 12.594
12 535 12 36.391
13 81 57 95.202
14 1207 11 98.335
15 230 5 18.434
16 1305 48 22.923
17 1308 55 37.568
18 338 9 84.536
19 81 58 50.808
20 1053 24 58.904
21 10 45 64.432
22 88 44 85.183
23 1003 32 99.750
24 692 20 94.272
25 1440 30 79.189
26 1220 28 88.845
27 1085 48 22.790
28 1414 32 39.825
29 594 8 53.017
30 17 25 18.152
31 1297 10 3.636
32 216 53 36.355
33 880 2 43.196
34 1091 4 74.065
35 1367 12 72.370
36 1216 13 98.875
37 947 45 13.934
38 866 37 55.237
39 1338 12 11.214
40 916 27 16.067
41 863 46 46.072
42 1015 31 90.722
43 573 34 92.542
44 1416 52 6.303
45 1421 48 92.139
46 1045 58 64.912
47 635 55 9.166
48 1318 6 73.602
49 430 6 25.029
50 536 47 10.348
51 494 17 57.098
52 1269 37 9.261
53 397 34 47.715
54 264 11 73.377
55 368 56 58.507
56 1075 46 80.488
57 1101 5 68.038
58 1056 22 21.314
59 1406 27 15.711
60 876 60 28.447
61 736 20 61.952
62 576 44 58.361
63 260 53 62.003
64 1297 6 62.181
65 256 11 75.448
66 255 32 14.329
67 792 50 31.671
68 167 20 52.100
69 980 26 41.414
70 160 50 40.265
71 280 24 96.790
72 1093 53 77.952
73 419 29 25.661
74 1190 32 43.752
75 47 11 88.288
76 50 9 17.085
77 1417 32 93.724
78 508 35 69.626
79 34 44 80.325
80 1225 56 24.970
81 442 18 52.033
82 93 3 32.585
83 1282 20 36.130
84 51 19 75.187
85 1084 37 29.897
86 191 55 57.347
87 432 50 13.357
88 1281 20 16.051
89 403 7 83.853
90 402 39 67.825
91 380 14 0.541
92 477 51 61.724
93 238 50 41.120
94 178 30 84.965
95 1081 1 71.222
96 462 39 71.386
97 1168 56 26.192
98 649 40 66.056
99 866 9 68.200
100 710 54 82.486
101 809 32 43.200
102 1190 47 35.545
103 279 46 13.513
104 1119 34 72.540
105 375 32 26.746
106 760 53 81.602
107 34 18 15.629
108 1312 7 21.122
109 665 36 75.184
110 493 32 36.089
111 1347 8 97.203
112 1237 59 82.859
113 1167 1 57.121
114 994 46 18.737
115 1091 56 40.537
116 21 4 66.996
117 788 21 44.188
118 1095 50 29.698
119 232 28 70.473
120 351 23 3.084
121 953 31 2.592
122 37 17 81.458
123 983 24 65.657
124 1021 54 73.693
125 1031 14 83.186
126 493 22 69.485
127 778 42 38.052
128 64 37 58.225
129 1064 40 2.760
130 44 58 58.226
131 582 51 33.980
132 318 5 82.883
133 1016 41 74.587
134 1234 12 5.277
135 500 16 72.114
136 929 15 62.750
137 1095 44 40.328
138 44 47 87.083
139 1018 41 73.926
140 559 30 60.094
141 1191 3 21.541
142 1351 8 57.922
143 598 17 50.660
144 252 25 91.633
145 557 14 99.135
146 922 21 93.241
147 926 8 31.311
148 801 38 76.293
149 158 3 44.522
150 307 46 28.702