150
1 1036 6 91.405
2 208 46 99.587
3 277 20 92.133
4 602 30 2.880
5 1319 36 82.646
6 156 3 57.219
7 292 59 60.793
8 436 20 23.822
9 25 16 5.118
10 556 20 70.238
11 82 58 52.325
12 1194 49 0.538
13 1043 38 38.535
14 283 39 24.125
15 1022 13 72.296
16 639 14 71.331
17 1329 30 9.607
18 1283 35 65.940
19 279 46 47.614
20 651 2 24.158
21 422 48 9.401
22 384 5 95.515
23 269 19 81.795
24 847 28 64.364
25 79 41 26.848
26 809 37 7.186
27 696 19 80.687
28 1201 15 20.857
29 923 40 3.343
30 1101 13 43.854
31 73 49 47.751
32 144 16 66.997
33 837 4 15.643
34 62 3 12.730
35 1006 29 56.651
36 958 21 81.150
37 1287 18 68.724
38 265 24 19.985
39 397 1 46.427
40 284 53 12.500
41 685 52 45.587
42 1061 53 57.630
43 1183 38 1.757
44 1021 5 9.018
45 242 10 19.641
46 475 12 32.328
47 841 8 50.274
48 424 30 89.945
49 653 9 85.363
50 551 10 58.719
51 735 22 76.921
52 534 44 27.400
53 569 35 65.586
54 544 27 63.037
55 1166 19 77.275
56 544 4 87.807
57 835 9 38.296
58 874 16 17.573
59 1046 9 78.137
60 762 33 79.269
61 313 12 56.863
62 1004 10 22.008
63 701 8 97.896
64 1061 33 54.729
65 98 6 97.731
66 983 28 95.154
67 872 27 69.449
68 1343 36 78.566
69 822 25 97.231
70 1270 7 61.864
71 301 26 10.638
72 1105 26 13.230
73 1374 18 99.278
74 839 14 50.141
75 511 3 2.885
76 330 43 34.038
77 379 38 27.834
78 309 38 4.942
79 1317 38 44.570
80 900 49 28.860
81 1370 41 40.535
82 329 12 70.285
83 1404 37 18.208
84 451 4 65.710
85 877 12 57.868
86 1021 10 31.486
87 619 23 90.262
88 637 4 63.659
89 1139 48 18.169
90 36 32 50.016
91 446 57 68.556
92 818 19 82.918
93 20 45 85.011
94 808 35 79.702
95 904 27 75.282
96 1065 25 44.300
97 1388 8 43.153
98 158 32 69.200
99 1185 46 94.688
100 680 17 54.169
101 556 3 56.102
102 262 23 87.944
103 1407 5 48.330
104 172 10 87.260
105 205 13 97.237
106 447 29 36.079
107 204 58 95.900
108 409 50 98.856
109 56 50 53.118
110 657 15 35.578
111 1110 12 68.640
112 155 16 8.690
113 577 32 41.759
114 485 35 89.867
115 1193 43 30.256
116 1411 21 4.443
117 72 16 25.271
118 762 4 67.008
119 488 13 1.713
120 1221 36 94.784
121 643 18 19.909
122 942 25 85.580
123 887 57 12.380
124 1090 28 61.541
125 948 28 2.439
126 1306 13 17.724
127 226 21 70.741
128 139 57 46.290
129 423 3 21.366
130 165 6 43.509
131 733 26 80.718
132 355 5 14.091
133 339 50 82.331
134 542 36 95.331
135 2 46 37.220
136 1010 20 20.755
137 387 8 4.448
138 1210 24 81.157
139 355 3 96.580
140 1427 17 18.714
141 1131 5 93.956
142 670 38 21.563
143 933 20 10.918
144 1431 48 52.135
145 647 22 18.452
146 564 25 49.888
147 887 48 12.534
148 253 24 66.264
149 1266 20 97.783
150 599 38 45.077