150
1 465 6 23.785
2 930 50 34.085
3 389 21 30.247
4 24 59 47.462
5 379 30 34.937
6 842 35 81.847
7 654 22 7.070
8 1380 38 11.037
9 750 34 5.686
10 1083 60 16.372
11 623 15 70.146
12 926 6 7.964
13 269 53 76.747
14 220 41 53.499
15 1086 13 35.828
16 503 17 48.984
17 523 52 68.178
18 268 40 79.300
19 180 51 26.751
20 1189 8 14.028
21 95 46 86.600
22 522 18 28.890
23 166 16 19.328
24 300 35 55.430
25 563 17 52.714
26 228 25 5.995
27 310 12 13.984
28 1343 31 81.177
29 803 59 28.792
30 825 42 22.889
31 757 53 76.571
32 437 56 53.413
33 431 17 16.696
34 675 3 10.951
35 184 51 77.939
36 467 19 51.668
37 1399 6 1.657
38 196 17 80.543
39 1039 55 37.794
40 1218 34 29.424
41 656 27 43.029
42 970 14 8.816
43 1207 12 67.118
44 1357 1 90.522
45 1120 36 75.215
46 756 44 97.197
47 1080 52 65.009
48 1040 3 76.255
49 907 26 93.185
50 1370 60 72.268
51 721 13 65.416
52 1137 52 33.288
53 159 14 63.875
54 1128 51 76.298
55 792 50 62.522
56 325 55 72.522
57 24 56 47.909
58 1303 14 59.986
59 1382 17 53.326
60 1019 26 86.536
61 443 8 52.237
62 107 35 24.563
63 416 5 49.389
64 1107 47 49.655
65 419 20 57.559
66 439 11 92.124
67 969 7 67.965
68 269 15 26.192
69 548 25 38.737
70 152 46 52.008
71 985 37 14.901
72 591 53 18.547
73 51 25 51.612
74 880 42 69.815
75 1044 33 26.850
76 153 37 68.953
77 1201 39 76.210
78 112 42 70.206
79 1158 37 92.472
80 1323 14 0.421
81 1307 34 46.179
82 1145 46 46.913
83 1050 4 2.348
84 545 10 76.069
85 1342 28 21.609
86 74 35 80.331
87 95 59 43.328
88 935 54 11.345
89 43 12 61.830
90 1319 30 65.868
91 14 3 48.936
92 1130 5 60.200
93 686 35 13.505
94 177 8 63.014
95 1244 28 59.707
96 1188 53 24.297
97 1168 7 67.130
98 974 50 1.960
99 1428 30 59.155
100 545 33 52.293
101 165 53 58.102
102 412 59 85.270
103 300 26 36.902
104 649 1 25.580
105 911 20 57.941
106 34 44 0.564
107 642 5 92.149
108 1179 38 67.361
109 190 42 91.113
110 357 18 63.637
111 597 1 96.032
112 516 9 13.600
113 517 30 8.481
114 1231 42 68.943
115 789 22 14.122
116 383 53 49.777
117 1081 20 67.777
118 1387 51 55.339
119 1208 19 68.817
120 1117 8 63.520
121 241 16 1.451
122 58 58 6.549
123 820 28 25.173
124 797 3 15.969
125 474 33 87.887
126 391 53 31.171
127 1375 29 47.890
128 202 53 81.476
129 492 15 82.030
130 343 32 99.234
131 762 32 25.856
132 9 1 37.771
133 769 34 64.972
134 625 34 8.407
135 1300 21 28.495
136 839 25 12.328
137 1093 35 1.322
138 190 9 22.929
139 541 14 39.659
140 1418 20 61.269
141 33 13 75.319
142 990 14 32.620
143 456 51 8.559
144 1410 31 42.971
145 298 6 37.425
146 438 34 13.662
147 637 60 59.735
148 474 47 14.183
149 1026 7 87.271
150 627 2 72.344