150
1 845 12 84.417
2 957 6 49.167
3 897 47 16.777
4 86 50 69.412
5 1249 51 9.190
6 1017 57 11.114
7 70 40 91.060
8 1383 19 47.066
9 587 28 32.442
10 546 35 26.657
11 983 1 97.857
12 1020 30 1.936
13 51 47 9.703
14 238 60 95.908
15 1136 51 84.211
16 870 22 67.275
17 891 1 26.580
18 533 37 59.123
19 577 1 41.505
20 795 56 93.133
21 1079 33 86.080
22 604 52 81.468
23 982 19 82.995
24 1364 19 41.153
25 1000 21 26.059
26 213 13 54.197
27 254 19 15.659
28 42 49 47.859
29 1207 37 53.630
30 940 23 74.993
31 1001 18 80.906
32 108 42 72.976
33 295 29 88.887
34 1163 23 7.217
35 735 11 17.977
36 699 48 80.071
37 1342 2 51.478
38 1314 15 5.877
39 1069 4 42.689
40 1266 46 37.759
41 331 7 68.631
42 179 43 29.073
43 271 35 91.106
44 625 40 34.304
45 234 51 27.442
46 91 7 25.146
47 137 54 22.308
48 1175 16 63.809
49 389 35 24.217
50 1231 34 59.571
51 577 51 41.299
52 194 42 60.862
53 676 18 70.651
54 619 19 23.559
55 795 21 57.611
56 146 51 32.560
57 515 40 28.362
58 1024 35 42.534
59 510 45 58.230
60 977 2 75.970
61 245 24 72.116
62 45 11 68.168
63 176 47 46.398
64 1086 10 20.474
65 1057 20 17.359
66 1119 12 49.052
67 888 54 55.741
68 1084 23 5.792
69 137 60 57.235
70 409 10 35.326
71 337 12 21.442
72 237 48 61.294
73 1355 50 85.395
74 224 58 0.654
75 184 5 28.770
76 1014 37 12.922
77 1000 7 19.586
78 1160 59 97.017
79 857 43 36.935
80 1308 42 34.421
81 1346 45 87.742
82 698 58 35.719
83 577 19 38.388
84 403 42 72.269
85 969 31 71.049
86 266 43 94.704
87 111 54 58.721
88 1309 37 64.611
89 462 50 47.412
90 775 7 32.890
91 915 34 12.544
92 345 11 4.194
93 1068 49 86.111
94 1029 14 7.076
95 470 39 28.613
96 273 22 0.469
97 1054 38 66.356
98 1383 47 38.244
99 1056 24 2.794
100 723 59 60.201
101 1256 60 52.011
102 722 43 36.776
103 971 37 60.328
104 748 55 76.510
105 738 5 69.122
106 185 46 86.263
107 16 1 62.506
108 372 13 7.697
109 348 32 63.133
110 339 45 8.913
111 1415 59 74.761
112 1347 40 91.050
113 422 46 9.099
114 448 50 10.129
115 538 20 61.951
116 1003 10 97.638
117 1139 24 57.113
118 399 41 27.531
119 415 2 35.647
120 1035 49 30.319
121 1276 47 4.332
122 634 10 46.073
123 1031 4 35.437
124 1126 53 54.009
125 953 25 92.002
126 1309 2 85.987
127 237 4 56.367
128 752 29 66.072
129 428 6 45.699
130 1415 51 54.721
131 489 37 29.134
132 572 5 65.108
133 1051 14 27.064
134 1006 24 87.522
135 1434 21 99.942
136 1112 17 40.031
137 469 41 88.517
138 572 18 56.152
139 782 9 76.850
140 1201 30 82.872
141 12 30 34.749
142 1242 37 9.880
143 952 18 61.988
144 134 40 28.146
145 514 55 63.690
146 834 32 56.247
147 1009 4 51.190
148 876 12 91.939
149 264 56 29.233
150 47 14 62.392