150
1 512 39 36.391
2 1102 31 79.277
3 247 34 77.135
4 1204 52 11.967
5 480 13 18.343
6 199 57 94.996
7 208 54 88.083
8 306 17 13.166
9 56 36 48.448
10 557 9 87.473
11 1163 11 37.632
12 443 29 98.885
13 956 8 65.269
14 572 14 11.554
15 447 23 51.729
16 294 42 29.218
17 31 60 25.877
18 930 28 64.754
19 187 13 41.339
20 938 45 52.433
21 1126 59 43.115
22 1016 36 89.053
23 1257 50 71.318
24 1411 14 47.801
25 272 19 24.799
26 1261 7 60.849
27 1093 5 98.758
28 1286 42 24.689
29 772 19 21.170
30 1115 11 62.152
31 647 55 79.435
32 1363 26 81.571
33 489 47 21.202
34 1039 2 94.634
35 1050 42 65.978
36 52 24 4.745
37 943 41 12.023
38 174 34 1.576
39 93 20 3.967
40 1285 3 9.850
41 171 22 65.989
42 306 27 70.348
43 762 43 51.556
44 1369 15 39.123
45 1280 10 50.942
46 19 33 32.932
47 853 25 79.835
48 253 27 20.548
49 1007 15 67.367
50 697 1 54.651
51 41 15 37.831
52 22 45 84.073
53 201 51 80.034
54 1237 4 48.064
55 138 43 17.524
56 873 44 26.599
57 752 54 37.356
58 508 31 41.329
59 1049 47 34.643
60 321 54 75.095
61 1277 1 9.028
62 9 6 6.080
63 771 41 7.844
64 172 39 99.165
65 409 30 78.705
66 648 9 93.837
67 856 32 62.004
68 1277 36 49.552
69 1438 50 29.583
70 37 52 68.726
71 732 20 11.659
72 789 18 21.408
73 625 10 30.281
74 39 29 76.589
75 65 57 90.640
76 816 39 0.533
77 85 49 39.750
78 261 29 3.199
79 544 34 33.693
80 289 41 60.989
81 649 56 63.031
82 43 2 11.131
83 319 33 99.648
84 1137 13 89.365
85 641 37 47.604
86 1103 14 92.639
87 1149 56 0.737
88 353 49 18.158
89 324 24 92.617
90 219 16 70.154
91 744 24 62.967
92 697 7 55.974
93 1137 7 21.300
94 1123 30 22.569
95 29 51 12.480
96 526 19 99.365
97 1064 5 42.040
98 1039 2 92.210
99 137 34 73.773
100 105 50 71.653
101 745 54 67.994
102 1132 2 95.895
103 1096 18 60.794
104 604 18 28.479
105 486 10 65.676
106 1307 22 86.445
107 759 8 24.993
108 384 5 36.233
109 273 50 80.386
110 241 39 23.211
111 1194 31 77.196
112 1057 32 12.968
113 90 13 14.735
114 648 49 69.929
115 1225 57 33.305
116 961 10 41.309
117 288 52 64.870
118 886 3 18.216
119 227 33 72.134
120 506 22 51.176
121 319 44 61.095
122 791 26 15.862
123 808 16 93.609
124 375 25 89.574
125 1262 58 24.613
126 276 27 25.682
127 543 31 7.171
128 1059 60 34.187
129 517 55 40.857
130 241 36 89.956
131 1378 54 16.596
132 125 28 34.505
133 960 4 81.439
134 1143 2 87.327
135 441 41 91.094
136 1314 53 76.061
137 1038 6 22.177
138 1263 18 45.105
139 1362 49 11.847
140 617 39 41.307
141 686 1 95.145
142 1195 25 42.361
143 1147 2 92.207
144 1090 17 4.374
145 445 16 96.575
146 1081 3 20.541
147 1324 45 83.747
148 1345 51 58.613
149 870 30 53.926
150 668 31 55.527