150
1 598 2 86.702
2 132 7 25.348
3 675 24 79.586
4 792 31 61.110
5 1165 48 30.768
6 58 34 96.006
7 554 51 62.694
8 464 42 62.483
9 247 29 0.704
10 1074 28 68.450
11 202 45 34.288
12 307 9 54.562
13 1271 26 42.805
14 559 9 60.167
15 150 56 94.853
16 1121 10 35.101
17 742 3 41.496
18 1239 11 34.454
19 715 32 90.817
20 1120 60 50.755
21 116 58 50.811
22 444 11 2.342
23 371 5 82.416
24 951 34 95.286
25 173 53 80.839
26 922 54 87.038
27 773 10 32.261
28 1216 14 54.822
29 1411 47 31.882
30 673 19 2.679
31 1386 19 3.447
32 1100 19 23.657
33 489 22 84.694
34 285 43 75.757
35 1285 7 38.289
36 782 38 68.638
37 215 50 50.185
38 1369 5 39.148
39 1226 5 43.249
40 1350 27 65.630
41 931 47 56.004
42 1321 2 45.527
43 753 29 95.973
44 595 39 62.930
45 1202 42 1.916
46 1224 24 76.233
47 560 23 68.738
48 311 52 95.014
49 1380 26 17.199
50 201 31 75.345
51 489 42 1.028
52 1436 8 94.342
53 46 41 41.538
54 693 60 78.342
55 1412 51 54.260
56 690 40 7.360
57 320 51 7.607
58 283 20 16.794
59 1128 38 35.474
60 580 18 42.157
61 1435 48 83.721
62 247 12 18.800
63 1242 20 26.856
64 617 4 61.559
65 47 59 40.912
66 1381 29 45.853
67 899 38 95.548
68 472 53 42.655
69 44 40 34.196
70 9 38 34.137
71 338 35 63.454
72 198 28 37.615
73 537 49 43.604
74 226 24 84.640
75 117 30 28.560
76 814 37 34.606
77 1150 38 33.304
78 169 25 76.062
79 891 53 49.581
80 335 43 54.089
81 1078 50 69.704
82 538 58 10.756
83 1081 1 90.267
84 1309 51 21.363
85 544 5 46.552
86 1228 13 46.789
87 738 6 74.626
88 550 15 56.466
89 532 46 1.692
90 1378 4 25.638
91 1127 51 78.672
92 370 27 33.344
93 267 56 82.945
94 363 33 78.776
95 1247 15 9.505
96 492 17 15.123
97 584 5 83.783
98 732 20 71.239
99 889 43 76.718
100 1167 50 18.640
101 85 34 80.138
102 567 26 51.047
103 211 54 47.021
104 571 42 75.896
105 1255 27 17.418
106 293 41 2.995
107 1024 5 98.987
108 491 34 26.855
109 570 48 22.727
110 10 8 40.252
111 1073 5 52.409
112 1231 13 6.927
113 1436 42 39.903
114 173 28 97.889
115 906 38 82.322
116 519 59 29.810
117 99 32 60.978
118 554 38 55.591
119 62 1 82.747
120 1439 4 27.252
121 1199 46 34.432
122 615 7 92.168
123 110 58 78.874
124 984 40 38.305
125 484 45 12.325
126 1212 15 37.413
127 37 33 74.155
128 1029 49 27.438
129 191 40 39.823
130 280 4 53.991
131 21 56 71.571
132 566 56 5.613
133 477 56 63.285
134 989 34 62.384
135 280 57 46.929
136 719 46 25.426
137 1405 12 83.117
138 762 19 29.704
139 970 43 33.183
140 966 53 92.868
141 1121 53 6.148
142 1413 35 26.737
143 1207 59 80.576
144 603 21 43.884
145 1085 29 22.311
146 295 10 16.440
147 848 41 96.607
148 1233 31 97.137
149 1301 25 97.492
150 115 15 22.938