150
1 8 15 93.175
2 56 8 18.511
3 58 20 68.055
4 1224 43 64.806
5 1073 13 32.482
6 495 9 69.952
7 1027 42 52.970
8 111 16 78.181
9 966 25 58.903
10 686 33 78.970
11 1229 44 76.218
12 1250 13 72.254
13 365 25 75.709
14 868 24 26.809
15 1030 53 14.593
16 655 37 90.379
17 180 16 3.607
18 859 45 32.715
19 197 38 49.288
20 82 3 69.026
21 1246 48 90.157
22 460 13 78.154
23 267 42 54.916
24 1030 53 52.534
25 665 47 72.629
26 907 56 76.923
27 719 55 28.756
28 256 47 56.443
29 120 49 99.498
30 490 30 19.370
31 571 45 11.797
32 728 49 31.279
33 984 24 52.853
34 1015 57 56.860
35 742 27 11.851
36 1009 31 51.939
37 1015 1 84.099
38 773 58 19.079
39 996 24 14.050
40 293 21 85.973
41 666 6 76.184
42 1267 13 33.828
43 72 33 83.866
44 1431 41 82.957
45 78 39 94.409
46 913 16 82.851
47 881 46 34.839
48 167 38 9.362
49 818 36 78.293
50 308 53 28.789
51 847 19 29.988
52 1306 17 40.914
53 957 2 68.654
54 891 52 46.522
55 256 14 10.269
56 722 1 68.873
57 787 42 44.469
58 718 24 34.617
59 227 19 33.190
60 159 20 50.379
61 862 29 0.490
62 789 34 49.109
63 741 2 53.440
64 925 51 86.247
65 930 39 83.734
66 160 33 91.942
67 981 1 67.120
68 51 35 32.596
69 230 29 53.841
70 89 59 43.456
71 150 47 18.857
72 283 31 37.797
73 978 51 26.068
74 1133 31 66.697
75 1244 45 23.165
76 278 30 63.260
77 1310 23 59.447
78 159 36 15.604
79 532 17 15.553
80 423 57 47.872
81 443 11 97.479
82 102 17 52.918
83 994 42 94.261
84 110 8 44.970
85 704 7 27.553
86 262 9 17.500
87 500 20 45.489
88 754 38 60.406
89 795 52 55.815
90 244 33 72.263
91 528 38 87.895
92 1163 59 71.863
93 219 9 76.582
94 873 39 39.419
95 580 55 91.857
96 182 25 84.390
97 49 50 55.795
98 573 50 98.873
99 1054 21 87.454
100 1062 10 0.936
101 1175 38 2.674
102 382 25 9.707
103 311 48 30.133
104 242 27 75.992
105 650 47 14.824
106 619 45 86.974
107 1066 36 71.778
108 310 12 1.280
109 517 8 36.881
110 1008 41 68.285
111 1385 16 74.341
112 364 48 70.232
113 400 60 49.444
114 804 32 46.027
115 1416 38 63.243
116 341 42 99.991
117 1174 59 11.823
118 97 22 21.523
119 880 17 93.999
120 929 53 45.027
121 118 24 52.935
122 216 58 97.231
123 1400 42 99.188
124 1379 17 96.686
125 784 19 32.461
126 362 5 81.360
127 1196 16 9.990
128 660 53 15.845
129 11 21 82.496
130 398 5 80.107
131 1059 23 97.119
132 275 9 39.175
133 233 49 40.837
134 126 18 81.388
135 757 9 98.063
136 100 27 88.831
137 119 55 67.820
138 143 16 82.882
139 470 3 55.486
140 811 29 61.893
141 507 57 71.044
142 452 54 10.034
143 993 60 65.766
144 108 10 16.812
145 1065 19 40.238
146 549 10 36.054
147 209 24 10.050
148 1093 6 77.169
149 627 21 89.914
150 1032 12 79.797