150
1 1146 20 80.493
2 273 46 56.076
3 1284 19 59.756
4 446 16 35.095
5 1123 36 30.144
6 1253 48 55.901
7 287 15 23.171
8 790 46 75.956
9 214 3 42.096
10 702 33 38.517
11 755 20 70.242
12 1244 51 80.605
13 315 14 27.208
14 326 25 44.940
15 1059 42 23.827
16 1387 43 94.491
17 421 32 36.229
18 1053 34 99.945
19 213 50 54.836
20 713 40 94.198
21 1273 31 47.662
22 236 41 8.229
23 1366 3 45.130
24 426 14 26.952
25 154 53 68.209
26 260 24 78.566
27 1279 13 22.296
28 964 13 88.073
29 166 43 8.241
30 95 8 97.683
31 316 56 12.197
32 622 8 34.583
33 85 30 95.483
34 1369 43 37.288
35 423 42 79.760
36 1367 52 90.196
37 977 56 20.697
38 4 52 3.605
39 1132 19 40.948
40 846 7 71.878
41 1017 29 53.542
42 445 55 27.599
43 285 24 91.176
44 165 38 55.001
45 1124 58 59.628
46 87 1 15.937
47 1122 32 62.373
48 708 29 43.521
49 178 21 63.243
50 1301 2 10.381
51 1388 5 42.557
52 69 20 78.349
53 460 14 94.687
54 718 7 76.275
55 1118 15 26.547
56 656 51 21.012
57 676 4 12.357
58 1136 14 81.120
59 145 3 73.081
60 1023 24 45.533
61 780 28 75.066
62 571 59 95.134
63 1291 22 95.602
64 632 37 59.239
65 262 44 89.015
66 763 57 43.838
67 335 7 14.004
68 663 40 96.270
69 1079 58 25.165
70 470 46 41.945
71 470 17 47.419
72 152 17 43.346
73 190 8 46.801
74 143 51 64.894
75 975 5 80.576
76 465 11 48.922
77 200 57 49.950
78 446 4 80.645
79 1400 12 24.363
80 337 59 90.251
81 1209 48 94.119
82 1006 49 35.149
83 1378 22 39.213
84 7 24 25.021
85 191 28 5.232
86 909 12 50.308
87 1234 17 81.729
88 1021 48 80.353
89 1336 16 43.484
90 223 26 18.685
91 518 4 17.525
92 190 29 49.037
93 1006 19 56.138
94 1301 46 6.168
95 1046 38 43.146
96 104 55 38.759
97 242 46 12.882
98 977 3 66.832
99 1187 33 33.193
100 452 2 95.176
101 830 54 12.650
102 1373 1 78.916
103 1211 7 6.387
104 632 30 9.378
105 707 32 21.128
106 536 55 48.789
107 1028 44 96.233
108 136 1 66.141
109 588 45 44.992
110 478 20 36.602
111 1344 32 37.708
112 1259 22 70.199
113 211 47 65.608
114 7 56 62.028
115 447 41 21.158
116 280 19 65.766
117 77 16 9.110
118 657 2 22.419
119 1202 38 56.997
120 1237 36 74.579
121 425 35 41.233
122 1395 10 44.114
123 1069 38 69.832
124 834 19 35.526
125 685 11 74.162
126 306 6 28.320
127 387 55 45.836
128 184 59 2.111
129 857 51 9.888
130 850 20 92.483
131 117 2 26.388
132 800 22 38.193
133 704 44 4.956
134 1153 11 38.083
135 671 2 46.678
136 925 36 87.765
137 1329 58 79.340
138 1207 50 80.059
139 264 17 28.829
140 109 19 95.524
141 473 7 48.105
142 684 1 70.239
143 1277 36 86.564
144 1323 24 53.647
145 474 37 7.341
146 391 53 32.191
147 559 10 42.200
148 370 10 68.560
149 611 42 26.820
150 1270 20 89.200