150
1 39 58 75.609
2 434 43 2.296
3 431 39 34.043
4 819 52 11.029
5 340 49 50.931
6 41 30 9.099
7 459 22 27.955
8 18 8 35.860
9 1186 24 36.700
10 958 10 31.781
11 835 18 41.991
12 883 16 35.286
13 1015 59 9.479
14 768 46 92.068
15 812 17 30.546
16 614 53 45.424
17 349 37 31.682
18 673 25 61.621
19 1149 45 21.879
20 250 7 99.031
21 574 39 80.440
22 786 44 14.660
23 741 46 16.129
24 298 21 71.383
25 1248 1 0.041
26 336 60 46.555
27 950 12 52.528
28 955 54 44.981
29 294 58 54.259
30 1102 22 51.545
31 1408 60 55.043
32 1088 41 15.289
33 343 28 89.164
34 1242 55 97.978
35 1343 26 97.148
36 575 6 14.836
37 887 6 57.732
38 270 59 17.934
39 21 43 52.201
40 119 44 60.683
41 425 52 46.396
42 228 4 79.993
43 1141 7 25.789
44 653 53 84.882
45 405 7 54.855
46 610 16 44.765
47 521 8 6.408
48 1071 45 32.643
49 1185 56 30.169
50 1051 42 71.163
51 115 48 1.185
52 1189 6 60.122
53 1051 55 56.653
54 1402 7 6.206
55 703 12 15.974
56 1322 51 28.628
57 146 26 70.040
58 384 33 81.373
59 590 57 35.046
60 393 55 38.603
61 457 37 4.689
62 922 39 74.235
63 758 6 2.018
64 561 50 67.125
65 502 42 57.858
66 325 31 36.071
67 196 56 56.096
68 383 57 54.210
69 839 14 38.391
70 1288 28 0.224
71 475 3 32.810
72 822 14 25.849
73 926 47 64.444
74 60 51 46.761
75 909 52 67.831
76 1033 19 4.987
77 1010 52 87.960
78 1347 59 93.055
79 1368 21 26.231
80 334 30 40.243
81 154 48 11.817
82 888 28 35.798
83 116 4 80.891
84 20 5 34.036
85 1433 20 72.747
86 709 52 80.437
87 959 19 94.648
88 954 12 26.020
89 82 13 20.817
90 1281 45 52.528
91 938 40 77.365
92 912 41 96.614
93 891 14 98.829
94 1160 44 54.278
95 894 24 10.439
96 1301 18 27.685
97 1432 10 25.706
98 837 27 97.582
99 744 34 23.223
100 1317 37 89.497
101 898 41 89.212
102 1253 39 5.818
103 1357 38 23.387
104 80 27 1.528
105 1434 7 4.252
106 1122 17 63.067
107 973 12 99.445
108 614 19 18.655
109 780 42 91.156
110 1257 2 36.596
111 1431 28 47.209
112 1288 10 90.246
113 716 32 94.759
114 282 43 71.369
115 616 54 5.495
116 449 1 72.849
117 238 33 84.210
118 700 45 13.239
119 894 35 14.760
120 1045 28 49.351
121 359 20 63.696
122 1297 3 97.255
123 1034 43 34.444
124 793 16 49.603
125 1275 7 71.320
126 1154 45 66.449
127 1159 1 2.230
128 257 25 14.916
129 668 30 24.099
130 600 46 12.776
131 254 56 77.910
132 789 42 72.893
133 1348 23 89.076
134 973 4 33.200
135 810 33 23.283
136 361 41 24.190
137 1152 23 78.105
138 1237 6 63.638
139 1154 16 42.651
140 1222 23 40.476
141 960 18 76.217
142 1420 21 40.505
143 146 25 79.517
144 1004 14 14.519
145 1154 6 23.846
146 614 32 23.817
147 15 43 51.084
148 653 59 2.935
149 122 53 43.145
150 180 37 7.574