150
1 944 27 18.955
2 713 23 44.074
3 353 52 80.746
4 613 31 40.101
5 201 15 59.081
6 1383 5 56.042
7 1137 17 90.230
8 58 31 20.622
9 1178 49 22.200
10 604 9 64.520
11 192 10 88.842
12 786 19 19.348
13 181 19 17.471
14 110 42 87.178
15 458 18 38.700
16 6 44 72.751
17 1080 17 44.594
18 941 55 46.446
19 53 8 33.209
20 451 53 90.156
21 616 21 31.682
22 658 11 3.592
23 941 44 18.596
24 486 21 17.867
25 707 12 38.975
26 820 6 86.870
27 455 49 2.235
28 1171 37 80.628
29 104 53 18.573
30 1211 47 45.998
31 1284 55 34.987
32 839 29 36.502
33 342 54 39.118
34 791 40 22.242
35 1172 9 23.583
36 159 7 45.037
37 596 32 49.413
38 1430 12 90.524
39 829 48 63.617
40 813 53 29.779
41 875 7 80.628
42 862 14 79.531
43 669 16 28.770
44 789 51 31.917
45 1362 15 10.900
46 1365 9 62.507
47 1158 23 86.465
48 536 46 27.857
49 531 58 22.280
50 478 22 15.485
51 376 3 43.120
52 445 53 79.631
53 349 47 51.215
54 1425 12 35.498
55 1430 24 76.961
56 967 46 33.385
57 225 54 75.211
58 216 38 39.463
59 967 1 97.205
60 1287 24 90.066
61 1067 58 47.748
62 248 29 11.990
63 242 31 93.907
64 1019 12 81.466
65 1087 30 93.902
66 1130 40 99.787
67 658 29 99.959
68 501 17 6.099
69 889 8 78.183
70 514 19 82.688
71 1258 55 40.370
72 942 15 28.265
73 145 56 19.047
74 481 21 7.207
75 1379 55 29.693
76 659 41 16.234
77 480 45 33.494
78 1290 36 50.847
79 456 25 72.222
80 938 22 21.999
81 1263 35 22.663
82 896 4 59.872
83 989 28 43.936
84 435 52 95.818
85 1003 59 83.430
86 694 6 61.079
87 770 50 93.020
88 221 4 28.561
89 887 22 34.710
90 864 16 93.058
91 904 29 86.825
92 1367 34 33.471
93 717 35 23.350
94 213 37 77.292
95 195 21 57.573
96 1049 36 81.186
97 723 32 84.809
98 1025 52 12.522
99 343 23 63.592
100 889 38 69.130
101 428 14 99.982
102 759 21 75.654
103 543 18 29.745
104 308 31 87.162
105 83 12 18.406
106 399 21 28.840
107 393 9 31.857
108 770 48 50.858
109 861 56 63.954
110 994 36 37.782
111 17 39 42.960
112 299 52 99.690
113 1046 11 60.488
114 638 31 18.311
115 413 26 59.259
116 349 51 94.251
117 185 10 75.891
118 826 17 4.529
119 452 59 23.614
120 1426 50 43.562
121 1360 57 73.017
122 31 27 0.718
123 1314 15 92.369
124 630 28 76.452
125 466 47 95.630
126 340 41 31.262
127 1408 44 17.507
128 927 53 89.435
129 195 6 41.543
130 232 7 88.443
131 1326 43 15.807
132 307 4 3.932
133 351 7 56.458
134 600 5 71.844
135 346 38 81.406
136 19 39 58.742
137 1091 30 72.684
138 1142 21 13.232
139 207 49 47.520
140 443 23 70.198
141 804 21 55.749
142 809 53 47.782
143 664 1 78.463
144 1147 37 28.998
145 71 48 94.632
146 1119 25 50.610
147 1158 47 48.665
148 323 57 48.717
149 433 4 88.474
150 10 41 93.041