150
1 506 30 64.045
2 951 54 95.916
3 472 21 20.091
4 655 50 40.118
5 92 19 64.214
6 1250 25 11.805
7 253 8 39.197
8 1268 54 55.739
9 503 47 83.892
10 954 30 86.120
11 250 2 88.934
12 203 3 65.218
13 672 3 66.416
14 1363 40 6.302
15 1164 57 16.939
16 405 20 8.912
17 191 36 13.925
18 776 20 28.430
19 781 30 78.638
20 729 11 9.068
21 824 17 28.764
22 1320 50 74.528
23 2 60 88.588
24 285 17 90.753
25 611 23 43.517
26 20 9 98.451
27 206 43 62.916
28 1014 14 41.099
29 618 29 2.655
30 777 3 91.505
31 1218 54 73.936
32 347 37 23.244
33 484 54 49.157
34 1039 55 50.204
35 47 20 69.530
36 192 53 51.400
37 152 58 60.970
38 770 60 28.869
39 1288 56 2.959
40 563 32 96.832
41 63 53 52.527
42 135 46 23.162
43 1275 54 56.707
44 359 9 35.272
45 466 2 12.508
46 611 25 67.757
47 405 58 9.764
48 232 53 53.332
49 861 17 11.553
50 1024 10 79.238
51 784 23 89.853
52 427 1 60.745
53 469 58 84.731
54 695 21 82.583
55 596 32 16.727
56 1157 14 16.707
57 802 2 69.279
58 69 25 34.763
59 122 43 93.384
60 909 1 29.932
61 794 28 77.019
62 708 28 0.062
63 247 14 98.946
64 170 28 8.789
65 362 16 32.264
66 420 48 74.536
67 1042 49 5.393
68 533 42 24.569
69 730 4 47.296
70 862 19 66.487
71 533 13 46.767
72 877 25 54.795
73 987 11 48.771
74 1180 14 36.591
75 344 59 21.353
76 1175 39 99.739
77 869 33 77.030
78 347 18 17.443
79 69 52 37.173
80 1222 59 88.282
81 1219 41 0.590
82 650 60 92.458
83 761 33 58.566
84 543 9 88.542
85 760 50 27.770
86 488 15 96.714
87 317 40 37.971
88 1130 21 43.626
89 1226 8 18.347
90 1226 3 6.804
91 1006 49 54.820
92 1265 1 64.244
93 113 48 98.385
94 776 45 71.595
95 394 41 84.481
96 1054 37 89.244
97 1322 50 63.019
98 1046 33 61.759
99 15 38 24.391
100 661 47 37.316
101 272 14 96.735
102 1196 16 15.913
103 157 13 9.669
104 474 17 2.811
105 1347 26 4.597
106 137 19 63.272
107 79 49 54.516
108 1230 42 65.592
109 397 34 85.322
110 242 27 69.914
111 1373 14 17.296
112 521 18 96.894
113 54 28 46.006
114 352 5 86.337
115 1363 59 75.761
116 942 31 17.714
117 1210 49 30.287
118 1439 31 73.551
119 1257 6 89.293
120 1000 10 0.548
121 393 36 91.840
122 1435 39 20.533
123 1017 60 90.023
124 1208 19 74.750
125 660 32 30.585
126 422 10 94.471
127 254 25 84.174
128 955 57 39.195
129 526 34 13.145
130 123 14 65.814
131 253 8 51.039
132 130 53 78.999
133 1363 40 29.742
134 516 8 24.207
135 1367 58 69.486
136 394 7 17.671
137 1159 9 79.370
138 1160 8 65.709
139 905 30 23.609
140 1162 55 47.255
141 169 33 12.387
142 292 4 78.714
143 72 43 6.309
144 216 11 63.653
145 1210 24 51.363
146 911 11 61.414
147 911 49 12.995
148 837 21 90.608
149 1357 5 75.111
150 1055 52 27.523