150
1 1398 36 9.765
2 355 3 33.208
3 1104 26 69.577
4 1392 19 98.748
5 707 1 65.705
6 684 20 69.930
7 142 18 29.531
8 769 38 17.001
9 472 5 77.596
10 699 30 3.287
11 1174 23 23.973
12 929 32 86.834
13 1057 20 90.942
14 904 41 48.544
15 353 48 73.113
16 376 4 5.049
17 514 51 60.340
18 1297 24 23.843
19 346 9 27.005
20 1400 9 11.011
21 471 32 29.427
22 848 38 98.668
23 1357 60 19.623
24 1341 60 43.591
25 1124 25 88.820
26 1173 54 6.246
27 351 23 12.548
28 953 43 55.814
29 588 12 72.415
30 972 27 59.164
31 348 45 68.539
32 848 45 8.333
33 1265 32 33.890
34 1287 55 37.708
35 210 36 87.538
36 851 34 79.784
37 1255 18 74.487
38 75 16 10.287
39 851 59 75.467
40 1135 39 79.287
41 263 6 13.547
42 343 55 32.209
43 1105 32 44.273
44 1041 40 45.166
45 315 56 94.416
46 593 42 81.226
47 1041 59 18.807
48 876 51 40.691
49 1119 2 7.314
50 319 43 12.086
51 321 27 22.535
52 122 50 94.664
53 1076 29 41.188
54 1433 26 70.873
55 1349 54 31.668
56 1042 60 96.775
57 1170 29 60.528
58 458 58 19.769
59 1259 15 68.108
60 1386 41 6.799
61 1261 33 48.949
62 31 50 98.538
63 33 25 7.605
64 288 25 73.480
65 30 6 49.158
66 1421 37 74.422
67 862 29 85.669
68 1009 11 70.204
69 1224 52 23.378
70 1243 2 27.923
71 784 11 58.659
72 81 58 20.236
73 1373 17 17.035
74 952 1 86.123
75 1391 58 15.286
76 302 58 27.141
77 36 46 77.387
78 396 59 76.531
79 109 50 2.010
80 966 36 59.831
81 579 8 0.124
82 600 29 19.161
83 1005 5 70.209
84 519 9 57.108
85 978 59 17.968
86 181 51 50.107
87 87 11 78.393
88 1158 6 55.350
89 1156 37 39.864
90 13 15 28.961
91 554 51 26.112
92 741 14 25.040
93 530 26 14.353
94 853 6 5.864
95 1241 38 39.446
96 229 3 27.240
97 736 43 52.191
98 263 39 57.431
99 903 12 66.089
100 743 8 22.451
101 868 1 64.130
102 271 14 49.455
103 560 35 20.036
104 462 15 54.131
105 420 19 85.329
106 618 52 1.787
107 748 54 42.924
108 120 51 22.768
109 1199 10 54.480
110 722 9 34.811
111 328 50 27.313
112 447 13 83.757
113 120 54 65.057
114 627 25 73.116
115 1159 48 5.465
116 1157 19 25.739
117 872 18 15.626
118 375 49 81.330
119 382 58 72.216
120 1365 51 70.361
121 1280 41 12.079
122 245 22 61.895
123 868 22 16.166
124 1332 58 33.074
125 280 57 93.048
126 813 35 85.003
127 10 27 4.103
128 468 60 93.865
129 1125 19 82.408
130 1164 13 81.521
131 544 60 31.421
132 704 40 8.541
133 231 8 78.868
134 371 41 21.114
135 247 56 48.661
136 172 9 68.910
137 75 6 33.488
138 517 4 1.764
139 1006 20 82.316
140 1103 24 27.843
141 1083 16 35.829
142 1377 40 94.224
143 63 12 2.503
144 1305 46 59.228
145 587 37 54.515
146 3 16 53.507
147 370 13 20.630
148 565 54 35.483
149 420 8 55.554
150 1039 33 49.752