150
1 1314 27 12.857
2 1345 23 15.645
3 567 46 76.172
4 239 41 93.166
5 352 41 71.205
6 1308 44 76.676
7 1377 56 70.950
8 1227 18 49.123
9 1006 23 22.804
10 766 23 87.312
11 18 60 19.125
12 1377 14 20.781
13 207 30 9.499
14 889 18 63.447
15 1396 3 46.310
16 1172 14 57.737
17 312 23 81.495
18 197 19 91.773
19 1221 31 29.475
20 374 7 29.179
21 459 59 87.784
22 631 12 49.206
23 1080 18 88.054
24 570 2 36.633
25 1252 37 16.890
26 418 4 70.818
27 1304 54 17.443
28 1104 29 59.679
29 416 2 61.198
30 516 29 58.797
31 69 31 98.694
32 44 26 51.808
33 1193 41 41.424
34 936 53 52.516
35 882 37 76.314
36 297 8 37.378
37 719 32 20.841
38 496 35 36.734
39 1346 28 42.498
40 224 23 4.686
41 1060 2 67.709
42 642 6 18.651
43 902 10 33.696
44 1354 32 15.094
45 232 3 14.469
46 1157 34 46.495
47 387 20 91.274
48 153 31 38.858
49 11 31 8.703
50 401 23 38.680
51 328 22 76.291
52 475 27 34.787
53 705 39 52.050
54 1322 45 60.752
55 239 33 70.874
56 62 12 6.371
57 688 49 10.094
58 667 19 20.364
59 740 36 23.288
60 955 17 46.584
61 1061 14 64.741
62 760 10 5.152
63 14 40 81.563
64 314 49 50.973
65 920 44 10.267
66 728 38 2.638
67 379 12 91.424
68 1165 58 44.111
69 440 4 23.410
70 1428 8 79.404
71 1119 41 26.676
72 442 29 31.693
73 427 54 45.636
74 426 28 49.722
75 1135 46 32.342
76 525 55 36.741
77 1398 26 37.909
78 8 21 3.441
79 314 30 11.715
80 256 18 94.400
81 684 37 21.089
82 585 13 97.462
83 377 1 98.173
84 424 41 90.552
85 467 36 51.116
86 831 22 50.362
87 320 16 80.799
88 118 8 79.459
89 659 24 55.515
90 729 32 94.282
91 148 37 7.811
92 137 52 24.160
93 1342 35 40.539
94 1257 6 46.383
95 248 2 19.114
96 767 8 27.894
97 74 10 85.175
98 549 30 16.317
99 117 9 84.661
100 1253 11 53.564
101 824 47 86.851
102 225 14 18.466
103 213 19 73.378
104 434 30 82.665
105 929 9 85.266
106 1061 60 30.711
107 922 31 74.793
108 746 20 75.571
109 731 15 42.494
110 1243 9 52.720
111 617 20 72.536
112 581 30 83.786
113 862 32 80.363
114 844 20 66.471
115 500 32 94.962
116 274 11 92.122
117 832 24 88.994
118 1072 18 8.783
119 875 52 42.997
120 346 10 43.390
121 856 5 41.532
122 812 19 96.835
123 677 16 1.627
124 274 58 91.315
125 1069 51 81.893
126 1220 28 42.265
127 1171 54 70.908
128 224 27 78.597
129 13 60 29.646
130 643 41 93.820
131 799 50 65.169
132 1321 1 60.012
133 476 49 77.810
134 703 28 82.798
135 1085 16 42.776
136 161 38 53.083
137 143 58 84.257
138 273 33 63.980
139 619 19 19.225
140 542 53 30.654
141 1155 13 79.920
142 216 44 71.425
143 386 57 29.668
144 464 25 64.023
145 426 58 65.484
146 636 58 62.638
147 1022 20 96.198
148 216 37 0.241
149 1150 18 74.617
150 731 38 23.592