150
1 790 56 77.242
2 427 15 49.286
3 1050 7 17.685
4 729 24 39.918
5 1428 13 41.665
6 1418 15 10.319
7 1417 42 72.553
8 1096 28 2.718
9 997 57 90.580
10 549 8 12.714
11 615 56 50.524
12 551 15 40.839
13 155 44 31.604
14 1288 9 98.295
15 854 24 15.650
16 582 32 89.614
17 399 34 45.207
18 814 39 98.285
19 983 25 98.708
20 1400 23 71.862
21 253 33 19.792
22 1021 29 93.134
23 187 47 48.534
24 118 39 48.029
25 744 27 26.478
26 533 33 52.673
27 809 25 41.727
28 1383 48 53.854
29 915 41 53.193
30 22 55 52.387
31 1347 53 80.488
32 515 3 61.234
33 515 34 4.765
34 405 14 56.323
35 1228 12 31.429
36 337 30 38.651
37 708 60 55.472
38 666 4 73.783
39 1405 59 73.055
40 159 41 3.564
41 374 2 29.872
42 565 38 41.054
43 1334 11 27.582
44 768 12 52.235
45 362 43 3.655
46 609 44 7.719
47 603 54 23.759
48 72 40 19.999
49 491 10 99.319
50 1391 26 55.083
51 536 19 80.584
52 1273 29 24.127
53 1251 36 22.818
54 971 53 47.130
55 1146 41 52.863
56 1315 58 73.179
57 548 52 91.353
58 621 49 82.356
59 583 23 19.839
60 81 58 47.955
61 385 30 12.246
62 223 20 4.891
63 1192 30 52.626
64 639 27 80.144
65 27 51 94.159
66 406 23 25.893
67 410 59 91.324
68 1100 50 19.907
69 1083 34 1.680
70 822 50 67.245
71 1276 5 60.917
72 351 54 79.630
73 1354 56 10.386
74 267 37 80.932
75 738 34 67.680
76 1124 30 98.930
77 1362 20 21.521
78 839 33 50.337
79 530 21 47.988
80 472 7 41.706
81 33 5 86.628
82 654 37 27.713
83 981 8 19.445
84 505 8 50.943
85 599 28 51.611
86 1156 19 81.091
87 836 46 21.964
88 1193 31 65.212
89 497 4 6.212
90 330 53 30.749
91 508 15 90.094
92 598 49 58.138
93 1406 40 20.205
94 231 47 19.935
95 533 46 97.321
96 759 16 98.733
97 1212 52 65.336
98 371 21 36.194
99 411 49 94.033
100 473 59 65.320
101 59 34 3.299
102 1162 32 38.954
103 645 40 96.788
104 921 20 47.275
105 1351 2 21.837
106 780 37 36.229
107 410 59 30.129
108 681 3 78.652
109 1121 10 70.801
110 1403 56 89.258
111 1022 44 15.613
112 314 36 1.604
113 1102 33 80.972
114 232 43 20.289
115 1096 32 73.731
116 483 45 19.199
117 1210 5 99.717
118 263 56 36.854
119 21 6 90.888
120 77 37 10.179
121 1394 46 24.255
122 1295 10 54.927
123 1269 36 13.399
124 315 51 56.749
125 250 54 3.622
126 941 50 4.753
127 818 40 28.233
128 654 23 75.198
129 563 54 85.631
130 371 14 21.704
131 710 45 5.504
132 100 13 52.396
133 345 60 86.262
134 1083 5 37.935
135 878 11 27.978
136 1156 34 58.184
137 1435 60 91.491
138 67 23 44.559
139 1012 9 43.601
140 1410 1 76.217
141 908 23 97.448
142 540 47 41.693
143 50 55 54.768
144 46 18 1.220
145 404 55 1.215
146 1163 34 71.457
147 347 37 17.809
148 708 54 77.731
149 214 36 1.554
150 1197 51 32.193