150
1 859 18 76.909
2 1423 17 72.474
3 1326 21 99.697
4 422 7 36.891
5 478 6 13.439
6 588 4 53.917
7 694 51 54.496
8 888 17 32.150
9 1390 59 82.731
10 94 2 70.958
11 1282 22 23.581
12 1261 54 4.800
13 959 25 52.132
14 676 23 69.812
15 565 48 74.220
16 24 51 73.307
17 333 42 60.598
18 1223 60 66.941
19 1002 57 59.095
20 1340 10 95.000
21 1275 57 8.917
22 475 42 55.496
23 1281 29 4.959
24 262 31 77.017
25 1163 40 81.290
26 136 49 52.685
27 672 59 84.109
28 381 55 47.811
29 44 39 15.011
30 798 45 69.329
31 1022 37 34.342
32 19 7 67.245
33 1075 33 39.210
34 1385 37 94.711
35 426 37 42.012
36 1133 31 68.235
37 737 58 10.862
38 470 28 43.108
39 329 12 90.232
40 101 40 88.014
41 1036 50 46.289
42 979 14 49.303
43 53 46 98.574
44 1192 7 76.533
45 1217 50 25.778
46 1297 29 23.261
47 878 26 75.287
48 1072 58 49.028
49 1309 60 81.792
50 789 15 69.160
51 19 37 9.300
52 1002 21 1.114
53 882 2 83.581
54 194 27 64.447
55 24 9 35.392
56 519 3 40.550
57 756 37 50.967
58 313 3 42.374
59 1270 24 12.198
60 54 3 1.037
61 974 49 1.779
62 883 4 72.644
63 241 22 53.727
64 1196 17 68.780
65 945 34 24.129
66 613 54 78.394
67 945 56 87.446
68 1308 29 26.573
69 1003 22 57.175
70 827 27 37.437
71 672 29 9.906
72 964 51 60.974
73 1044 37 80.528
74 894 19 80.710
75 914 4 10.972
76 1259 36 85.434
77 463 46 99.161
78 572 13 24.176
79 891 12 17.311
80 986 47 12.000
81 1092 47 82.759
82 647 7 51.394
83 1410 12 54.345
84 1118 20 30.407
85 957 32 94.109
86 1229 27 71.023
87 1183 12 59.371
88 337 60 83.270
89 826 5 8.596
90 1182 29 83.301
91 937 38 53.765
92 1025 50 0.535
93 804 15 89.528
94 952 50 98.544
95 440 30 83.757
96 1206 40 41.530
97 164 9 47.150
98 910 31 84.411
99 753 16 41.077
100 235 5 71.847
101 1197 56 37.019
102 1365 3 62.725
103 698 56 35.469
104 627 41 36.102
105 1395 5 59.289
106 1230 30 21.848
107 144 48 39.450
108 765 45 6.184
109 956 19 71.315
110 1074 27 34.975
111 404 18 89.195
112 606 54 33.631
113 826 34 23.084
114 1362 34 80.522
115 246 43 57.086
116 762 31 24.545
117 623 32 91.022
118 1081 21 68.270
119 176 34 81.236
120 984 26 72.090
121 229 28 94.716
122 215 42 89.893
123 1103 23 64.235
124 465 57 88.411
125 545 7 97.025
126 57 7 9.428
127 1387 55 16.000
128 213 57 40.793
129 174 51 55.034
130 556 13 95.729
131 700 20 54.687
132 273 39 5.824
133 788 20 36.360
134 198 13 87.391
135 166 59 10.374
136 489 35 57.135
137 649 24 64.507
138 1267 48 23.560
139 923 12 8.822
140 296 48 22.176
141 1384 16 1.287
142 95 30 52.110
143 1045 12 22.451
144 433 4 93.643
145 407 23 64.999
146 462 30 42.246
147 523 24 76.790
148 34 39 84.287
149 1428 40 90.012
150 1068 54 83.860