150
1 448 29 52.347
2 196 11 70.861
3 260 39 92.647
4 540 58 22.979
5 202 15 56.762
6 1033 36 90.860
7 1060 10 66.498
8 1189 21 72.922
9 1425 46 13.633
10 595 18 88.747
11 1285 32 7.710
12 338 24 22.988
13 374 22 38.478
14 804 58 25.081
15 180 43 4.620
16 142 40 93.655
17 931 39 94.652
18 656 20 31.739
19 188 51 2.195
20 308 40 93.407
21 314 23 45.662
22 1145 16 53.026
23 738 50 31.458
24 1349 27 53.259
25 1294 10 11.083
26 793 52 11.253
27 1062 53 90.793
28 1168 1 57.532
29 1239 54 52.787
30 1129 13 32.558
31 70 26 19.765
32 288 47 57.122
33 144 27 41.395
34 815 16 64.112
35 565 9 48.328
36 1079 39 61.839
37 1099 40 13.725
38 676 60 53.431
39 46 44 10.428
40 1031 49 44.203
41 801 39 94.138
42 975 13 74.218
43 83 5 88.012
44 542 30 85.292
45 864 26 32.487
46 1292 43 22.920
47 1365 15 26.824
48 1160 21 38.250
49 312 32 94.912
50 1334 19 38.632
51 1016 26 72.408
52 901 15 22.210
53 434 57 31.351
54 201 42 15.405
55 849 43 81.626
56 494 11 49.706
57 1051 8 35.706
58 244 1 18.858
59 908 47 66.482
60 895 58 41.762
61 766 7 49.375
62 617 2 83.355
63 1333 17 46.426
64 915 21 56.808
65 312 36 99.746
66 215 36 32.419
67 1318 6 48.346
68 526 48 19.176
69 501 59 57.513
70 967 7 17.402
71 207 10 12.199
72 75 5 17.722
73 206 46 28.676
74 1388 17 96.636
75 533 45 81.418
76 354 21 29.028
77 855 28 43.932
78 61 20 57.824
79 467 12 3.798
80 374 54 59.477
81 842 15 32.480
82 231 8 24.697
83 480 50 47.527
84 907 31 26.548
85 889 59 83.106
86 590 32 1.627
87 1229 29 65.816
88 978 8 30.453
89 911 1 91.107
90 56 17 72.469
91 315 5 81.056
92 544 17 60.732
93 373 12 46.449
94 930 3 73.772
95 286 56 24.087
96 762 27 83.033
97 781 30 44.018
98 655 14 29.140
99 141 19 2.744
100 896 18 35.667
101 1234 38 20.974
102 693 57 4.082
103 1350 13 82.899
104 844 51 94.132
105 846 32 21.403
106 1281 28 38.202
107 367 59 37.592
108 258 54 91.574
109 1420 56 58.938
110 733 55 16.841
111 1242 44 53.567
112 1113 5 24.636
113 215 40 36.706
114 755 32 55.695
115 254 51 38.545
116 1377 39 85.646
117 704 57 62.806
118 1090 39 11.316
119 397 18 36.911
120 380 42 31.205
121 662 27 29.658
122 39 50 82.570
123 162 4 4.450
124 1060 28 65.345
125 772 56 47.362
126 793 7 63.927
127 339 3 4.832
128 261 10 50.891
129 1353 30 62.940
130 189 1 46.033
131 30 59 21.968
132 1176 26 16.589
133 579 44 25.289
134 1279 58 11.823
135 1102 14 20.454
136 19 21 22.000
137 456 3 50.853
138 1070 24 45.497
139 164 4 4.931
140 1407 27 22.464
141 331 15 1.044
142 843 11 53.289
143 376 34 69.557
144 1282 59 42.432
145 358 54 38.829
146 678 48 59.362
147 132 21 30.511
148 115 58 57.691
149 209 19 42.218
150 804 59 1.867