150
1 1267 42 78.786
2 531 55 78.048
3 1131 13 3.370
4 1420 43 71.300
5 975 32 45.500
6 483 17 77.432
7 564 26 66.769
8 880 35 95.154
9 837 20 43.899
10 1314 42 87.334
11 1439 23 9.269
12 468 3 4.796
13 665 27 5.788
14 1400 37 50.701
15 1339 47 90.962
16 1287 27 67.773
17 761 37 28.259
18 686 20 94.698
19 295 59 16.725
20 1244 38 24.810
21 213 25 35.060
22 444 31 29.630
23 175 36 28.969
24 1421 42 7.416
25 1359 23 55.185
26 616 5 10.043
27 303 18 40.841
28 784 35 80.280
29 1172 31 70.514
30 644 26 49.248
31 264 7 75.856
32 801 56 78.637
33 1278 16 92.881
34 286 22 58.431
35 620 14 91.018
36 817 4 12.081
37 336 5 3.967
38 858 19 60.658
39 809 54 79.229
40 1089 32 93.685
41 449 6 61.825
42 46 36 74.431
43 1294 1 64.012
44 1439 44 10.716
45 203 58 88.000
46 99 37 61.223
47 1063 48 49.089
48 1314 7 69.550
49 622 25 22.914
50 124 16 19.577
51 297 49 97.268
52 53 46 23.253
53 279 15 7.463
54 625 43 15.260
55 1095 33 36.548
56 522 26 82.560
57 1160 14 55.737
58 900 29 12.210
59 965 12 65.863
60 855 1 48.808
61 1177 55 81.550
62 742 28 96.832
63 252 18 54.167
64 1090 7 97.834
65 1390 57 25.084
66 1292 46 40.438
67 1315 59 33.155
68 18 59 50.438
69 798 1 90.534
70 878 2 25.914
71 1013 30 17.360
72 225 25 11.182
73 1340 46 22.698
74 582 42 95.592
75 1384 39 38.686
76 175 25 39.256
77 1344 5 27.082
78 1192 2 38.884
79 1192 33 77.035
80 133 35 35.614
81 657 15 5.240
82 61 34 26.357
83 1375 51 78.613
84 969 46 72.699
85 1279 53 41.326
86 554 44 4.651
87 84 26 1.958
88 644 57 13.680
89 1413 16 21.373
90 368 35 4.951
91 1047 51 75.539
92 586 11 27.155
93 1167 6 61.870
94 880 29 88.753
95 1111 31 95.089
96 604 22 45.671
97 511 10 30.699
98 186 32 0.511
99 1183 46 63.897
100 1409 12 66.734
101 670 37 95.406
102 1269 7 58.730
103 1120 27 78.025
104 1255 8 31.919
105 521 14 25.968
106 657 55 51.925
107 195 14 5.370
108 448 23 1.346
109 683 55 30.196
110 419 35 64.136
111 837 12 18.043
112 261 54 17.602
113 385 15 27.833
114 556 33 31.895
115 1434 11 84.643
116 360 37 4.000
117 1047 36 93.993
118 1438 8 61.313
119 396 56 4.784
120 862 35 85.973
121 1058 32 53.010
122 696 19 6.534
123 624 58 72.817
124 1114 49 33.857
125 1233 54 8.478
126 779 54 89.875
127 132 8 59.762
128 806 43 84.970
129 146 46 87.981
130 94 25 58.057
131 301 3 80.583
132 235 9 54.671
133 834 11 59.403
134 1333 44 86.377
135 1395 33 18.188
136 992 26 29.953
137 1278 6 86.647
138 214 39 16.278
139 1325 51 93.612
140 356 27 10.591
141 554 10 41.370
142 974 18 76.714
143 268 25 9.472
144 920 58 26.573
145 441 2 26.923
146 526 21 36.050
147 299 9 87.560
148 1275 9 27.671
149 1324 60 11.726
150 1062 20 64.747