150
1 93 48 65.160
2 800 43 65.670
3 251 13 23.405
4 21 10 48.540
5 698 47 27.440
6 713 57 17.258
7 1216 11 43.809
8 641 20 40.817
9 1325 4 25.098
10 369 9 82.877
11 501 16 38.030
12 1014 25 19.425
13 246 15 15.293
14 1426 52 71.236
15 672 55 11.044
16 943 31 88.791
17 620 1 41.672
18 202 13 44.506
19 122 20 19.385
20 736 33 68.233
21 864 53 23.267
22 13 44 66.050
23 558 25 94.516
24 512 20 27.826
25 140 40 60.005
26 328 17 25.572
27 398 23 97.219
28 1318 41 6.328
29 1023 48 67.603
30 1375 35 97.668
31 456 40 82.019
32 63 14 67.958
33 11 17 1.791
34 456 9 97.016
35 574 33 45.330
36 1255 5 68.094
37 166 56 20.441
38 322 38 84.070
39 877 41 36.138
40 536 12 66.474
41 1297 20 20.829
42 1084 39 75.972
43 392 16 70.885
44 1270 31 53.091
45 1170 54 67.772
46 277 59 34.589
47 56 40 38.244
48 1203 11 15.886
49 904 15 63.786
50 1241 10 69.189
51 53 4 41.038
52 713 46 95.290
53 998 44 46.817
54 1406 13 57.646
55 769 33 92.965
56 1214 44 64.598
57 1403 2 60.145
58 544 1 71.806
59 1269 10 50.490
60 563 24 37.954
61 1326 32 47.117
62 1253 7 62.595
63 559 20 50.537
64 788 11 68.354
65 251 15 19.357
66 1168 46 81.629
67 374 47 25.499
68 168 17 27.058
69 579 38 18.963
70 399 20 6.106
71 967 36 81.119
72 280 10 28.811
73 357 44 70.405
74 1252 48 11.111
75 1079 58 37.992
76 349 44 31.495
77 287 39 64.826
78 1433 49 79.300
79 1391 8 54.114
80 1029 58 78.107
81 227 55 37.657
82 262 55 99.315
83 935 11 3.603
84 259 60 91.546
85 975 18 16.294
86 1437 1 92.493
87 998 26 25.449
88 1324 56 78.163
89 706 6 82.693
90 661 44 70.357
91 1128 10 89.956
92 617 40 61.391
93 469 41 45.542
94 1161 31 28.935
95 1303 58 5.312
96 387 47 44.315
97 686 19 62.765
98 1152 45 83.019
99 215 12 19.075
100 157 32 71.578
101 411 4 81.442
102 675 56 98.763
103 444 45 94.396
104 1427 39 0.271
105 558 42 90.545
106 1066 25 53.550
107 952 60 19.424
108 340 24 40.586
109 984 58 27.674
110 124 44 60.289
111 1361 15 57.518
112 237 46 29.158
113 1117 8 1.968
114 143 2 43.328
115 359 17 86.476
116 1219 37 47.561
117 316 9 58.675
118 761 7 51.942
119 1331 26 68.737
120 910 35 47.169
121 435 34 12.752
122 803 6 34.337
123 1160 39 74.438
124 1251 30 74.668
125 924 41 99.901
126 1052 16 41.752
127 407 7 88.016
128 1152 51 81.868
129 1388 53 13.164
130 86 51 65.137
131 302 23 23.215
132 536 47 7.451
133 1228 6 69.002
134 712 49 58.465
135 607 50 79.983
136 324 37 27.877
137 1057 4 54.605
138 1228 18 91.226
139 1018 12 88.200
140 293 46 58.221
141 194 45 7.082
142 1234 39 23.785
143 1237 9 19.282
144 593 18 76.707
145 904 25 40.651
146 1158 20 31.781
147 445 48 71.249
148 1073 41 2.252
149 932 40 61.985
150 1132 2 91.492