150
1 111 38 97.022
2 926 8 68.537
3 1017 1 95.767
4 202 25 44.727
5 1042 42 97.882
6 460 15 52.201
7 1367 50 18.419
8 415 23 62.702
9 1425 49 4.114
10 192 5 28.352
11 512 3 89.042
12 1419 25 51.373
13 165 57 72.079
14 555 11 53.370
15 271 12 78.317
16 372 37 74.712
17 723 57 24.351
18 771 58 32.283
19 400 58 40.769
20 655 17 20.265
21 1004 43 0.918
22 958 31 26.222
23 154 33 73.484
24 134 48 92.886
25 464 51 1.811
26 642 59 23.253
27 781 38 33.283
28 307 5 72.586
29 460 37 68.162
30 1028 40 13.902
31 148 37 59.046
32 973 42 78.730
33 701 39 19.770
34 80 49 93.252
35 1099 1 77.177
36 456 56 3.303
37 133 29 52.965
38 393 18 66.678
39 38 4 25.024
40 494 30 69.019
41 561 60 27.734
42 587 11 79.407
43 243 17 71.250
44 461 30 38.101
45 489 4 67.175
46 94 7 31.278
47 976 25 47.939
48 1225 36 2.309
49 219 34 57.956
50 1142 6 28.354
51 490 28 58.647
52 853 24 49.794
53 254 23 17.136
54 1360 29 58.730
55 1052 27 67.894
56 886 9 15.570
57 630 29 80.957
58 906 4 14.474
59 939 28 73.890
60 672 48 67.356
61 691 40 95.677
62 335 30 22.600
63 1241 11 14.203
64 1170 22 6.110
65 75 52 12.355
66 918 30 70.502
67 1058 55 1.324
68 584 23 21.197
69 930 16 34.231
70 587 38 89.359
71 190 1 49.465
72 1030 30 16.713
73 1398 7 75.981
74 1280 13 18.907
75 1216 59 21.768
76 237 33 70.847
77 220 37 18.557
78 654 11 7.608
79 348 30 49.695
80 790 10 53.122
81 548 33 62.474
82 79 45 46.575
83 959 57 47.869
84 40 32 93.840
85 42 41 38.107
86 781 47 92.726
87 404 52 68.653
88 388 59 73.553
89 316 12 79.777
90 603 20 37.658
91 513 20 15.840
92 90 11 11.062
93 815 3 23.733
94 383 46 21.653
95 1226 48 86.561
96 390 8 66.630
97 1381 22 96.008
98 1120 54 89.255
99 562 23 68.100
100 28 3 17.476
101 13 24 96.736
102 1073 53 65.240
103 879 22 52.183
104 155 40 75.674
105 1054 48 4.802
106 615 40 0.192
107 553 15 31.547
108 570 30 0.421
109 1416 50 58.229
110 558 58 62.611
111 1318 18 65.140
112 1219 15 88.208
113 876 21 38.591
114 1236 11 76.404
115 756 53 6.560
116 974 17 97.726
117 909 14 41.102
118 1329 49 19.795
119 326 28 19.866
120 438 51 85.675
121 295 51 80.131
122 578 40 25.838
123 536 50 86.797
124 838 34 70.779
125 839 37 71.959
126 1157 5 60.884
127 1215 37 10.352
128 134 24 27.071
129 1363 2 61.173
130 1144 42 71.777
131 391 19 79.540
132 713 37 56.051
133 391 51 4.736
134 581 54 82.288
135 122 19 83.655
136 328 44 79.794
137 1019 48 81.584
138 472 59 68.054
139 992 45 75.419
140 77 56 99.429
141 166 42 29.695
142 414 20 28.712
143 168 58 82.938
144 550 37 54.056
145 820 46 53.844
146 1054 34 66.430
147 371 23 13.992
148 1208 1 67.965
149 131 2 45.054
150 842 5 64.621