150
1 191 25 27.338
2 532 31 46.362
3 931 59 30.702
4 611 54 78.647
5 1116 4 61.084
6 578 22 95.488
7 64 10 9.736
8 1066 45 81.544
9 1119 52 74.874
10 132 24 21.972
11 453 14 78.505
12 1077 40 34.348
13 1012 40 52.516
14 27 49 45.026
15 931 55 37.940
16 1406 55 63.829
17 128 43 68.185
18 591 60 47.748
19 1337 37 44.591
20 512 4 16.365
21 853 5 39.190
22 1333 20 73.443
23 348 25 27.595
24 1222 20 67.688
25 48 45 12.238
26 939 19 6.024
27 530 26 0.055
28 851 23 19.102
29 289 14 13.493
30 1187 27 9.555
31 729 20 75.072
32 944 28 91.193
33 1405 35 35.803
34 1016 43 32.752
35 987 6 86.974
36 729 12 37.144
37 714 54 23.612
38 523 54 29.748
39 167 57 5.084
40 906 27 56.940
41 460 3 84.231
42 1437 34 95.886
43 1256 13 55.665
44 157 3 85.945
45 237 57 77.501
46 163 59 10.277
47 1168 17 19.581
48 1399 31 75.221
49 535 42 14.273
50 1439 4 67.839
51 798 3 58.278
52 1204 32 76.842
53 924 53 96.770
54 725 42 85.176
55 402 40 56.406
56 1304 34 90.576
57 271 26 77.957
58 396 19 39.319
59 767 23 37.178
60 819 28 4.470
61 872 36 55.951
62 108 12 40.126
63 133 18 48.527
64 1309 18 14.509
65 1061 58 90.407
66 1153 28 19.688
67 493 26 59.148
68 1043 7 97.530
69 936 40 63.160
70 1410 37 79.045
71 27 4 50.668
72 719 9 16.074
73 382 32 45.607
74 61 16 45.584
75 326 28 22.514
76 1044 22 2.619
77 1218 1 30.903
78 827 1 6.344
79 739 19 86.334
80 1173 18 41.025
81 1222 42 91.882
82 1339 24 30.027
83 1169 2 18.220
84 1271 13 45.110
85 1065 23 40.319
86 914 54 68.734
87 1236 5 78.799
88 435 53 71.685
89 470 15 47.443
90 1139 49 8.564
91 1308 21 7.214
92 843 16 89.829
93 465 7 48.118
94 850 38 69.161
95 1425 23 3.765
96 1268 59 95.574
97 1259 32 67.546
98 1254 17 2.659
99 622 58 56.483
100 997 59 48.456
101 952 36 84.813
102 798 10 6.109
103 748 58 78.132
104 1002 33 0.231
105 1281 7 46.583
106 254 54 51.507
107 982 6 53.435
108 1057 13 46.118
109 94 54 78.830
110 878 26 68.005
111 1047 33 39.701
112 1278 15 46.638
113 862 10 21.102
114 187 52 60.408
115 1274 12 10.017
116 394 3 34.913
117 1341 18 53.740
118 395 18 27.685
119 1396 56 50.516
120 693 21 81.717
121 797 59 99.392
122 1160 29 80.985
123 151 2 79.743
124 977 15 8.757
125 121 45 88.640
126 378 55 28.410
127 661 27 58.603
128 807 47 53.570
129 1177 60 50.597
130 1182 52 46.233
131 387 12 25.377
132 37 20 7.961
133 609 19 0.588
134 557 4 73.662
135 384 1 71.577
136 579 32 49.115
137 816 35 25.447
138 434 13 60.086
139 1008 39 97.736
140 1300 54 18.839
141 770 32 59.821
142 1176 9 91.996
143 1028 38 14.465
144 559 53 0.830
145 1036 1 53.121
146 734 52 36.329
147 451 17 15.385
148 1083 41 5.584
149 1165 33 74.983
150 127 36 55.182