150
1 924 38 56.259
2 1331 48 29.706
3 1093 30 2.124
4 272 20 1.352
5 669 15 84.935
6 1423 15 45.531
7 818 22 43.444
8 361 1 82.337
9 901 22 60.226
10 960 29 55.654
11 373 17 56.228
12 1201 50 81.564
13 45 9 81.634
14 714 7 26.936
15 516 11 15.195
16 975 52 97.476
17 75 52 87.356
18 179 36 37.663
19 1211 30 62.647
20 603 18 83.070
21 1429 58 11.057
22 633 16 71.783
23 347 5 63.309
24 1294 7 78.392
25 72 43 35.942
26 1066 6 5.167
27 274 51 4.821
28 775 17 89.415
29 327 3 33.988
30 844 16 90.785
31 618 13 98.598
32 1405 44 37.763
33 322 46 7.386
34 647 52 30.151
35 1329 47 21.389
36 1143 32 99.479
37 341 15 66.098
38 123 6 85.083
39 1188 46 36.709
40 947 52 78.149
41 1288 17 1.106
42 889 40 50.945
43 1367 38 34.565
44 474 24 55.162
45 776 22 91.826
46 233 50 37.165
47 576 4 92.056
48 770 30 34.107
49 669 33 82.683
50 309 41 81.974
51 1424 43 7.413
52 1343 24 51.055
53 977 46 58.838
54 530 38 82.495
55 769 30 91.605
56 604 27 21.883
57 1167 36 23.180
58 839 59 57.188
59 789 26 53.979
60 580 42 93.835
61 1067 22 52.172
62 547 56 96.828
63 1413 52 36.880
64 323 6 83.440
65 562 26 58.243
66 864 46 19.999
67 1152 53 58.502
68 110 40 6.831
69 378 31 17.294
70 1062 59 50.233
71 883 11 11.504
72 1394 43 41.188
73 996 44 89.717
74 390 44 28.376
75 291 58 66.148
76 603 23 71.791
77 1321 58 86.133
78 1108 11 90.702
79 726 39 13.548
80 577 39 27.054
81 1142 53 58.751
82 720 28 64.375
83 649 44 89.178
84 822 13 27.666
85 548 26 54.031
86 1346 26 17.512
87 621 47 93.305
88 82 59 73.088
89 281 39 75.677
90 361 50 79.718
91 1329 27 35.052
92 1381 26 68.091
93 1353 9 18.335
94 1044 20 3.000
95 1271 55 89.614
96 148 38 76.995
97 1228 38 54.030
98 979 8 0.492
99 8 58 37.881
100 361 11 76.066
101 961 49 98.668
102 827 57 49.360
103 734 37 23.294
104 111 30 41.023
105 625 21 5.441
106 961 2 12.270
107 697 17 71.363
108 1283 22 18.135
109 364 9 92.300
110 671 52 43.718
111 797 60 54.176
112 749 42 65.946
113 1084 10 22.287
114 1113 48 4.214
115 407 57 56.236
116 640 37 93.462
117 14 57 59.102
118 913 9 83.049
119 538 15 35.307
120 136 35 56.121
121 1250 47 88.648
122 840 52 34.776
123 251 14 67.438
124 1056 44 43.891
125 1210 26 59.164
126 955 41 79.821
127 344 18 38.763
128 128 51 15.779
129 694 41 71.964
130 1334 20 29.683
131 210 26 17.250
132 800 48 53.314
133 4 20 68.334
134 60 21 97.324
135 1209 58 48.077
136 660 30 15.864
137 261 48 52.998
138 714 34 45.443
139 1166 23 85.047
140 1429 14 93.429
141 1264 17 83.333
142 288 11 9.671
143 470 17 40.750
144 48 24 3.373
145 221 29 2.402
146 145 3 82.602
147 1353 8 52.764
148 1429 18 72.169
149 1016 36 75.702
150 252 1 64.239