150
1 1297 17 89.177
2 1324 25 49.004
3 215 29 39.431
4 121 33 98.389
5 348 37 46.189
6 947 41 62.521
7 709 41 48.011
8 832 52 74.102
9 547 48 67.001
10 844 9 42.883
11 236 39 41.784
12 847 18 70.466
13 113 28 70.817
14 643 25 43.345
15 265 1 52.920
16 46 51 57.844
17 1225 5 3.229
18 948 27 34.777
19 562 47 23.577
20 458 37 47.163
21 1062 32 18.347
22 224 16 12.405
23 27 50 5.886
24 466 51 69.093
25 633 39 18.239
26 144 52 51.963
27 756 24 65.351
28 95 17 40.970
29 1276 3 45.691
30 54 40 40.637
31 691 8 79.007
32 1350 49 95.059
33 373 22 36.028
34 1249 38 90.573
35 1168 26 43.575
36 1015 55 93.991
37 742 3 85.169
38 140 10 21.381
39 305 11 53.288
40 760 43 26.553
41 127 35 41.154
42 1310 17 74.769
43 1353 36 44.429
44 200 60 18.804
45 1305 52 68.695
46 834 14 3.726
47 68 5 89.824
48 611 60 97.131
49 363 10 46.120
50 327 26 9.254
51 75 18 44.354
52 553 24 47.523
53 369 3 58.745
54 554 36 22.939
55 1245 15 82.884
56 482 29 94.610
57 198 12 34.459
58 871 33 76.768
59 875 14 0.280
60 679 3 14.013
61 199 48 49.396
62 1423 4 55.304
63 1377 1 51.689
64 806 29 95.243
65 293 5 39.963
66 634 32 42.724
67 509 42 43.357
68 67 13 32.460
69 1086 7 24.116
70 644 10 3.177
71 501 48 72.016
72 6 56 11.791
73 412 10 33.598
74 566 23 36.190
75 972 29 41.365
76 262 48 30.712
77 1268 2 15.113
78 268 29 18.352
79 1213 35 2.294
80 1152 24 89.360
81 1174 38 20.282
82 906 47 74.162
83 796 37 79.261
84 1028 32 36.270
85 1159 40 66.584
86 1030 60 37.947
87 718 12 95.150
88 332 31 80.813
89 1209 46 34.609
90 760 10 91.142
91 827 11 37.206
92 411 25 89.062
93 1216 13 3.690
94 727 22 61.554
95 1351 27 26.778
96 830 9 48.738
97 46 19 38.691
98 521 31 96.752
99 3 13 27.154
100 435 44 19.856
101 1115 31 55.031
102 1429 30 27.232
103 1385 28 61.649
104 315 5 74.697
105 777 36 20.828
106 632 49 28.654
107 197 55 21.371
108 1398 2 46.464
109 1 49 61.939
110 1178 17 62.758
111 551 60 23.455
112 137 51 14.459
113 420 34 28.494
114 1091 45 60.308
115 1383 53 23.739
116 743 53 31.668
117 368 33 58.671
118 954 58 28.132
119 355 14 3.834
120 588 31 18.233
121 556 1 85.193
122 390 52 1.657
123 248 14 89.015
124 1077 37 19.076
125 801 57 12.000
126 453 14 68.064
127 612 30 32.307
128 923 48 79.523
129 349 31 26.386
130 1177 23 88.254
131 91 4 32.249
132 101 48 3.684
133 742 14 39.220
134 901 46 5.836
135 617 8 99.348
136 1216 55 28.645
137 1009 40 5.152
138 281 29 67.288
139 252 1 65.343
140 1310 52 86.880
141 693 1 40.131
142 919 48 73.552
143 747 10 68.790
144 788 58 41.502
145 671 51 78.095
146 247 10 19.064
147 962 3 32.940
148 834 6 91.246
149 91 32 89.176
150 140 24 54.424