150
1 93 10 38.929
2 1355 44 26.346
3 1183 43 55.045
4 809 40 13.501
5 1382 47 50.602
6 985 33 21.385
7 1295 15 33.849
8 1378 33 85.342
9 422 11 74.936
10 1351 52 73.032
11 420 23 50.451
12 1354 3 73.029
13 956 24 66.643
14 190 39 59.236
15 1405 24 1.991
16 1057 47 86.970
17 459 41 90.641
18 430 49 51.184
19 1 58 83.601
20 654 10 13.783
21 247 13 18.090
22 1238 11 89.938
23 16 40 51.197
24 368 57 78.684
25 1439 34 73.254
26 1019 54 7.604
27 875 16 43.186
28 1157 60 23.982
29 408 36 75.224
30 491 58 12.881
31 1316 3 85.332
32 1211 15 71.108
33 1356 51 79.157
34 363 57 57.328
35 1280 24 69.904
36 467 39 36.044
37 497 36 3.489
38 878 53 98.338
39 382 2 39.921
40 260 26 21.119
41 1281 26 37.151
42 918 44 85.501
43 730 12 85.601
44 292 26 4.250
45 922 26 98.634
46 1025 36 4.710
47 989 57 71.245
48 1230 47 12.572
49 1344 5 17.287
50 986 6 81.758
51 357 43 79.076
52 1254 3 5.611
53 969 20 99.186
54 703 53 34.528
55 695 41 98.872
56 553 22 15.145
57 1422 44 88.723
58 349 34 1.380
59 827 3 49.058
60 1016 17 64.043
61 1036 55 22.414
62 514 19 8.942
63 137 20 83.058
64 578 12 1.104
65 6 54 96.682
66 1277 25 3.938
67 1267 13 11.466
68 60 33 62.547
69 1002 17 27.155
70 351 51 4.548
71 250 29 81.373
72 1414 28 81.634
73 1406 10 49.675
74 301 25 85.242
75 1216 12 61.032
76 27 4 15.898
77 411 41 35.863
78 784 45 63.447
79 978 54 45.513
80 927 46 89.054
81 1427 39 30.468
82 356 24 53.236
83 275 18 35.150
84 3 37 18.228
85 67 53 80.795
86 709 44 60.818
87 620 2 36.051
88 861 3 40.583
89 374 58 87.153
90 942 43 49.071
91 737 4 8.420
92 619 44 38.606
93 542 28 29.294
94 1082 32 63.825
95 992 7 73.251
96 1146 20 51.465
97 714 31 47.665
98 1285 15 2.982
99 1361 31 12.629
100 1366 39 59.735
101 749 58 40.329
102 222 52 39.983
103 3 4 3.164
104 736 23 77.300
105 126 48 54.933
106 748 49 90.699
107 460 31 18.591
108 992 33 43.877
109 1232 28 4.341
110 527 44 33.217
111 582 28 30.713
112 1046 47 70.581
113 606 43 87.174
114 342 53 75.980
115 712 29 4.403
116 640 56 73.003
117 1235 16 37.481
118 536 40 62.738
119 122 3 17.403
120 462 36 61.749
121 362 45 39.993
122 361 12 2.914
123 1432 25 90.764
124 1009 33 3.713
125 249 39 98.722
126 166 49 54.233
127 1148 29 94.929
128 1304 39 16.046
129 380 29 94.029
130 83 19 27.934
131 565 5 9.097
132 901 11 70.855
133 833 31 89.995
134 9 7 87.556
135 125 27 33.599
136 816 7 0.520
137 1360 16 63.100
138 970 46 87.224
139 1139 40 26.408
140 751 8 65.905
141 906 42 31.001
142 130 44 36.999
143 20 55 35.582
144 239 5 68.460
145 1121 52 73.975
146 715 49 16.920
147 1049 47 13.052
148 52 21 83.430
149 1357 10 41.250
150 96 27 31.480