150
1 628 25 99.139
2 575 9 97.558
3 1369 10 12.217
4 1352 37 0.159
5 917 1 91.621
6 277 51 69.632
7 1142 14 35.124
8 143 8 87.688
9 1122 47 25.224
10 91 46 27.057
11 419 35 76.302
12 414 59 59.041
13 96 53 24.155
14 528 21 27.980
15 217 36 11.218
16 369 40 59.784
17 363 48 43.113
18 558 53 30.831
19 948 37 6.040
20 389 50 25.461
21 58 29 24.265
22 877 59 8.945
23 1417 6 0.678
24 366 25 6.573
25 626 18 52.194
26 697 27 40.575
27 287 21 66.751
28 1054 60 55.376
29 559 9 27.651
30 1082 2 17.480
31 30 19 2.758
32 231 4 69.607
33 1067 3 56.948
34 861 5 40.297
35 49 1 76.797
36 1260 2 48.044
37 159 51 2.280
38 1090 1 14.244
39 688 54 91.919
40 281 24 6.260
41 141 16 49.065
42 848 29 27.834
43 652 32 84.055
44 751 47 42.885
45 712 26 67.595
46 1327 45 76.837
47 1216 39 25.082
48 354 22 74.644
49 151 3 7.725
50 782 25 78.260
51 1291 56 80.541
52 547 50 90.619
53 1384 52 93.132
54 35 40 73.385
55 1359 45 79.676
56 884 47 81.320
57 729 27 38.154
58 653 4 81.639
59 235 47 86.792
60 494 43 63.816
61 78 42 53.160
62 452 44 28.650
63 117 51 90.821
64 1128 46 88.966
65 663 28 75.580
66 763 17 78.939
67 1083 13 59.713
68 1404 42 56.408
69 1004 4 84.550
70 143 49 62.666
71 1323 1 18.322
72 1360 33 28.777
73 330 52 23.657
74 1225 16 35.728
75 35 47 49.523
76 850 28 45.751
77 334 3 79.979
78 507 51 28.802
79 286 47 75.125
80 1019 37 61.514
81 254 13 32.408
82 1005 39 57.876
83 240 58 9.782
84 220 24 0.825
85 918 45 71.143
86 956 19 50.732
87 661 12 38.583
88 735 21 91.692
89 491 52 62.947
90 1214 1 13.542
91 358 54 84.651
92 281 32 1.118
93 609 57 89.300
94 1008 59 99.046
95 856 15 71.438
96 534 23 33.300
97 654 43 34.349
98 296 37 4.605
99 772 4 61.528
100 845 12 54.261
101 567 53 1.828
102 1045 39 97.406
103 319 5 5.680
104 1192 23 14.213
105 664 6 93.156
106 476 4 10.318
107 225 60 64.649
108 367 46 97.503
109 1094 34 78.425
110 1250 22 65.862
111 1022 21 82.824
112 101 33 35.515
113 742 28 71.729
114 1032 30 59.189
115 250 39 87.736
116 174 31 26.214
117 1271 47 3.736
118 1011 35 16.723
119 1323 57 23.068
120 894 45 36.291
121 678 27 31.117
122 506 5 70.922
123 682 57 4.795
124 124 1 97.841
125 935 26 36.567
126 538 29 91.410
127 417 10 18.611
128 277 11 91.334
129 3 45 20.603
130 1076 55 90.802
131 370 18 81.111
132 580 20 98.526
133 27 9 66.319
134 196 50 26.324
135 994 3 29.151
136 713 16 10.763
137 991 47 44.272
138 617 13 69.745
139 652 27 47.609
140 1203 55 1.403
141 563 2 1.697
142 801 6 73.064
143 1278 43 66.410
144 453 16 94.022
145 389 51 23.881
146 885 38 17.364
147 474 51 96.960
148 811 50 73.823
149 1103 23 2.021
150 22 4 94.191