150
1 395 23 89.832
2 903 2 24.246
3 120 6 17.746
4 169 34 62.608
5 960 11 74.486
6 98 6 75.348
7 337 21 41.612
8 936 38 78.377
9 354 31 99.083
10 684 17 68.579
11 160 33 50.733
12 682 46 47.687
13 862 41 53.287
14 1299 11 83.096
15 475 20 98.183
16 1096 44 78.769
17 309 9 19.106
18 45 37 72.417
19 198 36 44.501
20 1431 45 5.714
21 469 17 32.981
22 662 1 13.398
23 446 53 48.211
24 801 53 98.249
25 1296 12 50.163
26 1389 41 68.236
27 250 55 7.527
28 6 32 95.846
29 877 38 96.306
30 543 18 74.490
31 600 28 81.819
32 320 22 38.932
33 650 28 98.174
34 563 3 37.695
35 1214 45 16.369
36 1423 50 73.470
37 775 23 15.966
38 812 18 3.754
39 1051 34 60.272
40 1049 56 14.308
41 1439 49 72.303
42 1336 35 60.485
43 1290 36 72.870
44 1258 29 39.760
45 705 59 6.811
46 379 30 97.732
47 702 25 94.078
48 707 49 4.018
49 94 35 69.067
50 1246 6 25.363
51 202 58 33.641
52 1241 6 51.460
53 341 6 68.580
54 1220 38 84.898
55 989 36 74.641
56 264 32 83.798
57 123 41 89.637
58 732 5 26.500
59 793 33 47.811
60 719 4 6.917
61 852 31 57.244
62 833 59 20.124
63 1219 39 98.261
64 884 17 55.941
65 299 9 94.978
66 275 35 80.134
67 639 30 8.059
68 425 29 86.400
69 1034 56 6.330
70 957 31 72.708
71 245 43 28.560
72 351 48 42.239
73 413 55 7.763
74 475 26 71.818
75 182 7 11.346
76 569 9 17.316
77 995 55 19.956
78 90 9 76.566
79 30 38 45.906
80 658 11 39.493
81 1383 31 42.118
82 396 17 20.703
83 803 15 75.860
84 1235 32 84.308
85 411 23 82.482
86 109 7 2.054
87 480 34 0.836
88 915 31 75.384
89 1251 34 89.424
90 680 40 83.047
91 629 17 91.920
92 1267 1 7.187
93 461 33 78.444
94 929 25 49.168
95 916 37 12.770
96 53 34 2.781
97 1282 30 14.015
98 1059 11 68.558
99 66 18 22.747
100 852 55 61.207
101 990 53 23.236
102 1093 59 87.848
103 1214 43 91.142
104 330 19 30.787
105 292 58 8.445
106 857 32 26.084
107 19 20 94.401
108 1269 25 41.580
109 1089 47 21.403
110 998 7 54.356
111 805 11 63.561
112 382 55 22.763
113 1276 41 96.708
114 176 43 92.711
115 1008 39 46.726
116 550 43 12.835
117 1111 55 40.154
118 835 14 89.016
119 586 59 57.433
120 521 3 48.131
121 792 46 96.889
122 979 47 16.115
123 478 46 18.890
124 268 19 81.816
125 1011 50 94.317
126 372 28 47.921
127 136 11 69.715
128 1413 22 51.676
129 1019 60 88.418
130 1364 18 5.283
131 1110 41 32.787
132 248 21 60.499
133 1307 43 51.002
134 554 17 99.348
135 310 17 44.583
136 985 37 91.796
137 379 33 87.104
138 873 58 12.695
139 619 19 21.830
140 504 32 9.651
141 491 28 30.108
142 1148 46 32.671
143 1191 7 99.363
144 1145 29 40.437
145 170 19 40.284
146 847 35 57.800
147 448 39 39.006
148 57 9 13.214
149 273 54 97.874
150 851 46 33.756