150
1 8 3 3.931
2 1046 29 90.284
3 936 50 3.730
4 1240 27 20.299
5 731 43 78.674
6 10 26 82.945
7 1363 44 55.380
8 915 32 28.060
9 503 22 1.380
10 235 6 29.131
11 1203 43 53.299
12 693 18 4.047
13 1100 6 98.093
14 321 46 30.855
15 1156 33 55.419
16 1173 60 72.586
17 1057 20 3.097
18 1344 56 21.240
19 508 1 91.626
20 1120 43 89.997
21 855 14 0.276
22 189 16 53.881
23 1311 20 52.959
24 399 23 2.945
25 1196 37 14.483
26 164 13 42.752
27 1075 30 43.554
28 147 25 22.206
29 1324 57 75.957
30 352 42 8.296
31 479 31 96.690
32 579 41 73.827
33 796 7 66.958
34 1050 58 83.237
35 1158 55 33.347
36 822 47 52.964
37 112 49 17.050
38 1060 43 33.387
39 689 38 7.492
40 979 36 33.602
41 525 2 42.453
42 1268 43 19.352
43 682 51 25.671
44 1374 16 89.970
45 1339 47 62.994
46 372 34 30.527
47 198 2 30.351
48 287 19 21.029
49 249 17 63.270
50 337 40 58.144
51 269 13 41.687
52 1268 3 14.924
53 784 8 69.906
54 1224 47 1.003
55 1062 50 76.785
56 1023 28 62.735
57 1270 6 85.707
58 788 43 16.625
59 486 7 94.837
60 176 18 73.034
61 1133 23 23.449
62 573 52 14.978
63 163 50 95.966
64 1209 37 44.022
65 37 33 26.853
66 732 12 17.040
67 607 21 44.446
68 840 6 64.248
69 484 22 4.959
70 1062 20 80.155
71 1102 34 52.589
72 410 50 87.371
73 434 45 81.063
74 1140 30 55.115
75 12 60 46.634
76 106 30 69.211
77 177 18 45.557
78 156 59 98.997
79 614 3 47.409
80 677 11 94.404
81 892 46 73.376
82 329 38 28.035
83 200 25 60.747
84 1283 13 4.266
85 1290 58 40.977
86 1261 56 94.358
87 703 3 85.643
88 1105 26 86.595
89 917 59 92.121
90 230 26 47.713
91 725 42 19.937
92 130 56 2.438
93 620 46 81.682
94 1059 11 94.429
95 380 29 40.038
96 474 17 77.378
97 249 47 51.084
98 179 29 48.051
99 954 16 86.096
100 320 50 73.098
101 1388 9 29.325
102 110 10 97.547
103 1202 35 74.536
104 222 46 31.057
105 1025 41 25.168
106 411 60 66.158
107 1077 19 0.917
108 924 15 35.714
109 77 37 23.817
110 1250 56 8.567
111 494 52 55.176
112 383 10 37.445
113 296 54 67.225
114 237 19 27.340
115 53 4 77.780
116 1159 50 84.533
117 101 32 0.579
118 1222 11 34.652
119 972 12 82.149
120 1418 38 25.696
121 152 9 52.433
122 762 15 39.963
123 807 18 8.375
124 638 1 79.636
125 685 44 62.933
126 557 49 88.002
127 781 50 9.161
128 77 56 72.369
129 995 27 76.828
130 770 7 67.101
131 246 1 65.838
132 524 59 1.408
133 598 10 45.069
134 348 28 98.174
135 607 41 84.670
136 1031 9 48.998
137 1020 50 65.217
138 522 18 84.184
139 273 8 7.497
140 1168 49 92.022
141 1027 45 86.847
142 553 56 61.303
143 1335 40 36.305
144 1300 36 66.639
145 871 17 78.823
146 1244 38 36.623
147 631 59 79.090
148 1029 25 70.560
149 1217 34 95.513
150 156 17 40.453