150
1 326 39 39.468
2 1335 23 38.997
3 506 39 23.414
4 577 29 87.926
5 984 13 71.987
6 122 33 79.759
7 284 32 53.183
8 360 16 67.329
9 602 55 73.694
10 1043 39 95.828
11 1288 11 40.116
12 503 24 59.426
13 791 29 3.774
14 1361 25 14.138
15 344 39 61.671
16 394 29 42.511
17 741 13 75.200
18 694 17 31.937
19 841 45 1.034
20 1202 22 80.750
21 1286 39 94.639
22 440 29 99.864
23 1347 56 30.068
24 105 9 53.963
25 607 20 57.699
26 56 11 18.852
27 703 47 71.561
28 1414 6 41.234
29 1114 35 1.774
30 1036 6 25.566
31 1066 53 7.631
32 1418 44 9.744
33 1090 18 53.497
34 218 55 29.177
35 1143 34 3.482
36 534 23 12.298
37 617 38 65.181
38 932 34 74.359
39 951 12 91.011
40 832 51 54.971
41 144 35 52.603
42 220 27 37.178
43 1190 59 23.058
44 1353 53 61.139
45 1185 4 64.333
46 663 25 90.430
47 43 57 64.601
48 283 19 20.005
49 1397 10 24.339
50 565 19 55.557
51 577 13 92.716
52 946 4 39.565
53 1304 46 79.040
54 1090 54 74.988
55 752 50 46.340
56 1352 7 14.363
57 33 24 91.867
58 491 22 69.717
59 744 20 59.524
60 1419 22 84.384
61 1261 52 45.046
62 451 7 69.996
63 1341 8 74.985
64 468 9 86.429
65 1133 52 68.680
66 826 52 97.471
67 634 45 46.794
68 868 3 78.432
69 117 15 0.582
70 674 51 53.938
71 911 26 20.814
72 322 56 11.930
73 1162 35 70.602
74 1369 50 43.475
75 347 31 43.958
76 1193 19 58.446
77 1169 49 24.398
78 1413 15 89.167
79 12 58 51.133
80 532 5 52.552
81 580 53 28.042
82 101 58 40.123
83 426 22 32.246
84 653 31 19.514
85 1335 48 97.926
86 1365 47 35.107
87 762 55 7.941
88 200 53 10.812
89 131 5 35.923
90 338 18 73.083
91 737 42 65.342
92 500 16 73.651
93 1073 43 56.788
94 753 22 37.819
95 1070 24 27.832
96 1104 18 15.895
97 773 20 2.666
98 1309 10 71.008
99 521 18 54.586
100 150 9 72.373
101 724 9 32.224
102 111 25 81.197
103 79 16 38.381
104 716 28 54.644
105 178 13 1.927
106 616 57 17.780
107 1228 9 49.411
108 1394 12 84.292
109 18 19 43.108
110 310 39 97.280
111 515 52 77.662
112 202 15 17.234
113 642 25 14.909
114 1010 12 96.576
115 1377 27 86.996
116 647 56 37.295
117 133 3 37.631
118 1310 49 50.158
119 1196 22 22.824
120 731 50 25.049
121 778 17 57.877
122 947 38 55.928
123 114 31 98.568
124 513 50 56.430
125 151 40 48.235
126 952 14 92.763
127 289 20 71.594
128 1152 12 63.489
129 660 7 45.160
130 90 50 91.957
131 98 17 58.232
132 168 60 41.760
133 93 1 53.594
134 982 54 27.334
135 604 47 56.406
136 71 55 49.751
137 433 51 46.640
138 531 27 79.304
139 1269 37 17.560
140 320 9 39.559
141 1124 32 79.254
142 971 29 14.855
143 709 48 17.823
144 564 6 7.752
145 1107 21 36.377
146 1170 42 77.101
147 1141 25 99.201
148 213 11 3.899
149 75 34 48.551
150 602 20 5.281