150
1 878 32 95.784
2 1431 8 49.207
3 214 25 37.354
4 160 23 50.501
5 42 51 75.480
6 615 25 61.572
7 1161 42 38.555
8 649 23 64.334
9 559 34 27.202
10 620 6 5.076
11 555 38 39.474
12 704 18 40.643
13 195 35 70.881
14 1201 6 87.186
15 1292 38 25.604
16 841 5 51.724
17 233 20 25.728
18 932 37 76.937
19 1023 34 76.806
20 24 41 27.617
21 861 6 63.963
22 504 41 4.832
23 1115 30 77.079
24 1284 34 81.291
25 860 21 50.490
26 183 36 98.015
27 1380 51 73.581
28 1424 53 61.774
29 79 54 39.328
30 607 8 52.979
31 1068 36 16.250
32 1210 5 48.682
33 122 24 41.107
34 965 45 93.388
35 721 40 31.350
36 780 6 91.816
37 822 47 15.209
38 553 3 26.785
39 1241 32 64.608
40 1007 43 57.726
41 382 46 98.920
42 905 52 36.889
43 94 38 21.747
44 407 35 55.634
45 388 51 11.444
46 145 25 16.364
47 565 4 26.350
48 575 29 70.279
49 29 34 29.073
50 1067 51 96.269
51 1334 13 52.920
52 619 11 19.984
53 1142 40 98.711
54 346 55 12.987
55 1291 10 11.565
56 1439 7 55.233
57 1184 10 35.032
58 497 17 48.716
59 1363 57 99.877
60 7 42 21.702
61 755 36 32.545
62 1040 17 21.029
63 1263 52 78.726
64 842 25 5.489
65 1174 33 63.048
66 531 11 64.321
67 515 46 82.298
68 674 26 77.623
69 253 4 77.966
70 889 37 60.446
71 714 6 78.459
72 1335 54 16.923
73 1226 3 20.585
74 770 45 41.939
75 170 27 97.407
76 308 55 5.188
77 676 18 81.119
78 20 14 27.392
79 555 57 62.249
80 1154 53 63.329
81 438 42 55.992
82 336 43 23.242
83 818 44 25.162
84 893 32 15.465
85 740 49 43.237
86 714 42 84.560
87 1391 30 2.297
88 245 7 32.664
89 234 45 62.749
90 1158 4 58.957
91 979 29 29.203
92 140 54 86.074
93 814 47 68.910
94 980 28 18.511
95 555 25 62.281
96 1282 44 58.284
97 1199 46 82.045
98 385 4 15.039
99 727 14 93.943
100 769 11 97.307
101 956 32 92.887
102 664 28 92.261
103 33 34 8.938
104 664 42 68.248
105 760 18 63.561
106 652 8 45.882
107 67 21 39.494
108 1214 16 7.960
109 1330 6 33.166
110 566 48 75.469
111 54 47 86.076
112 303 23 71.401
113 127 60 33.608
114 449 5 13.851
115 1170 5 94.116
116 424 38 15.999
117 1364 45 54.305
118 1240 40 99.980
119 1056 58 49.470
120 734 43 7.348
121 1323 37 10.587
122 864 60 32.107
123 645 36 96.126
124 766 35 1.010
125 875 52 48.804
126 10 54 55.562
127 714 41 91.733
128 1009 34 25.487
129 111 19 5.820
130 952 52 96.909
131 782 23 90.548
132 1043 9 32.381
133 973 18 60.680
134 1126 1 38.137
135 269 32 4.575
136 299 36 52.277
137 296 10 10.985
138 234 40 14.309
139 103 25 52.383
140 390 29 31.469
141 213 9 12.212
142 586 18 24.447
143 1243 48 45.429
144 1309 35 55.306
145 1330 18 0.448
146 542 31 70.969
147 1228 24 70.701
148 999 4 80.980
149 1231 9 96.547
150 170 48 57.444