150
1 347 55 79.972
2 1234 6 0.471
3 213 11 4.062
4 1063 52 83.629
5 1039 35 47.702
6 814 9 45.402
7 883 22 10.922
8 555 6 77.378
9 1237 1 37.527
10 1286 30 97.771
11 6 33 18.014
12 348 15 99.317
13 1329 21 38.114
14 369 55 75.484
15 1119 58 99.518
16 1131 54 43.594
17 1292 24 82.885
18 1012 43 67.358
19 1215 34 29.951
20 1295 37 38.047
21 74 11 71.472
22 72 7 82.279
23 460 44 28.480
24 6 16 35.754
25 129 51 64.138
26 733 22 95.478
27 812 10 29.304
28 1382 42 39.241
29 870 34 22.740
30 1152 48 27.420
31 727 4 73.065
32 686 33 1.142
33 1364 19 16.540
34 1316 19 31.315
35 1123 60 97.860
36 434 52 50.236
37 1284 43 99.554
38 840 20 42.549
39 832 22 85.343
40 694 41 97.680
41 543 29 28.283
42 657 43 68.825
43 429 53 89.291
44 1319 21 77.106
45 598 51 76.315
46 692 32 35.781
47 814 26 57.035
48 1069 56 73.891
49 414 13 76.263
50 687 50 81.445
51 656 8 58.203
52 775 11 85.409
53 1161 58 32.269
54 835 48 77.440
55 890 4 31.446
56 1076 9 36.681
57 768 5 81.251
58 1161 31 21.942
59 1007 48 31.281
60 9 7 21.026
61 1230 36 76.324
62 280 31 21.475
63 166 20 70.686
64 41 42 51.061
65 723 2 92.643
66 22 39 24.041
67 58 55 14.490
68 465 4 12.408
69 1374 40 28.265
70 756 39 32.813
71 839 2 31.400
72 1258 15 26.523
73 976 7 53.158
74 564 12 98.963
75 874 7 20.628
76 872 40 31.073
77 353 1 59.191
78 982 49 89.546
79 1176 25 82.427
80 106 59 98.649
81 323 43 54.798
82 962 40 36.874
83 1261 11 51.270
84 1026 6 17.121
85 228 48 18.771
86 496 48 7.488
87 109 51 73.018
88 1119 56 39.198
89 1287 49 52.922
90 1222 11 90.078
91 519 36 12.743
92 378 5 16.817
93 683 32 20.515
94 711 37 42.228
95 277 39 83.520
96 991 23 64.530
97 1389 52 90.756
98 1094 11 9.041
99 1286 24 21.752
100 762 24 88.868
101 392 55 62.340
102 1042 10 28.645
103 526 18 5.721
104 136 45 35.892
105 27 28 58.623
106 589 55 16.061
107 1130 1 5.291
108 1437 22 44.389
109 855 51 63.898
110 1313 36 36.282
111 519 41 29.422
112 1106 10 22.375
113 656 49 67.577
114 315 33 61.356
115 692 49 98.120
116 339 4 11.081
117 862 9 79.960
118 1387 46 48.182
119 1100 15 84.713
120 581 30 77.391
121 503 10 39.066
122 723 24 82.960
123 1005 16 83.763
124 1320 49 46.414
125 59 57 77.391
126 253 23 73.780
127 1309 17 52.380
128 957 36 37.560
129 1055 11 57.322
130 706 21 73.648
131 750 60 80.066
132 791 16 79.780
133 350 12 40.288
134 641 30 64.331
135 296 43 32.654
136 388 18 12.975
137 879 22 25.942
138 678 27 5.250
139 680 51 15.443
140 1384 55 92.858
141 827 18 38.434
142 1058 20 7.586
143 257 16 30.397
144 841 35 10.429
145 170 41 6.190
146 1137 18 60.588
147 1364 5 64.574
148 1369 46 80.876
149 1352 21 89.771
150 255 47 74.935