150
1 538 28 44.281
2 563 47 46.534
3 222 32 11.640
4 202 26 2.016
5 1338 51 52.304
6 367 22 16.787
7 640 50 3.585
8 298 2 1.838
9 637 27 22.005
10 134 52 66.613
11 516 7 93.252
12 653 14 48.197
13 350 36 57.346
14 210 59 94.161
15 1105 60 70.757
16 688 1 64.672
17 1254 23 69.264
18 905 15 13.819
19 157 18 86.505
20 171 21 43.416
21 1383 48 84.692
22 704 19 11.140
23 875 6 56.010
24 249 19 21.640
25 63 38 89.369
26 481 43 22.341
27 605 37 16.272
28 1331 22 79.724
29 1271 2 27.092
30 388 37 91.461
31 590 43 85.852
32 544 32 9.913
33 1043 20 76.810
34 100 52 63.334
35 1309 23 70.065
36 640 40 81.777
37 651 22 43.372
38 575 16 58.031
39 117 18 41.455
40 1295 1 15.179
41 434 25 9.561
42 1313 22 43.548
43 225 1 46.162
44 309 8 67.973
45 471 57 93.731
46 20 49 12.910
47 1366 51 46.261
48 182 1 26.279
49 211 55 61.674
50 405 20 91.515
51 647 41 46.308
52 548 5 17.194
53 573 25 6.318
54 635 6 87.054
55 315 3 69.211
56 1129 49 86.704
57 819 49 29.017
58 512 44 47.549
59 636 11 98.095
60 1336 37 40.483
61 622 24 32.042
62 778 53 33.033
63 1278 30 22.275
64 619 9 46.937
65 1420 44 56.103
66 1155 33 22.397
67 486 33 79.477
68 1377 25 65.136
69 315 32 73.776
70 93 39 56.384
71 221 5 35.298
72 515 1 95.888
73 139 60 75.222
74 923 47 68.498
75 938 40 39.733
76 1055 35 88.740
77 268 9 33.594
78 892 5 25.955
79 1183 39 74.289
80 1285 55 33.056
81 1289 57 29.396
82 306 49 90.048
83 678 20 11.949
84 842 7 37.296
85 1286 52 79.643
86 1104 4 49.837
87 769 15 44.342
88 29 49 16.227
89 45 21 85.152
90 180 55 30.456
91 1384 6 88.142
92 1205 45 7.502
93 1113 13 21.722
94 1390 31 2.645
95 1394 36 2.443
96 462 12 70.584
97 1101 11 18.499
98 298 34 39.564
99 620 25 18.472
100 306 12 8.464
101 992 14 92.775
102 697 40 28.227
103 537 39 95.911
104 1295 54 82.610
105 522 8 92.407
106 1059 7 70.778
107 1097 23 80.824
108 828 30 48.058
109 1140 25 73.727
110 869 20 96.722
111 415 42 85.751
112 789 58 48.103
113 791 56 47.948
114 1285 28 92.594
115 760 50 7.773
116 1316 49 81.655
117 902 25 81.694
118 1161 3 55.454
119 807 1 75.423
120 382 29 93.823
121 1019 41 46.235
122 132 8 79.523
123 176 50 85.417
124 278 15 32.254
125 641 30 75.642
126 610 13 48.199
127 906 21 73.704
128 1160 25 41.374
129 781 49 43.403
130 1240 12 58.188
131 862 13 52.574
132 772 3 13.831
133 532 14 25.999
134 233 20 40.650
135 156 59 7.643
136 1297 51 33.503
137 376 9 38.341
138 949 39 65.392
139 421 56 69.365
140 346 26 5.538
141 948 60 25.305
142 1280 18 5.695
143 218 40 6.194
144 1012 41 33.757
145 350 35 93.904
146 239 29 74.926
147 1411 30 77.632
148 382 55 25.732
149 878 1 8.369
150 99 22 2.052