150
1 1317 19 70.808
2 1131 56 63.199
3 10 12 4.067
4 1118 14 52.696
5 937 17 16.030
6 115 57 14.782
7 645 58 51.221
8 284 22 13.870
9 704 39 80.492
10 824 16 99.094
11 1134 7 74.268
12 1268 4 54.488
13 1345 49 27.240
14 596 35 61.141
15 260 44 56.882
16 985 52 34.973
17 1100 50 67.283
18 62 21 68.056
19 946 60 16.358
20 1235 18 97.846
21 1375 52 76.466
22 245 14 75.772
23 1063 34 9.103
24 424 8 58.722
25 1008 29 25.085
26 631 26 19.526
27 1129 38 11.192
28 277 45 33.502
29 588 12 34.099
30 970 49 86.713
31 50 34 1.366
32 1113 53 56.406
33 430 58 53.539
34 162 22 58.889
35 881 49 44.904
36 106 29 95.263
37 483 6 66.477
38 680 38 57.252
39 625 24 53.730
40 135 23 1.982
41 736 3 3.835
42 314 50 9.829
43 727 41 62.111
44 873 33 85.140
45 852 19 6.712
46 829 4 77.110
47 805 8 99.547
48 862 14 23.596
49 1160 4 65.888
50 1189 55 41.706
51 1017 14 87.354
52 358 52 78.138
53 284 5 30.592
54 274 35 13.298
55 1100 1 94.656
56 1075 29 75.939
57 137 57 75.610
58 900 24 65.309
59 678 10 15.141
60 547 13 56.306
61 1305 41 95.177
62 369 49 42.048
63 936 12 29.367
64 260 2 20.225
65 768 33 45.884
66 309 16 30.813
67 1223 48 4.681
68 242 43 51.612
69 580 34 80.162
70 321 38 60.774
71 603 38 21.596
72 655 34 98.424
73 751 46 23.733
74 415 12 40.144
75 1165 10 21.094
76 576 24 37.946
77 960 59 56.602
78 362 59 3.583
79 746 21 30.851
80 826 59 73.294
81 359 37 21.001
82 545 41 51.413
83 200 59 96.327
84 654 59 87.158
85 524 58 31.116
86 1305 33 70.844
87 717 27 19.235
88 767 54 48.953
89 1243 10 26.796
90 655 3 49.807
91 1410 59 40.220
92 1366 15 68.662
93 827 18 15.742
94 523 45 7.661
95 976 45 69.935
96 198 27 51.638
97 660 7 34.016
98 31 19 63.311
99 624 39 77.704
100 4 48 98.490
101 811 52 13.971
102 355 27 13.969
103 760 50 69.742
104 514 17 3.564
105 1128 34 66.270
106 295 41 84.236
107 565 54 25.522
108 837 54 79.786
109 382 22 16.525
110 640 52 16.990
111 1187 53 32.603
112 176 51 66.810
113 1165 2 7.225
114 1226 15 20.940
115 749 18 55.427
116 1195 27 1.384
117 270 14 50.364
118 581 7 6.409
119 1089 43 80.029
120 395 4 42.841
121 125 56 60.706
122 1235 14 30.596
123 755 60 67.263
124 81 55 45.318
125 547 29 55.250
126 4 56 93.530
127 613 32 78.264
128 1060 27 23.042
129 131 11 27.843
130 1428 23 63.294
131 572 31 52.221
132 628 9 44.177
133 1063 26 84.865
134 1221 11 31.885
135 1329 33 27.427
136 299 23 9.673
137 650 37 8.241
138 1021 53 7.234
139 255 21 85.391
140 1265 29 12.262
141 62 13 40.746
142 349 8 97.969
143 444 47 82.203
144 790 30 88.462
145 398 28 70.604
146 1043 37 62.694
147 47 13 31.390
148 416 40 66.642
149 206 13 21.437
150 44 19 70.781