150
1 679 30 73.436
2 604 23 86.508
3 217 30 3.746
4 696 20 86.782
5 989 42 94.136
6 613 49 97.492
7 1275 52 22.224
8 317 13 58.173
9 323 57 15.476
10 478 45 29.963
11 957 50 33.451
12 938 1 70.177
13 432 39 40.940
14 1209 34 38.826
15 1193 55 15.247
16 272 24 60.013
17 1103 45 1.280
18 496 59 70.086
19 1250 2 92.873
20 92 10 25.198
21 450 39 86.299
22 1419 41 21.788
23 164 59 97.291
24 1399 25 11.766
25 173 29 1.180
26 250 30 42.273
27 1406 11 29.621
28 1400 22 75.671
29 767 46 76.618
30 512 19 77.557
31 1007 58 8.633
32 904 32 87.490
33 1202 2 68.264
34 365 38 3.462
35 591 30 17.184
36 662 4 14.968
37 916 39 57.155
38 1336 23 81.779
39 390 15 81.517
40 1198 52 14.097
41 1079 52 68.723
42 1162 27 30.467
43 1138 44 20.945
44 614 39 95.350
45 145 27 91.026
46 438 1 1.924
47 1258 1 82.968
48 78 58 30.533
49 1037 58 84.081
50 453 37 73.064
51 373 43 13.197
52 45 46 90.684
53 566 2 8.520
54 635 17 54.730
55 668 33 79.831
56 314 46 19.756
57 976 17 81.257
58 641 5 92.867
59 1235 20 29.855
60 84 20 2.919
61 631 13 62.221
62 1259 51 26.818
63 948 35 2.337
64 1292 8 30.130
65 1423 23 53.386
66 600 60 29.815
67 326 27 86.330
68 1239 6 46.646
69 153 22 12.797
70 341 8 68.240
71 1306 13 33.395
72 1187 53 36.665
73 1081 40 55.232
74 1184 18 96.843
75 634 44 28.201
76 719 40 63.765
77 992 24 64.403
78 1038 1 90.687
79 1257 7 49.103
80 199 3 30.685
81 1229 23 87.457
82 504 43 30.679
83 242 18 88.325
84 400 17 70.130
85 164 42 26.916
86 770 33 35.054
87 1285 34 79.054
88 569 19 69.219
89 522 26 65.145
90 956 56 93.950
91 1358 27 44.243
92 805 57 60.688
93 1096 9 21.074
94 375 58 73.456
95 510 33 2.152
96 461 22 58.247
97 1239 12 69.444
98 1164 18 90.942
99 762 31 74.945
100 279 57 37.917
101 445 32 41.345
102 413 3 57.927
103 1070 27 12.048
104 499 28 51.260
105 1226 50 5.701
106 1280 37 16.513
107 584 44 23.115
108 202 60 48.085
109 179 44 64.365
110 572 25 64.398
111 510 51 78.428
112 280 53 75.761
113 766 32 54.115
114 818 15 47.528
115 431 47 73.182
116 429 6 74.667
117 989 14 14.413
118 362 4 38.405
119 1308 38 9.987
120 1033 1 34.883
121 1205 21 4.250
122 1076 15 67.625
123 1332 3 33.533
124 817 9 70.630
125 342 36 1.512
126 861 15 81.886
127 276 46 47.080
128 306 10 76.788
129 204 14 24.080
130 1045 43 59.316
131 1364 29 58.659
132 1367 38 99.289
133 550 40 26.167
134 1274 14 2.914
135 457 16 41.886
136 944 3 3.846
137 217 59 69.795
138 165 22 50.836
139 110 41 59.837
140 527 32 36.188
141 1254 51 2.906
142 1023 33 48.543
143 215 16 35.360
144 99 21 38.728
145 620 40 52.564
146 298 5 21.083
147 923 18 61.233
148 850 13 65.237
149 903 56 94.732
150 299 31 69.419