150
1 1290 52 98.347
2 83 2 75.364
3 849 36 4.411
4 504 37 90.977
5 775 57 70.795
6 1215 7 31.169
7 323 45 86.276
8 501 25 68.133
9 1129 19 23.120
10 1023 58 10.793
11 283 12 34.751
12 84 9 1.372
13 1117 25 56.702
14 607 4 67.424
15 1220 3 14.700
16 776 16 69.652
17 1082 21 83.947
18 864 44 50.333
19 430 55 8.365
20 1393 6 61.819
21 115 18 47.183
22 615 13 2.276
23 425 18 53.448
24 501 17 31.509
25 959 60 92.270
26 1173 32 97.222
27 237 18 25.685
28 1 34 71.050
29 701 32 62.354
30 81 21 10.770
31 1387 24 82.668
32 1316 30 37.157
33 183 18 60.533
34 282 5 66.341
35 925 13 11.221
36 737 43 35.435
37 780 1 35.396
38 1285 60 46.130
39 1143 44 49.265
40 1001 58 18.611
41 169 30 20.073
42 1390 41 81.760
43 579 40 70.631
44 1426 27 85.039
45 1252 50 31.836
46 1363 42 29.107
47 1233 34 16.109
48 129 7 65.151
49 392 16 78.566
50 596 48 33.478
51 1440 57 40.204
52 416 11 48.946
53 321 54 32.087
54 663 33 44.503
55 1171 47 50.320
56 395 20 82.697
57 278 10 1.357
58 1191 34 11.276
59 434 42 22.271
60 70 24 96.058
61 1024 46 93.799
62 211 5 51.506
63 903 30 32.939
64 513 48 87.810
65 1319 2 34.764
66 29 24 3.618
67 731 4 5.702
68 601 36 91.258
69 415 27 33.192
70 530 34 89.447
71 1245 59 22.703
72 65 55 6.594
73 537 30 15.182
74 724 32 46.627
75 29 13 55.373
76 186 59 26.803
77 557 6 71.472
78 1075 26 49.854
79 1200 6 2.602
80 662 37 86.322
81 747 18 50.467
82 930 24 42.867
83 1427 11 54.845
84 700 43 77.211
85 1404 50 9.975
86 901 60 32.518
87 880 16 82.865
88 1021 6 34.988
89 1295 34 45.765
90 220 22 95.056
91 929 56 16.025
92 899 44 10.234
93 1203 60 8.456
94 439 57 35.814
95 1326 60 36.800
96 1197 37 91.667
97 231 51 78.723
98 356 47 90.418
99 65 54 24.675
100 1087 35 97.016
101 776 47 95.929
102 1242 17 15.458
103 1178 38 23.401
104 364 22 95.025
105 778 48 41.524
106 560 56 26.409
107 87 17 24.855
108 1082 49 83.994
109 822 47 60.873
110 131 20 70.098
111 338 46 44.513
112 452 4 11.376
113 322 45 46.149
114 329 22 89.383
115 1428 8 94.032
116 492 25 7.740
117 58 31 13.056
118 1397 30 78.925
119 987 44 95.409
120 1360 55 71.724
121 756 36 14.954
122 844 27 76.518
123 1434 46 70.628
124 1224 42 95.946
125 806 15 50.335
126 39 27 99.603
127 146 6 49.581
128 1068 1 49.554
129 318 6 13.818
130 517 37 39.677
131 631 19 38.871
132 898 41 76.853
133 1215 47 2.210
134 1324 41 48.288
135 32 36 99.676
136 1283 50 58.611
137 485 15 78.860
138 520 58 21.014
139 621 28 40.750
140 1409 42 29.585
141 880 33 30.868
142 1400 59 68.778
143 959 3 95.299
144 319 50 8.741
145 164 59 92.635
146 370 9 64.047
147 446 13 32.167
148 619 44 97.252
149 1072 14 13.168
150 647 34 73.446