150
1 1037 8 55.802
2 1376 31 40.811
3 1287 52 99.884
4 1258 43 64.805
5 21 39 28.095
6 310 3 12.933
7 498 20 76.373
8 1349 18 27.538
9 540 10 71.477
10 938 8 79.513
11 403 55 39.592
12 290 9 46.277
13 857 47 0.526
14 1095 14 79.057
15 1138 11 70.051
16 1164 17 21.780
17 970 15 13.372
18 1118 23 54.645
19 243 38 17.564
20 1063 34 31.682
21 308 39 3.348
22 492 52 15.464
23 640 56 57.375
24 108 35 15.254
25 711 55 36.028
26 111 58 84.173
27 1340 59 34.156
28 1105 13 27.279
29 887 25 8.550
30 1160 39 44.230
31 971 54 72.116
32 648 33 68.563
33 812 4 59.539
34 164 48 8.006
35 100 18 56.067
36 345 1 28.397
37 316 35 73.672
38 1428 54 55.878
39 586 21 55.731
40 532 24 18.726
41 728 9 63.038
42 938 19 19.048
43 90 24 28.641
44 457 42 10.516
45 585 38 37.351
46 1346 60 2.669
47 547 8 56.463
48 553 28 50.170
49 715 40 38.256
50 347 43 14.629
51 268 29 38.316
52 796 36 88.861
53 797 57 57.474
54 66 21 24.383
55 714 10 74.998
56 179 45 86.617
57 829 58 27.425
58 366 15 45.792
59 1142 35 88.465
60 967 14 80.986
61 4 45 90.945
62 554 59 92.419
63 979 5 66.345
64 1032 35 36.117
65 1322 2 9.556
66 906 23 33.244
67 79 60 70.809
68 835 14 94.902
69 1169 32 94.235
70 1175 36 22.980
71 1379 48 63.164
72 25 12 98.528
73 145 44 74.278
74 1353 22 2.051
75 865 37 66.821
76 1142 47 97.347
77 691 2 4.241
78 547 35 29.185
79 1 21 34.204
80 1348 41 81.605
81 217 47 38.335
82 997 36 84.754
83 578 5 38.033
84 1311 26 78.381
85 944 41 35.995
86 491 28 34.238
87 261 43 79.513
88 995 2 88.998
89 876 28 56.431
90 322 54 19.779
91 1148 33 67.109
92 983 9 43.686
93 742 28 14.767
94 658 23 46.589
95 891 26 73.579
96 1229 28 51.512
97 738 16 53.024
98 1097 2 23.902
99 493 58 3.606
100 883 38 98.949
101 128 37 47.379
102 480 28 52.607
103 398 17 64.147
104 1203 47 45.752
105 557 16 95.496
106 602 58 78.852
107 1241 43 77.331
108 234 60 28.866
109 632 10 89.287
110 705 38 20.349
111 1276 52 43.429
112 695 54 53.430
113 205 22 54.229
114 869 44 74.696
115 181 21 97.486
116 1383 23 49.526
117 255 42 35.182
118 991 58 72.989
119 1322 37 80.089
120 250 30 88.252
121 370 36 1.851
122 1266 18 55.683
123 184 11 81.164
124 902 51 96.017
125 1398 5 81.943
126 1302 46 27.627
127 715 50 61.726
128 1018 23 77.896
129 1002 14 0.338
130 423 51 6.247
131 1192 6 91.499
132 1209 20 50.680
133 486 37 76.870
134 50 12 99.805
135 159 8 49.882
136 1321 13 58.721
137 1271 32 25.139
138 513 49 97.848
139 726 49 16.781
140 789 48 39.674
141 661 21 8.435
142 461 33 76.068
143 1059 56 98.855
144 388 8 75.886
145 738 50 8.388
146 343 32 86.810
147 417 52 50.242
148 598 39 3.536
149 885 46 47.078
150 854 16 55.756