150
1 685 22 52.843
2 183 41 78.366
3 422 49 95.301
4 131 37 96.433
5 798 6 53.351
6 359 39 45.194
7 900 54 90.610
8 829 46 91.125
9 1290 50 29.408
10 994 12 54.045
11 99 11 98.436
12 1411 13 8.281
13 430 51 14.021
14 947 50 6.440
15 309 38 44.419
16 915 2 2.818
17 757 4 68.133
18 797 8 35.445
19 193 4 51.219
20 1260 48 43.007
21 430 20 65.565
22 1176 36 30.124
23 1331 31 11.802
24 1015 3 75.535
25 1344 49 76.699
26 314 26 33.314
27 65 18 22.100
28 387 1 20.267
29 1365 29 32.349
30 164 32 64.231
31 1210 25 73.165
32 1123 2 28.001
33 1208 37 48.072
34 112 16 45.468
35 1387 35 53.237
36 1292 54 29.201
37 602 47 36.919
38 322 4 40.749
39 953 33 24.449
40 1115 37 23.213
41 791 9 13.537
42 623 11 11.660
43 679 31 16.978
44 683 12 56.793
45 1189 54 50.337
46 1125 20 90.396
47 1414 23 83.224
48 741 54 43.727
49 141 57 38.327
50 751 31 11.643
51 357 41 97.061
52 801 56 27.647
53 166 48 80.555
54 169 48 60.247
55 1283 13 44.882
56 1170 11 65.383
57 1269 17 61.729
58 47 26 78.053
59 947 10 19.106
60 398 13 7.409
61 1077 33 3.916
62 499 22 0.082
63 822 57 94.596
64 790 26 93.697
65 1309 39 38.275
66 287 32 59.686
67 1314 7 68.914
68 1160 60 88.125
69 296 48 85.484
70 1204 48 84.351
71 989 25 38.134
72 795 36 10.969
73 491 15 25.648
74 244 14 59.318
75 761 3 0.791
76 1226 32 70.627
77 758 54 89.887
78 270 6 19.757
79 1290 45 14.689
80 1120 44 44.164
81 1259 30 59.444
82 576 27 99.584
83 1197 6 79.465
84 450 35 95.615
85 181 32 8.778
86 167 9 95.397
87 1218 31 90.927
88 546 23 19.227
89 1306 21 84.146
90 729 37 77.043
91 1007 4 11.508
92 729 56 14.900
93 1079 12 20.108
94 1383 29 44.646
95 1119 44 13.477
96 145 7 21.389
97 1303 37 48.413
98 570 34 92.800
99 1313 13 57.295
100 1061 44 84.788
101 288 20 51.749
102 155 41 1.332
103 801 32 64.978
104 949 1 57.063
105 915 19 48.964
106 1041 46 16.002
107 372 22 41.668
108 1209 46 84.167
109 1082 31 59.480
110 798 35 1.770
111 636 41 88.981
112 1404 36 85.774
113 607 28 78.733
114 825 29 35.922
115 677 26 82.046
116 1277 5 49.197
117 1305 25 45.127
118 360 28 41.364
119 148 25 9.457
120 768 22 40.590
121 1425 12 15.319
122 12 23 17.781
123 969 52 54.191
124 1405 39 5.635
125 1286 54 65.312
126 698 13 81.715
127 219 18 87.695
128 782 17 8.853
129 1193 11 22.592
130 678 52 84.003
131 1091 14 44.827
132 239 13 42.485
133 139 40 26.961
134 723 29 89.048
135 937 46 23.360
136 1277 26 93.793
137 1074 10 58.912
138 750 60 10.059
139 349 51 17.133
140 348 47 89.361
141 518 17 88.796
142 783 7 15.867
143 379 25 53.619
144 50 46 36.787
145 1114 4 2.112
146 1205 4 77.391
147 976 59 54.657
148 149 51 33.790
149 1413 32 55.472
150 1070 37 62.602