150
1 404 10 12.870
2 889 54 24.633
3 172 53 6.110
4 550 54 8.967
5 423 43 20.804
6 1366 1 21.652
7 1312 13 57.228
8 1324 25 57.585
9 1349 52 81.358
10 165 33 94.028
11 1351 26 81.748
12 965 4 80.403
13 1247 28 10.001
14 1093 9 39.014
15 560 1 49.888
16 1071 56 97.271
17 1267 1 40.945
18 839 41 71.477
19 1114 26 78.006
20 354 10 97.744
21 207 21 96.091
22 841 27 5.146
23 17 53 86.155
24 671 34 87.252
25 358 40 88.460
26 1368 47 39.723
27 55 57 99.356
28 991 48 45.571
29 1252 48 54.697
30 51 20 44.396
31 441 24 98.506
32 261 10 11.230
33 491 33 60.363
34 1065 27 32.089
35 176 32 35.606
36 57 50 93.074
37 1011 11 10.832
38 439 42 51.121
39 427 30 57.052
40 515 32 74.220
41 847 15 79.327
42 896 17 73.597
43 141 35 75.911
44 1390 1 19.180
45 186 6 82.985
46 582 26 89.334
47 538 37 39.024
48 1308 35 30.408
49 1141 56 95.083
50 218 48 47.906
51 114 58 27.929
52 258 29 46.706
53 1171 54 74.357
54 403 27 69.152
55 405 28 79.389
56 1190 16 55.059
57 1094 32 61.287
58 1439 36 54.543
59 1015 56 15.815
60 641 24 63.240
61 349 33 4.393
62 362 13 19.790
63 440 16 64.186
64 620 40 29.773
65 545 5 44.186
66 286 57 92.174
67 1287 45 65.099
68 1185 50 60.040
69 398 54 47.152
70 857 1 60.174
71 241 6 37.778
72 945 28 84.719
73 307 56 57.702
74 433 58 97.026
75 1132 10 89.941
76 842 51 25.701
77 1053 30 85.934
78 1134 45 54.750
79 956 6 54.416
80 1382 19 59.780
81 4 56 45.422
82 1111 15 10.683
83 507 25 47.468
84 409 16 11.901
85 521 18 66.183
86 12 6 56.912
87 431 33 61.807
88 903 59 50.375
89 682 3 41.054
90 863 51 16.372
91 1407 47 91.003
92 1325 31 86.209
93 523 29 84.580
94 1340 13 72.495
95 775 9 74.128
96 454 11 53.677
97 540 34 30.814
98 1261 46 5.749
99 158 39 98.288
100 493 47 54.360
101 191 19 16.262
102 476 57 94.779
103 1360 59 89.494
104 314 15 70.112
105 1407 13 14.649
106 946 28 63.813
107 33 50 66.614
108 817 53 19.624
109 1105 50 83.926
110 869 46 29.403
111 1154 50 78.218
112 1386 23 19.846
113 61 3 81.330
114 252 17 28.533
115 417 10 11.528
116 730 39 82.814
117 1381 36 38.118
118 1120 36 67.586
119 208 37 40.079
120 357 34 99.718
121 919 21 43.050
122 1325 39 46.285
123 984 23 96.067
124 231 38 22.112
125 1217 50 87.032
126 917 15 7.924
127 109 26 54.365
128 1374 47 31.567
129 447 25 19.883
130 609 20 75.696
131 1423 56 60.914
132 1027 31 27.976
133 1437 51 66.265
134 783 7 54.603
135 366 17 65.799
136 924 21 65.031
137 430 24 76.000
138 180 20 96.263
139 739 46 46.332
140 342 18 6.089
141 1432 47 58.902
142 623 10 50.715
143 328 29 9.038
144 1152 7 39.526
145 912 26 77.138
146 358 32 38.834
147 1215 38 68.430
148 194 33 6.826
149 489 18 48.733
150 778 6 63.184