150
1 781 2 55.082
2 1132 39 90.385
3 1046 30 37.981
4 1425 55 39.009
5 608 30 27.698
6 276 46 40.427
7 518 1 62.349
8 759 52 28.550
9 104 31 8.345
10 932 22 9.667
11 567 11 90.922
12 1129 40 44.334
13 1317 55 49.429
14 746 16 80.298
15 517 59 50.818
16 373 6 2.117
17 111 18 71.794
18 50 35 32.274
19 193 16 81.362
20 1012 60 49.264
21 441 45 80.386
22 596 5 87.449
23 381 13 38.985
24 362 43 10.307
25 1054 55 86.482
26 277 51 75.721
27 493 59 16.887
28 906 43 38.554
29 517 11 62.146
30 1317 22 83.334
31 321 26 84.276
32 1088 52 20.670
33 1049 13 49.897
34 841 16 50.030
35 408 6 45.089
36 1232 42 22.823
37 982 52 64.345
38 631 16 90.311
39 991 1 97.159
40 327 24 53.447
41 26 57 73.404
42 481 60 27.616
43 86 13 30.807
44 486 26 67.745
45 216 33 78.865
46 1106 13 48.891
47 379 19 33.883
48 235 32 73.116
49 1064 51 60.359
50 240 6 29.901
51 864 34 99.911
52 979 18 82.922
53 724 23 62.431
54 574 1 3.540
55 480 39 22.451
56 1404 23 44.852
57 297 40 46.162
58 247 4 51.907
59 803 48 72.648
60 584 6 21.544
61 1151 10 80.458
62 228 42 84.774
63 306 5 41.982
64 52 25 62.931
65 1336 22 18.713
66 324 55 40.301
67 1262 14 8.875
68 258 44 18.085
69 1279 49 55.771
70 101 19 82.366
71 1164 8 72.031
72 290 34 24.565
73 820 28 15.112
74 87 11 78.868
75 374 36 2.877
76 984 45 22.404
77 395 12 91.104
78 1352 46 17.494
79 650 28 82.303
80 20 35 74.548
81 1310 12 2.218
82 1247 12 48.351
83 1069 60 38.784
84 1192 49 39.929
85 226 52 90.446
86 1016 8 8.016
87 68 11 19.718
88 1166 2 31.236
89 1366 46 76.310
90 802 43 52.682
91 1357 12 27.045
92 492 19 31.641
93 111 45 20.461
94 762 25 61.206
95 1438 23 83.229
96 546 53 80.922
97 200 53 50.447
98 25 17 9.196
99 229 53 36.652
100 669 28 3.115
101 1178 55 58.731
102 1023 10 59.588
103 636 17 36.545
104 775 16 3.223
105 56 29 38.267
106 340 37 50.443
107 1279 41 39.408
108 919 4 67.808
109 687 27 9.067
110 904 25 47.296
111 1187 15 8.689
112 563 53 22.928
113 755 45 76.654
114 256 44 21.572
115 1082 1 45.532
116 748 9 13.942
117 663 57 35.668
118 98 12 68.974
119 168 36 92.616
120 38 20 16.307
121 1384 56 90.579
122 33 18 76.875
123 378 25 81.172
124 1333 53 77.583
125 93 1 59.793
126 363 24 54.483
127 1193 33 31.313
128 698 2 46.171
129 621 59 86.815
130 940 15 28.584
131 771 13 87.100
132 333 17 96.730
133 1415 60 85.805
134 619 40 8.696
135 335 29 28.983
136 577 50 21.017
137 1285 57 82.892
138 738 46 17.792
139 1298 29 28.005
140 1131 29 98.300
141 227 18 40.433
142 905 47 74.128
143 1212 3 97.559
144 577 35 27.561
145 1291 3 1.008
146 200 1 32.371
147 289 27 65.994
148 845 17 26.814
149 427 32 66.493
150 146 59 45.515