150
1 112 50 11.123
2 496 41 32.574
3 865 28 90.940
4 667 12 27.342
5 245 37 45.758
6 986 59 94.560
7 432 50 51.722
8 233 36 58.886
9 1185 19 51.062
10 549 21 77.466
11 672 3 51.592
12 716 21 69.801
13 842 60 2.473
14 479 51 74.019
15 1087 36 42.474
16 1020 42 44.616
17 51 11 58.531
18 267 33 26.236
19 1185 1 12.018
20 1032 25 91.182
21 208 14 13.990
22 1390 7 67.775
23 297 54 36.914
24 330 26 83.578
25 560 20 12.280
26 613 34 6.900
27 502 12 6.663
28 1069 40 65.916
29 212 23 89.585
30 483 37 89.515
31 936 34 73.419
32 1407 30 62.999
33 768 54 36.145
34 614 12 39.344
35 245 46 97.099
36 761 47 47.004
37 520 33 71.239
38 1203 49 18.508
39 19 50 92.377
40 256 3 16.101
41 159 4 4.806
42 415 58 52.223
43 17 58 38.628
44 1280 53 33.304
45 1422 36 69.241
46 1161 1 34.134
47 403 24 33.899
48 589 55 0.061
49 20 6 20.907
50 1389 7 56.895
51 1388 60 55.879
52 1262 50 58.091
53 679 35 21.787
54 540 36 0.275
55 1263 7 96.890
56 802 28 7.916
57 1274 5 8.956
58 189 2 31.978
59 305 55 4.554
60 55 53 94.037
61 742 47 20.531
62 1207 34 32.923
63 891 59 17.367
64 164 11 69.317
65 140 31 36.694
66 76 37 97.853
67 1335 49 7.936
68 1149 33 83.356
69 1111 14 6.980
70 638 60 77.786
71 841 6 34.397
72 442 42 9.619
73 543 29 78.174
74 1192 35 51.968
75 515 42 29.619
76 309 21 46.875
77 355 12 46.677
78 1127 27 0.088
79 985 47 2.654
80 779 39 69.321
81 759 8 4.405
82 1365 10 54.480
83 887 2 85.695
84 582 46 18.679
85 1383 25 34.757
86 738 9 31.716
87 414 48 53.833
88 979 41 57.309
89 288 53 34.530
90 681 25 98.829
91 489 9 26.762
92 366 14 18.808
93 504 26 48.610
94 1264 47 2.708
95 66 54 61.601
96 59 16 24.897
97 1155 8 54.457
98 1130 26 77.644
99 216 48 28.162
100 898 43 33.436
101 866 31 70.495
102 9 13 18.986
103 413 5 46.776
104 508 15 84.706
105 979 3 65.255
106 773 18 91.105
107 569 8 94.498
108 923 41 79.600
109 1118 47 3.816
110 134 55 36.497
111 915 9 66.519
112 301 15 42.544
113 981 38 84.870
114 237 49 25.416
115 1430 14 32.320
116 1337 19 66.875
117 801 53 22.798
118 412 31 8.410
119 431 35 82.789
120 801 58 8.639
121 83 11 93.490
122 1091 46 76.033
123 553 23 89.699
124 747 40 29.293
125 297 28 15.763
126 627 34 99.709
127 370 40 67.418
128 1124 38 20.271
129 635 56 77.723
130 60 26 41.888
131 25 18 24.128
132 304 27 56.695
133 717 50 0.365
134 383 28 92.748
135 1386 11 69.722
136 952 59 38.247
137 1068 8 3.512
138 1100 47 92.207
139 600 21 79.347
140 1048 13 24.804
141 346 46 89.385
142 1130 23 89.487
143 428 19 40.718
144 616 27 41.962
145 1338 52 70.326
146 1327 55 80.425
147 407 35 98.424
148 672 36 12.978
149 1292 40 29.008
150 17 18 67.844