150
1 1042 15 69.256
2 918 22 15.906
3 16 14 27.641
4 1074 8 30.738
5 631 45 36.071
6 1040 5 30.486
7 653 38 20.173
8 168 36 45.880
9 1330 19 32.662
10 1373 36 31.008
11 1437 12 34.187
12 285 22 47.703
13 248 43 31.575
14 944 53 29.323
15 296 50 62.542
16 421 9 9.331
17 413 14 41.629
18 762 39 96.082
19 798 13 73.623
20 830 19 71.814
21 844 3 3.265
22 340 22 83.338
23 383 12 32.355
24 1109 28 9.818
25 129 30 83.109
26 372 18 12.557
27 1272 30 73.616
28 505 39 50.013
29 1415 50 97.201
30 875 3 8.873
31 500 5 57.050
32 655 25 59.599
33 625 49 55.800
34 231 54 22.576
35 121 55 86.083
36 1176 32 6.806
37 1159 27 78.333
38 1063 14 96.150
39 433 50 83.359
40 1354 45 17.606
41 121 33 79.187
42 422 39 19.045
43 48 48 87.806
44 141 26 62.789
45 317 42 81.012
46 674 43 96.992
47 35 4 34.038
48 621 3 54.405
49 725 18 57.712
50 968 36 20.937
51 1317 53 66.368
52 129 25 64.263
53 682 52 53.415
54 894 53 95.038
55 755 41 19.558
56 910 23 8.692
57 1016 15 66.338
58 288 40 70.402
59 1062 6 45.373
60 1195 44 46.561
61 157 42 85.328
62 614 30 21.018
63 984 59 40.314
64 173 1 0.640
65 188 16 92.227
66 941 37 89.136
67 182 13 12.754
68 1096 20 56.471
69 122 43 49.316
70 929 12 91.823
71 1023 35 83.925
72 90 47 25.882
73 722 9 10.978
74 591 40 7.697
75 1308 19 0.044
76 1382 34 85.141
77 1278 48 89.064
78 197 13 87.237
79 229 55 38.207
80 1136 17 59.985
81 69 58 59.227
82 954 22 43.617
83 1370 56 97.587
84 1118 38 96.831
85 1144 3 2.668
86 982 16 54.464
87 1304 23 87.666
88 480 5 81.290
89 561 31 95.069
90 717 44 90.509
91 229 60 47.579
92 1086 57 12.798
93 313 60 88.211
94 377 36 7.086
95 382 40 60.304
96 694 38 67.263
97 1056 15 19.897
98 116 51 69.631
99 1060 52 17.977
100 1223 24 9.337
101 400 44 29.407
102 1188 16 70.678
103 432 24 22.932
104 429 46 97.147
105 168 9 50.432
106 1004 55 10.735
107 328 41 41.251
108 610 38 10.967
109 65 10 97.037
110 881 11 73.386
111 1369 3 17.193
112 1143 43 89.455
113 353 9 95.998
114 1182 9 68.643
115 188 15 35.748
116 971 24 91.630
117 132 18 50.249
118 1090 29 16.461
119 804 24 76.821
120 653 26 52.570
121 648 27 5.907
122 1147 28 91.141
123 1168 40 7.585
124 29 18 31.375
125 1046 30 79.720
126 374 9 77.292
127 1323 54 54.683
128 976 26 30.089
129 648 53 16.465
130 868 54 77.329
131 995 46 33.076
132 1246 52 0.518
133 1390 34 2.971
134 269 12 44.678
135 1357 27 18.229
136 1437 19 79.401
137 1083 44 66.375
138 231 53 22.094
139 481 59 84.817
140 391 38 28.805
141 1375 20 67.036
142 733 44 99.539
143 1367 1 1.056
144 71 59 20.276
145 671 16 18.047
146 137 42 90.267
147 370 31 99.153
148 739 22 75.377
149 528 34 43.564
150 616 17 30.601