150
1 1086 26 31.011
2 719 18 18.082
3 1405 54 30.816
4 851 39 87.712
5 1027 33 38.967
6 831 54 11.944
7 687 46 7.882
8 718 11 44.933
9 80 17 90.429
10 211 9 56.029
11 982 56 91.694
12 42 3 97.328
13 1366 15 80.657
14 87 6 81.675
15 1400 21 46.575
16 1066 6 71.409
17 1303 60 20.177
18 968 6 15.205
19 729 30 12.935
20 1256 51 45.969
21 206 50 47.557
22 586 39 60.708
23 982 34 72.038
24 418 23 81.221
25 110 55 7.110
26 1413 49 71.518
27 508 29 50.019
28 206 50 66.976
29 773 3 38.292
30 451 16 53.290
31 897 50 49.000
32 414 59 18.640
33 1201 53 23.758
34 271 54 34.730
35 406 35 12.219
36 1173 39 97.062
37 1234 16 15.137
38 1245 43 28.359
39 1050 28 2.410
40 299 21 33.961
41 845 14 47.689
42 184 5 13.458
43 620 48 60.065
44 1273 51 91.595
45 431 25 49.001
46 711 52 28.173
47 802 18 20.467
48 137 35 11.379
49 664 7 26.907
50 1176 35 95.121
51 1030 8 84.039
52 971 8 78.000
53 978 48 12.323
54 574 34 32.365
55 1043 17 84.420
56 731 48 90.834
57 1000 38 3.975
58 26 46 48.888
59 307 54 50.944
60 1005 54 31.279
61 1177 34 95.414
62 495 33 91.465
63 1383 11 99.494
64 30 55 35.011
65 1121 36 1.697
66 93 13 95.137
67 69 35 96.582
68 779 19 43.500
69 823 25 39.421
70 488 36 44.673
71 173 43 0.585
72 732 32 94.378
73 577 2 43.430
74 662 43 40.795
75 1053 6 41.247
76 180 3 44.324
77 667 25 43.362
78 1182 42 27.012
79 1103 46 41.466
80 424 19 77.085
81 809 10 91.081
82 511 46 54.713
83 1316 12 24.741
84 1049 48 92.281
85 656 50 91.285
86 71 4 0.398
87 1241 44 70.877
88 1046 59 99.851
89 908 10 41.662
90 866 27 34.329
91 1031 31 66.432
92 1282 7 91.362
93 999 22 4.187
94 958 1 70.299
95 112 28 57.163
96 210 36 37.081
97 856 38 9.408
98 770 51 8.596
99 956 10 95.495
100 1040 57 79.805
101 907 26 27.694
102 1249 15 11.641
103 1270 39 35.596
104 898 30 90.093
105 227 30 7.026
106 1193 18 18.203
107 1115 54 6.750
108 1229 24 26.725
109 443 52 83.635
110 319 39 59.939
111 824 28 26.709
112 1239 25 34.794
113 1379 3 28.528
114 315 39 65.327
115 820 46 41.795
116 696 57 74.484
117 702 57 13.606
118 1400 48 28.229
119 970 2 52.426
120 1093 22 22.064
121 131 16 39.974
122 1139 41 9.424
123 510 4 10.306
124 1179 28 4.952
125 692 15 2.115
126 1402 36 5.522
127 624 17 76.287
128 917 23 21.496
129 565 46 11.634
130 263 53 62.481
131 230 41 50.773
132 376 16 15.671
133 144 41 97.263
134 450 23 29.907
135 970 2 56.614
136 338 26 76.646
137 459 11 18.072
138 326 44 17.683
139 985 39 71.902
140 1115 46 52.499
141 978 51 92.362
142 82 54 34.873
143 260 27 23.720
144 394 25 32.018
145 261 59 14.135
146 438 40 63.890
147 429 22 54.127
148 425 6 35.269
149 1077 40 45.455
150 1195 26 58.310