150
1 778 41 50.878
2 604 42 84.961
3 66 6 71.114
4 966 22 91.778
5 71 30 44.484
6 750 42 98.381
7 22 53 12.465
8 437 2 44.956
9 10 40 68.151
10 1403 41 5.610
11 895 16 16.187
12 969 4 30.817
13 1268 7 58.997
14 1209 21 35.974
15 754 39 5.225
16 530 25 19.288
17 697 28 76.418
18 1314 22 9.726
19 654 44 21.886
20 933 16 10.747
21 1311 54 90.977
22 793 42 58.459
23 398 2 70.971
24 657 57 99.545
25 368 18 85.511
26 1006 21 90.005
27 804 26 84.884
28 1220 23 38.013
29 1355 60 45.547
30 304 2 47.271
31 449 43 71.956
32 1145 13 44.783
33 1220 16 94.262
34 792 60 63.052
35 933 41 69.503
36 1142 36 47.603
37 289 26 77.342
38 661 14 41.653
39 1081 9 69.044
40 215 27 98.006
41 565 15 71.885
42 390 15 42.433
43 1144 26 38.431
44 671 34 53.340
45 230 35 15.521
46 583 33 4.826
47 697 60 88.990
48 872 33 76.298
49 119 56 78.488
50 1377 53 50.912
51 612 17 31.982
52 332 7 47.465
53 164 34 60.462
54 1414 39 22.929
55 410 19 93.214
56 175 14 55.039
57 50 12 22.511
58 1159 23 75.933
59 1304 1 97.659
60 1209 44 17.621
61 944 35 61.452
62 679 14 40.672
63 189 43 15.558
64 1100 26 56.451
65 625 32 98.334
66 52 5 63.196
67 607 26 17.132
68 832 2 92.303
69 123 13 6.148
70 893 23 47.857
71 743 6 28.967
72 408 11 23.496
73 1361 22 7.127
74 491 53 64.502
75 1339 4 95.494
76 469 18 27.952
77 1066 17 30.015
78 257 3 6.432
79 294 41 69.070
80 910 5 6.852
81 385 8 32.219
82 416 18 67.394
83 441 10 46.775
84 1055 20 18.540
85 1185 41 64.454
86 741 53 39.598
87 1243 41 33.071
88 1387 32 98.697
89 644 55 51.792
90 784 48 62.879
91 849 10 11.851
92 850 9 86.142
93 1215 60 23.207
94 338 2 88.554
95 941 43 85.913
96 1288 20 0.784
97 265 42 36.866
98 951 34 62.358
99 670 50 38.041
100 1236 5 92.961
101 1013 41 23.413
102 1238 1 78.620
103 197 55 75.908
104 603 12 69.378
105 1430 13 94.381
106 1247 3 40.959
107 513 44 42.315
108 1128 44 47.119
109 608 7 1.632
110 177 18 52.432
111 916 22 83.965
112 1262 27 53.071
113 1062 51 93.238
114 197 49 58.978
115 777 56 60.255
116 1196 35 68.352
117 688 5 40.232
118 143 46 87.505
119 173 46 35.959
120 68 53 83.428
121 291 25 66.127
122 1247 8 90.424
123 940 12 33.502
124 215 10 22.774
125 1073 4 95.838
126 380 12 70.692
127 264 50 23.346
128 1242 10 1.205
129 300 35 18.301
130 1234 57 44.458
131 1400 36 47.733
132 321 52 83.608
133 1408 22 12.167
134 1414 37 20.175
135 624 59 14.070
136 396 33 41.646
137 128 42 14.289
138 306 20 8.010
139 525 14 98.934
140 496 28 27.054
141 1271 15 58.633
142 297 10 3.753
143 698 39 33.366
144 389 45 95.409
145 261 18 77.997
146 305 34 2.271
147 251 34 63.853
148 389 17 84.241
149 28 46 90.537
150 278 58 55.907