150
1 922 33 13.317
2 287 56 96.920
3 707 53 75.253
4 595 32 34.139
5 562 56 34.863
6 1105 4 0.722
7 315 60 94.958
8 1159 44 61.950
9 870 16 15.793
10 1064 11 11.005
11 1313 39 58.344
12 712 49 0.652
13 83 21 15.587
14 955 6 11.510
15 757 44 95.405
16 14 38 2.183
17 1351 13 3.633
18 1193 53 33.534
19 845 3 37.593
20 1286 26 24.673
21 223 53 86.921
22 292 23 45.796
23 692 55 52.994
24 269 36 89.824
25 59 15 87.906
26 671 32 33.835
27 452 40 61.749
28 504 53 37.594
29 469 51 92.115
30 698 32 17.873
31 880 19 91.084
32 1174 54 31.281
33 1350 30 72.537
34 1367 11 58.673
35 58 42 92.615
36 430 33 92.900
37 789 21 24.890
38 575 54 59.465
39 553 33 0.768
40 304 2 57.467
41 600 33 80.502
42 740 32 42.095
43 1170 42 39.556
44 965 50 28.637
45 899 39 40.020
46 715 3 69.675
47 150 33 36.565
48 729 13 77.192
49 808 52 49.120
50 672 42 40.791
51 783 28 12.875
52 162 30 90.735
53 792 18 21.288
54 392 45 54.006
55 1311 32 18.308
56 1372 54 86.198
57 1243 18 93.877
58 692 48 61.887
59 1194 7 66.821
60 1305 29 27.438
61 171 53 70.792
62 938 12 1.523
63 247 47 76.912
64 1343 25 27.245
65 468 23 41.026
66 1254 58 88.516
67 343 40 52.960
68 1167 26 2.081
69 1052 40 60.519
70 514 25 15.352
71 328 41 97.771
72 970 32 94.867
73 325 47 62.940
74 74 21 51.135
75 954 44 27.931
76 1386 23 63.555
77 643 50 57.639
78 337 45 49.581
79 695 9 61.058
80 419 20 11.343
81 1156 8 61.313
82 414 11 21.445
83 743 2 1.481
84 74 27 64.109
85 926 54 53.026
86 738 29 85.725
87 1369 20 99.310
88 917 53 53.334
89 126 34 87.108
90 1292 32 9.147
91 1355 29 35.341
92 672 46 71.729
93 913 37 22.585
94 102 14 13.578
95 224 22 69.851
96 1233 13 14.845
97 461 25 18.980
98 400 56 44.712
99 605 40 56.565
100 906 25 20.458
101 271 55 78.689
102 1241 33 58.479
103 1404 59 18.628
104 1331 47 29.221
105 320 27 71.269
106 366 56 97.194
107 259 54 54.115
108 487 37 0.080
109 965 7 60.040
110 1323 33 45.017
111 411 52 40.227
112 1337 2 96.705
113 686 57 81.559
114 510 13 84.753
115 973 45 93.580
116 878 58 13.123
117 1196 50 7.797
118 911 40 39.743
119 639 18 46.775
120 722 27 52.628
121 999 20 53.178
122 685 59 96.904
123 425 10 75.373
124 374 8 88.189
125 487 24 88.857
126 394 54 70.548
127 1229 45 3.046
128 436 51 89.011
129 522 56 78.150
130 94 52 8.124
131 833 46 52.131
132 84 42 43.070
133 1140 46 2.474
134 521 38 63.990
135 50 32 2.320
136 1272 58 69.734
137 1418 48 13.403
138 463 1 85.463
139 598 48 61.111
140 627 38 7.562
141 1295 48 41.398
142 547 53 26.789
143 1226 52 10.555
144 711 54 90.992
145 1379 56 67.694
146 390 18 58.632
147 581 22 55.929
148 1262 14 46.636
149 66 60 46.143
150 818 34 6.186