150
1 1273 2 60.899
2 680 38 91.485
3 952 4 96.980
4 181 33 87.311
5 774 24 63.675
6 1002 43 13.091
7 748 47 77.283
8 871 9 60.775
9 1086 5 26.858
10 1368 6 12.988
11 666 48 14.592
12 774 35 26.870
13 1128 34 23.175
14 711 7 51.343
15 88 47 73.692
16 22 52 75.534
17 720 43 13.056
18 1300 23 76.460
19 1032 37 20.750
20 36 17 47.712
21 231 21 65.859
22 1123 12 3.511
23 558 17 86.914
24 901 1 93.216
25 1199 59 19.705
26 1109 14 88.321
27 5 53 47.620
28 638 33 45.256
29 587 37 59.196
30 946 6 68.725
31 76 22 5.667
32 386 12 54.769
33 718 29 56.366
34 541 22 52.230
35 1130 9 22.667
36 713 45 14.700
37 243 3 15.134
38 225 24 87.262
39 526 58 83.342
40 1371 55 27.252
41 1077 11 37.706
42 547 38 80.581
43 1146 54 22.112
44 1405 43 8.553
45 333 39 20.860
46 435 46 72.707
47 23 1 50.583
48 160 12 5.582
49 68 8 85.001
50 387 48 17.152
51 236 37 53.512
52 962 50 24.751
53 1171 43 46.278
54 1143 24 48.270
55 539 33 11.663
56 963 31 44.309
57 869 21 11.611
58 260 42 7.015
59 274 29 14.625
60 631 11 38.970
61 358 52 93.679
62 922 22 12.545
63 824 57 1.918
64 1354 48 21.919
65 1078 24 45.695
66 113 51 43.581
67 1358 3 21.827
68 507 55 72.044
69 604 60 41.655
70 143 29 70.269
71 446 7 53.312
72 757 7 27.531
73 555 49 10.518
74 131 3 12.399
75 1113 27 22.127
76 806 10 90.973
77 190 12 65.996
78 1261 48 58.162
79 140 29 26.049
80 1339 38 7.316
81 806 3 34.540
82 1093 23 13.033
83 30 28 60.733
84 722 54 21.809
85 650 20 18.964
86 634 43 16.057
87 223 30 40.944
88 543 19 17.726
89 1367 54 15.301
90 1435 33 97.730
91 570 30 20.805
92 611 15 8.500
93 338 1 6.538
94 1022 60 48.469
95 1244 24 98.614
96 898 41 15.358
97 688 2 82.943
98 691 50 82.366
99 888 27 4.095
100 555 1 86.185
101 484 34 97.221
102 1384 50 79.024
103 78 7 22.386
104 837 36 77.188
105 429 54 20.871
106 257 46 61.288
107 569 16 38.142
108 90 53 61.615
109 1095 37 8.343
110 487 3 59.881
111 1373 10 91.466
112 1198 50 6.101
113 704 53 43.108
114 854 15 84.592
115 680 1 83.901
116 1227 39 38.699
117 1423 58 58.189
118 1364 18 14.954
119 74 60 2.829
120 281 48 85.589
121 712 9 25.560
122 529 52 80.136
123 406 18 82.718
124 273 9 1.791
125 812 6 21.344
126 1067 56 54.487
127 1325 19 45.349
128 105 53 86.632
129 1345 60 3.045
130 1274 18 42.925
131 347 56 30.168
132 1237 8 67.875
133 295 41 54.621
134 1307 13 41.616
135 915 12 43.222
136 912 19 51.179
137 542 30 63.825
138 197 31 54.264
139 465 58 79.741
140 1190 45 43.126
141 603 11 28.452
142 1083 5 41.547
143 562 58 58.724
144 585 5 3.744
145 640 1 59.944
146 90 5 8.765
147 351 46 82.732
148 201 24 65.018
149 804 46 34.071
150 997 41 37.994