150
1 1041 50 20.452
2 191 42 94.588
3 873 3 62.698
4 89 10 76.902
5 584 58 94.091
6 55 52 32.594
7 1160 26 95.961
8 41 23 99.479
9 416 13 81.080
10 1144 34 50.801
11 485 59 20.645
12 937 1 75.053
13 129 45 87.583
14 567 38 96.493
15 507 11 38.999
16 1050 12 91.555
17 1279 44 19.203
18 683 33 92.941
19 547 52 44.829
20 437 17 29.566
21 884 25 57.974
22 1271 18 85.311
23 773 30 48.670
24 916 19 73.709
25 595 4 82.629
26 439 17 84.191
27 284 57 54.597
28 537 12 73.338
29 1196 39 20.494
30 1190 51 56.548
31 2 12 29.123
32 866 1 9.379
33 1184 33 98.165
34 1233 14 60.353
35 199 16 60.062
36 964 11 10.136
37 294 3 32.199
38 397 31 55.288
39 1419 24 66.704
40 38 12 16.156
41 399 32 9.790
42 125 20 90.223
43 1306 3 57.034
44 452 22 56.536
45 200 20 49.232
46 408 22 75.851
47 976 33 60.578
48 776 49 55.834
49 38 14 62.519
50 470 30 38.471
51 994 27 10.342
52 1072 23 0.881
53 73 27 10.636
54 395 7 44.316
55 1131 47 80.164
56 1187 5 68.211
57 477 20 34.317
58 1206 29 87.748
59 753 57 87.602
60 174 5 65.556
61 975 22 12.541
62 257 3 76.436
63 1066 47 25.179
64 1415 11 5.737
65 946 19 13.875
66 101 50 54.767
67 1242 21 83.253
68 261 28 65.915
69 1097 54 46.459
70 1140 49 93.214
71 241 32 12.671
72 388 1 63.403
73 1174 47 0.695
74 887 44 31.860
75 17 42 56.413
76 1321 2 94.321
77 49 57 41.449
78 728 24 82.938
79 298 51 56.211
80 262 23 39.916
81 223 14 84.848
82 23 37 35.790
83 998 44 51.640
84 403 39 49.780
85 1439 41 88.533
86 755 42 27.067
87 773 2 50.153
88 582 17 83.534
89 194 4 16.421
90 1262 29 18.653
91 785 56 19.696
92 1171 59 19.835
93 283 29 30.366
94 1352 36 20.241
95 1423 18 31.040
96 60 11 84.762
97 1189 55 92.274
98 1060 9 86.791
99 632 33 41.757
100 991 12 93.999
101 718 32 53.143
102 843 53 99.289
103 901 29 0.977
104 202 5 27.521
105 765 19 13.942
106 833 33 39.876
107 751 51 95.600
108 20 50 1.818
109 948 27 85.809
110 991 57 54.448
111 1374 34 78.262
112 1275 17 19.326
113 633 26 69.826
114 1269 11 67.463
115 389 56 86.796
116 780 5 95.627
117 1390 25 30.943
118 948 15 96.691
119 498 7 18.006
120 260 46 3.892
121 868 42 85.967
122 85 50 45.562
123 1270 21 88.027
124 1253 25 55.584
125 577 2 58.925
126 238 5 90.269
127 957 36 14.449
128 633 7 92.401
129 794 47 49.727
130 327 11 39.968
131 490 6 17.105
132 774 56 15.728
133 1011 10 99.645
134 221 19 2.201
135 643 10 8.926
136 395 22 5.734
137 1230 4 46.841
138 343 4 96.719
139 27 8 14.467
140 334 19 27.866
141 436 41 36.463
142 184 39 88.818
143 782 59 66.379
144 1143 15 97.718
145 402 40 77.354
146 824 18 90.037
147 96 36 37.832
148 400 26 35.500
149 1017 51 74.890
150 875 52 65.045