150
1 345 43 96.312
2 550 44 19.661
3 1388 54 15.256
4 915 47 17.632
5 182 13 78.406
6 149 12 71.979
7 209 22 41.664
8 1379 54 2.769
9 331 42 73.039
10 1020 57 34.065
11 321 58 67.330
12 1319 54 41.404
13 1359 50 21.759
14 396 16 95.664
15 241 59 37.791
16 1142 54 34.503
17 125 11 11.057
18 931 48 89.559
19 1099 15 24.991
20 1148 18 77.740
21 599 45 0.798
22 1086 24 12.216
23 393 46 69.238
24 1403 22 42.965
25 708 36 91.609
26 1381 35 79.015
27 991 17 75.534
28 427 29 20.151
29 927 41 16.964
30 873 4 37.452
31 563 60 13.203
32 854 56 61.536
33 123 21 72.067
34 986 46 68.039
35 569 54 46.105
36 848 12 18.309
37 834 23 92.293
38 1362 18 15.616
39 1231 50 83.304
40 671 41 34.944
41 420 11 51.179
42 336 59 19.864
43 655 58 73.909
44 646 58 19.650
45 24 6 9.360
46 1378 56 62.449
47 914 38 36.616
48 1339 31 45.871
49 47 17 77.547
50 901 55 47.045
51 367 20 2.930
52 993 36 62.420
53 1336 60 98.793
54 17 29 61.074
55 988 22 46.890
56 650 54 49.190
57 1332 27 74.351
58 720 56 95.813
59 484 39 60.225
60 1074 1 50.425
61 1181 7 43.261
62 1278 52 53.628
63 1331 28 20.410
64 738 57 49.807
65 953 6 47.897
66 379 49 49.037
67 574 26 73.668
68 369 3 48.514
69 321 51 45.580
70 255 60 92.862
71 311 52 18.425
72 1411 6 39.061
73 1397 45 11.088
74 1116 18 58.450
75 977 59 85.439
76 298 53 93.671
77 481 6 58.433
78 798 12 48.789
79 814 34 53.040
80 315 48 39.116
81 335 17 39.289
82 321 20 56.050
83 140 52 85.763
84 590 3 7.335
85 734 59 67.570
86 963 53 24.252
87 301 17 16.853
88 988 54 52.513
89 167 29 79.848
90 1080 32 62.498
91 50 53 14.545
92 924 10 82.348
93 696 20 92.937
94 1329 60 96.430
95 1123 41 47.945
96 112 18 15.023
97 763 14 8.361
98 1117 37 50.714
99 966 38 83.491
100 1380 2 73.677
101 1244 24 12.921
102 1015 7 89.731
103 277 9 32.094
104 1235 15 1.086
105 465 33 34.231
106 420 58 53.631
107 1047 43 3.289
108 800 36 23.470
109 1143 13 44.760
110 451 35 42.818
111 1366 58 23.252
112 720 29 62.938
113 573 28 71.711
114 87 60 17.285
115 1414 31 99.405
116 1353 40 62.470
117 384 14 14.441
118 1336 10 49.827
119 223 23 55.015
120 144 27 20.208
121 1358 39 27.694
122 804 7 30.855
123 1369 11 42.807
124 1125 19 79.208
125 1380 25 96.530
126 393 40 40.913
127 21 19 72.515
128 1131 25 53.740
129 1174 52 50.208
130 1344 30 48.970
131 942 52 68.672
132 705 42 8.423
133 966 50 4.067
134 1335 35 44.069
135 1410 32 73.213
136 763 21 44.180
137 588 30 82.159
138 1297 52 65.422
139 1284 40 92.498
140 141 18 0.653
141 1047 43 83.136
142 545 49 32.941
143 954 38 84.770
144 277 28 22.290
145 600 11 2.434
146 464 35 91.471
147 482 24 34.512
148 335 52 63.702
149 1067 50 63.284
150 380 54 8.417