150
1 735 13 99.508
2 88 36 49.859
3 1309 7 8.416
4 586 57 6.738
5 922 3 62.520
6 259 19 62.146
7 1121 22 8.213
8 124 35 4.463
9 1330 7 2.050
10 628 48 42.650
11 500 59 43.027
12 625 19 79.619
13 649 13 88.638
14 945 42 69.096
15 685 59 23.035
16 757 17 74.508
17 93 49 47.777
18 1075 28 96.419
19 657 15 65.241
20 28 59 23.354
21 932 17 55.262
22 730 18 38.617
23 687 18 5.228
24 60 41 44.828
25 427 33 67.553
26 855 26 67.564
27 755 48 60.728
28 895 2 55.274
29 861 54 65.704
30 709 32 54.063
31 860 51 69.322
32 535 46 88.726
33 884 42 45.921
34 1415 12 50.653
35 486 4 15.294
36 559 13 87.930
37 941 23 15.784
38 613 1 6.567
39 1012 21 47.114
40 355 21 85.835
41 37 9 82.571
42 1041 60 4.775
43 1279 27 59.005
44 80 25 68.435
45 194 40 76.523
46 890 13 36.573
47 1198 11 87.783
48 1042 52 87.093
49 1305 53 68.814
50 421 19 8.824
51 345 18 6.553
52 651 49 91.423
53 952 56 87.890
54 290 55 68.858
55 295 28 25.219
56 1065 54 13.498
57 610 12 0.236
58 457 24 37.334
59 613 25 37.161
60 784 24 20.524
61 855 2 70.727
62 876 8 19.167
63 977 15 56.749
64 848 10 50.005
65 1326 48 65.666
66 776 5 84.276
67 920 2 98.513
68 1414 1 58.864
69 1015 42 13.348
70 650 2 77.875
71 960 6 42.724
72 873 48 47.888
73 362 5 26.073
74 939 5 37.809
75 560 38 42.986
76 1414 25 60.803
77 697 52 50.368
78 104 12 81.570
79 1068 60 15.753
80 1177 24 65.584
81 91 45 66.584
82 740 3 4.527
83 1214 40 51.145
84 728 53 92.769
85 417 59 58.331
86 409 24 68.028
87 881 44 61.699
88 872 36 96.016
89 758 60 58.745
90 896 15 39.491
91 697 33 38.515
92 568 5 74.626
93 665 57 94.188
94 91 56 9.678
95 958 43 7.307
96 149 29 91.479
97 320 24 34.146
98 863 5 65.633
99 280 28 54.941
100 305 58 64.538
101 270 33 33.164
102 438 45 6.276
103 743 60 44.451
104 278 1 43.309
105 642 13 90.535
106 300 14 26.438
107 368 22 30.833
108 711 31 23.158
109 218 8 92.296
110 58 35 95.094
111 23 2 1.052
112 637 32 92.041
113 498 1 10.696
114 178 32 97.168
115 1100 7 1.741
116 430 24 5.838
117 649 2 49.061
118 829 6 78.331
119 22 21 43.248
120 451 35 89.277
121 565 44 51.639
122 1299 33 93.679
123 1266 48 59.867
124 749 33 10.827
125 1375 10 46.181
126 179 3 42.704
127 1061 50 36.209
128 111 32 65.150
129 94 59 72.694
130 759 16 64.857
131 1336 12 36.151
132 265 16 43.620
133 1417 4 49.800
134 627 11 32.863
135 711 36 37.707
136 937 16 55.674
137 881 19 95.258
138 1182 46 54.281
139 1035 46 49.326
140 641 44 50.300
141 275 7 81.523
142 996 54 61.186
143 621 48 33.414
144 1424 44 88.826
145 285 26 36.418
146 924 23 0.974
147 1225 54 49.918
148 1176 52 90.774
149 1091 11 95.141
150 352 40 91.479