150
1 1297 5 57.523
2 1268 5 8.518
3 1379 3 5.487
4 10 17 35.199
5 1200 12 62.028
6 712 29 44.191
7 627 12 16.345
8 361 45 74.087
9 703 16 70.989
10 487 20 74.683
11 927 13 32.621
12 398 45 71.980
13 1015 54 65.465
14 500 32 45.598
15 1271 25 78.403
16 464 13 16.849
17 1366 31 7.404
18 232 3 34.365
19 623 28 88.950
20 903 23 54.614
21 1190 48 60.123
22 767 59 21.800
23 564 45 75.078
24 1378 13 86.463
25 217 37 88.567
26 785 31 10.959
27 146 9 53.653
28 32 16 21.910
29 203 36 56.200
30 716 48 73.474
31 803 4 15.854
32 392 34 54.157
33 1354 3 85.676
34 235 27 88.890
35 954 6 13.276
36 542 50 84.243
37 19 25 0.744
38 1243 11 92.457
39 1399 19 42.049
40 1256 43 32.065
41 327 32 32.716
42 913 26 33.577
43 799 6 48.019
44 119 33 89.266
45 856 59 82.135
46 178 37 44.643
47 11 8 70.620
48 1033 34 2.802
49 1058 20 90.613
50 849 41 46.471
51 242 24 93.205
52 675 40 63.180
53 258 36 60.876
54 1197 38 22.846
55 583 35 95.687
56 332 58 96.808
57 1433 56 72.133
58 782 34 49.935
59 328 24 1.996
60 1401 12 6.574
61 472 23 21.900
62 1035 39 45.159
63 232 18 81.152
64 10 24 13.120
65 34 59 33.425
66 801 28 28.960
67 846 55 48.753
68 695 27 9.779
69 1183 29 35.381
70 1419 42 34.553
71 553 45 59.562
72 1206 44 22.588
73 590 28 95.981
74 1419 56 84.892
75 73 21 61.020
76 90 23 50.320
77 914 19 0.751
78 4 45 39.800
79 1238 58 30.277
80 1271 49 25.382
81 809 4 90.714
82 709 16 97.392
83 366 39 61.856
84 1376 4 8.312
85 1298 27 21.743
86 861 37 55.179
87 159 18 22.909
88 613 15 64.414
89 858 14 99.859
90 1046 34 53.373
91 772 19 22.952
92 895 49 20.316
93 220 22 29.180
94 701 5 86.698
95 433 2 88.207
96 527 23 15.510
97 994 47 19.182
98 568 30 80.720
99 463 50 34.244
100 584 48 53.562
101 1148 7 71.774
102 377 42 86.589
103 724 14 95.086
104 1346 18 10.016
105 1237 27 56.040
106 119 2 21.699
107 485 1 75.528
108 256 4 74.421
109 684 9 37.511
110 503 2 22.690
111 1111 24 8.421
112 673 56 80.157
113 368 6 2.998
114 130 26 85.835
115 1281 10 55.462
116 33 49 57.893
117 143 39 59.288
118 376 4 31.162
119 148 52 17.155
120 1321 2 24.836
121 401 6 7.700
122 889 48 29.749
123 801 57 22.857
124 894 55 21.490
125 163 8 64.691
126 728 38 53.248
127 944 46 85.928
128 409 37 10.424
129 234 7 66.360
130 190 10 56.961
131 1207 28 83.046
132 1331 4 5.756
133 409 10 63.462
134 962 18 62.986
135 327 50 56.095
136 37 53 39.611
137 157 11 93.471
138 761 17 66.393
139 367 24 29.216
140 738 47 32.097
141 558 41 98.884
142 766 53 1.214
143 518 42 97.181
144 219 7 13.990
145 821 24 92.950
146 713 12 31.273
147 490 11 44.737
148 1001 26 93.445
149 365 57 55.324
150 1089 26 60.840