150
1 1383 7 35.527
2 1436 38 43.676
3 83 50 65.381
4 560 1 76.056
5 649 60 36.454
6 1184 8 96.356
7 144 24 24.119
8 922 16 75.933
9 535 3 41.212
10 1204 35 71.961
11 45 44 22.209
12 619 18 94.606
13 1165 39 37.562
14 422 49 74.437
15 406 41 16.643
16 704 9 25.962
17 250 55 21.873
18 179 20 61.670
19 620 15 35.850
20 442 39 23.875
21 325 12 96.519
22 1433 17 15.246
23 974 19 14.251
24 1166 23 17.728
25 253 49 83.866
26 771 6 86.394
27 152 48 53.405
28 341 2 26.260
29 309 14 91.167
30 539 15 79.659
31 201 12 10.374
32 642 4 87.834
33 167 13 0.308
34 435 36 61.840
35 1217 58 56.557
36 1260 54 95.007
37 1427 7 84.833
38 886 1 43.009
39 160 51 1.116
40 418 48 68.447
41 899 46 87.349
42 1092 30 5.621
43 728 39 33.539
44 245 58 73.695
45 724 52 76.318
46 241 20 55.099
47 906 9 74.468
48 845 50 86.236
49 1031 33 80.572
50 114 33 26.818
51 814 53 27.576
52 322 58 58.248
53 1038 4 81.771
54 80 46 70.053
55 393 6 1.078
56 604 8 2.726
57 1290 28 46.889
58 1076 25 46.741
59 283 2 9.007
60 684 44 22.269
61 195 34 89.832
62 162 17 58.929
63 1152 31 79.399
64 1024 44 6.569
65 1184 46 33.740
66 1100 51 64.489
67 402 60 8.803
68 345 60 69.064
69 515 19 98.870
70 964 17 37.077
71 1055 19 12.649
72 1084 12 11.639
73 498 10 68.651
74 203 38 22.938
75 771 48 21.383
76 81 30 52.273
77 949 47 47.048
78 1361 12 76.756
79 54 42 34.738
80 155 9 66.105
81 361 26 73.292
82 1204 31 2.645
83 773 25 98.692
84 722 60 13.847
85 391 15 35.088
86 1123 54 29.058
87 210 1 15.663
88 629 56 78.968
89 261 57 46.744
90 7 26 9.833
91 1095 23 19.986
92 1229 41 31.484
93 326 20 3.715
94 1211 52 69.759
95 398 19 33.874
96 942 38 94.897
97 481 47 67.723
98 960 43 96.687
99 577 4 90.243
100 203 3 25.164
101 1231 15 97.635
102 1064 43 9.086
103 1105 17 62.817
104 1261 19 10.040
105 1375 44 16.279
106 1296 30 40.590
107 1164 1 88.392
108 697 45 23.289
109 731 32 1.646
110 526 10 36.293
111 192 57 48.136
112 589 55 13.751
113 764 52 34.040
114 1273 19 89.978
115 576 42 98.217
116 1371 22 45.972
117 1163 41 95.964
118 281 3 89.562
119 902 22 6.932
120 336 52 9.061
121 543 24 19.729
122 381 60 21.545
123 456 6 20.225
124 1076 12 4.735
125 1127 25 43.910
126 1301 52 19.818
127 1264 28 9.616
128 492 54 25.245
129 1374 24 12.398
130 1070 7 65.148
131 992 13 6.684
132 629 51 53.810
133 997 55 34.958
134 472 44 62.798
135 1207 9 36.405
136 415 10 25.666
137 1394 54 40.042
138 429 53 35.666
139 26 11 85.349
140 526 45 61.121
141 975 30 92.214
142 222 20 32.568
143 577 59 81.987
144 647 51 12.913
145 1340 20 62.232
146 1277 38 19.479
147 1233 14 2.587
148 731 9 89.501
149 645 59 75.309
150 378 34 25.976