150
1 563 54 12.375
2 537 31 33.875
3 326 44 34.181
4 1222 55 78.834
5 325 5 55.172
6 1010 7 96.847
7 1176 30 41.874
8 15 42 99.664
9 986 33 7.533
10 977 46 93.229
11 229 33 67.831
12 1105 33 69.719
13 1360 18 24.474
14 853 39 51.762
15 419 32 80.707
16 976 43 5.383
17 910 18 63.220
18 1207 39 97.508
19 1295 49 69.186
20 293 29 2.249
21 570 33 34.735
22 1094 35 63.968
23 491 54 55.154
24 787 23 48.487
25 361 53 24.462
26 949 14 58.537
27 157 47 52.586
28 579 55 67.519
29 601 54 0.848
30 581 42 1.842
31 533 4 86.962
32 1098 37 76.692
33 486 13 47.909
34 1286 34 92.372
35 165 57 21.408
36 908 14 82.372
37 431 7 86.090
38 287 3 93.044
39 905 8 64.162
40 1133 26 15.670
41 503 34 21.495
42 1277 2 5.360
43 1108 22 78.795
44 217 19 31.761
45 323 17 49.751
46 457 24 24.183
47 515 2 35.472
48 1012 5 42.207
49 1421 60 58.025
50 876 54 92.737
51 851 5 93.374
52 599 17 50.445
53 912 57 25.857
54 388 11 52.911
55 944 33 61.586
56 660 56 7.380
57 599 29 47.929
58 1100 7 40.997
59 1277 54 57.169
60 266 36 23.819
61 1213 56 90.018
62 255 53 72.966
63 630 57 43.802
64 215 16 67.506
65 1334 55 0.503
66 1 26 76.189
67 265 16 19.520
68 48 15 71.259
69 30 33 68.473
70 1414 56 9.521
71 31 23 73.899
72 92 43 95.808
73 433 42 90.918
74 145 10 60.713
75 166 19 33.190
76 1057 26 15.376
77 879 43 65.344
78 576 55 77.763
79 1323 18 64.278
80 377 41 25.444
81 268 32 15.646
82 780 13 13.409
83 154 22 70.937
84 1219 36 29.925
85 1229 10 49.594
86 1289 17 14.054
87 1295 1 27.976
88 813 55 47.793
89 761 44 46.734
90 439 26 99.437
91 1409 30 81.392
92 1154 31 3.700
93 874 7 50.178
94 186 28 70.836
95 677 32 83.306
96 93 55 27.300
97 345 21 22.213
98 1026 60 86.808
99 1235 24 34.156
100 689 59 34.134
101 574 11 33.232
102 1004 53 77.459
103 440 37 89.544
104 651 50 2.077
105 1233 50 35.396
106 186 47 50.701
107 1158 57 84.153
108 880 24 1.798
109 429 21 87.651
110 1066 1 3.310
111 1391 46 9.197
112 594 35 17.269
113 23 25 66.374
114 1036 34 67.555
115 149 12 24.926
116 613 30 45.820
117 1407 11 74.506
118 731 43 34.694
119 670 54 64.562
120 671 2 41.133
121 517 3 18.795
122 14 39 44.270
123 658 56 93.231
124 86 16 85.130
125 1116 18 62.175
126 1374 43 99.024
127 1434 48 58.515
128 176 18 33.756
129 1098 54 75.119
130 350 14 22.353
131 54 47 9.496
132 953 31 64.522
133 443 53 70.105
134 815 9 28.175
135 7 47 7.086
136 62 14 48.561
137 1285 16 78.156
138 747 12 99.099
139 309 28 55.545
140 168 33 47.104
141 441 48 13.292
142 641 53 28.983
143 762 51 10.291
144 41 44 83.476
145 74 1 85.717
146 1131 8 34.582
147 1047 17 56.617
148 505 25 89.496
149 1219 2 28.464
150 889 33 0.415