150
1 633 18 72.016
2 273 46 31.800
3 880 29 1.730
4 1087 44 75.849
5 127 42 69.691
6 1357 37 38.247
7 211 28 37.391
8 1358 24 93.871
9 35 22 67.537
10 360 4 65.926
11 1275 45 64.214
12 1165 23 55.795
13 318 57 71.252
14 497 50 43.945
15 1341 32 92.929
16 919 10 97.559
17 175 27 39.426
18 42 34 11.778
19 944 42 94.492
20 731 34 95.058
21 224 4 95.368
22 560 21 52.535
23 406 48 60.909
24 1035 55 22.926
25 393 2 88.155
26 253 27 3.980
27 411 38 90.114
28 599 17 4.979
29 549 39 85.911
30 64 23 75.289
31 994 18 77.985
32 497 19 38.734
33 120 32 63.150
34 108 20 54.474
35 805 29 54.261
36 564 26 29.924
37 380 30 40.076
38 707 8 1.484
39 19 46 93.716
40 773 23 2.476
41 306 23 99.929
42 379 54 32.612
43 622 40 8.055
44 233 12 30.699
45 1187 30 52.270
46 1245 38 97.079
47 85 51 2.366
48 1005 40 36.213
49 268 43 82.740
50 757 11 80.656
51 887 57 46.281
52 1329 39 42.332
53 542 2 33.492
54 1374 18 53.331
55 1048 43 49.001
56 1111 39 43.477
57 685 3 77.560
58 707 54 67.500
59 299 41 65.613
60 1127 40 65.861
61 1293 24 51.591
62 447 7 32.581
63 340 28 79.382
64 895 52 69.628
65 147 59 35.516
66 7 39 71.625
67 155 21 3.895
68 702 40 33.409
69 322 27 60.110
70 240 59 83.691
71 523 31 40.888
72 620 43 84.119
73 762 46 26.025
74 655 36 61.346
75 1133 46 24.693
76 261 26 7.196
77 221 54 9.209
78 1190 47 95.314
79 197 26 67.637
80 212 12 47.350
81 760 41 86.755
82 703 1 81.175
83 1020 18 25.647
84 490 18 85.785
85 840 34 1.528
86 245 57 91.871
87 309 21 17.854
88 295 14 49.887
89 311 48 26.466
90 755 55 33.085
91 630 28 96.756
92 787 21 36.315
93 1085 16 20.301
94 847 59 29.299
95 1319 30 29.204
96 1174 47 40.450
97 541 38 3.428
98 1156 59 0.520
99 1093 26 16.393
100 250 54 75.180
101 797 13 14.349
102 1231 23 25.739
103 114 44 59.306
104 763 46 89.220
105 931 22 52.273
106 734 21 87.617
107 1279 58 6.420
108 799 25 30.823
109 943 50 22.312
110 710 16 89.325
111 811 49 42.641
112 1112 22 77.704
113 1038 17 31.402
114 1367 19 35.194
115 601 45 49.069
116 332 47 9.263
117 1054 5 86.060
118 604 46 17.182
119 1051 10 19.281
120 922 60 14.241
121 105 53 90.112
122 887 37 13.825
123 1257 16 26.715
124 318 53 57.447
125 728 3 48.871
126 1004 48 55.712
127 656 46 9.108
128 995 58 93.057
129 1186 28 58.465
130 1177 55 38.227
131 1238 10 58.821
132 588 16 34.808
133 620 14 45.205
134 1312 34 71.598
135 149 44 79.235
136 1087 48 79.644
137 788 57 63.847
138 127 53 18.768
139 887 41 55.320
140 520 14 38.578
141 538 16 71.843
142 1058 52 57.012
143 1310 33 96.801
144 950 40 97.134
145 603 26 44.384
146 1397 53 24.492
147 614 50 27.264
148 983 31 52.982
149 73 22 28.657
150 578 43 58.862