150
1 631 11 67.284
2 812 4 48.649
3 687 51 27.202
4 761 7 76.344
5 829 38 31.343
6 1070 23 23.123
7 651 50 67.106
8 466 51 10.207
9 1228 37 30.595
10 678 9 19.118
11 387 39 8.952
12 1161 36 15.975
13 975 21 46.638
14 1057 9 76.627
15 1435 34 55.207
16 233 28 54.593
17 32 7 29.345
18 1177 4 71.459
19 1068 22 18.290
20 985 9 82.514
21 78 17 10.574
22 1279 14 83.063
23 500 49 34.288
24 990 33 83.362
25 270 18 80.902
26 1065 54 29.845
27 999 44 28.184
28 1337 5 38.595
29 1220 47 48.232
30 125 5 90.641
31 1030 32 29.700
32 1054 50 50.038
33 832 31 83.177
34 254 28 20.278
35 1428 36 40.795
36 1064 7 93.195
37 843 39 87.443
38 651 56 70.260
39 1124 19 16.648
40 959 43 3.654
41 1136 5 13.602
42 874 19 81.354
43 1270 57 15.982
44 42 24 48.328
45 1065 54 44.481
46 864 37 4.377
47 1003 46 18.566
48 221 44 41.684
49 118 49 38.142
50 1326 46 78.648
51 1180 5 68.392
52 534 1 46.808
53 172 51 79.741
54 401 23 70.383
55 63 20 51.791
56 349 22 35.871
57 738 29 89.050
58 77 31 7.441
59 927 28 24.422
60 1124 24 91.101
61 1271 11 7.651
62 475 24 19.698
63 1095 22 2.484
64 254 55 94.018
65 1010 41 99.245
66 760 30 72.727
67 497 4 45.490
68 1341 44 35.927
69 525 13 57.175
70 875 5 19.300
71 434 11 79.168
72 312 3 5.005
73 1116 35 54.063
74 825 51 67.566
75 346 40 78.701
76 148 56 13.001
77 223 14 86.072
78 540 47 49.626
79 885 38 6.698
80 702 3 78.976
81 1413 28 87.865
82 875 18 25.043
83 764 51 78.692
84 12 19 53.527
85 199 34 35.386
86 738 14 74.817
87 869 10 73.986
88 812 10 9.551
89 157 59 14.980
90 608 29 82.565
91 314 59 94.075
92 333 3 72.459
93 97 32 97.545
94 87 10 56.251
95 941 39 47.025
96 1010 57 50.104
97 727 47 87.692
98 599 13 83.245
99 1049 39 74.750
100 265 22 71.814
101 1023 44 63.096
102 963 40 25.250
103 1038 44 89.060
104 939 48 52.598
105 590 18 70.141
106 1040 36 28.766
107 1100 52 79.761
108 1019 23 4.050
109 1219 43 57.302
110 1270 20 74.966
111 1144 28 32.136
112 831 49 11.447
113 719 54 55.101
114 243 25 76.006
115 915 13 55.324
116 40 50 57.448
117 963 48 71.885
118 401 10 22.745
119 973 38 33.711
120 1339 55 45.475
121 1177 53 91.490
122 256 43 23.300
123 1160 36 20.712
124 893 37 69.223
125 1007 40 15.487
126 327 36 98.579
127 837 51 89.767
128 433 11 35.583
129 610 5 60.552
130 29 56 5.992
131 1125 48 34.134
132 253 8 0.467
133 1243 21 57.301
134 1005 47 73.229
135 1030 51 46.818
136 1346 1 45.616
137 283 58 61.123
138 1426 19 28.084
139 215 49 92.313
140 1096 33 30.884
141 68 43 4.710
142 376 15 26.214
143 625 45 46.730
144 1101 47 72.118
145 436 12 48.838
146 1013 18 19.601
147 1183 18 74.950
148 1335 5 18.071
149 241 10 86.372
150 1238 16 0.751