150
1 126 6 85.568
2 901 10 78.467
3 1276 23 82.240
4 34 54 78.127
5 1241 37 26.309
6 621 50 50.560
7 357 8 26.470
8 1119 49 36.034
9 1423 13 12.429
10 884 44 65.709
11 116 46 78.431
12 417 34 76.755
13 561 48 77.027
14 173 34 44.598
15 172 53 7.116
16 862 58 3.052
17 816 52 57.415
18 448 19 45.535
19 871 46 45.649
20 1074 47 36.515
21 1374 32 41.113
22 134 9 80.468
23 1031 1 1.177
24 1020 35 37.146
25 946 59 2.028
26 342 16 76.679
27 119 30 49.827
28 1109 43 40.167
29 547 23 37.455
30 317 17 95.138
31 334 26 52.760
32 1075 13 21.856
33 284 43 41.598
34 635 18 33.180
35 916 42 10.404
36 799 47 35.156
37 551 33 70.723
38 5 45 23.640
39 1145 48 68.099
40 385 49 8.165
41 133 23 75.109
42 1160 36 45.804
43 552 6 66.901
44 802 55 18.782
45 961 16 83.693
46 519 56 1.805
47 47 52 34.763
48 1358 47 28.980
49 171 24 19.447
50 517 3 32.635
51 26 53 64.624
52 969 22 78.664
53 801 48 46.881
54 1233 26 78.618
55 116 21 19.146
56 896 13 86.415
57 1128 2 72.191
58 1201 43 90.988
59 807 1 48.123
60 264 60 55.634
61 256 15 46.554
62 1318 51 58.335
63 1113 5 83.996
64 1246 57 89.735
65 1233 27 90.044
66 9 15 47.649
67 652 48 41.887
68 810 1 80.865
69 1137 2 60.059
70 844 45 29.071
71 32 48 66.196
72 599 34 91.962
73 1377 51 16.867
74 268 39 34.474
75 1229 23 76.910
76 1334 40 30.544
77 96 16 20.812
78 298 57 52.683
79 237 30 80.533
80 839 56 42.426
81 890 11 98.764
82 460 42 57.409
83 523 23 36.316
84 1220 28 49.946
85 1164 6 68.611
86 997 14 74.805
87 204 11 66.823
88 1051 23 15.980
89 102 3 58.140
90 815 28 27.481
91 261 31 6.019
92 1311 8 48.256
93 889 56 76.921
94 94 22 65.784
95 761 52 12.921
96 839 57 84.777
97 1036 9 79.143
98 1165 60 47.431
99 1317 18 61.132
100 852 39 2.926
101 1087 14 58.649
102 1165 43 55.289
103 492 8 11.866
104 1049 30 30.244
105 402 27 21.711
106 375 32 86.746
107 431 18 27.453
108 883 9 71.482
109 226 31 22.372
110 1406 48 39.087
111 908 58 46.966
112 1436 43 63.399
113 165 32 79.606
114 203 43 83.593
115 115 37 35.231
116 654 26 89.512
117 1191 22 7.185
118 17 46 1.342
119 1414 6 25.112
120 895 58 77.942
121 1407 9 65.762
122 816 59 16.672
123 1125 20 8.228
124 1347 33 17.308
125 1318 54 69.035
126 235 28 63.641
127 1125 55 54.812
128 1264 38 83.166
129 255 16 94.062
130 516 35 12.312
131 171 28 79.900
132 1225 17 5.230
133 19 9 99.585
134 898 28 5.967
135 81 13 82.109
136 227 52 52.586
137 739 4 15.146
138 994 31 71.479
139 1328 55 30.657
140 108 38 79.956
141 1388 20 98.911
142 888 19 7.913
143 1374 53 25.124
144 1056 46 35.360
145 1375 20 45.071
146 673 9 51.737
147 117 12 32.395
148 41 29 43.318
149 1039 16 10.296
150 1164 18 68.385