150
1 611 35 67.936
2 1139 47 69.826
3 327 50 49.840
4 734 15 28.069
5 525 50 70.220
6 146 33 97.365
7 281 33 28.705
8 890 34 32.668
9 402 59 67.694
10 959 16 52.238
11 103 8 9.224
12 561 20 85.482
13 835 34 90.936
14 1344 25 48.218
15 32 22 60.127
16 36 19 14.449
17 1047 6 48.678
18 1000 50 43.972
19 1040 2 59.093
20 122 30 57.904
21 640 35 85.880
22 470 28 66.066
23 1338 29 24.310
24 934 19 17.239
25 96 25 82.244
26 1250 28 49.522
27 1227 28 27.859
28 68 13 0.188
29 281 7 82.142
30 1143 16 43.010
31 282 31 20.595
32 442 39 11.599
33 378 55 38.542
34 237 22 89.456
35 265 27 46.409
36 504 37 91.933
37 1132 45 35.459
38 356 28 51.793
39 624 17 41.669
40 1256 25 8.288
41 1122 12 93.381
42 1182 46 75.675
43 1187 46 78.423
44 1397 12 51.797
45 1082 35 15.917
46 1367 60 74.142
47 1208 30 69.529
48 1063 15 94.760
49 895 18 5.198
50 1187 56 35.705
51 1310 21 95.684
52 1076 43 75.865
53 961 43 53.184
54 44 57 79.679
55 892 42 81.239
56 207 34 64.345
57 1355 34 85.458
58 1081 32 13.026
59 546 35 14.837
60 936 3 26.961
61 726 22 3.431
62 749 25 73.466
63 395 43 92.099
64 1319 28 90.295
65 982 22 92.528
66 168 27 55.570
67 915 4 94.262
68 484 9 24.282
69 219 34 74.298
70 802 59 99.011
71 1009 15 34.019
72 1373 23 65.912
73 793 56 46.029
74 1065 60 28.991
75 512 39 81.987
76 749 37 18.506
77 775 30 68.653
78 1420 16 53.179
79 134 11 76.336
80 75 35 30.044
81 708 55 63.428
82 124 8 36.096
83 931 11 41.151
84 786 54 20.219
85 1171 3 41.301
86 311 12 0.898
87 339 57 81.226
88 1056 19 40.348
89 1193 37 51.524
90 1231 14 69.457
91 61 40 33.882
92 1273 59 92.149
93 178 45 34.331
94 284 34 1.089
95 675 25 50.561
96 237 44 87.055
97 589 58 72.671
98 749 24 30.571
99 1002 24 27.564
100 9 16 74.386
101 1264 1 36.431
102 389 29 9.113
103 678 45 57.233
104 525 24 41.065
105 1421 13 82.062
106 876 11 10.702
107 575 52 24.469
108 1199 52 0.296
109 1387 42 44.567
110 779 23 46.852
111 285 39 77.760
112 618 12 83.457
113 824 55 15.098
114 758 44 76.896
115 882 7 44.094
116 1176 55 8.418
117 420 49 94.705
118 1132 6 94.635
119 898 3 45.214
120 1057 18 81.977
121 146 59 59.883
122 1329 41 54.953
123 1019 29 44.918
124 789 20 85.365
125 840 31 86.896
126 663 34 58.076
127 248 56 42.497
128 985 10 1.660
129 1269 36 59.016
130 725 53 55.965
131 498 58 78.108
132 1425 12 96.164
133 48 52 70.936
134 915 8 30.591
135 648 50 87.762
136 506 32 13.636
137 1263 51 62.459
138 56 51 7.439
139 985 22 18.345
140 1412 18 81.630
141 1175 35 42.623
142 994 5 41.415
143 1265 46 52.408
144 1074 17 20.599
145 1426 54 2.596
146 628 31 18.261
147 1134 30 9.751
148 980 58 51.201
149 790 60 6.786
150 127 7 82.027