150
1 131 20 21.268
2 814 51 57.910
3 1266 28 38.276
4 385 10 82.502
5 254 44 89.471
6 765 44 70.632
7 1248 46 37.333
8 681 51 48.133
9 255 4 7.504
10 1116 46 66.327
11 654 1 45.114
12 535 3 18.047
13 1127 30 32.364
14 1209 59 52.083
15 973 33 27.267
16 896 54 69.329
17 713 16 70.166
18 1050 18 33.540
19 1172 28 1.881
20 488 12 84.270
21 206 59 43.927
22 608 4 68.335
23 1222 17 70.733
24 1333 12 79.315
25 283 46 59.458
26 313 18 83.108
27 770 2 66.840
28 430 3 38.957
29 1017 46 93.543
30 220 48 1.662
31 1048 19 75.983
32 378 32 78.416
33 383 39 22.242
34 486 24 46.841
35 437 19 97.359
36 418 47 17.650
37 375 57 35.713
38 695 29 98.336
39 588 13 89.302
40 1318 10 42.441
41 1170 36 89.091
42 1236 34 81.888
43 108 12 59.220
44 552 12 62.402
45 988 21 33.719
46 210 51 32.295
47 713 41 40.464
48 80 38 22.102
49 371 48 8.060
50 1326 33 38.034
51 1155 35 15.112
52 110 30 86.561
53 1212 10 81.828
54 191 13 6.101
55 1291 60 79.418
56 350 57 96.791
57 1249 60 25.273
58 1033 33 16.254
59 604 4 46.022
60 1089 27 14.982
61 1110 25 51.310
62 1387 28 83.513
63 937 29 36.928
64 1109 13 99.144
65 1196 32 49.887
66 1103 51 35.905
67 940 6 25.564
68 579 33 88.833
69 949 37 67.582
70 1144 22 74.016
71 512 51 14.327
72 602 28 35.831
73 1295 60 93.598
74 726 46 29.277
75 484 56 45.384
76 496 22 65.292
77 163 40 45.249
78 1163 55 92.934
79 954 28 78.572
80 587 12 6.382
81 900 52 89.786
82 1229 55 34.974
83 239 20 39.751
84 659 59 58.854
85 1293 7 77.535
86 510 20 92.573
87 1059 34 12.936
88 1388 31 47.475
89 522 27 89.349
90 583 5 15.472
91 1022 50 34.274
92 498 34 37.228
93 413 18 54.234
94 854 53 91.437
95 1089 30 74.523
96 422 23 51.810
97 802 38 69.657
98 1152 32 13.646
99 577 42 61.033
100 158 46 6.771
101 942 36 27.661
102 1165 20 54.884
103 413 51 94.632
104 236 25 47.842
105 522 48 97.213
106 397 19 85.008
107 434 50 72.971
108 1150 51 40.404
109 1253 27 86.731
110 1048 24 83.333
111 1350 10 87.666
112 1223 60 14.380
113 585 50 69.806
114 1192 22 36.684
115 424 55 85.401
116 1248 5 51.149
117 937 8 36.739
118 697 25 41.639
119 513 49 35.457
120 506 2 39.609
121 1194 20 22.972
122 1013 2 77.329
123 421 6 89.455
124 992 29 57.502
125 959 22 28.409
126 56 23 39.193
127 222 16 97.859
128 156 19 92.310
129 223 35 79.746
130 1318 19 56.389
131 962 41 41.280
132 987 7 84.158
133 429 32 46.031
134 935 19 60.787
135 283 30 94.430
136 468 34 89.390
137 492 47 17.421
138 236 46 4.245
139 881 36 87.204
140 199 16 1.031
141 396 46 5.383
142 907 41 97.297
143 1341 29 18.237
144 728 58 60.976
145 389 17 36.568
146 97 9 93.831
147 1131 43 11.777
148 520 56 67.644
149 139 12 89.742
150 895 29 20.873