150
1 972 25 57.362
2 755 51 65.456
3 1390 50 29.333
4 952 57 85.083
5 690 51 86.698
6 1296 57 47.924
7 1155 34 37.651
8 844 40 70.153
9 161 55 94.965
10 1419 57 99.816
11 925 16 84.094
12 321 31 77.557
13 18 9 58.331
14 527 40 92.909
15 207 46 3.116
16 1095 12 21.268
17 1385 13 14.378
18 1199 15 17.497
19 1414 9 93.148
20 471 5 57.768
21 926 5 6.273
22 669 31 22.027
23 850 18 50.780
24 1040 52 26.020
25 201 43 9.062
26 206 57 0.319
27 292 43 90.295
28 1068 19 0.302
29 1085 44 16.810
30 649 7 65.254
31 338 1 55.458
32 1365 49 36.119
33 94 41 62.617
34 1352 14 53.606
35 257 45 57.654
36 1238 23 3.059
37 226 31 92.974
38 12 60 15.019
39 676 26 38.907
40 480 60 6.847
41 1342 22 14.233
42 521 2 18.760
43 215 25 51.128
44 939 9 35.458
45 965 42 37.582
46 774 25 10.596
47 772 1 76.100
48 194 3 52.413
49 1398 18 93.763
50 1238 24 31.483
51 1022 17 53.458
52 1103 16 89.246
53 1004 50 67.196
54 498 55 57.917
55 643 12 85.550
56 1084 45 76.756
57 493 39 80.799
58 848 60 16.771
59 1293 58 40.586
60 415 50 31.855
61 253 51 8.762
62 726 14 68.234
63 741 1 34.008
64 353 13 97.251
65 317 5 72.584
66 874 55 89.389
67 1062 47 58.888
68 884 59 41.779
69 445 59 6.246
70 1397 56 52.353
71 1339 41 30.886
72 637 30 37.171
73 869 42 58.016
74 1389 14 85.490
75 807 9 10.140
76 397 4 81.615
77 1402 43 17.216
78 886 11 63.725
79 576 53 95.042
80 1018 46 73.499
81 306 44 13.995
82 466 23 64.271
83 308 5 19.369
84 540 3 19.559
85 532 2 17.643
86 279 57 83.642
87 882 30 51.505
88 684 29 32.001
89 347 22 71.221
90 506 18 90.825
91 216 2 32.085
92 81 37 88.695
93 201 42 18.911
94 1326 9 68.165
95 257 29 99.818
96 813 42 4.858
97 1345 57 68.313
98 192 23 25.970
99 631 43 35.577
100 863 44 30.618
101 492 27 68.577
102 1283 10 39.189
103 386 24 19.398
104 1384 36 58.600
105 66 38 63.638
106 702 17 71.238
107 1156 44 5.531
108 417 13 42.945
109 1370 2 43.046
110 1303 15 98.021
111 608 58 97.780
112 631 30 23.419
113 522 59 27.825
114 817 39 93.710
115 153 43 19.518
116 817 20 2.261
117 637 2 61.184
118 724 53 10.608
119 804 8 29.661
120 844 12 76.923
121 659 35 26.690
122 582 49 98.230
123 112 39 50.567
124 111 31 87.919
125 337 8 73.914
126 945 47 61.462
127 517 51 66.743
128 802 13 2.462
129 491 29 58.896
130 470 26 64.386
131 153 15 84.802
132 155 54 12.303
133 1423 1 99.988
134 447 11 58.808
135 961 44 50.959
136 525 10 48.830
137 569 8 16.892
138 1005 27 40.493
139 621 48 27.418
140 901 6 40.777
141 1406 28 59.863
142 369 17 22.027
143 907 13 55.071
144 772 10 62.243
145 803 21 2.982
146 618 15 23.919
147 1315 39 30.566
148 1145 47 98.194
149 844 12 51.992
150 1233 25 3.619