150
1 340 39 86.534
2 907 56 94.188
3 1090 42 30.548
4 467 45 18.853
5 597 6 88.391
6 923 1 6.968
7 138 9 51.978
8 1432 33 77.909
9 555 56 22.709
10 429 13 94.749
11 389 7 9.656
12 206 56 86.367
13 839 21 0.337
14 150 39 75.084
15 1319 35 3.191
16 292 34 19.712
17 367 4 35.534
18 1422 55 65.140
19 376 19 95.271
20 375 56 71.706
21 50 36 42.033
22 578 30 33.389
23 891 51 17.686
24 954 7 84.042
25 628 37 14.774
26 609 23 13.046
27 165 12 84.128
28 862 45 29.275
29 1132 32 30.327
30 625 15 1.488
31 962 36 31.269
32 430 15 69.348
33 1078 4 25.233
34 397 36 45.031
35 961 35 46.149
36 78 13 73.561
37 281 40 37.999
38 158 6 75.211
39 771 52 81.167
40 35 1 45.788
41 1419 8 4.597
42 1247 39 61.693
43 485 7 45.966
44 515 51 62.572
45 465 28 57.022
46 847 45 92.395
47 930 57 45.793
48 1077 56 74.497
49 334 24 20.357
50 1436 5 61.264
51 1092 4 40.499
52 1369 19 7.673
53 60 3 75.277
54 570 28 4.772
55 246 3 47.053
56 1335 55 59.318
57 1320 54 89.971
58 1009 48 47.749
59 661 31 81.082
60 169 33 49.602
61 183 24 52.230
62 885 8 69.137
63 1375 33 60.117
64 679 23 43.263
65 1130 54 96.676
66 206 55 1.517
67 795 44 22.131
68 427 54 60.725
69 972 5 98.400
70 97 12 99.921
71 346 47 96.639
72 1190 35 34.675
73 431 51 84.391
74 401 34 69.924
75 878 13 68.094
76 366 44 67.017
77 604 25 46.930
78 569 56 76.206
79 193 45 81.405
80 425 36 63.082
81 891 5 19.724
82 78 43 14.531
83 93 20 42.738
84 569 45 99.792
85 489 21 41.692
86 5 8 44.981
87 1067 45 60.892
88 578 48 23.069
89 680 49 21.138
90 63 12 28.134
91 171 42 86.089
92 1125 19 53.956
93 492 42 28.239
94 254 3 86.978
95 994 24 99.969
96 659 17 57.965
97 312 40 54.494
98 722 42 95.609
99 516 54 20.706
100 130 44 92.623
101 377 5 57.373
102 982 42 81.439
103 820 47 67.134
104 1274 40 80.755
105 976 28 99.324
106 151 54 5.589
107 947 50 76.140
108 1394 59 28.561
109 540 1 66.644
110 765 46 88.386
111 1199 37 46.050
112 477 54 15.485
113 678 15 33.331
114 534 26 13.081
115 1204 19 99.286
116 807 26 28.931
117 133 16 39.560
118 925 51 48.356
119 523 47 85.615
120 685 34 39.380
121 972 10 58.509
122 834 7 18.202
123 1222 21 34.092
124 1169 10 71.934
125 1396 11 53.401
126 1193 47 97.657
127 709 39 45.903
128 521 9 30.249
129 1032 55 9.383
130 34 1 9.560
131 784 15 12.553
132 32 39 10.827
133 931 31 2.139
134 1398 11 3.559
135 479 20 50.237
136 1373 5 79.671
137 16 58 49.649
138 966 19 54.286
139 636 33 71.791
140 273 55 22.755
141 789 39 31.505
142 288 47 80.258
143 268 46 48.478
144 289 23 37.894
145 1088 56 12.342
146 1051 6 13.135
147 1187 59 73.110
148 1254 23 86.238
149 239 41 98.781
150 352 4 39.833