150
1 277 55 39.047
2 1214 23 21.526
3 910 51 92.314
4 880 33 21.304
5 497 2 75.294
6 1301 50 36.810
7 470 48 61.894
8 55 19 79.702
9 1208 16 41.414
10 547 13 21.085
11 384 21 61.116
12 813 42 72.235
13 369 25 76.366
14 1309 18 31.440
15 821 39 78.709
16 27 4 10.169
17 495 33 30.105
18 1393 17 80.265
19 1252 28 13.049
20 116 4 84.396
21 834 17 86.539
22 150 57 67.767
23 850 16 27.798
24 439 35 70.941
25 997 43 12.954
26 1026 26 72.384
27 1085 16 46.976
28 1374 19 35.929
29 431 4 83.030
30 816 17 74.962
31 790 41 62.868
32 947 57 49.303
33 909 10 77.309
34 1326 22 8.902
35 676 19 56.880
36 1375 45 90.863
37 1091 16 85.819
38 1279 24 18.642
39 493 7 44.709
40 41 22 68.918
41 1118 44 95.008
42 19 22 17.220
43 185 30 50.337
44 1258 34 90.470
45 578 50 73.151
46 984 50 57.115
47 1274 40 40.186
48 1035 4 49.666
49 676 58 33.208
50 1004 46 24.786
51 1077 20 54.098
52 266 10 66.849
53 345 55 67.669
54 715 39 51.973
55 792 28 80.838
56 1313 19 64.046
57 1083 54 72.030
58 99 44 67.405
59 41 21 73.994
60 637 50 11.730
61 1157 1 17.986
62 657 47 64.920
63 592 33 63.383
64 203 23 91.439
65 342 24 90.693
66 115 45 18.875
67 814 59 48.782
68 537 15 0.961
69 193 27 53.353
70 192 34 37.990
71 832 40 61.705
72 884 41 44.654
73 1074 18 96.552
74 1411 43 34.282
75 535 51 87.283
76 1040 56 36.132
77 312 45 24.076
78 729 40 99.711
79 970 14 39.388
80 1039 6 78.740
81 1200 9 43.655
82 1040 1 78.814
83 1407 6 76.551
84 392 30 15.894
85 826 28 80.590
86 571 40 92.256
87 393 14 9.422
88 1197 15 45.025
89 1230 13 89.861
90 949 5 22.624
91 1438 44 38.846
92 795 5 93.485
93 1273 27 52.745
94 83 53 20.668
95 782 5 68.150
96 213 6 16.875
97 1082 37 31.344
98 422 28 63.389
99 948 26 9.717
100 855 8 30.958
101 1001 59 55.813
102 1367 25 36.185
103 444 20 43.807
104 869 9 7.888
105 166 20 36.748
106 574 43 20.574
107 868 21 7.116
108 329 46 10.089
109 951 27 49.471
110 941 20 92.849
111 1145 57 58.409
112 321 42 65.665
113 292 38 83.508
114 1018 46 0.980
115 150 18 55.104
116 1072 43 76.411
117 306 26 97.125
118 402 51 45.627
119 83 44 73.395
120 743 10 76.150
121 160 7 96.684
122 1298 52 67.139
123 1402 26 23.700
124 637 11 65.543
125 501 60 92.291
126 18 16 6.282
127 1052 17 28.764
128 767 33 13.323
129 1410 56 6.013
130 901 55 83.750
131 294 3 45.558
132 1004 27 72.953
133 464 55 99.422
134 1316 6 87.716
135 882 45 94.025
136 263 58 19.728
137 653 36 28.550
138 1164 39 60.873
139 425 23 17.945
140 371 17 70.718
141 986 26 17.783
142 751 10 50.815
143 495 14 9.708
144 669 18 47.242
145 156 15 4.229
146 306 27 88.203
147 69 21 31.437
148 1311 39 42.901
149 159 32 11.820
150 507 6 56.196