150
1 141 7 20.488
2 373 41 26.284
3 1197 38 72.498
4 342 51 31.092
5 216 4 57.277
6 561 32 42.581
7 205 49 14.303
8 544 56 4.434
9 296 17 10.724
10 271 26 79.440
11 145 57 86.273
12 474 30 28.971
13 306 30 57.704
14 398 47 96.229
15 872 17 0.220
16 1022 1 17.439
17 656 18 2.656
18 1085 47 19.925
19 368 54 55.912
20 743 36 42.419
21 1125 43 12.625
22 349 4 57.603
23 1181 27 29.162
24 867 8 10.688
25 1333 15 95.323
26 183 37 25.741
27 837 10 48.140
28 331 24 88.416
29 1033 42 6.446
30 318 7 5.985
31 617 58 33.438
32 637 25 20.278
33 392 56 33.232
34 1251 24 62.153
35 903 21 34.925
36 363 60 75.107
37 658 5 5.127
38 386 6 59.447
39 1015 2 60.510
40 332 55 57.169
41 1260 11 22.077
42 401 32 37.813
43 423 39 30.517
44 755 52 42.927
45 205 42 15.085
46 1090 22 68.821
47 130 39 31.693
48 1190 9 14.501
49 32 19 66.767
50 1069 57 67.067
51 744 55 60.278
52 144 19 60.271
53 911 4 99.861
54 467 25 12.043
55 1046 34 95.131
56 465 12 25.182
57 201 15 20.706
58 557 20 33.251
59 722 7 70.227
60 502 33 43.110
61 407 18 32.677
62 98 11 84.962
63 445 41 75.757
64 1415 23 2.110
65 121 52 60.670
66 1178 38 32.250
67 1306 9 72.360
68 1204 13 83.854
69 1185 3 53.588
70 959 43 29.955
71 925 12 25.765
72 484 52 70.319
73 1369 28 85.054
74 1430 3 45.241
75 1128 30 55.998
76 6 52 3.536
77 557 46 33.661
78 1062 52 93.651
79 1146 48 11.305
80 921 8 58.314
81 138 32 30.365
82 1302 6 81.216
83 878 21 17.897
84 1167 27 30.819
85 509 16 93.467
86 757 40 63.990
87 448 13 24.863
88 854 44 59.021
89 894 43 57.756
90 307 3 18.764
91 1099 21 88.738
92 1251 9 23.777
93 1421 33 63.195
94 860 47 25.621
95 706 51 86.294
96 1258 46 19.771
97 397 31 56.309
98 56 55 51.183
99 320 20 55.561
100 343 34 64.395
101 1113 12 40.601
102 526 31 61.841
103 1255 7 65.840
104 1354 28 57.529
105 47 41 93.013
106 923 32 26.100
107 749 2 97.879
108 845 52 18.945
109 111 36 29.513
110 847 25 79.864
111 227 42 5.690
112 956 17 6.545
113 1088 34 79.908
114 794 39 78.829
115 94 58 11.482
116 396 11 31.005
117 902 21 57.812
118 709 15 44.260
119 1382 52 28.979
120 792 4 30.150
121 1022 5 81.332
122 517 37 50.691
123 832 14 47.975
124 73 41 64.915
125 343 28 28.378
126 763 45 41.144
127 1343 16 43.148
128 1085 49 79.901
129 654 44 42.586
130 375 31 22.998
131 762 60 14.078
132 1095 21 41.795
133 1116 32 83.741
134 579 12 54.368
135 1002 19 48.015
136 1244 3 34.837
137 427 27 96.883
138 810 51 98.540
139 236 23 65.042
140 434 51 31.035
141 352 41 40.125
142 374 5 50.231
143 1060 7 52.008
144 1215 28 32.743
145 161 23 63.659
146 358 9 46.705
147 45 35 38.199
148 1162 36 75.783
149 661 60 84.544
150 1019 5 69.284