150
1 635 18 17.796
2 1097 10 83.353
3 353 60 80.479
4 1286 18 79.164
5 880 1 62.969
6 1377 1 72.229
7 115 51 55.070
8 1150 58 55.676
9 63 41 54.105
10 81 34 21.580
11 1229 56 1.155
12 722 12 58.964
13 1353 46 84.140
14 1161 18 83.320
15 616 48 43.476
16 1150 7 64.980
17 481 41 20.428
18 422 31 70.853
19 874 17 50.094
20 626 2 65.248
21 641 2 50.123
22 1206 35 32.911
23 803 11 37.463
24 601 51 61.199
25 823 56 28.298
26 1399 12 84.124
27 730 1 75.090
28 937 14 46.376
29 939 18 65.976
30 534 6 39.656
31 892 22 12.324
32 322 5 27.291
33 220 22 95.365
34 944 16 50.261
35 941 57 73.435
36 751 34 20.352
37 226 14 83.447
38 897 21 11.583
39 240 22 23.619
40 289 30 7.049
41 1033 60 14.842
42 13 51 97.433
43 568 13 53.609
44 645 32 84.590
45 864 8 65.110
46 715 36 60.047
47 1295 18 54.760
48 707 15 79.190
49 1268 44 5.911
50 171 3 10.274
51 161 51 49.705
52 1197 22 11.040
53 57 56 14.822
54 247 14 52.176
55 842 60 60.683
56 505 24 63.466
57 1064 29 37.563
58 1152 60 89.262
59 815 49 30.058
60 1074 19 71.205
61 579 4 56.737
62 470 21 73.154
63 327 60 98.768
64 300 6 93.289
65 134 39 88.755
66 448 27 96.446
67 1208 3 64.893
68 918 51 63.035
69 476 40 23.910
70 421 28 32.321
71 755 59 75.444
72 619 52 45.095
73 1284 14 95.532
74 1232 47 70.210
75 246 40 95.309
76 689 30 98.539
77 736 36 43.731
78 1105 1 21.748
79 1165 6 44.904
80 1276 19 38.060
81 362 14 77.279
82 217 54 11.648
83 1389 25 50.967
84 814 47 71.444
85 164 2 54.382
86 1018 53 44.088
87 304 12 43.618
88 303 30 72.032
89 751 4 32.156
90 1207 18 29.165
91 482 33 96.368
92 166 45 49.373
93 933 1 25.008
94 417 19 17.707
95 1427 28 31.471
96 173 37 91.581
97 980 28 49.209
98 326 32 58.393
99 1185 23 20.866
100 862 14 50.409
101 1203 24 13.194
102 1279 47 36.959
103 741 26 89.778
104 587 42 58.845
105 315 1 35.941
106 223 24 33.435
107 43 37 2.163
108 1371 59 86.143
109 403 3 95.804
110 40 38 75.427
111 413 49 13.375
112 910 17 15.988
113 1245 25 24.240
114 1312 57 52.349
115 942 16 21.904
116 470 2 29.625
117 1099 17 28.203
118 726 26 45.471
119 753 7 35.165
120 1213 8 14.606
121 753 30 9.496
122 578 20 64.767
123 173 18 83.345
124 633 33 28.026
125 1332 6 61.883
126 592 11 29.134
127 481 32 93.241
128 1149 18 5.221
129 1057 36 82.228
130 900 9 87.689
131 664 41 43.496
132 856 8 8.777
133 96 34 13.426
134 420 19 16.359
135 731 20 0.837
136 397 14 91.421
137 691 55 74.571
138 797 10 61.971
139 685 29 71.373
140 828 36 32.056
141 572 36 69.391
142 142 19 32.809
143 47 1 19.797
144 128 6 76.903
145 353 56 42.036
146 68 16 61.260
147 598 11 83.043
148 284 13 7.367
149 150 60 57.147
150 1035 18 17.683