150
1 1056 22 71.113
2 554 9 34.310
3 1144 34 94.816
4 713 19 62.452
5 1338 19 95.593
6 1339 56 14.014
7 614 26 33.192
8 243 48 9.363
9 1349 29 61.895
10 444 11 53.786
11 363 6 20.544
12 999 19 16.640
13 1014 17 6.477
14 71 24 71.858
15 742 10 28.776
16 752 60 81.967
17 288 54 51.941
18 650 31 68.916
19 1281 16 77.513
20 1112 5 3.715
21 1162 42 95.977
22 1359 36 9.713
23 1395 54 7.904
24 652 17 31.785
25 1199 4 60.987
26 1259 6 90.744
27 656 16 23.305
28 1315 53 82.650
29 821 6 58.931
30 61 49 92.375
31 1384 27 19.412
32 1007 28 75.764
33 1415 8 76.683
34 307 26 54.197
35 148 6 38.147
36 77 30 8.187
37 1351 3 63.201
38 128 21 86.321
39 1385 22 31.706
40 913 58 12.878
41 560 14 58.112
42 208 36 95.269
43 584 21 95.533
44 1254 23 40.095
45 347 49 82.467
46 212 54 12.177
47 619 59 90.041
48 1108 26 47.038
49 524 25 79.929
50 35 30 32.789
51 1196 32 59.100
52 32 14 83.898
53 262 39 24.445
54 455 1 98.416
55 846 49 1.051
56 1051 31 76.316
57 376 43 82.091
58 615 32 43.195
59 1114 46 82.221
60 1046 42 14.962
61 306 10 92.509
62 1205 33 15.647
63 728 52 71.181
64 797 55 62.394
65 1393 25 54.734
66 447 53 19.342
67 172 42 82.332
68 404 51 58.804
69 366 8 33.312
70 445 10 96.328
71 699 52 7.269
72 373 45 39.254
73 158 2 67.849
74 1304 39 20.842
75 795 50 8.642
76 1414 33 56.608
77 454 12 67.096
78 9 1 96.184
79 35 55 21.583
80 32 25 22.012
81 1087 6 98.052
82 1064 8 33.764
83 19 21 7.820
84 159 18 69.454
85 523 33 55.599
86 619 32 47.675
87 271 19 2.675
88 788 45 81.342
89 43 10 91.721
90 9 31 83.330
91 263 2 76.347
92 216 9 19.908
93 463 51 54.750
94 765 55 19.889
95 654 44 94.520
96 189 55 95.103
97 656 17 59.307
98 66 26 76.482
99 1260 21 45.897
100 596 28 14.770
101 222 54 77.854
102 468 1 98.278
103 1296 20 59.484
104 1167 54 64.042
105 434 50 56.168
106 687 10 25.081
107 998 45 10.973
108 1072 60 97.047
109 776 50 86.488
110 1129 43 87.578
111 400 24 29.043
112 1424 53 66.139
113 60 5 4.769
114 1057 28 88.780
115 756 54 29.637
116 1323 10 93.369
117 617 41 22.245
118 1150 20 13.312
119 1177 55 56.337
120 701 12 79.695
121 1232 14 27.881
122 737 40 62.711
123 907 16 87.602
124 2 14 65.638
125 828 24 19.590
126 367 12 53.592
127 63 44 22.198
128 414 27 13.141
129 984 32 26.532
130 618 42 17.823
131 478 9 68.237
132 179 10 6.657
133 377 41 33.253
134 235 47 83.323
135 1188 39 15.892
136 529 53 29.343
137 1038 35 18.948
138 912 31 14.105
139 1288 22 37.188
140 123 42 23.886
141 1072 31 76.872
142 589 28 26.008
143 841 10 10.843
144 1017 21 92.727
145 1218 9 48.775
146 1383 41 72.770
147 268 21 95.173
148 883 28 32.433
149 286 19 85.850
150 44 4 18.177