150
1 1022 49 39.182
2 1014 7 29.666
3 824 60 67.510
4 638 23 2.642
5 1219 16 63.407
6 1205 20 56.750
7 1298 13 89.188
8 164 33 38.582
9 303 26 53.656
10 1121 31 6.478
11 73 50 76.173
12 738 34 16.571
13 853 54 18.719
14 578 59 28.183
15 651 45 2.600
16 1381 14 21.511
17 305 9 26.956
18 813 17 76.819
19 1238 35 87.450
20 1248 3 8.469
21 1306 21 39.762
22 658 15 95.074
23 1165 36 85.279
24 1235 20 20.009
25 54 25 38.728
26 1335 16 78.428
27 1130 24 42.007
28 522 5 55.030
29 1340 35 47.289
30 674 5 83.829
31 141 38 90.824
32 656 52 9.280
33 482 27 94.085
34 716 46 40.425
35 746 60 21.415
36 174 22 81.853
37 1383 54 0.484
38 780 7 57.787
39 1123 19 77.708
40 808 56 37.240
41 860 16 23.794
42 613 60 17.022
43 403 8 43.028
44 932 57 64.717
45 916 28 88.803
46 1210 55 92.071
47 1113 7 86.907
48 122 31 28.003
49 659 23 30.336
50 942 8 2.823
51 509 46 1.234
52 810 26 85.450
53 126 20 31.277
54 1325 31 70.538
55 322 47 42.320
56 1324 18 12.581
57 725 32 10.272
58 1298 54 35.442
59 291 59 86.837
60 1244 11 59.340
61 1440 17 12.291
62 797 3 44.433
63 762 1 31.577
64 104 41 42.870
65 816 19 96.457
66 669 27 95.310
67 791 11 3.391
68 1206 50 43.653
69 551 55 14.462
70 1125 39 93.877
71 850 7 45.495
72 840 13 6.818
73 484 9 42.525
74 166 22 19.786
75 174 30 78.723
76 1319 49 70.101
77 903 4 34.264
78 487 57 85.675
79 174 28 28.441
80 261 28 33.364
81 880 41 79.061
82 1039 45 53.240
83 171 51 13.475
84 1418 59 2.663
85 54 30 61.591
86 1354 20 34.795
87 326 23 53.596
88 738 59 12.737
89 1323 25 23.373
90 1004 29 57.294
91 1342 25 87.130
92 132 4 86.545
93 824 54 42.647
94 1255 27 15.681
95 129 22 36.030
96 1038 59 40.698
97 979 9 97.998
98 227 58 31.275
99 515 29 18.725
100 962 10 10.504
101 1048 43 67.635
102 968 43 24.013
103 1002 30 4.716
104 1301 42 24.285
105 237 30 77.259
106 1335 26 13.190
107 55 38 43.208
108 1413 54 9.856
109 258 33 85.866
110 730 28 64.809
111 801 25 78.551
112 162 36 65.676
113 392 43 21.428
114 590 8 80.869
115 723 33 4.943
116 471 34 8.452
117 324 37 27.545
118 929 24 31.909
119 644 48 34.901
120 143 5 9.276
121 170 33 67.498
122 675 32 15.453
123 1118 49 93.242
124 1257 31 82.057
125 1055 21 94.497
126 521 8 18.801
127 107 40 10.676
128 793 12 57.740
129 1398 19 64.739
130 1202 44 1.428
131 1040 1 19.742
132 486 12 50.724
133 534 59 17.044
134 917 7 56.361
135 1024 58 47.933
136 1035 10 55.810
137 1022 31 49.271
138 1186 9 36.593
139 495 11 64.468
140 379 22 99.531
141 1249 40 35.611
142 997 18 52.821
143 206 19 23.193
144 1370 43 86.512
145 1149 51 53.998
146 1133 51 83.524
147 1062 45 54.282
148 1250 23 76.963
149 187 56 29.425
150 1041 45 28.348