150
1 299 15 95.647
2 738 1 7.902
3 721 1 64.283
4 1002 22 35.776
5 528 12 64.803
6 626 38 9.358
7 1259 17 94.653
8 818 18 37.487
9 1372 37 58.422
10 717 59 18.428
11 71 38 99.764
12 566 23 63.409
13 28 28 10.842
14 322 48 66.969
15 1035 34 59.635
16 662 33 0.521
17 997 21 6.068
18 742 8 76.674
19 794 6 55.579
20 512 8 88.432
21 1149 44 18.927
22 1405 16 34.666
23 903 54 48.908
24 988 10 43.868
25 1161 30 42.589
26 831 21 77.097
27 1437 60 38.877
28 360 21 88.551
29 720 37 56.740
30 775 23 84.939
31 942 39 7.097
32 148 35 11.969
33 513 34 69.490
34 60 58 38.095
35 929 49 87.322
36 516 42 14.783
37 259 7 35.025
38 716 28 94.563
39 808 28 30.220
40 680 5 69.385
41 958 39 21.823
42 656 28 88.057
43 325 53 49.589
44 1183 19 8.878
45 797 24 62.610
46 942 5 3.267
47 1386 13 3.569
48 1242 60 55.911
49 1391 9 50.475
50 1239 47 26.190
51 1305 36 16.187
52 606 37 41.011
53 876 33 89.117
54 463 25 65.419
55 997 33 44.604
56 853 23 72.998
57 1237 16 28.651
58 1074 32 92.374
59 1002 51 51.158
60 1370 42 39.518
61 1309 5 53.143
62 737 32 43.204
63 337 46 4.684
64 631 10 59.808
65 1311 55 50.502
66 840 21 2.415
67 513 51 29.409
68 251 58 60.453
69 848 1 28.559
70 784 46 86.092
71 232 38 89.130
72 724 17 82.529
73 141 44 38.711
74 253 39 88.084
75 1380 15 86.712
76 1411 39 8.959
77 462 53 99.843
78 12 17 67.883
79 652 52 24.954
80 879 20 99.159
81 836 41 33.798
82 537 28 24.461
83 122 13 70.712
84 1240 32 44.156
85 62 49 33.684
86 1293 32 75.242
87 808 35 35.343
88 49 58 31.391
89 1414 42 11.989
90 496 48 17.595
91 239 45 28.928
92 1200 30 36.783
93 855 9 90.000
94 1100 38 92.511
95 227 27 49.506
96 1151 45 51.609
97 795 54 36.210
98 997 33 46.786
99 181 2 16.431
100 1105 25 43.331
101 1264 30 17.219
102 1158 16 95.481
103 653 2 95.311
104 597 26 94.245
105 817 36 97.251
106 366 5 86.356
107 671 10 77.399
108 1 44 51.838
109 1315 34 95.801
110 1414 21 99.868
111 112 24 37.359
112 472 32 85.914
113 1285 1 98.996
114 291 18 21.427
115 1220 16 28.630
116 1304 16 72.507
117 219 33 73.595
118 182 57 46.825
119 846 56 60.259
120 1128 46 82.156
121 285 31 91.010
122 800 35 82.318
123 1051 50 72.723
124 1053 54 65.985
125 770 6 83.138
126 1125 38 85.408
127 711 13 66.267
128 96 46 23.338
129 299 20 82.502
130 267 40 91.442
131 692 4 12.213
132 1141 48 30.745
133 268 48 67.886
134 1183 41 29.930
135 639 17 66.113
136 430 2 24.644
137 51 7 23.793
138 814 26 31.161
139 1285 27 81.950
140 985 43 47.121
141 1413 59 80.825
142 302 26 51.984
143 280 2 98.099
144 166 12 17.009
145 558 50 47.145
146 46 43 55.425
147 727 41 60.207
148 79 16 74.970
149 123 47 29.065
150 372 3 4.521