150
1 1100 26 40.528
2 1301 18 44.806
3 709 10 46.677
4 245 15 61.512
5 57 26 53.332
6 90 38 83.717
7 1028 22 36.016
8 484 47 17.782
9 94 4 87.612
10 303 12 38.813
11 749 17 98.972
12 740 21 75.606
13 876 35 60.884
14 451 44 41.475
15 893 33 85.750
16 1305 39 59.671
17 142 38 61.029
18 525 45 11.665
19 968 35 39.594
20 567 36 68.830
21 862 6 11.171
22 1271 21 87.785
23 134 11 47.804
24 996 52 55.252
25 1321 29 47.829
26 936 25 77.542
27 1078 56 66.643
28 649 49 60.361
29 544 44 89.788
30 975 55 30.680
31 758 51 71.088
32 1063 56 67.711
33 511 6 99.041
34 478 12 5.354
35 67 50 56.579
36 594 26 39.014
37 1108 9 97.461
38 1036 45 97.039
39 526 3 41.916
40 846 31 74.637
41 879 37 26.127
42 1046 9 45.882
43 841 17 71.834
44 486 40 51.987
45 63 21 47.329
46 1267 43 6.102
47 225 55 19.733
48 967 24 35.488
49 635 51 31.946
50 1156 50 98.614
51 1296 31 91.284
52 217 57 68.302
53 396 17 77.017
54 844 42 99.381
55 979 21 36.141
56 312 14 10.107
57 811 23 62.176
58 452 60 34.609
59 1323 37 35.270
60 184 52 76.448
61 1187 48 66.898
62 777 15 29.802
63 1310 15 3.001
64 1230 33 24.946
65 229 31 44.952
66 567 59 75.957
67 145 46 28.692
68 673 14 0.915
69 48 16 17.010
70 643 15 10.594
71 229 51 0.665
72 986 43 69.176
73 414 15 72.958
74 1178 15 41.545
75 833 1 15.683
76 142 56 92.064
77 1248 18 81.321
78 1136 32 57.274
79 449 32 90.127
80 568 5 20.412
81 821 29 67.647
82 441 21 32.531
83 414 53 8.404
84 926 40 51.732
85 970 40 75.222
86 932 45 71.615
87 1253 54 75.048
88 967 12 32.194
89 837 28 89.143
90 572 39 7.095
91 359 18 53.492
92 1009 8 34.030
93 981 20 47.525
94 483 13 27.850
95 1106 43 15.243
96 902 12 55.212
97 816 14 93.632
98 170 30 5.620
99 855 40 63.647
100 1061 18 71.763
101 261 26 49.314
102 969 2 24.664
103 471 32 86.195
104 472 17 60.520
105 1070 5 73.279
106 579 43 71.787
107 957 2 62.543
108 973 20 11.190
109 1093 6 7.901
110 1043 55 20.822
111 1184 57 14.319
112 269 51 0.160
113 228 41 34.296
114 1156 5 15.955
115 505 36 44.264
116 526 60 54.691
117 1241 38 15.461
118 864 35 4.363
119 516 9 10.359
120 1170 27 53.246
121 423 33 53.837
122 1214 52 12.729
123 189 30 73.307
124 34 41 8.059
125 808 14 13.742
126 1377 24 36.530
127 56 54 20.722
128 1266 47 1.513
129 1164 55 62.914
130 717 24 38.760
131 274 20 2.513
132 284 23 68.038
133 1379 45 23.360
134 1035 32 75.910
135 352 55 44.921
136 444 31 60.920
137 1399 9 42.157
138 1376 44 60.687
139 694 26 30.029
140 1094 34 6.635
141 51 51 34.258
142 544 27 40.337
143 900 56 42.403
144 464 35 21.923
145 7 22 69.960
146 105 20 24.819
147 184 47 35.597
148 976 8 44.764
149 1061 4 91.837
150 1100 58 97.607