150
1 679 10 15.164
2 1305 38 34.362
3 460 21 33.443
4 9 11 57.890
5 166 23 46.358
6 238 15 41.702
7 953 36 40.321
8 1017 52 73.630
9 1 22 77.647
10 963 21 33.816
11 805 35 6.604
12 1257 30 32.251
13 129 6 59.398
14 1427 34 19.108
15 45 58 36.313
16 923 38 10.042
17 838 7 31.351
18 770 51 45.618
19 1361 13 72.880
20 512 58 75.804
21 1367 6 46.931
22 1073 50 53.213
23 456 57 29.976
24 815 27 84.127
25 408 52 12.789
26 1008 12 94.220
27 236 51 36.076
28 1223 4 96.365
29 1176 33 75.151
30 1401 9 33.368
31 1176 54 63.731
32 203 33 7.713
33 989 21 68.469
34 478 42 64.166
35 345 41 2.273
36 509 57 12.888
37 946 50 16.584
38 197 37 23.569
39 962 38 74.302
40 19 17 54.272
41 1417 5 7.718
42 260 30 43.287
43 1175 35 25.913
44 789 60 56.659
45 529 46 8.996
46 655 18 45.979
47 73 39 21.749
48 547 31 57.502
49 1296 25 64.221
50 28 14 3.709
51 1044 41 45.502
52 54 2 76.035
53 889 54 74.203
54 947 20 15.635
55 1215 56 15.307
56 523 55 10.996
57 1423 29 58.787
58 1105 32 40.375
59 916 55 39.159
60 585 22 27.282
61 132 49 89.644
62 1080 12 62.299
63 1260 48 73.181
64 1175 39 71.896
65 475 42 74.056
66 1047 3 64.509
67 1426 21 61.360
68 193 8 42.802
69 1097 29 63.599
70 1438 57 36.952
71 1377 14 77.673
72 607 3 80.420
73 1407 58 68.910
74 296 14 60.491
75 981 31 68.718
76 603 5 3.610
77 39 51 60.499
78 703 51 66.225
79 428 23 76.793
80 835 60 88.438
81 1041 48 34.853
82 261 33 94.060
83 1285 19 29.175
84 800 48 22.705
85 422 13 57.209
86 638 12 11.803
87 745 36 85.224
88 1287 52 49.237
89 737 39 48.082
90 569 26 91.364
91 1081 29 75.538
92 1269 7 65.894
93 1365 44 48.092
94 980 3 87.606
95 86 12 31.598
96 1048 40 89.024
97 1011 57 36.946
98 124 14 74.050
99 1226 48 14.466
100 1099 43 32.530
101 955 53 18.593
102 1262 1 73.520
103 86 46 42.867
104 299 55 64.960
105 780 15 11.318
106 393 44 53.127
107 1302 9 80.770
108 1292 9 71.345
109 642 43 88.169
110 1244 55 45.812
111 248 60 38.320
112 1182 42 11.700
113 860 58 78.974
114 332 51 43.728
115 800 12 50.046
116 1399 36 42.036
117 592 34 3.630
118 780 54 26.410
119 1028 14 71.955
120 1312 59 78.304
121 289 53 31.585
122 584 1 90.449
123 1128 45 66.690
124 445 9 33.658
125 467 11 88.270
126 650 13 7.135
127 685 32 95.107
128 262 35 27.233
129 1012 55 48.631
130 511 10 2.100
131 593 11 36.952
132 873 4 85.805
133 90 20 73.528
134 549 21 77.559
135 432 12 56.797
136 414 42 76.828
137 848 56 26.594
138 497 33 32.685
139 970 17 22.519
140 494 38 63.522
141 1289 26 24.775
142 1189 12 19.949
143 665 51 71.492
144 337 24 37.934
145 1001 14 77.230
146 561 48 45.766
147 796 12 95.298
148 505 6 73.381
149 864 43 84.907
150 579 52 33.830