150
1 1284 46 13.574
2 751 38 4.205
3 88 47 7.988
4 321 28 10.164
5 20 8 31.095
6 842 12 8.863
7 1131 37 85.754
8 475 2 16.771
9 464 21 68.016
10 44 1 20.214
11 405 54 92.256
12 175 20 90.581
13 689 2 4.338
14 887 20 31.217
15 1387 59 90.910
16 949 28 25.173
17 265 3 82.383
18 20 59 78.140
19 5 22 13.419
20 703 22 69.685
21 1303 51 92.921
22 1032 1 71.876
23 141 46 87.607
24 493 26 92.100
25 958 2 8.823
26 151 17 84.868
27 768 35 96.519
28 727 11 9.718
29 5 19 5.345
30 1079 17 54.537
31 665 11 45.956
32 1049 58 86.795
33 1206 10 50.897
34 464 23 20.726
35 1419 15 82.157
36 614 23 64.806
37 191 29 71.968
38 1056 53 32.051
39 192 34 72.415
40 591 10 88.893
41 706 40 55.744
42 1091 54 66.088
43 880 19 26.563
44 392 33 73.306
45 544 35 66.347
46 521 13 99.435
47 939 16 1.990
48 1117 3 24.178
49 401 35 64.550
50 1075 3 62.064
51 763 20 6.044
52 522 17 51.119
53 909 27 14.127
54 890 16 17.265
55 844 27 75.986
56 1296 15 1.216
57 1303 14 93.928
58 499 17 87.690
59 949 19 54.961
60 514 41 52.214
61 497 24 71.390
62 1391 5 84.474
63 1131 22 45.335
64 57 29 15.874
65 991 21 82.318
66 165 34 78.767
67 1233 35 44.141
68 1091 50 60.146
69 995 39 91.915
70 491 27 8.644
71 748 43 27.928
72 1093 11 75.774
73 742 26 61.348
74 1022 22 20.923
75 1118 2 64.626
76 369 35 60.439
77 453 2 92.876
78 1216 33 47.975
79 866 43 14.493
80 824 55 63.545
81 592 47 7.596
82 360 25 76.046
83 876 33 52.059
84 311 53 25.894
85 573 27 26.761
86 331 36 40.745
87 1054 33 77.957
88 477 57 79.984
89 1112 19 35.481
90 227 44 86.309
91 696 28 71.281
92 165 12 85.133
93 1269 41 26.484
94 782 60 70.843
95 1315 46 19.538
96 608 32 56.569
97 978 26 9.014
98 24 11 19.040
99 1044 32 39.387
100 1433 14 24.809
101 888 54 0.946
102 670 36 37.325
103 6 47 79.919
104 541 16 32.054
105 926 9 5.098
106 1383 18 31.685
107 360 2 2.518
108 1398 47 56.274
109 1019 9 94.916
110 506 19 94.494
111 851 25 3.979
112 1297 14 58.648
113 1331 53 11.853
114 98 16 34.234
115 316 33 0.150
116 598 49 91.815
117 545 7 49.992
118 1299 27 33.815
119 887 9 25.736
120 561 56 99.546
121 803 42 69.793
122 700 25 43.257
123 1239 16 9.737
124 659 31 43.218
125 1022 37 79.712
126 56 8 79.961
127 722 5 45.666
128 874 60 94.639
129 343 60 0.845
130 412 38 26.679
131 1025 26 19.866
132 1408 47 42.367
133 218 26 28.911
134 1182 41 8.647
135 969 42 49.084
136 1426 54 11.623
137 254 16 18.668
138 341 18 97.806
139 76 50 47.478
140 1334 3 74.025
141 279 22 64.597
142 1099 32 78.257
143 1265 4 59.610
144 912 58 13.459
145 1124 17 36.768
146 153 38 65.322
147 278 10 97.129
148 542 44 44.965
149 715 40 90.251
150 302 8 11.206