150
1 1359 36 80.881
2 530 41 93.983
3 680 29 98.272
4 1133 40 62.322
5 151 14 2.939
6 571 6 61.623
7 977 25 90.955
8 1141 55 53.077
9 523 57 56.536
10 348 25 19.982
11 806 24 60.927
12 633 15 81.816
13 1334 14 84.307
14 1086 33 99.253
15 1058 2 71.362
16 1211 26 20.320
17 450 8 49.623
18 889 19 38.358
19 913 51 95.223
20 1000 56 81.801
21 33 52 95.357
22 581 50 28.890
23 1364 21 39.100
24 1094 37 93.317
25 133 45 11.545
26 253 55 69.729
27 145 59 73.628
28 1142 7 32.967
29 872 49 99.625
30 1249 13 50.514
31 778 15 91.514
32 760 25 31.216
33 594 32 98.075
34 830 25 77.553
35 686 53 50.718
36 1106 34 29.957
37 1168 27 2.499
38 172 3 4.349
39 546 43 72.529
40 1048 48 54.778
41 510 47 70.301
42 14 14 78.593
43 152 10 69.518
44 899 4 52.873
45 903 1 99.456
46 1029 32 51.455
47 439 57 31.311
48 1101 4 4.406
49 719 41 83.517
50 1307 7 31.265
51 903 21 29.810
52 233 32 0.638
53 180 32 67.075
54 243 21 88.231
55 574 10 44.196
56 221 37 54.880
57 224 42 96.096
58 769 7 99.582
59 1073 30 0.733
60 31 22 16.489
61 281 54 65.813
62 1061 18 48.874
63 1177 42 63.278
64 1123 43 51.555
65 690 59 80.374
66 1014 21 60.079
67 518 27 99.773
68 367 30 40.106
69 1336 42 71.559
70 1406 43 99.987
71 412 29 55.755
72 1093 38 54.019
73 450 52 24.993
74 1340 34 80.483
75 675 5 54.060
76 182 58 92.242
77 344 59 91.580
78 879 13 95.322
79 35 6 18.173
80 448 32 44.607
81 616 24 26.166
82 958 50 19.616
83 978 17 27.101
84 455 55 23.920
85 302 9 52.220
86 446 16 0.780
87 1211 18 88.776
88 551 15 54.503
89 1406 5 31.908
90 1193 3 46.957
91 501 12 96.259
92 958 14 97.227
93 578 15 91.651
94 878 4 59.195
95 1348 51 57.205
96 362 55 10.427
97 1028 19 78.489
98 552 50 12.711
99 585 39 66.792
100 417 11 30.542
101 868 30 63.775
102 77 42 18.705
103 168 52 80.315
104 1122 42 44.969
105 1136 47 90.526
106 229 11 69.524
107 715 26 5.312
108 1305 57 77.545
109 448 1 38.058
110 264 17 88.322
111 774 6 1.830
112 256 7 64.012
113 340 48 88.856
114 1264 37 25.916
115 1214 50 63.258
116 61 31 38.485
117 1181 22 14.782
118 1417 46 26.974
119 405 16 17.008
120 1194 29 85.482
121 504 40 57.793
122 1344 6 22.374
123 1067 60 76.726
124 785 27 24.510
125 1106 22 33.084
126 1272 21 16.417
127 845 41 5.608
128 705 2 20.035
129 839 15 14.738
130 142 36 25.346
131 336 38 3.979
132 1216 19 44.388
133 515 7 49.758
134 220 37 35.877
135 1043 36 22.133
136 1283 9 6.496
137 1088 29 18.357
138 740 12 36.711
139 1067 16 55.690
140 1056 42 32.346
141 953 53 16.048
142 473 37 51.248
143 1203 6 23.635
144 515 22 9.895
145 36 56 63.446
146 652 44 11.559
147 773 5 67.718
148 998 30 37.769
149 507 27 20.807
150 647 42 71.407