150
1 1212 32 74.454
2 212 22 40.258
3 558 20 89.089
4 427 3 60.271
5 1085 40 81.610
6 1414 50 84.003
7 347 51 14.513
8 133 11 32.237
9 731 45 9.623
10 520 43 14.486
11 1431 57 58.282
12 902 47 46.173
13 233 39 11.294
14 1006 24 78.722
15 592 32 64.208
16 545 45 50.534
17 418 19 20.816
18 1214 59 80.107
19 380 34 27.461
20 1284 50 50.992
21 339 4 98.340
22 565 13 52.914
23 775 5 41.190
24 1203 48 61.870
25 204 1 13.170
26 468 12 13.021
27 609 1 37.700
28 836 32 32.336
29 859 26 13.192
30 952 49 87.478
31 999 31 30.183
32 1372 56 24.361
33 598 56 67.351
34 411 40 53.651
35 812 8 29.025
36 410 42 57.071
37 225 53 24.078
38 151 60 26.147
39 693 35 63.938
40 483 27 21.223
41 108 39 46.084
42 1292 8 85.297
43 915 18 74.692
44 1300 1 0.114
45 351 2 82.001
46 701 10 15.589
47 716 46 39.143
48 1167 14 56.263
49 1393 14 66.170
50 584 44 60.707
51 1079 50 71.257
52 2 27 90.775
53 1286 37 51.561
54 760 45 70.995
55 156 34 97.441
56 1096 42 26.611
57 819 16 89.108
58 658 29 55.061
59 490 31 8.568
60 975 3 73.130
61 183 49 65.245
62 1213 44 6.126
63 1160 39 81.135
64 323 25 97.119
65 1220 13 54.762
66 962 23 29.203
67 522 33 58.643
68 177 26 55.536
69 944 35 77.359
70 1328 59 1.963
71 780 19 86.244
72 69 18 93.673
73 430 53 96.745
74 949 54 19.427
75 930 44 62.304
76 563 40 89.181
77 219 46 13.938
78 1095 35 40.142
79 110 27 28.995
80 433 37 77.961
81 973 11 52.292
82 598 44 16.596
83 456 58 30.623
84 966 44 15.213
85 1212 25 52.058
86 306 36 72.186
87 40 6 93.407
88 948 6 19.724
89 1058 17 5.149
90 590 49 33.072
91 1276 34 9.214
92 625 49 27.386
93 1403 1 24.480
94 624 55 63.556
95 704 51 36.620
96 1123 11 21.764
97 187 23 34.541
98 960 22 6.629
99 486 26 13.571
100 1096 24 12.285
101 123 8 11.856
102 997 17 49.300
103 1038 38 83.549
104 1345 38 72.077
105 1070 2 36.261
106 597 1 15.314
107 65 60 84.021
108 588 30 38.826
109 380 60 92.063
110 989 23 61.074
111 840 46 67.705
112 677 52 43.049
113 409 57 21.534
114 1147 59 46.446
115 1224 55 42.640
116 765 24 31.285
117 240 47 66.593
118 663 34 84.653
119 682 56 40.712
120 1118 51 3.778
121 344 43 61.070
122 750 53 17.260
123 1074 47 40.982
124 1347 54 54.488
125 20 12 67.418
126 440 36 55.078
127 615 41 66.274
128 193 55 97.416
129 141 31 77.073
130 579 19 52.073
131 1140 58 95.378
132 869 28 56.115
133 806 24 65.433
134 850 41 92.088
135 201 33 83.513
136 1299 10 26.477
137 1349 31 82.888
138 712 36 85.630
139 422 23 6.807
140 1392 30 88.783
141 751 49 38.258
142 548 17 39.420
143 466 13 41.119
144 656 59 44.938
145 1247 13 62.255
146 750 59 32.125
147 1056 9 51.399
148 52 1 93.694
149 348 4 94.595
150 224 26 83.941