150
1 759 46 92.373
2 290 57 65.629
3 154 54 97.813
4 720 38 96.764
5 1149 54 85.810
6 834 26 53.793
7 1375 35 45.706
8 326 40 88.536
9 533 31 73.763
10 493 42 38.241
11 135 58 65.994
12 928 15 19.403
13 1027 16 89.237
14 985 4 9.201
15 709 3 0.085
16 1026 32 92.018
17 1394 58 41.990
18 1426 3 36.840
19 1098 59 9.090
20 1328 59 25.096
21 611 18 19.182
22 1381 39 34.629
23 1120 11 31.569
24 383 29 10.874
25 64 58 45.765
26 1037 57 79.121
27 1093 38 85.915
28 1062 12 65.998
29 247 51 55.333
30 694 31 48.432
31 1157 4 67.289
32 89 30 52.984
33 1053 34 24.184
34 1233 20 83.181
35 337 57 52.263
36 176 3 4.998
37 486 52 49.319
38 1013 18 35.748
39 41 29 27.518
40 682 45 32.977
41 452 17 2.919
42 414 45 10.335
43 725 50 59.305
44 336 7 19.312
45 131 4 38.580
46 1324 11 68.540
47 1217 42 66.773
48 798 19 60.599
49 900 35 3.948
50 97 35 55.830
51 309 28 42.077
52 268 57 91.174
53 93 19 37.374
54 1405 60 81.717
55 1057 52 36.498
56 1082 52 91.216
57 256 41 72.704
58 497 47 76.187
59 31 32 57.547
60 1287 29 80.811
61 1047 8 30.896
62 1079 11 3.970
63 87 53 59.294
64 1369 42 99.968
65 277 54 94.161
66 863 16 56.400
67 984 58 72.794
68 971 24 43.070
69 433 58 22.020
70 549 30 54.483
71 947 47 25.344
72 861 52 12.586
73 391 29 64.781
74 893 52 53.839
75 620 38 22.512
76 1058 4 72.143
77 87 27 36.303
78 152 46 57.771
79 477 50 2.153
80 772 3 45.590
81 45 31 40.385
82 1422 42 30.370
83 831 33 70.769
84 571 45 58.756
85 1369 44 36.180
86 821 27 30.118
87 497 46 26.769
88 1300 24 71.583
89 541 22 97.988
90 681 18 69.308
91 498 18 70.474
92 362 43 69.638
93 535 20 43.902
94 1181 39 69.937
95 1426 31 41.757
96 1385 33 68.834
97 158 4 57.127
98 1268 21 45.745
99 481 44 8.563
100 1281 8 22.175
101 1233 41 97.960
102 342 33 81.531
103 55 22 74.803
104 850 22 90.169
105 386 54 9.661
106 737 24 25.406
107 514 26 48.488
108 392 23 37.676
109 646 3 1.116
110 846 23 99.538
111 92 15 22.650
112 895 40 73.587
113 1426 7 7.197
114 610 17 87.154
115 1416 11 87.003
116 133 20 3.179
117 174 21 30.853
118 40 60 38.407
119 464 57 72.091
120 276 31 53.015
121 448 29 6.561
122 394 53 45.475
123 571 15 3.772
124 1284 55 7.400
125 431 35 55.762
126 1419 44 18.644
127 534 32 18.057
128 1439 7 88.398
129 882 26 17.741
130 626 27 48.315
131 618 33 34.814
132 940 39 75.540
133 164 59 58.808
134 754 36 78.744
135 1003 33 36.002
136 425 33 19.637
137 118 21 65.711
138 90 8 58.161
139 747 41 80.864
140 1342 55 66.963
141 425 38 8.628
142 229 21 3.403
143 390 1 47.243
144 728 56 16.201
145 1433 49 37.521
146 95 37 42.883
147 342 56 15.784
148 755 60 65.462
149 1390 31 7.568
150 699 52 38.551