150
1 458 6 15.237
2 986 15 94.477
3 1388 17 28.266
4 372 24 66.934
5 605 57 89.842
6 7 23 34.317
7 1125 37 68.138
8 1392 17 52.044
9 1423 18 84.302
10 388 30 11.003
11 1311 21 79.610
12 1185 9 91.318
13 658 57 98.082
14 349 43 53.368
15 25 56 11.071
16 120 12 92.603
17 1206 7 96.765
18 553 21 80.757
19 715 39 25.098
20 68 43 4.018
21 1088 17 90.669
22 132 28 74.577
23 962 20 42.189
24 583 13 15.843
25 915 36 35.744
26 837 46 97.261
27 1214 33 17.295
28 610 44 40.044
29 236 14 20.514
30 1098 46 57.039
31 977 56 35.162
32 1205 8 32.948
33 130 31 92.969
34 347 2 94.339
35 1380 23 15.559
36 840 53 39.472
37 935 48 67.049
38 406 37 99.681
39 1226 35 99.060
40 751 10 4.018
41 1317 54 81.730
42 115 4 29.733
43 1088 45 77.227
44 40 27 48.998
45 246 12 22.443
46 184 20 19.528
47 1332 57 55.443
48 586 20 55.859
49 825 58 4.147
50 698 34 95.487
51 954 34 43.126
52 692 51 55.776
53 26 33 79.868
54 92 56 29.785
55 307 60 31.010
56 379 34 5.582
57 1010 5 19.595
58 1366 54 75.887
59 500 7 44.289
60 618 55 99.376
61 54 36 88.552
62 909 51 54.200
63 1179 4 5.412
64 883 30 54.372
65 195 50 86.538
66 1013 14 37.846
67 1193 8 69.695
68 1072 46 27.781
69 1040 42 44.861
70 1110 35 85.411
71 933 5 65.320
72 658 13 40.547
73 289 51 15.486
74 78 58 28.474
75 51 12 21.841
76 920 58 14.518
77 1187 47 78.922
78 1088 58 97.191
79 645 41 15.287
80 847 40 19.826
81 1091 45 81.722
82 160 59 83.369
83 245 31 83.174
84 1289 59 11.075
85 1232 59 10.857
86 466 21 31.570
87 227 35 94.923
88 869 15 86.123
89 1027 27 75.774
90 839 23 68.329
91 1429 11 16.576
92 877 23 90.893
93 582 20 18.531
94 1238 11 70.777
95 908 43 98.859
96 492 47 58.571
97 458 31 42.699
98 374 17 20.764
99 844 52 23.239
100 221 35 9.815
101 668 6 55.202
102 203 16 73.142
103 567 37 86.337
104 431 14 16.756
105 360 23 2.929
106 237 24 14.228
107 141 17 86.272
108 402 16 10.468
109 1268 59 82.980
110 379 15 48.072
111 1073 57 30.984
112 526 10 3.179
113 395 9 48.032
114 220 53 18.016
115 1298 55 30.998
116 1228 41 3.349
117 1151 51 74.447
118 1079 1 32.181
119 842 29 21.833
120 297 5 70.235
121 753 34 58.664
122 486 57 84.348
123 120 48 87.638
124 202 6 31.386
125 988 52 97.238
126 607 27 34.764
127 960 47 89.632
128 1361 6 3.908
129 1178 35 97.788
130 2 3 20.138
131 26 50 73.466
132 482 13 91.994
133 544 47 7.313
134 91 34 53.458
135 1224 44 2.179
136 467 18 36.547
137 1098 45 29.522
138 954 24 22.135
139 201 22 33.132
140 972 5 84.767
141 39 4 81.551
142 1288 14 61.064
143 1218 12 99.000
144 617 25 61.286
145 87 48 80.359
146 1371 57 53.342
147 537 22 13.533
148 70 31 32.988
149 1321 19 71.365
150 1414 36 83.033