150
1 499 56 3.100
2 1175 19 42.538
3 255 27 86.685
4 819 57 32.502
5 106 53 74.354
6 1308 3 30.969
7 184 26 53.179
8 236 15 49.778
9 926 57 82.262
10 1336 6 3.334
11 460 35 51.825
12 574 32 45.003
13 29 38 0.873
14 1319 11 37.919
15 1253 35 41.380
16 603 25 6.346
17 71 10 55.345
18 443 37 43.368
19 800 51 75.608
20 454 8 26.773
21 941 46 19.436
22 1068 58 64.043
23 1283 48 93.288
24 1021 1 40.049
25 100 35 90.676
26 344 27 93.270
27 1054 58 23.085
28 619 18 86.689
29 519 56 7.305
30 555 31 24.443
31 284 7 69.046
32 1062 23 46.183
33 752 44 52.146
34 1209 54 22.484
35 120 29 8.329
36 514 15 11.041
37 1125 38 78.951
38 178 48 45.265
39 1066 11 39.163
40 983 18 74.123
41 755 48 99.002
42 684 25 89.912
43 927 20 21.825
44 686 12 16.676
45 545 13 80.298
46 1250 6 17.693
47 245 15 87.565
48 718 25 17.809
49 327 12 94.850
50 900 43 38.250
51 1199 29 51.710
52 639 9 45.086
53 1119 52 32.576
54 769 2 41.571
55 113 1 75.999
56 446 4 47.038
57 348 58 31.686
58 589 51 16.403
59 935 31 94.450
60 969 1 88.331
61 460 39 74.888
62 825 53 65.356
63 1434 57 62.734
64 409 37 77.064
65 1298 54 93.725
66 913 4 88.488
67 288 47 50.279
68 1303 10 24.049
69 103 38 22.403
70 111 13 12.789
71 177 60 0.971
72 274 28 64.697
73 1155 32 98.987
74 1268 33 34.148
75 403 53 30.044
76 528 5 36.546
77 864 25 6.481
78 1221 10 0.581
79 1340 46 79.749
80 1329 58 3.058
81 1045 16 39.884
82 1192 37 15.302
83 708 21 92.216
84 1180 2 48.692
85 451 12 70.675
86 1325 43 69.704
87 1060 9 69.442
88 919 30 30.987
89 125 60 23.126
90 882 32 83.841
91 264 54 43.584
92 905 5 87.511
93 516 31 21.716
94 469 44 43.065
95 922 9 32.215
96 743 43 76.448
97 1378 28 51.155
98 554 26 80.932
99 852 6 64.144
100 687 5 57.157
101 1004 1 84.233
102 1077 4 12.039
103 337 60 55.229
104 1025 35 21.663
105 763 17 27.002
106 1317 43 75.748
107 358 59 33.251
108 1202 18 26.699
109 1187 35 51.626
110 625 21 54.543
111 1288 20 43.161
112 977 15 26.294
113 59 57 16.922
114 507 36 94.645
115 1145 20 22.612
116 1123 3 43.376
117 1399 28 74.392
118 252 23 47.403
119 775 21 80.189
120 289 37 79.028
121 636 59 23.988
122 733 32 77.020
123 788 47 92.086
124 1311 59 56.183
125 64 59 60.382
126 1292 48 88.310
127 1032 57 86.791
128 263 28 88.153
129 824 57 68.472
130 971 44 85.851
131 40 14 33.630
132 798 23 88.918
133 1042 44 64.569
134 949 45 79.676
135 1217 54 56.980
136 188 36 74.294
137 1232 42 32.177
138 455 14 87.375
139 351 59 55.302
140 361 25 33.767
141 301 42 21.210
142 1324 5 7.349
143 281 46 22.622
144 989 23 32.324
145 1002 21 39.266
146 712 20 91.505
147 472 60 90.274
148 1440 3 87.830
149 956 20 18.783
150 457 33 96.808