150
1 239 3 21.867
2 427 38 40.289
3 811 27 19.367
4 110 52 83.184
5 947 15 25.138
6 128 32 92.744
7 26 25 94.380
8 1136 58 31.275
9 1200 36 52.897
10 1137 52 34.185
11 947 60 61.219
12 294 15 83.111
13 92 21 5.927
14 1423 29 33.532
15 1070 8 30.519
16 381 48 83.360
17 495 53 7.897
18 883 23 60.036
19 173 37 69.612
20 661 40 89.811
21 494 47 36.336
22 510 39 85.529
23 972 60 83.391
24 1082 19 50.395
25 1363 1 38.851
26 380 14 2.627
27 574 25 37.103
28 685 10 92.134
29 1195 29 37.871
30 718 50 34.142
31 934 47 93.412
32 109 50 60.957
33 1146 20 54.141
34 1389 39 17.175
35 1172 48 42.319
36 1117 34 80.875
37 612 57 16.544
38 1293 48 0.745
39 312 59 6.302
40 985 21 84.069
41 1326 1 5.791
42 1023 26 17.204
43 1352 14 32.853
44 1168 31 70.774
45 1204 55 22.690
46 727 35 63.635
47 1025 40 84.027
48 952 15 45.946
49 697 55 35.093
50 525 30 72.119
51 629 45 56.197
52 940 38 43.136
53 24 26 9.729
54 318 56 81.214
55 469 55 48.061
56 869 40 39.633
57 98 56 48.479
58 1040 35 39.462
59 209 25 4.067
60 1031 13 16.759
61 785 15 83.823
62 174 46 18.149
63 974 36 95.518
64 950 26 4.816
65 1090 21 72.738
66 391 43 7.291
67 879 49 41.286
68 303 10 46.296
69 16 29 38.487
70 882 31 21.953
71 141 34 36.316
72 482 39 76.179
73 43 11 29.021
74 1362 36 90.248
75 445 5 72.316
76 887 18 3.398
77 806 9 76.767
78 426 27 5.803
79 1192 25 41.114
80 1300 10 8.267
81 133 25 83.673
82 646 16 44.903
83 398 9 76.959
84 1192 37 33.370
85 757 34 57.947
86 236 41 96.015
87 1330 37 59.896
88 8 53 25.299
89 583 37 28.416
90 1304 56 93.302
91 988 42 46.189
92 1220 18 65.937
93 450 46 61.518
94 1229 39 57.911
95 69 38 44.350
96 1175 55 16.027
97 842 25 59.579
98 749 44 1.999
99 78 31 73.324
100 458 28 16.749
101 1338 19 51.045
102 549 34 99.820
103 349 6 79.030
104 1018 60 89.817
105 13 44 68.269
106 1089 44 84.450
107 295 7 30.149
108 690 45 85.942
109 1014 36 5.070
110 849 30 69.151
111 1405 30 91.696
112 928 9 51.696
113 798 57 46.774
114 780 28 79.534
115 1372 8 40.879
116 363 26 13.025
117 223 32 76.872
118 781 17 34.760
119 368 33 21.045
120 820 42 44.216
121 717 18 83.372
122 651 26 94.319
123 832 9 58.019
124 903 48 5.873
125 104 5 89.000
126 206 11 18.982
127 1328 30 91.621
128 1212 18 27.588
129 441 60 32.797
130 943 20 20.561
131 637 21 45.576
132 1045 17 68.034
133 689 28 94.612
134 45 26 24.084
135 577 42 43.527
136 190 20 43.422
137 699 59 89.243
138 1182 18 6.260
139 1229 51 32.917
140 722 36 20.931
141 390 42 97.508
142 1161 23 15.860
143 490 29 18.569
144 1290 32 77.472
145 748 50 73.789
146 558 47 79.049
147 1275 42 46.455
148 929 8 90.052
149 420 42 97.440
150 984 35 35.413