150
1 1204 49 64.171
2 1075 17 25.556
3 1305 34 50.583
4 1071 22 48.658
5 1147 25 52.900
6 1299 4 35.502
7 710 26 94.663
8 1035 11 93.745
9 1405 24 93.591
10 667 26 65.085
11 1322 25 90.284
12 1254 22 34.594
13 1342 23 6.815
14 1003 22 87.357
15 464 29 31.859
16 289 16 97.971
17 656 14 96.984
18 1014 20 30.882
19 689 6 14.334
20 74 54 66.360
21 599 42 75.250
22 676 26 90.982
23 632 27 20.995
24 777 34 89.744
25 555 24 91.672
26 288 24 95.330
27 332 35 10.174
28 1121 45 82.924
29 731 22 67.451
30 666 41 71.940
31 363 33 1.650
32 337 32 36.468
33 460 58 45.330
34 130 18 18.815
35 51 9 64.570
36 1253 46 55.693
37 350 42 21.008
38 302 50 31.054
39 311 42 30.642
40 1014 38 94.277
41 783 44 25.920
42 844 10 77.501
43 1386 16 23.299
44 743 44 28.595
45 1103 13 40.430
46 286 46 45.866
47 1111 60 87.003
48 387 18 53.271
49 1223 13 82.136
50 1002 2 61.667
51 1314 40 68.242
52 126 16 27.282
53 72 27 65.273
54 1010 3 14.099
55 130 30 9.253
56 58 51 31.726
57 801 23 84.979
58 1225 53 35.129
59 1325 20 41.305
60 286 16 83.855
61 688 38 85.317
62 1239 35 11.553
63 1255 52 63.697
64 584 56 6.750
65 1155 45 94.919
66 28 38 13.089
67 579 34 39.223
68 650 2 48.834
69 607 50 45.941
70 815 41 20.660
71 563 16 74.135
72 739 35 81.323
73 1156 27 87.216
74 773 60 63.302
75 335 50 11.854
76 321 19 7.848
77 908 60 66.033
78 439 54 61.027
79 1181 34 58.230
80 758 53 75.379
81 40 46 70.520
82 545 58 61.357
83 1238 18 12.790
84 621 3 17.834
85 1063 19 51.908
86 408 55 64.793
87 109 58 2.629
88 436 33 33.559
89 1352 53 94.274
90 876 60 53.496
91 1237 47 9.785
92 1140 43 50.253
93 80 12 68.411
94 836 23 0.397
95 815 54 13.356
96 1016 30 23.099
97 938 14 24.143
98 1272 7 32.958
99 1080 43 2.897
100 730 46 29.121
101 385 58 50.473
102 1401 35 53.200
103 309 42 48.595
104 868 14 50.215
105 795 32 66.168
106 1310 26 70.884
107 19 56 17.749
108 877 42 83.403
109 382 23 72.931
110 437 6 2.767
111 1372 57 5.532
112 397 20 64.761
113 343 53 62.556
114 1092 39 98.163
115 1386 1 24.587
116 1087 31 89.392
117 927 45 92.345
118 452 58 75.695
119 1126 15 41.999
120 296 8 98.053
121 378 35 11.176
122 194 18 25.433
123 1276 21 77.806
124 808 8 76.701
125 52 42 0.824
126 180 54 64.075
127 1028 42 35.723
128 727 18 56.453
129 631 50 49.625
130 1006 29 38.441
131 576 30 75.370
132 1103 2 70.171
133 423 38 50.767
134 729 50 96.627
135 492 55 56.300
136 1185 55 83.820
137 92 18 60.283
138 156 42 57.534
139 959 31 76.310
140 739 32 25.176
141 812 10 26.423
142 1126 3 83.068
143 639 8 98.766
144 40 13 26.032
145 1268 28 66.145
146 295 53 89.797
147 1064 58 21.711
148 1318 33 14.823
149 1293 52 26.153
150 582 54 55.738