150
1 79 35 70.892
2 1426 8 20.736
3 49 14 67.382
4 1059 22 94.422
5 293 49 93.471
6 670 51 6.382
7 248 19 82.404
8 216 39 37.252
9 229 53 85.462
10 1393 32 21.938
11 1308 41 82.297
12 706 8 83.977
13 198 48 24.151
14 984 3 95.755
15 379 48 87.741
16 760 52 99.563
17 1431 33 49.243
18 1050 56 70.115
19 546 30 48.686
20 215 35 15.791
21 291 9 12.860
22 743 45 21.107
23 877 4 92.370
24 478 42 38.386
25 141 48 4.326
26 1032 46 15.035
27 395 6 62.969
28 748 41 30.932
29 1157 9 44.674
30 78 23 8.625
31 672 2 94.113
32 439 31 81.697
33 1371 31 64.567
34 630 55 84.540
35 609 21 72.326
36 1015 29 54.820
37 388 29 77.866
38 762 56 25.566
39 121 39 17.445
40 153 22 17.045
41 643 2 47.242
42 871 38 95.849
43 32 45 46.604
44 433 7 74.529
45 640 44 70.436
46 1182 42 52.781
47 1153 25 27.318
48 91 44 22.653
49 230 16 81.854
50 1350 48 95.100
51 1084 47 10.106
52 947 51 80.276
53 451 37 9.111
54 840 14 11.714
55 610 51 27.906
56 89 43 20.051
57 339 21 98.000
58 153 34 44.636
59 209 17 38.027
60 1132 32 1.762
61 91 50 91.228
62 578 13 51.595
63 427 59 11.755
64 509 40 62.082
65 318 16 58.093
66 117 8 63.656
67 220 9 54.024
68 665 55 64.654
69 622 50 1.792
70 205 5 12.784
71 1425 56 65.497
72 241 54 20.111
73 1323 45 78.754
74 54 10 61.062
75 963 37 93.596
76 1091 33 4.687
77 268 60 47.632
78 29 41 24.688
79 879 46 37.159
80 255 11 84.013
81 375 40 93.214
82 684 26 55.565
83 736 18 71.036
84 1399 44 90.528
85 244 32 66.516
86 692 46 17.518
87 1069 10 79.624
88 6 44 62.074
89 288 40 27.508
90 367 6 86.922
91 1379 21 64.753
92 179 16 88.013
93 410 57 62.922
94 1432 32 62.995
95 1287 60 12.246
96 932 57 86.960
97 379 33 21.995
98 942 4 36.485
99 1359 18 96.509
100 25 25 77.317
101 507 15 58.319
102 554 52 46.546
103 1183 10 6.362
104 433 26 29.190
105 169 10 25.785
106 1351 12 77.835
107 946 9 12.038
108 976 3 78.800
109 1056 17 55.288
110 1018 46 53.872
111 1186 56 14.698
112 724 8 37.256
113 1228 54 90.803
114 981 37 13.128
115 495 59 27.397
116 166 51 49.996
117 576 59 50.131
118 841 16 28.271
119 221 22 30.009
120 377 27 62.344
121 1415 57 97.473
122 445 10 10.219
123 544 10 7.704
124 822 39 60.878
125 381 9 53.518
126 791 30 85.589
127 999 13 91.044
128 635 24 85.360
129 1258 18 44.506
130 834 16 66.994
131 438 27 72.794
132 1032 40 44.841
133 970 36 49.063
134 503 33 54.125
135 1306 38 65.749
136 1216 51 15.241
137 886 24 79.586
138 709 50 58.293
139 700 18 55.851
140 1177 32 8.281
141 76 36 22.145
142 732 12 50.593
143 49 36 55.344
144 19 55 68.186
145 1167 59 77.311
146 1266 19 46.993
147 621 54 45.686
148 788 45 27.533
149 262 2 94.972
150 725 47 4.015