150
1 65 16 76.096
2 179 27 56.873
3 659 13 11.377
4 800 29 79.949
5 497 9 63.556
6 190 11 67.592
7 1179 19 35.930
8 740 40 67.527
9 158 25 28.605
10 1112 53 20.640
11 1091 21 8.929
12 572 25 62.534
13 362 11 31.693
14 757 57 26.690
15 1053 58 6.825
16 1375 14 60.894
17 1299 9 78.407
18 441 50 72.560
19 245 56 30.714
20 951 51 39.794
21 84 33 86.315
22 1109 47 99.728
23 1151 55 40.395
24 392 6 9.984
25 501 50 27.823
26 702 55 13.448
27 1085 17 35.361
28 459 15 47.907
29 7 57 63.188
30 1054 23 84.192
31 1077 59 62.689
32 1156 7 61.138
33 831 45 55.489
34 503 14 30.958
35 1437 36 82.970
36 1242 14 90.580
37 499 55 78.646
38 961 53 0.698
39 336 22 75.980
40 843 12 87.694
41 1305 14 26.394
42 1172 25 98.960
43 1425 38 36.936
44 642 29 25.990
45 420 11 45.383
46 1427 4 86.921
47 451 22 35.371
48 695 21 35.326
49 913 10 73.661
50 673 17 90.300
51 1028 13 22.936
52 1131 48 83.933
53 228 32 31.397
54 1066 20 55.093
55 220 20 3.539
56 71 32 61.366
57 1003 53 54.763
58 833 39 62.229
59 966 20 85.900
60 1049 53 95.267
61 1358 49 84.596
62 777 7 71.964
63 799 30 6.493
64 938 59 38.885
65 19 45 75.141
66 263 41 18.909
67 181 6 36.777
68 1422 50 48.280
69 580 15 35.304
70 805 23 71.548
71 578 23 18.408
72 310 46 13.365
73 1142 50 37.268
74 91 14 40.606
75 1224 19 90.950
76 888 52 70.100
77 163 11 40.530
78 764 49 16.119
79 373 13 0.367
80 846 19 45.979
81 677 18 44.702
82 628 36 76.824
83 1318 51 38.716
84 37 2 58.179
85 1136 22 68.489
86 585 50 87.352
87 42 50 76.685
88 178 57 69.335
89 1040 58 91.178
90 999 33 49.616
91 889 51 38.021
92 1400 59 41.312
93 748 37 50.615
94 483 41 81.043
95 607 43 90.793
96 454 47 80.814
97 1317 15 76.099
98 857 24 30.357
99 311 50 7.924
100 1367 45 67.791
101 1232 31 6.619
102 268 55 63.078
103 286 9 93.275
104 217 8 4.392
105 31 30 74.493
106 425 5 85.400
107 16 22 30.013
108 761 14 3.539
109 662 29 29.884
110 1403 24 40.669
111 1060 14 56.757
112 102 17 86.754
113 1116 23 56.871
114 993 43 77.081
115 705 8 60.258
116 555 13 73.553
117 334 45 73.921
118 457 29 27.290
119 536 43 18.403
120 477 21 27.864
121 89 24 89.404
122 769 4 73.957
123 518 35 24.853
124 160 46 58.711
125 1111 22 52.698
126 574 17 49.378
127 1264 41 49.954
128 546 16 72.965
129 401 28 39.044
130 873 26 27.762
131 722 56 56.772
132 436 47 84.006
133 990 23 9.620
134 478 34 72.113
135 858 12 75.068
136 463 46 62.103
137 1247 37 68.716
138 820 24 44.464
139 1083 9 37.821
140 423 44 40.789
141 228 7 74.660
142 317 6 86.151
143 1132 37 89.676
144 1051 56 42.863
145 434 5 39.482
146 1419 36 14.825
147 1259 53 80.509
148 1025 34 47.230
149 771 23 15.572
150 1033 4 92.149