150
1 691 16 75.938
2 857 50 56.077
3 1021 45 42.922
4 360 58 28.741
5 307 44 79.312
6 1158 23 7.981
7 872 59 57.454
8 355 26 53.166
9 143 13 84.765
10 24 23 45.574
11 729 46 80.804
12 511 9 83.205
13 137 8 61.978
14 152 59 37.751
15 196 18 85.631
16 615 43 83.737
17 914 31 17.852
18 638 60 58.455
19 273 27 97.134
20 402 55 2.075
21 368 16 54.766
22 552 14 43.882
23 515 18 62.373
24 709 39 34.250
25 823 33 26.098
26 962 45 57.315
27 1078 37 82.766
28 808 34 21.115
29 560 27 10.218
30 1331 54 43.678
31 929 47 29.576
32 490 59 99.123
33 1202 21 97.806
34 63 23 84.920
35 1291 26 41.703
36 1324 9 23.024
37 445 3 31.794
38 357 22 1.931
39 1070 23 73.017
40 525 11 38.802
41 1076 29 50.141
42 524 47 13.422
43 651 43 22.503
44 228 25 67.303
45 1107 41 3.531
46 369 33 10.968
47 655 4 54.871
48 297 46 70.788
49 202 42 12.532
50 1231 39 45.671
51 494 52 54.026
52 589 37 23.313
53 515 50 5.570
54 171 59 63.388
55 538 2 56.173
56 1367 17 70.485
57 24 53 41.316
58 1020 38 47.335
59 812 15 13.903
60 1299 39 24.609
61 665 38 28.425
62 1184 33 12.069
63 1062 54 7.925
64 1039 26 1.982
65 178 17 77.032
66 486 59 73.754
67 950 32 54.285
68 199 3 32.638
69 993 30 19.676
70 1006 47 6.248
71 19 8 65.507
72 46 22 98.216
73 730 5 89.811
74 414 35 23.480
75 1412 20 96.362
76 1019 56 9.949
77 526 45 3.817
78 1425 44 18.002
79 491 56 68.944
80 288 17 63.041
81 206 39 68.473
82 674 39 1.112
83 529 15 6.704
84 282 21 48.577
85 859 54 64.338
86 891 60 49.999
87 290 42 91.010
88 1022 26 96.724
89 412 6 24.680
90 1057 17 13.906
91 329 34 62.401
92 512 48 80.056
93 1111 18 9.310
94 842 56 10.949
95 1149 43 37.577
96 886 25 22.703
97 1135 49 0.327
98 636 17 25.572
99 617 57 68.419
100 1039 26 30.922
101 7 11 21.732
102 928 54 64.393
103 737 3 59.148
104 837 23 84.819
105 810 28 2.240
106 634 32 95.682
107 246 56 5.568
108 631 14 12.849
109 105 34 19.626
110 327 22 6.887
111 1168 4 12.231
112 658 58 37.593
113 106 10 76.013
114 1261 22 30.848
115 641 39 45.039
116 379 58 25.709
117 823 38 2.310
118 832 19 10.164
119 1329 55 40.960
120 350 45 34.315
121 381 6 23.560
122 868 23 99.564
123 358 47 13.692
124 166 12 53.724
125 823 46 20.861
126 932 23 81.772
127 113 11 66.163
128 258 33 1.266
129 682 40 42.924
130 867 13 84.597
131 1359 39 48.989
132 1232 40 4.588
133 72 60 81.834
134 832 35 36.189
135 673 10 68.449
136 331 48 92.475
137 340 27 23.634
138 498 25 96.636
139 526 6 30.313
140 1238 38 6.354
141 286 3 88.812
142 172 41 2.105
143 882 5 69.625
144 3 1 39.828
145 873 22 50.620
146 616 35 97.974
147 626 6 4.705
148 42 57 39.442
149 1429 17 64.880
150 998 9 74.812