150
1 283 23 34.622
2 447 20 74.330
3 1314 27 5.775
4 378 31 82.537
5 1167 51 13.697
6 852 39 38.697
7 154 47 80.364
8 517 1 89.654
9 960 15 76.378
10 1067 55 91.741
11 1382 5 36.036
12 513 54 29.765
13 1086 48 98.490
14 802 44 67.509
15 1079 59 23.639
16 1289 58 7.571
17 1294 24 36.480
18 146 58 55.693
19 532 55 97.223
20 1205 28 6.873
21 268 7 9.337
22 1301 27 58.778
23 516 37 21.698
24 721 30 91.937
25 1090 14 79.022
26 1028 48 27.636
27 782 2 26.532
28 1094 20 66.274
29 1093 14 86.721
30 113 1 51.935
31 502 18 53.527
32 967 14 29.110
33 245 40 77.257
34 958 52 26.397
35 1419 13 19.380
36 1028 33 21.465
37 557 50 48.121
38 529 8 96.115
39 1055 21 49.570
40 713 53 70.230
41 219 38 56.081
42 817 45 63.963
43 368 10 19.093
44 461 21 23.243
45 1121 32 78.726
46 135 37 37.714
47 439 51 27.638
48 200 47 20.727
49 301 11 94.834
50 1112 23 43.950
51 1123 34 17.863
52 437 40 41.358
53 520 42 19.455
54 125 59 11.605
55 545 5 12.197
56 270 39 52.591
57 1010 18 92.506
58 1142 39 9.085
59 1243 28 23.674
60 920 29 75.952
61 2 1 36.852
62 883 4 90.062
63 419 30 89.204
64 343 10 14.247
65 124 28 93.673
66 603 55 82.632
67 1296 2 2.659
68 238 35 28.518
69 729 11 0.911
70 786 8 41.236
71 770 25 69.458
72 327 20 73.364
73 546 4 66.768
74 372 43 76.592
75 308 5 99.307
76 633 11 45.807
77 479 1 34.492
78 410 57 8.198
79 594 31 7.435
80 867 15 11.111
81 949 30 59.193
82 181 7 49.323
83 1184 29 72.650
84 236 22 89.446
85 1048 3 30.229
86 1103 12 98.436
87 1412 4 16.245
88 32 34 55.906
89 1377 9 68.565
90 1232 47 31.113
91 1342 15 49.049
92 1163 19 85.922
93 286 9 94.583
94 1243 11 56.817
95 664 3 23.960
96 4 44 99.480
97 90 16 73.727
98 1156 14 75.733
99 705 55 38.166
100 479 55 87.344
101 902 26 68.782
102 745 58 93.577
103 23 47 62.340
104 1417 50 55.027
105 897 18 82.595
106 655 54 80.294
107 1312 56 48.453
108 1070 25 89.837
109 97 10 91.033
110 1276 48 92.888
111 750 39 44.964
112 678 35 11.766
113 712 54 23.630
114 317 46 24.195
115 530 46 46.246
116 29 54 61.554
117 1314 32 7.545
118 1143 42 51.381
119 36 42 56.537
120 681 56 21.928
121 1414 45 19.216
122 1166 3 53.428
123 1226 54 25.663
124 1162 13 95.919
125 301 47 9.392
126 925 2 83.855
127 325 23 43.453
128 592 44 65.960
129 557 45 42.301
130 586 1 46.772
131 1301 34 70.078
132 1234 4 81.601
133 1342 52 26.423
134 1194 19 11.841
135 326 20 45.775
136 1117 5 54.079
137 578 30 18.686
138 540 15 38.524
139 1265 22 27.931
140 88 20 71.490
141 1428 53 53.373
142 777 49 6.889
143 549 50 52.887
144 765 35 56.781
145 1127 33 69.446
146 948 28 89.201
147 204 26 18.329
148 467 43 26.682
149 1368 60 49.248
150 205 3 3.618