150
1 749 13 90.476
2 523 31 34.595
3 976 51 78.751
4 164 38 32.580
5 17 42 82.936
6 327 34 16.633
7 287 32 78.977
8 788 60 36.020
9 603 39 48.209
10 1097 58 90.055
11 201 23 11.375
12 1058 27 62.957
13 199 15 81.148
14 1059 18 52.428
15 445 2 69.799
16 903 28 60.215
17 859 18 17.699
18 229 30 89.035
19 429 30 55.364
20 214 46 16.219
21 633 7 58.985
22 195 27 83.690
23 1107 9 58.324
24 1330 39 27.311
25 146 59 32.306
26 46 17 62.244
27 864 47 26.090
28 623 7 50.175
29 789 27 81.383
30 1040 12 36.110
31 371 46 37.175
32 601 51 16.102
33 1066 24 87.155
34 960 5 96.851
35 738 20 25.140
36 172 48 9.574
37 1046 29 16.313
38 1247 2 74.209
39 1014 32 95.737
40 1008 27 89.774
41 1237 35 74.804
42 404 22 27.778
43 501 53 9.930
44 735 13 99.063
45 340 51 44.486
46 411 16 20.692
47 69 59 39.523
48 1353 1 51.791
49 295 2 66.719
50 1206 16 15.627
51 1141 10 86.911
52 219 12 95.903
53 1062 4 82.369
54 917 45 54.543
55 1002 57 24.413
56 1273 28 25.116
57 1352 52 65.472
58 1160 59 69.361
59 1294 42 3.485
60 590 7 52.876
61 1373 23 94.995
62 549 6 95.499
63 631 34 54.720
64 1186 45 90.594
65 1206 2 29.555
66 244 46 32.108
67 55 21 52.802
68 1440 9 81.300
69 261 52 40.723
70 235 18 29.890
71 570 55 92.769
72 1094 32 10.065
73 32 25 90.771
74 351 44 34.856
75 453 2 26.433
76 926 12 30.657
77 834 22 1.056
78 955 2 15.724
79 817 58 81.082
80 915 51 25.736
81 753 3 2.076
82 199 19 86.259
83 330 12 78.817
84 194 20 40.172
85 623 24 7.133
86 153 48 79.908
87 827 33 61.407
88 931 23 93.655
89 913 49 38.799
90 1179 12 2.893
91 982 41 53.780
92 1178 58 59.100
93 1261 14 15.348
94 1140 51 40.776
95 444 49 62.477
96 225 44 18.037
97 756 13 90.663
98 590 8 42.124
99 643 8 68.671
100 900 46 4.525
101 1042 13 95.683
102 597 53 75.004
103 987 13 18.563
104 400 2 67.556
105 209 8 30.295
106 356 44 41.282
107 362 32 54.683
108 489 40 65.001
109 403 4 67.158
110 1322 29 91.822
111 774 19 40.454
112 693 47 62.061
113 994 40 63.029
114 633 27 52.763
115 80 26 67.455
116 795 10 84.521
117 31 6 87.806
118 985 33 35.318
119 442 45 43.814
120 1034 18 77.468
121 546 19 8.623
122 218 17 94.025
123 246 50 65.376
124 1112 45 15.628
125 508 38 24.887
126 495 16 69.547
127 553 15 58.421
128 89 57 63.876
129 386 28 40.013
130 1363 51 11.569
131 1422 12 47.986
132 769 39 74.084
133 1208 33 69.817
134 1212 5 89.664
135 373 18 22.249
136 430 33 48.473
137 371 48 1.355
138 632 38 56.396
139 800 2 50.132
140 965 32 99.109
141 1419 2 8.966
142 177 20 83.056
143 1209 51 66.420
144 569 40 19.737
145 761 27 91.573
146 58 37 49.853
147 1382 43 51.274
148 907 60 31.840
149 668 48 35.705
150 868 37 24.896