150
1 726 56 58.548
2 1365 40 96.151
3 1276 52 70.896
4 890 30 77.407
5 750 27 47.992
6 369 30 27.458
7 472 22 14.888
8 503 54 63.662
9 1142 14 78.387
10 105 39 2.793
11 1138 31 50.264
12 190 59 67.665
13 902 6 62.006
14 532 28 36.526
15 425 50 7.766
16 747 16 93.766
17 746 31 46.284
18 1377 20 29.684
19 261 25 64.189
20 1066 39 66.067
21 545 40 7.376
22 208 51 56.787
23 993 48 8.052
24 113 11 26.823
25 258 12 46.248
26 1334 49 46.862
27 1001 45 85.267
28 149 58 60.632
29 664 16 59.686
30 278 17 9.901
31 770 40 34.220
32 1406 42 57.830
33 109 51 6.356
34 396 20 15.437
35 1203 52 95.377
36 935 58 41.200
37 855 51 27.464
38 329 16 11.465
39 1001 35 33.147
40 737 5 60.711
41 1091 32 44.977
42 178 51 54.665
43 26 50 65.288
44 727 44 75.818
45 1220 29 7.861
46 1380 7 90.015
47 1337 43 81.537
48 1342 1 73.872
49 141 7 27.054
50 578 19 71.608
51 1004 58 36.571
52 108 14 16.524
53 1061 53 73.629
54 379 27 45.557
55 567 42 79.956
56 1164 47 81.956
57 269 56 62.537
58 1097 11 27.299
59 665 14 99.135
60 146 49 10.467
61 586 54 67.912
62 1178 27 71.905
63 599 25 88.772
64 416 45 17.531
65 569 39 36.874
66 1322 59 31.776
67 109 24 55.784
68 785 46 57.279
69 69 43 15.590
70 1166 38 56.666
71 808 43 68.686
72 550 50 33.433
73 1106 52 54.631
74 972 38 76.636
75 372 45 89.240
76 351 53 12.566
77 330 1 20.323
78 220 6 20.904
79 218 19 3.297
80 1408 28 31.346
81 789 21 6.675
82 964 58 38.895
83 971 31 43.919
84 844 5 17.445
85 789 20 63.527
86 95 52 40.072
87 255 35 55.842
88 994 15 95.798
89 777 34 16.718
90 1180 7 7.763
91 47 53 64.199
92 666 23 93.235
93 139 10 62.431
94 1018 27 95.794
95 1266 24 46.702
96 1035 53 58.714
97 841 60 10.616
98 895 5 90.753
99 372 55 65.990
100 973 50 61.488
101 40 51 69.763
102 828 52 92.287
103 204 32 91.215
104 246 36 57.801
105 43 14 8.276
106 220 1 2.699
107 858 25 68.660
108 1273 31 31.121
109 858 6 14.821
110 762 54 34.982
111 870 37 35.856
112 681 48 19.109
113 804 16 99.214
114 1041 31 31.129
115 130 60 54.537
116 321 53 21.832
117 635 28 3.588
118 1097 8 32.234
119 161 28 98.469
120 627 31 34.333
121 735 21 0.650
122 991 22 46.407
123 271 12 31.827
124 278 7 24.259
125 36 30 87.900
126 698 28 67.739
127 713 58 59.220
128 1339 20 18.451
129 537 33 53.113
130 1344 25 95.773
131 1406 34 38.128
132 344 49 81.477
133 602 10 59.582
134 327 39 92.258
135 498 24 69.585
136 376 17 47.983
137 649 25 64.646
138 1143 13 39.999
139 793 5 5.617
140 579 4 47.161
141 126 27 20.062
142 311 20 9.910
143 28 3 14.439
144 338 33 96.350
145 495 41 92.662
146 1013 5 51.155
147 710 41 9.137
148 1325 3 70.518
149 1185 37 48.017
150 171 55 45.476