150
1 1434 37 75.881
2 740 34 76.104
3 1298 42 44.624
4 815 15 17.037
5 364 42 30.145
6 696 52 90.108
7 427 9 98.196
8 362 43 94.770
9 180 37 29.799
10 1206 24 77.589
11 1295 39 4.603
12 143 20 39.471
13 1009 11 60.525
14 7 4 25.348
15 1130 20 12.252
16 808 37 89.599
17 173 25 18.642
18 735 50 15.733
19 903 30 85.956
20 921 6 39.581
21 419 2 45.561
22 1150 19 63.923
23 536 52 56.083
24 369 27 46.386
25 1127 42 21.100
26 164 35 6.194
27 814 51 30.152
28 749 49 84.341
29 462 42 48.677
30 332 25 40.574
31 1243 45 62.015
32 251 52 5.481
33 1097 31 90.302
34 1437 56 88.211
35 1178 58 30.096
36 706 6 17.156
37 1195 45 65.831
38 470 16 33.473
39 1392 5 38.359
40 905 6 38.246
41 732 33 75.192
42 999 4 70.661
43 1089 37 5.659
44 747 10 73.521
45 529 17 27.395
46 1212 31 94.895
47 97 11 48.262
48 1239 10 65.387
49 581 30 99.910
50 482 36 50.030
51 306 1 19.321
52 890 7 45.678
53 665 3 70.239
54 1274 60 51.495
55 321 46 36.553
56 384 29 23.844
57 43 55 12.284
58 1390 47 65.021
59 384 41 86.647
60 179 37 14.846
61 927 37 49.739
62 495 13 96.749
63 273 16 54.758
64 1069 11 34.913
65 1042 13 43.629
66 868 18 96.457
67 1276 27 24.626
68 701 20 19.142
69 1062 58 87.163
70 1369 35 51.885
71 777 41 11.292
72 1425 60 95.283
73 730 37 19.382
74 1084 7 65.178
75 522 14 68.513
76 961 6 84.300
77 1282 30 20.051
78 1287 45 89.253
79 617 22 59.560
80 203 37 41.348
81 95 51 78.181
82 824 12 64.859
83 196 49 84.493
84 646 45 52.976
85 275 17 1.091
86 1190 1 34.955
87 353 32 5.929
88 15 29 71.892
89 1435 35 9.074
90 249 12 20.542
91 1327 46 65.997
92 933 28 40.237
93 332 28 85.329
94 1242 43 50.578
95 533 26 67.189
96 309 34 80.793
97 363 45 43.206
98 138 18 10.871
99 266 37 24.005
100 1125 44 94.122
101 1210 28 19.154
102 1342 54 97.607
103 1296 52 10.034
104 1083 21 25.095
105 357 52 29.627
106 170 1 96.950
107 462 44 27.404
108 373 50 22.244
109 1341 1 52.637
110 937 48 2.041
111 150 42 23.779
112 1222 9 90.991
113 154 37 52.994
114 285 28 99.943
115 1009 39 32.222
116 36 47 89.578
117 166 60 93.486
118 307 40 92.907
119 193 32 98.394
120 837 38 4.555
121 389 7 52.966
122 362 50 44.928
123 537 1 0.027
124 951 5 1.805
125 23 11 62.878
126 690 6 66.758
127 980 22 39.625
128 1237 34 62.720
129 778 44 28.396
130 123 27 65.333
131 644 4 99.999
132 1238 31 76.510
133 642 54 51.799
134 314 26 43.989
135 600 40 97.196
136 856 33 46.723
137 128 50 58.618
138 1151 40 77.083
139 28 34 0.140
140 982 34 65.224
141 461 5 34.351
142 368 51 41.751
143 1275 20 99.022
144 721 7 17.878
145 698 20 42.498
146 1277 9 60.572
147 1011 7 31.830
148 976 23 60.793
149 292 28 88.063
150 192 42 66.969