150
1 59 36 34.579
2 1281 6 75.193
3 427 2 37.479
4 1282 12 71.191
5 50 49 24.930
6 510 10 5.420
7 789 32 15.759
8 1356 45 96.437
9 1139 20 26.071
10 435 29 96.535
11 1415 10 15.229
12 869 51 92.211
13 620 17 2.741
14 1285 11 45.131
15 92 52 49.947
16 916 32 78.419
17 1294 2 99.580
18 187 12 41.840
19 420 54 63.026
20 783 16 19.525
21 254 3 79.875
22 1004 54 67.426
23 1049 10 89.695
24 1313 39 46.975
25 692 19 38.250
26 1093 29 67.483
27 949 31 25.495
28 830 21 73.940
29 1266 13 85.815
30 206 20 7.257
31 1214 46 33.700
32 486 51 95.459
33 655 22 21.433
34 769 18 26.213
35 2 21 1.283
36 821 12 48.235
37 461 39 33.078
38 370 12 40.298
39 271 34 26.737
40 544 50 47.309
41 807 14 59.701
42 458 37 37.797
43 1021 48 73.017
44 389 21 69.187
45 672 3 95.350
46 559 56 50.500
47 793 28 73.328
48 688 17 23.509
49 345 45 10.823
50 1149 23 61.420
51 866 17 42.624
52 1299 2 41.813
53 523 13 93.619
54 369 41 47.659
55 665 18 62.468
56 340 38 17.478
57 661 19 76.229
58 816 51 33.801
59 383 15 37.312
60 452 35 91.229
61 86 34 73.613
62 649 28 54.599
63 437 10 32.140
64 205 28 26.430
65 512 9 47.341
66 690 35 2.865
67 75 22 84.842
68 107 57 35.933
69 1368 18 19.830
70 219 15 43.609
71 1340 47 36.094
72 127 38 48.450
73 841 25 82.060
74 982 23 52.488
75 1075 42 37.194
76 1088 47 94.153
77 162 33 90.560
78 467 56 90.050
79 650 45 15.595
80 555 12 7.858
81 467 51 4.307
82 657 15 16.430
83 955 14 19.378
84 472 54 72.799
85 1317 40 16.554
86 1372 19 20.957
87 1136 47 78.399
88 1083 36 44.105
89 946 47 15.400
90 1042 12 94.235
91 1022 4 26.859
92 1219 25 47.765
93 61 42 48.266
94 720 54 44.513
95 781 55 34.701
96 250 36 1.172
97 1129 43 67.826
98 769 34 87.126
99 1411 15 66.194
100 580 27 80.928
101 188 21 10.102
102 578 36 56.169
103 666 23 24.716
104 495 27 85.067
105 1232 44 5.242
106 426 50 69.289
107 1382 10 39.037
108 1237 10 52.727
109 1418 25 11.057
110 251 46 89.698
111 704 29 87.412
112 106 54 89.401
113 775 35 54.894
114 27 28 0.764
115 773 40 35.519
116 1317 14 55.245
117 1012 57 91.552
118 1411 58 6.982
119 1355 31 97.049
120 329 52 47.232
121 344 51 57.757
122 283 21 82.724
123 762 57 12.970
124 1369 57 60.751
125 549 35 31.511
126 169 14 73.017
127 248 9 1.587
128 874 14 38.802
129 1431 5 18.593
130 1101 49 94.313
131 840 5 96.966
132 748 6 38.895
133 1203 55 35.715
134 1096 10 98.076
135 507 12 6.011
136 720 37 80.870
137 147 36 74.060
138 1066 34 53.930
139 165 52 32.057
140 1162 16 60.856
141 246 41 62.985
142 1158 49 53.502
143 315 40 93.263
144 869 31 9.332
145 935 60 40.156
146 1117 32 92.022
147 238 46 58.700
148 246 13 50.219
149 877 60 91.218
150 566 16 21.931