150
1 690 43 83.808
2 1255 20 93.359
3 590 60 37.164
4 743 56 50.392
5 573 20 59.074
6 623 25 36.287
7 600 35 26.780
8 522 11 87.081
9 184 52 1.285
10 1433 38 63.142
11 1070 16 86.383
12 758 36 78.326
13 1045 49 83.990
14 234 46 82.345
15 1224 27 66.494
16 1223 33 32.365
17 1002 31 70.181
18 423 26 85.441
19 181 35 34.960
20 441 44 57.600
21 955 22 22.350
22 638 54 55.106
23 195 20 24.585
24 839 20 61.397
25 1008 3 58.631
26 448 52 65.334
27 1050 29 7.171
28 485 33 98.196
29 467 32 71.257
30 621 24 60.618
31 276 14 30.738
32 95 4 22.965
33 1398 53 6.621
34 1208 35 18.809
35 612 18 14.357
36 716 48 69.854
37 762 44 91.681
38 81 18 47.987
39 1380 24 88.681
40 513 2 48.360
41 160 32 23.532
42 1353 47 24.019
43 1106 41 22.583
44 1081 15 48.612
45 1408 10 48.690
46 1290 29 76.257
47 772 51 24.608
48 655 21 41.580
49 362 12 89.093
50 532 32 44.489
51 1421 36 91.567
52 876 12 62.197
53 1331 34 58.638
54 1309 3 57.005
55 185 35 14.473
56 15 58 6.362
57 1230 59 57.698
58 863 8 41.049
59 88 36 76.295
60 607 13 2.416
61 678 28 47.389
62 343 10 64.655
63 1041 37 95.863
64 276 59 61.869
65 1267 54 62.891
66 1068 43 48.506
67 327 46 90.422
68 223 32 79.091
69 1169 6 94.149
70 304 1 17.413
71 695 60 9.676
72 1075 8 44.656
73 1137 51 0.374
74 1315 56 34.944
75 463 54 76.593
76 140 7 31.831
77 1426 45 11.403
78 304 15 52.466
79 1241 22 26.903
80 1075 51 40.668
81 122 23 11.782
82 1052 24 0.116
83 612 10 5.100
84 121 2 76.441
85 1258 49 82.258
86 462 13 93.754
87 1281 15 76.680
88 714 30 12.379
89 1211 14 10.157
90 139 13 14.776
91 1099 28 60.854
92 521 50 15.326
93 1005 8 27.794
94 1427 8 44.156
95 1194 4 33.082
96 1167 36 95.791
97 254 12 71.604
98 728 12 80.798
99 1316 7 72.675
100 388 11 82.989
101 212 28 33.885
102 1288 17 60.047
103 690 16 26.998
104 85 26 24.578
105 535 37 95.888
106 564 58 91.207
107 1118 54 89.743
108 1412 38 39.928
109 73 27 18.517
110 1374 8 74.813
111 574 20 11.051
112 1381 42 96.388
113 900 51 6.274
114 1354 36 52.365
115 1303 9 40.733
116 1068 34 10.315
117 858 29 50.442
118 634 47 37.459
119 71 33 73.061
120 1141 8 62.111
121 415 26 63.282
122 216 31 95.502
123 595 41 99.726
124 890 28 46.660
125 1394 29 28.229
126 399 51 11.018
127 894 35 7.522
128 1231 42 32.689
129 557 39 80.932
130 78 49 17.471
131 866 51 5.437
132 1133 19 24.098
133 1048 5 1.266
134 107 27 94.186
135 484 32 24.604
136 735 3 16.408
137 531 14 2.576
138 323 51 32.123
139 1044 30 74.399
140 1093 1 3.688
141 990 19 75.210
142 435 41 50.177
143 46 8 29.230
144 371 21 17.913
145 434 11 23.055
146 1220 6 80.934
147 859 40 35.819
148 1268 38 43.813
149 601 12 61.540
150 606 33 31.991