150
1 832 31 7.400
2 716 51 95.658
3 1094 40 97.730
4 1154 54 84.909
5 180 59 27.264
6 1138 33 5.073
7 1082 47 64.867
8 32 27 48.338
9 445 16 92.192
10 547 47 20.723
11 861 22 65.722
12 277 30 64.508
13 1390 56 9.760
14 979 39 31.605
15 173 41 45.148
16 468 45 90.074
17 628 18 54.943
18 549 43 38.734
19 138 48 90.852
20 1114 31 39.921
21 675 12 12.375
22 1118 23 76.768
23 1229 22 90.556
24 1340 3 76.655
25 68 57 43.092
26 984 11 5.000
27 18 33 49.587
28 94 8 86.001
29 1166 16 84.169
30 1101 38 6.087
31 756 49 20.821
32 670 41 27.675
33 23 4 66.751
34 1070 28 67.096
35 371 28 64.500
36 94 51 95.276
37 369 32 28.115
38 139 35 40.582
39 1044 36 55.958
40 643 55 15.246
41 1097 34 95.634
42 411 35 43.441
43 1313 9 14.186
44 1246 3 82.889
45 533 4 15.091
46 95 41 86.859
47 495 20 69.257
48 529 6 5.488
49 674 4 38.155
50 1383 50 56.274
51 758 57 35.911
52 1173 49 55.778
53 1254 21 84.454
54 1317 20 50.043
55 939 23 99.395
56 540 23 0.786
57 201 47 86.091
58 359 19 13.361
59 1325 37 7.603
60 570 36 51.241
61 1016 28 73.363
62 280 33 31.965
63 219 17 25.496
64 913 15 55.022
65 891 34 69.779
66 1368 57 98.816
67 810 17 10.137
68 839 37 29.363
69 17 58 79.084
70 369 14 26.388
71 1210 36 44.058
72 100 11 1.523
73 1414 16 32.481
74 880 24 7.244
75 1390 37 31.031
76 910 50 16.373
77 342 5 11.191
78 297 53 39.153
79 819 16 55.719
80 646 11 62.945
81 1175 27 46.980
82 761 43 77.919
83 83 56 97.730
84 945 30 60.201
85 742 20 68.434
86 248 47 46.603
87 104 17 12.380
88 1193 24 90.869
89 1104 20 48.612
90 1012 24 11.827
91 1419 13 16.353
92 940 40 65.096
93 55 46 39.990
94 348 50 61.622
95 314 12 36.913
96 871 45 97.556
97 1235 53 98.714
98 876 23 76.326
99 1125 14 50.306
100 504 60 3.901
101 464 18 75.034
102 835 23 14.382
103 151 24 31.727
104 1224 35 70.665
105 662 27 69.119
106 1107 42 91.592
107 1277 57 67.279
108 1266 55 90.301
109 1158 29 36.470
110 1279 26 14.101
111 720 7 27.738
112 339 46 21.827
113 864 30 36.781
114 681 50 72.020
115 475 30 52.871
116 1226 33 8.328
117 186 57 38.395
118 610 33 91.777
119 179 45 0.211
120 497 34 74.899
121 1211 37 7.312
122 1329 22 49.444
123 19 14 42.753
124 370 18 2.968
125 569 12 10.608
126 146 27 62.525
127 1176 9 98.732
128 175 25 99.717
129 194 9 80.022
130 106 51 56.444
131 286 23 61.873
132 1138 46 79.530
133 66 16 25.476
134 1250 45 56.270
135 430 33 43.110
136 475 33 41.960
137 1262 34 27.512
138 1366 24 96.067
139 816 3 42.975
140 976 38 41.927
141 1133 12 8.445
142 463 22 29.979
143 1160 56 8.037
144 869 20 47.376
145 643 51 83.962
146 321 27 73.152
147 435 20 67.381
148 475 57 1.988
149 91 8 83.376
150 655 28 27.941