150
1 917 44 20.027
2 360 56 35.864
3 300 48 83.299
4 839 14 41.645
5 38 31 96.228
6 67 40 98.038
7 42 20 42.448
8 327 60 6.095
9 513 46 84.851
10 1108 4 70.786
11 456 6 45.814
12 903 49 73.696
13 241 30 36.915
14 165 11 72.129
15 979 50 4.438
16 1380 58 59.877
17 708 58 75.068
18 295 17 86.368
19 812 40 91.637
20 1318 15 80.430
21 778 32 45.309
22 23 25 37.463
23 370 20 84.829
24 1144 51 31.973
25 1019 13 65.953
26 219 37 55.705
27 277 49 20.740
28 1248 44 42.834
29 1151 47 75.814
30 702 45 63.048
31 444 50 24.491
32 394 13 26.219
33 786 49 13.005
34 334 2 8.614
35 712 6 58.571
36 411 43 65.537
37 1104 1 66.242
38 1423 28 20.421
39 1426 36 80.806
40 327 33 87.950
41 69 60 9.017
42 1338 34 11.622
43 1207 11 4.110
44 587 56 57.943
45 556 5 24.712
46 659 18 42.934
47 704 1 4.575
48 1203 59 12.145
49 38 56 33.938
50 1097 54 14.745
51 662 4 15.979
52 282 23 46.546
53 174 58 84.541
54 921 50 84.772
55 212 11 95.355
56 721 9 61.688
57 340 29 45.968
58 826 56 5.299
59 984 7 59.139
60 1152 45 74.048
61 325 25 10.340
62 616 14 98.825
63 710 13 22.747
64 1431 15 1.035
65 607 36 55.950
66 382 4 56.714
67 767 44 75.660
68 1264 53 43.260
69 875 20 3.878
70 1271 31 76.874
71 401 48 57.354
72 300 37 31.241
73 494 19 19.611
74 1164 11 91.475
75 187 13 94.175
76 863 4 12.692
77 1133 24 81.431
78 644 4 34.919
79 747 52 84.534
80 136 33 78.460
81 299 58 66.921
82 872 58 23.340
83 701 8 34.689
84 761 14 29.495
85 1272 39 90.485
86 1374 21 14.278
87 1252 43 42.040
88 1249 30 77.315
89 854 29 38.390
90 474 46 97.135
91 183 6 71.521
92 104 42 3.866
93 870 39 53.030
94 845 31 68.503
95 1431 31 55.261
96 1315 11 34.885
97 881 29 0.491
98 246 48 35.141
99 491 42 57.124
100 180 43 81.403
101 634 34 40.048
102 1204 57 12.479
103 505 12 67.007
104 78 9 50.376
105 1060 7 91.655
106 894 51 22.921
107 1328 17 6.952
108 1144 60 87.374
109 447 3 45.040
110 417 27 53.299
111 1394 9 72.558
112 826 44 10.520
113 63 54 79.172
114 197 4 14.463
115 1046 56 80.969
116 636 5 20.777
117 1351 20 30.632
118 1363 39 64.944
119 604 40 13.019
120 398 38 14.961
121 788 37 31.043
122 1121 21 82.835
123 1091 8 27.164
124 1414 34 49.778
125 1254 8 24.943
126 1394 8 83.665
127 1369 15 69.840
128 861 2 71.453
129 20 31 7.928
130 868 10 58.242
131 379 11 41.571
132 254 26 45.966
133 370 19 71.355
134 304 5 53.797
135 1163 13 90.729
136 111 18 58.945
137 569 13 70.295
138 1101 18 93.916
139 1440 9 77.234
140 21 43 33.710
141 1188 25 55.105
142 760 21 54.954
143 563 59 88.117
144 805 28 1.160
145 969 24 19.147
146 552 5 22.658
147 724 60 29.399
148 954 38 40.626
149 400 19 97.487
150 1411 3 78.549