150
1 156 45 95.574
2 1139 19 46.220
3 1263 53 90.624
4 329 31 47.762
5 1178 11 70.157
6 1162 25 67.555
7 1129 17 43.293
8 53 32 6.258
9 634 17 92.537
10 684 43 50.869
11 1004 40 88.888
12 113 50 77.977
13 451 47 20.479
14 226 28 29.482
15 1292 24 8.137
16 232 51 21.984
17 337 48 93.914
18 1120 38 28.830
19 325 53 62.965
20 836 4 36.545
21 360 51 49.464
22 492 40 88.623
23 1174 50 82.375
24 264 31 71.546
25 391 25 27.072
26 251 51 41.743
27 397 26 24.225
28 1085 52 16.188
29 963 10 50.279
30 99 42 81.733
31 1358 38 7.795
32 315 17 16.369
33 68 55 22.030
34 848 23 59.806
35 955 59 48.158
36 109 24 64.511
37 1169 16 99.669
38 523 21 33.246
39 304 21 67.544
40 55 58 64.826
41 341 29 43.839
42 1401 47 25.402
43 1319 20 17.697
44 954 6 72.443
45 1167 36 6.782
46 437 22 28.909
47 1168 50 62.032
48 457 40 5.961
49 413 42 57.043
50 364 45 91.796
51 929 23 5.795
52 845 28 17.788
53 1186 43 71.925
54 666 54 18.823
55 957 44 90.864
56 655 4 1.801
57 1035 18 11.989
58 412 8 42.984
59 263 53 0.060
60 246 38 55.931
61 1048 6 62.361
62 1075 17 21.297
63 1400 19 45.157
64 351 30 52.142
65 561 24 39.707
66 78 21 59.492
67 989 29 87.939
68 591 44 29.966
69 38 49 12.491
70 1342 8 9.077
71 500 18 13.848
72 1136 3 2.949
73 1305 2 79.780
74 107 7 63.128
75 1331 2 88.110
76 962 25 10.510
77 8 20 37.231
78 1312 43 22.110
79 992 53 91.767
80 233 46 81.982
81 743 5 0.207
82 1017 41 94.119
83 566 47 91.801
84 76 8 28.666
85 710 38 17.985
86 64 59 34.305
87 198 55 30.187
88 1222 46 53.184
89 297 32 80.221
90 342 47 90.038
91 1097 25 56.399
92 1378 26 78.233
93 629 25 83.667
94 1028 28 65.633
95 1356 54 31.839
96 358 20 39.790
97 571 17 63.349
98 63 35 24.248
99 366 37 50.162
100 1264 24 4.979
101 1015 51 32.321
102 404 7 68.643
103 1323 14 46.980
104 1040 43 39.325
105 887 29 93.406
106 1330 8 10.001
107 162 45 69.481
108 733 59 23.957
109 689 44 4.189
110 253 34 24.304
111 1311 1 58.629
112 1306 42 41.546
113 124 2 39.728
114 109 24 6.587
115 748 55 45.910
116 872 14 99.097
117 894 58 43.932
118 582 23 38.645
119 1246 38 86.623
120 487 28 81.340
121 259 35 10.980
122 1430 2 57.971
123 176 12 42.270
124 545 25 55.951
125 547 25 26.422
126 453 29 76.217
127 188 26 2.297
128 602 30 93.390
129 1378 60 11.133
130 1072 12 29.663
131 909 50 70.591
132 383 43 91.994
133 1376 57 74.382
134 527 12 1.196
135 795 37 1.484
136 1335 1 28.534
137 132 24 20.227
138 349 2 22.424
139 182 14 56.603
140 1413 16 11.910
141 812 22 34.170
142 635 55 8.075
143 642 6 82.906
144 243 48 1.124
145 165 50 83.939
146 175 34 48.707
147 828 49 8.825
148 1308 28 85.261
149 1429 46 90.293
150 1033 42 56.373