150
1 498 53 47.576
2 15 3 18.179
3 817 38 58.600
4 1435 9 4.391
5 169 33 98.394
6 1394 16 32.255
7 294 4 24.344
8 1017 30 27.471
9 872 22 69.576
10 502 22 61.501
11 402 19 39.509
12 802 3 79.913
13 59 45 48.426
14 676 25 72.539
15 1082 34 91.423
16 965 52 57.175
17 344 1 64.897
18 1434 25 17.376
19 1290 49 75.391
20 1127 31 56.293
21 407 37 75.912
22 120 17 6.043
23 537 49 92.203
24 189 37 42.829
25 1095 9 5.221
26 53 8 50.698
27 1000 7 59.847
28 318 12 44.111
29 539 53 39.484
30 1186 60 19.342
31 277 26 31.160
32 115 18 63.781
33 1335 13 57.162
34 1116 15 74.534
35 1111 52 35.850
36 910 53 70.598
37 1343 13 24.271
38 655 20 33.885
39 453 26 60.536
40 1174 49 86.203
41 236 54 4.848
42 573 40 61.740
43 363 47 51.872
44 1164 40 40.761
45 958 48 99.758
46 1269 37 59.188
47 1381 43 85.774
48 191 37 37.052
49 888 6 25.556
50 1275 21 11.510
51 741 9 8.245
52 1055 14 8.562
53 704 12 68.095
54 268 19 92.023
55 672 4 77.818
56 656 51 83.394
57 1258 41 41.116
58 1062 45 84.376
59 526 50 27.597
60 966 15 19.899
61 1274 2 0.089
62 1413 21 61.584
63 506 44 23.060
64 768 28 14.640
65 534 42 68.239
66 236 56 35.120
67 1355 7 6.595
68 1217 13 40.779
69 95 36 88.249
70 660 3 87.681
71 909 60 91.579
72 883 47 65.954
73 1262 58 33.581
74 1358 26 33.158
75 1116 41 7.174
76 197 8 58.316
77 547 23 53.845
78 537 47 13.183
79 20 8 80.084
80 1379 57 18.719
81 138 41 39.029
82 489 5 60.563
83 979 29 78.832
84 1130 18 24.208
85 43 40 61.581
86 1439 43 44.841
87 372 48 58.022
88 346 5 96.508
89 213 19 75.932
90 338 33 30.806
91 1050 34 17.155
92 235 5 40.627
93 896 23 78.849
94 1112 33 98.529
95 1375 59 11.008
96 245 34 42.894
97 1264 55 78.071
98 804 57 8.723
99 930 28 54.989
100 25 1 36.928
101 557 55 43.544
102 86 14 81.530
103 397 9 93.286
104 1344 12 30.159
105 637 13 67.853
106 605 52 56.048
107 112 26 14.139
108 346 1 50.725
109 758 39 94.061
110 1075 30 10.788
111 69 36 39.793
112 19 38 52.620
113 888 45 3.141
114 739 29 26.042
115 1125 25 0.344
116 316 52 65.482
117 1274 4 81.458
118 96 51 50.763
119 681 8 4.705
120 1440 49 42.183
121 861 23 0.602
122 632 38 73.524
123 1379 21 58.200
124 1122 15 13.138
125 1339 59 93.213
126 1146 41 38.016
127 390 37 72.382
128 196 45 42.770
129 4 56 34.827
130 1091 19 53.040
131 548 58 17.613
132 599 31 30.335
133 845 2 86.716
134 1078 39 49.117
135 1093 51 93.744
136 16 23 47.342
137 478 49 93.506
138 1273 10 9.559
139 720 13 50.594
140 1099 33 1.429
141 266 17 74.335
142 1433 60 96.770
143 674 32 71.727
144 1204 44 22.275
145 554 58 38.238
146 1109 55 35.972
147 849 45 68.806
148 1340 5 30.475
149 1047 24 21.086
150 613 12 62.378