150
1 794 14 77.082
2 986 15 14.940
3 383 33 2.714
4 51 30 89.163
5 1166 54 97.841
6 425 28 69.235
7 966 33 65.976
8 1141 31 40.403
9 825 39 29.187
10 772 22 58.726
11 394 44 79.020
12 249 20 28.878
13 1002 16 82.623
14 184 10 33.718
15 308 46 48.985
16 1170 19 46.685
17 1393 34 37.010
18 1099 17 48.536
19 972 55 77.159
20 1182 14 46.506
21 325 29 29.520
22 1084 33 96.057
23 813 9 11.967
24 839 1 79.825
25 898 55 62.858
26 633 27 53.831
27 475 2 66.441
28 641 10 37.885
29 685 17 94.576
30 1229 5 99.480
31 498 6 7.985
32 695 15 1.527
33 1009 15 47.805
34 1220 15 14.804
35 392 27 58.916
36 682 43 62.159
37 128 22 15.372
38 261 17 33.277
39 1056 39 44.941
40 1034 42 29.915
41 1123 9 11.422
42 70 60 81.477
43 1348 33 12.126
44 551 15 49.853
45 1083 22 88.485
46 285 49 21.358
47 1053 42 90.326
48 1112 37 14.607
49 949 36 73.192
50 337 9 60.494
51 467 28 81.933
52 24 45 87.906
53 1085 55 95.402
54 1387 41 65.225
55 217 32 70.845
56 59 40 27.596
57 552 15 22.993
58 58 18 76.953
59 1143 23 73.157
60 1365 33 32.700
61 990 57 54.257
62 208 4 1.081
63 252 6 43.146
64 1417 20 73.979
65 202 58 89.823
66 739 60 8.397
67 866 3 20.816
68 724 13 2.015
69 1102 42 8.688
70 278 24 70.767
71 667 5 84.695
72 1055 42 79.546
73 307 51 49.972
74 998 29 62.743
75 89 31 6.749
76 966 3 73.205
77 702 2 96.631
78 281 1 64.864
79 891 9 52.458
80 1212 7 49.881
81 1094 10 51.799
82 110 51 75.636
83 1372 28 55.946
84 1289 56 6.833
85 939 20 82.101
86 69 8 40.912
87 474 50 20.442
88 763 36 62.353
89 1410 33 40.332
90 209 33 8.315
91 39 44 28.500
92 175 40 32.469
93 1287 55 20.672
94 426 32 46.208
95 32 59 73.808
96 726 7 60.743
97 1170 21 94.618
98 207 34 28.408
99 358 19 44.100
100 1252 13 84.441
101 135 48 45.950
102 515 37 10.396
103 731 11 77.643
104 545 19 53.184
105 608 23 51.971
106 767 38 13.959
107 308 37 13.018
108 1267 19 46.532
109 116 23 54.463
110 603 21 41.776
111 168 20 74.869
112 684 7 84.818
113 386 59 43.234
114 465 16 48.708
115 1169 4 61.661
116 11 8 2.844
117 1100 35 7.948
118 506 19 69.834
119 1319 24 36.211
120 637 7 16.797
121 680 58 20.911
122 347 54 69.239
123 1239 11 83.056
124 519 25 88.465
125 62 23 95.162
126 785 57 1.395
127 329 24 50.267
128 1041 10 44.071
129 307 28 75.795
130 773 32 77.888
131 1143 53 72.505
132 330 8 92.594
133 1217 42 9.112
134 302 28 19.107
135 823 52 2.871
136 608 24 10.522
137 1439 41 92.660
138 1233 53 85.938
139 259 19 97.360
140 681 32 66.121
141 81 30 49.195
142 141 32 90.937
143 1328 5 82.430
144 1410 11 9.714
145 744 29 87.039
146 1346 34 53.969
147 981 51 8.919
148 133 21 8.812
149 1405 22 46.082
150 1346 35 89.885