150
1 1291 35 89.905
2 726 6 66.026
3 1231 39 24.446
4 1313 53 12.993
5 173 1 37.164
6 1290 37 10.005
7 816 23 83.616
8 1079 26 66.508
9 455 58 0.975
10 713 29 37.265
11 384 4 71.930
12 1268 36 20.734
13 1152 50 90.457
14 486 10 32.401
15 845 10 13.326
16 1366 40 96.118
17 1196 51 87.139
18 175 49 54.822
19 578 47 68.779
20 1162 3 50.266
21 336 45 83.266
22 794 27 15.489
23 1314 58 96.520
24 164 33 58.416
25 1248 52 11.110
26 955 51 41.057
27 671 28 60.484
28 271 50 66.960
29 1198 15 37.327
30 120 38 30.581
31 996 23 61.116
32 116 29 65.355
33 52 43 73.298
34 148 43 27.143
35 1264 19 18.104
36 794 3 63.704
37 835 58 82.713
38 87 19 96.758
39 452 26 10.414
40 980 29 67.076
41 702 24 93.936
42 964 25 2.676
43 1274 22 20.075
44 229 12 95.987
45 928 36 94.204
46 911 42 65.426
47 1419 18 4.856
48 378 44 20.537
49 269 13 74.469
50 636 7 5.788
51 472 15 43.226
52 839 48 27.929
53 229 50 22.160
54 1013 29 7.611
55 864 41 59.140
56 475 14 14.248
57 35 47 21.955
58 1237 47 58.217
59 28 34 81.896
60 759 33 29.115
61 154 26 84.664
62 882 33 49.925
63 337 38 97.496
64 501 52 10.860
65 1234 50 69.816
66 995 35 97.622
67 115 33 77.087
68 1031 10 51.939
69 412 20 55.089
70 1247 50 63.545
71 442 11 19.567
72 702 11 4.345
73 912 43 83.058
74 344 49 60.346
75 1376 38 71.113
76 1252 13 93.909
77 630 13 58.116
78 22 2 82.030
79 1315 25 87.559
80 1257 16 1.323
81 835 49 23.090
82 645 39 56.128
83 593 1 48.936
84 1167 4 30.452
85 878 38 35.626
86 767 50 23.113
87 519 52 44.745
88 83 3 87.489
89 1028 38 0.745
90 117 12 56.134
91 992 6 17.278
92 563 31 51.042
93 923 40 47.340
94 1005 10 73.663
95 229 38 74.864
96 809 8 89.359
97 656 33 82.985
98 165 3 75.011
99 945 52 5.410
100 494 41 50.818
101 185 31 61.304
102 716 46 80.731
103 9 8 54.672
104 831 6 55.010
105 741 41 82.825
106 234 11 81.833
107 329 9 22.651
108 308 36 48.585
109 146 14 1.785
110 159 35 62.897
111 1425 45 1.539
112 946 50 99.800
113 999 30 21.231
114 56 4 33.599
115 1165 36 28.404
116 470 14 41.813
117 632 13 37.355
118 1431 49 13.070
119 848 25 28.023
120 1267 32 30.206
121 723 47 52.926
122 89 59 57.352
123 1437 9 85.810
124 1215 54 19.574
125 825 17 93.246
126 629 9 66.990
127 596 46 41.231
128 1144 3 29.533
129 1398 7 37.518
130 589 18 20.916
131 1252 60 19.752
132 1151 59 67.554
133 341 57 7.989
134 954 51 89.251
135 939 8 26.272
136 224 30 97.331
137 1198 4 88.373
138 1259 9 92.597
139 339 49 17.614
140 823 23 90.711
141 1233 35 12.611
142 862 48 31.798
143 674 42 27.450
144 250 14 59.006
145 466 54 54.525
146 1159 5 68.152
147 1430 3 97.263
148 808 23 26.829
149 140 16 94.594
150 1107 49 71.967