150
1 1143 11 24.900
2 760 27 66.080
3 323 42 11.824
4 86 37 97.909
5 1021 40 44.272
6 1077 34 30.838
7 344 54 3.137
8 248 20 2.247
9 902 40 71.183
10 3 18 14.843
11 203 10 48.873
12 550 35 85.282
13 22 40 17.380
14 536 5 94.105
15 655 30 43.117
16 309 6 56.355
17 876 31 19.167
18 175 34 77.683
19 1007 10 56.229
20 711 43 15.499
21 263 53 47.276
22 817 21 45.852
23 1440 23 22.193
24 559 35 67.306
25 73 27 76.981
26 757 18 14.798
27 1011 55 4.552
28 1184 54 39.558
29 332 11 83.388
30 1201 16 44.665
31 86 44 30.750
32 196 60 35.746
33 1116 49 75.102
34 35 45 20.616
35 1369 17 33.101
36 1370 43 66.433
37 126 42 42.137
38 1296 39 90.029
39 1426 8 78.662
40 866 30 61.582
41 880 36 11.621
42 796 52 66.161
43 745 20 54.719
44 50 12 37.346
45 409 53 68.912
46 1137 11 80.905
47 1398 12 91.413
48 938 22 15.878
49 1109 31 18.518
50 267 25 75.014
51 118 33 44.309
52 1031 6 82.708
53 633 28 68.276
54 701 45 79.095
55 1318 18 16.834
56 360 55 93.665
57 510 32 30.855
58 1149 9 34.222
59 465 45 54.359
60 246 13 20.447
61 401 52 87.620
62 561 22 45.360
63 1186 14 2.735
64 1403 6 2.468
65 236 39 2.230
66 1050 36 0.165
67 960 23 92.047
68 128 46 1.462
69 67 27 9.889
70 148 10 11.917
71 929 22 32.070
72 673 18 14.700
73 783 35 73.622
74 893 44 32.097
75 860 21 44.470
76 757 56 88.502
77 813 40 41.003
78 256 40 47.956
79 908 59 55.686
80 789 60 17.090
81 963 58 16.439
82 610 7 94.156
83 402 39 52.444
84 957 23 37.712
85 598 48 99.111
86 463 39 41.102
87 645 14 94.999
88 1107 10 80.966
89 639 21 6.391
90 681 27 67.539
91 39 1 39.860
92 936 43 7.613
93 289 14 73.786
94 1284 30 33.105
95 1143 54 88.072
96 261 48 24.798
97 775 1 50.862
98 602 36 82.466
99 36 4 56.146
100 949 14 20.569
101 457 28 40.524
102 772 16 1.586
103 1422 50 15.255
104 1000 34 19.140
105 1306 49 50.916
106 1410 30 32.159
107 697 19 14.987
108 567 38 59.159
109 860 1 71.598
110 130 54 30.513
111 430 20 73.767
112 412 56 8.920
113 1 3 52.795
114 449 15 8.692
115 491 55 12.371
116 1084 21 66.081
117 767 8 21.543
118 111 53 69.853
119 379 23 86.094
120 77 55 15.752
121 1070 25 75.177
122 167 53 32.574
123 569 43 87.795
124 970 37 17.563
125 831 53 74.647
126 133 31 55.195
127 878 54 91.571
128 1062 17 34.608
129 647 27 57.998
130 768 38 68.156
131 1180 55 73.878
132 168 54 58.812
133 261 45 88.597
134 50 40 15.310
135 171 2 18.379
136 1306 29 32.236
137 263 9 18.204
138 1170 11 35.765
139 329 56 89.588
140 625 12 49.931
141 649 2 74.941
142 51 17 66.058
143 1165 29 20.069
144 1158 42 61.880
145 370 31 65.765
146 615 55 12.969
147 138 51 9.653
148 150 27 9.913
149 918 28 50.974
150 656 5 17.074