150
1 1132 38 46.025
2 671 35 37.643
3 555 3 75.906
4 329 20 41.867
5 907 17 18.055
6 750 57 79.393
7 926 57 91.251
8 949 16 70.891
9 961 21 60.760
10 384 42 53.575
11 634 41 19.060
12 155 60 32.690
13 1130 28 98.747
14 1242 13 49.921
15 512 33 63.423
16 640 44 33.918
17 1361 54 31.292
18 517 46 76.589
19 229 32 37.597
20 1092 24 16.428
21 312 55 61.302
22 121 35 50.682
23 605 59 49.601
24 782 9 53.022
25 1299 30 63.865
26 188 20 11.217
27 95 57 49.358
28 280 1 20.923
29 523 48 60.972
30 1063 14 25.180
31 1256 6 38.939
32 1082 51 64.558
33 754 32 13.411
34 1148 57 0.389
35 928 31 95.635
36 174 20 47.021
37 9 27 98.395
38 876 45 96.743
39 1279 34 16.321
40 717 41 82.751
41 366 52 29.032
42 837 17 50.270
43 1200 42 34.901
44 265 58 84.135
45 1118 59 64.328
46 748 25 87.367
47 73 31 19.968
48 624 57 62.862
49 1296 22 98.858
50 195 35 50.047
51 468 58 83.944
52 1275 34 50.636
53 497 53 68.139
54 388 36 36.839
55 189 12 82.125
56 663 38 50.439
57 1056 13 53.802
58 949 1 58.147
59 216 5 66.541
60 37 2 32.483
61 33 36 51.822
62 1355 27 90.771
63 1389 42 9.393
64 1397 33 4.536
65 119 33 55.263
66 940 42 61.499
67 1177 1 15.254
68 708 50 21.610
69 334 58 90.826
70 1144 3 35.480
71 956 40 16.084
72 828 40 43.404
73 998 19 32.311
74 172 58 41.922
75 86 35 34.904
76 681 20 89.109
77 517 3 17.793
78 1292 53 21.525
79 140 55 24.993
80 134 54 90.220
81 3 10 62.113
82 819 30 17.263
83 1146 3 0.621
84 892 20 25.322
85 1096 45 21.084
86 83 60 88.883
87 542 44 48.080
88 640 17 98.422
89 742 18 87.292
90 240 12 95.438
91 855 20 96.590
92 259 38 51.407
93 1007 19 57.086
94 490 42 7.660
95 1244 13 57.368
96 1028 36 36.602
97 40 1 36.277
98 93 28 61.372
99 684 31 37.714
100 353 47 85.375
101 722 5 42.021
102 753 29 93.275
103 7 6 80.177
104 1221 14 12.721
105 1324 44 24.329
106 1247 3 71.568
107 797 54 30.827
108 245 33 96.421
109 591 45 23.613
110 1203 41 19.966
111 566 38 21.740
112 830 3 37.861
113 301 54 3.958
114 1074 38 96.915
115 514 8 86.486
116 1404 22 54.092
117 1111 2 59.140
118 611 17 3.849
119 100 48 47.198
120 201 43 32.632
121 1223 14 89.567
122 381 56 90.403
123 1163 27 25.687
124 77 58 72.260
125 1253 47 82.614
126 263 45 55.167
127 190 34 76.587
128 731 52 26.237
129 71 49 70.826
130 734 48 90.607
131 22 18 74.988
132 1024 20 45.443
133 41 8 30.573
134 19 50 89.603
135 1421 14 41.725
136 473 26 62.833
137 756 57 43.663
138 837 10 48.770
139 1299 40 73.617
140 179 50 97.459
141 922 57 18.905
142 422 50 45.702
143 565 41 84.379
144 201 31 65.138
145 469 33 55.569
146 1374 28 64.089
147 15 6 10.517
148 437 34 30.536
149 937 49 79.945
150 869 3 85.388