150
1 43 41 7.417
2 941 50 96.109
3 1431 58 97.141
4 1254 11 21.385
5 1324 22 87.699
6 1380 59 84.618
7 1026 43 1.859
8 563 42 23.017
9 1387 48 51.744
10 607 25 42.910
11 898 53 18.474
12 707 59 89.878
13 855 2 57.787
14 1086 9 7.575
15 1160 48 3.426
16 616 13 23.059
17 856 49 49.952
18 323 32 90.690
19 1187 3 55.232
20 761 28 57.219
21 232 14 7.710
22 1222 44 62.868
23 318 17 15.876
24 342 42 42.262
25 120 33 79.174
26 196 48 75.976
27 832 51 29.266
28 1176 49 6.902
29 1027 22 74.104
30 672 2 42.798
31 99 7 61.019
32 451 21 66.825
33 339 20 90.253
34 527 18 73.852
35 1102 42 47.849
36 1347 6 1.686
37 869 37 34.171
38 508 47 5.151
39 829 50 1.552
40 1154 52 99.908
41 1022 12 7.663
42 554 9 71.379
43 171 8 76.525
44 449 26 52.219
45 520 11 21.817
46 990 27 87.832
47 140 12 94.373
48 571 54 11.157
49 746 23 45.499
50 362 38 10.194
51 781 49 90.003
52 855 21 67.744
53 856 1 95.097
54 250 38 49.570
55 997 36 57.921
56 402 40 89.972
57 184 42 47.985
58 412 42 53.499
59 46 4 14.511
60 1004 60 46.127
61 563 58 33.644
62 272 21 51.485
63 129 33 85.535
64 691 53 47.656
65 392 28 50.257
66 1408 27 14.965
67 133 6 30.475
68 641 57 43.811
69 302 47 38.111
70 1363 18 62.887
71 1233 14 57.828
72 1082 6 54.441
73 68 15 87.124
74 934 31 1.890
75 1338 13 93.822
76 612 43 96.450
77 1399 27 29.267
78 47 58 71.179
79 1124 7 15.325
80 221 56 66.489
81 244 2 13.860
82 1092 13 96.192
83 1309 3 35.241
84 667 26 40.727
85 961 35 0.192
86 1169 18 99.285
87 517 25 54.929
88 363 56 75.457
89 773 51 9.438
90 1132 23 39.242
91 827 29 67.176
92 657 31 77.969
93 763 54 61.497
94 1383 17 79.415
95 130 53 44.031
96 150 34 77.839
97 1051 49 56.547
98 1213 26 72.881
99 51 26 93.559
100 1085 33 8.439
101 396 23 73.909
102 517 51 15.415
103 897 11 13.347
104 3 37 39.547
105 991 28 31.347
106 708 2 39.227
107 504 42 42.127
108 1110 52 40.101
109 1403 24 45.412
110 1125 57 79.837
111 1161 19 4.381
112 967 43 52.241
113 734 19 48.522
114 1284 59 11.839
115 324 41 34.495
116 1155 60 10.013
117 459 20 41.319
118 895 40 68.840
119 459 25 5.306
120 985 46 52.890
121 1271 4 17.461
122 381 53 16.820
123 1284 32 33.706
124 427 32 24.300
125 9 18 16.856
126 1013 36 81.600
127 870 28 64.311
128 1152 43 20.651
129 219 47 7.218
130 1206 41 83.550
131 787 51 36.047
132 282 54 51.328
133 1182 40 54.658
134 420 51 92.464
135 198 28 58.633
136 1434 1 22.053
137 83 31 86.436
138 967 25 6.902
139 157 37 26.114
140 1294 44 22.054
141 1108 26 19.616
142 39 55 59.068
143 1073 14 39.540
144 352 58 9.006
145 704 11 64.357
146 19 24 64.106
147 1072 58 76.338
148 464 20 67.697
149 485 8 59.173
150 370 48 20.156