150
1 496 55 60.996
2 972 47 54.834
3 1368 26 83.011
4 1426 42 47.473
5 1021 3 21.080
6 524 37 17.825
7 395 6 98.321
8 728 11 50.145
9 149 3 43.808
10 204 25 45.202
11 1326 58 83.927
12 256 6 37.285
13 716 15 44.829
14 1045 20 3.056
15 1386 25 32.665
16 654 60 29.000
17 1063 51 35.870
18 118 43 81.431
19 920 45 67.215
20 325 40 56.220
21 699 5 93.056
22 574 38 7.017
23 1249 1 67.274
24 859 17 53.299
25 918 12 10.341
26 592 5 69.915
27 1272 29 34.494
28 810 46 4.911
29 1322 55 92.464
30 715 41 69.850
31 519 23 76.522
32 74 37 90.226
33 636 37 9.030
34 712 35 85.968
35 890 52 39.714
36 771 27 45.365
37 24 14 3.784
38 398 40 40.340
39 836 17 12.837
40 1077 22 52.724
41 63 28 73.183
42 550 56 47.999
43 67 34 99.179
44 342 5 73.977
45 689 3 40.994
46 1107 42 1.253
47 777 38 82.580
48 1311 24 3.861
49 698 40 43.119
50 952 12 88.704
51 737 24 25.143
52 889 34 49.448
53 640 30 39.251
54 727 35 81.768
55 233 8 29.673
56 1047 20 35.058
57 1155 13 32.874
58 432 28 54.107
59 1260 1 19.557
60 999 22 58.628
61 7 5 24.673
62 997 32 50.512
63 393 53 74.303
64 103 51 89.274
65 420 39 3.461
66 1318 28 10.043
67 42 31 51.902
68 984 34 95.848
69 30 53 52.368
70 402 40 31.546
71 1330 26 12.346
72 484 27 53.331
73 867 48 54.531
74 1238 14 62.565
75 949 39 3.797
76 178 34 48.198
77 802 43 34.354
78 108 9 78.042
79 866 21 23.228
80 1403 56 51.829
81 171 44 13.042
82 439 21 45.836
83 667 10 12.223
84 969 22 52.508
85 1062 24 24.856
86 375 40 89.197
87 1219 31 10.299
88 932 26 73.196
89 911 45 0.861
90 845 38 4.631
91 1148 29 32.981
92 944 32 58.677
93 1377 50 43.636
94 739 34 51.282
95 371 6 33.545
96 389 8 72.643
97 377 23 38.696
98 679 36 70.748
99 1307 29 58.000
100 1120 57 83.668
101 362 34 31.778
102 1060 34 50.863
103 1321 38 72.662
104 448 18 87.093
105 1075 13 36.017
106 1209 27 99.491
107 683 25 57.029
108 702 3 11.396
109 623 22 41.327
110 498 52 72.211
111 698 43 85.525
112 729 20 4.879
113 1267 28 49.709
114 1319 18 28.864
115 328 51 38.830
116 1166 27 53.231
117 716 22 70.677
118 376 4 71.219
119 825 40 87.158
120 1016 40 36.126
121 946 60 66.111
122 1073 18 78.462
123 411 16 6.039
124 1050 57 9.088
125 621 17 69.261
126 302 14 63.796
127 291 24 63.274
128 1009 52 49.197
129 636 25 82.470
130 420 33 73.576
131 975 10 26.080
132 1009 5 1.995
133 14 5 21.691
134 1085 31 60.217
135 767 41 94.636
136 531 9 61.669
137 78 19 57.801
138 1046 3 92.001
139 1345 48 63.351
140 699 13 24.393
141 1170 10 14.003
142 871 55 58.769
143 634 15 0.572
144 1309 5 29.745
145 826 48 50.739
146 774 28 66.731
147 372 28 89.816
148 314 30 4.764
149 314 5 36.319
150 256 49 87.106