150
1 589 25 23.561
2 839 39 87.078
3 831 42 64.905
4 1130 24 90.500
5 807 4 27.623
6 484 50 25.519
7 91 19 11.262
8 509 14 54.709
9 1437 1 63.530
10 725 3 83.758
11 1003 39 8.594
12 1157 34 51.924
13 1221 14 88.529
14 282 41 69.855
15 1408 9 91.026
16 428 32 46.099
17 1064 17 44.964
18 228 51 89.813
19 773 15 82.940
20 240 28 97.817
21 1098 3 65.351
22 129 58 35.343
23 1141 47 23.497
24 421 54 74.075
25 135 21 1.441
26 1231 43 41.364
27 509 50 97.863
28 139 28 26.366
29 590 15 35.134
30 826 27 18.819
31 901 26 44.341
32 641 27 97.938
33 450 7 32.973
34 468 18 20.791
35 840 19 47.584
36 849 33 76.390
37 105 43 35.627
38 1087 30 64.837
39 663 38 12.206
40 583 52 75.942
41 655 45 16.643
42 969 33 77.497
43 839 39 55.332
44 1024 11 82.501
45 851 31 72.483
46 1099 53 4.601
47 1402 55 83.098
48 19 28 91.219
49 77 16 71.947
50 642 5 93.355
51 1396 48 50.130
52 1140 2 52.126
53 1235 28 2.914
54 1351 59 11.466
55 612 4 90.821
56 711 51 17.587
57 57 40 30.794
58 855 12 19.522
59 621 44 50.405
60 506 13 10.278
61 191 43 50.297
62 1051 9 13.614
63 1211 51 95.320
64 1034 19 77.044
65 858 34 71.099
66 909 11 38.673
67 821 13 50.053
68 1196 38 69.101
69 1039 21 94.702
70 96 42 23.005
71 604 55 25.890
72 1314 57 82.412
73 526 14 78.882
74 401 4 97.589
75 184 46 44.629
76 638 4 51.572
77 983 55 50.256
78 533 23 93.104
79 1269 6 10.577
80 477 20 3.757
81 1417 29 34.153
82 320 47 85.967
83 953 13 45.384
84 1373 59 34.332
85 557 42 68.980
86 1036 33 19.587
87 512 5 23.149
88 1255 46 33.585
89 148 33 92.215
90 473 11 62.319
91 329 33 13.541
92 6 33 68.448
93 1333 21 0.960
94 525 49 54.406
95 930 42 96.704
96 305 39 96.271
97 335 54 48.510
98 778 38 39.920
99 1042 12 46.721
100 523 47 30.619
101 958 20 39.844
102 549 59 85.482
103 751 14 80.005
104 586 15 67.673
105 980 18 5.382
106 1205 11 42.745
107 972 8 3.794
108 325 18 28.787
109 261 49 42.054
110 231 48 44.747
111 742 35 93.974
112 1289 44 67.254
113 810 27 73.959
114 937 2 20.113
115 192 8 56.186
116 423 36 76.905
117 573 25 74.203
118 482 37 30.085
119 1329 46 75.205
120 228 57 64.114
121 913 39 66.196
122 1423 39 72.945
123 557 45 71.211
124 1013 48 96.506
125 1144 11 55.346
126 963 60 73.847
127 509 30 6.160
128 25 51 19.720
129 1047 13 60.706
130 1330 19 10.535
131 473 53 3.145
132 56 8 50.007
133 606 58 8.488
134 662 32 35.285
135 307 50 94.182
136 926 51 32.861
137 1024 18 53.715
138 525 52 39.476
139 1385 55 30.424
140 1162 10 67.579
141 968 59 62.962
142 663 1 55.183
143 116 10 82.530
144 58 55 93.241
145 677 22 75.126
146 407 52 48.319
147 975 11 54.289
148 43 4 35.318
149 1395 21 60.006
150 460 9 65.320