150
1 1068 27 62.177
2 765 15 46.903
3 86 42 57.717
4 245 56 1.269
5 1076 19 81.839
6 580 39 22.958
7 952 41 22.181
8 293 1 12.881
9 718 35 91.822
10 1224 22 72.905
11 1313 58 68.863
12 327 53 31.991
13 459 17 18.544
14 1033 33 1.124
15 943 23 43.900
16 304 15 88.272
17 931 31 93.733
18 387 32 96.820
19 722 53 25.522
20 1425 22 57.664
21 1054 37 48.297
22 1303 53 51.165
23 466 20 43.394
24 833 5 33.821
25 1117 52 8.839
26 1039 43 50.687
27 243 18 17.726
28 1112 13 2.171
29 1169 50 71.545
30 1 2 69.501
31 37 34 23.558
32 821 28 37.548
33 1239 22 56.403
34 56 12 18.601
35 1394 36 3.946
36 709 27 2.796
37 862 47 98.495
38 1059 42 53.560
39 397 21 27.731
40 464 50 54.798
41 1042 49 84.685
42 13 49 16.600
43 1364 44 15.274
44 640 54 44.977
45 1192 29 55.144
46 1297 23 7.171
47 404 32 93.685
48 686 39 11.640
49 933 45 83.800
50 853 14 10.634
51 309 33 36.256
52 1017 51 64.372
53 136 18 44.945
54 747 23 4.416
55 843 8 78.570
56 187 28 16.156
57 261 56 93.286
58 470 7 76.773
59 100 55 76.740
60 92 59 26.183
61 779 20 47.435
62 8 48 1.743
63 313 40 38.379
64 1061 7 37.530
65 490 2 18.389
66 888 17 66.044
67 739 34 54.982
68 554 30 13.471
69 341 42 9.793
70 1175 31 17.093
71 445 25 35.326
72 1008 54 59.615
73 465 51 92.320
74 581 22 3.069
75 831 34 72.989
76 1365 12 53.101
77 204 41 24.050
78 151 21 57.455
79 1331 52 63.521
80 1176 10 18.494
81 1151 28 39.479
82 725 44 91.217
83 590 57 33.790
84 548 8 34.696
85 994 49 28.587
86 198 40 2.239
87 189 36 19.775
88 1145 53 1.940
89 517 42 88.619
90 954 54 42.002
91 124 54 71.688
92 102 12 83.952
93 677 13 94.680
94 883 52 10.811
95 186 51 13.317
96 587 37 13.650
97 469 30 9.208
98 1168 20 52.905
99 471 52 62.131
100 490 17 94.926
101 1085 33 49.512
102 731 40 47.219
103 497 21 96.597
104 717 36 10.765
105 974 48 61.477
106 631 21 85.489
107 615 42 85.152
108 955 46 68.149
109 1091 41 54.493
110 459 42 83.369
111 745 20 90.487
112 1145 27 97.424
113 686 56 97.460
114 1123 48 4.594
115 977 18 91.345
116 901 18 63.318
117 1200 41 62.396
118 1013 45 33.061
119 550 28 87.131
120 1213 52 11.396
121 553 57 49.035
122 624 28 88.711
123 211 58 11.023
124 943 24 83.885
125 294 39 31.157
126 1332 28 63.047
127 1012 58 8.040
128 1268 44 29.715
129 884 51 8.655
130 625 47 61.686
131 72 17 80.120
132 483 54 9.488
133 798 16 80.004
134 604 10 35.373
135 850 1 24.634
136 650 25 75.770
137 272 37 31.695
138 574 51 71.599
139 778 15 1.255
140 1074 40 60.647
141 1029 49 32.596
142 736 26 12.606
143 830 46 15.726
144 184 5 6.067
145 755 32 27.706
146 1214 35 57.442
147 431 4 4.647
148 1032 4 1.584
149 1413 44 37.822
150 157 42 40.475