150
1 934 39 5.548
2 542 54 69.495
3 325 41 68.384
4 1307 26 29.682
5 481 9 2.387
6 218 25 0.122
7 951 52 58.532
8 371 50 29.369
9 305 18 16.207
10 743 2 59.621
11 825 40 48.220
12 648 3 51.977
13 1021 40 84.955
14 839 21 76.890
15 420 32 78.844
16 1163 56 55.335
17 978 59 63.363
18 151 48 74.953
19 1422 18 88.288
20 960 35 7.714
21 483 4 93.652
22 439 37 96.585
23 1214 13 11.826
24 977 34 73.545
25 666 57 31.885
26 1153 16 78.073
27 85 44 87.767
28 722 38 12.623
29 700 8 69.862
30 550 52 0.791
31 1238 9 80.318
32 1089 4 28.565
33 1365 3 6.290
34 862 15 84.860
35 1099 11 44.847
36 1327 53 81.923
37 1300 6 58.267
38 828 21 75.507
39 135 6 33.418
40 1396 28 87.474
41 1196 59 23.434
42 507 48 28.661
43 754 10 98.328
44 708 25 70.289
45 1062 11 61.374
46 1131 55 76.958
47 101 14 24.858
48 1227 38 20.413
49 215 50 12.476
50 1415 45 35.057
51 1215 25 91.966
52 789 47 98.097
53 670 3 36.105
54 3 35 9.134
55 1375 53 30.042
56 164 20 14.994
57 1364 8 1.704
58 237 11 42.900
59 531 46 58.137
60 869 38 38.120
61 1056 49 17.558
62 170 38 79.385
63 132 42 33.324
64 333 13 92.465
65 221 56 3.356
66 829 31 29.488
67 230 16 93.135
68 1075 45 77.580
69 108 7 82.794
70 77 38 64.433
71 828 42 28.748
72 443 59 49.949
73 1217 45 87.796
74 579 5 51.629
75 456 55 7.423
76 334 34 41.641
77 1280 53 89.533
78 1060 30 26.949
79 1220 46 25.697
80 909 7 43.690
81 1207 42 34.051
82 1198 39 62.404
83 556 24 53.248
84 1132 39 94.756
85 1167 55 98.974
86 1389 39 10.991
87 489 11 32.752
88 459 10 94.716
89 1420 42 85.891
90 429 2 77.744
91 729 9 92.312
92 125 1 58.586
93 574 15 59.699
94 495 34 35.022
95 269 20 39.930
96 1400 57 36.128
97 489 38 55.963
98 1400 21 76.321
99 1022 19 25.157
100 388 48 11.985
101 670 3 89.124
102 1089 7 74.500
103 526 4 23.639
104 175 9 65.925
105 365 29 1.636
106 1261 28 17.982
107 1122 56 87.233
108 40 10 73.512
109 1388 1 73.801
110 472 19 78.110
111 816 53 30.629
112 1018 54 95.007
113 1348 38 90.789
114 713 4 9.714
115 743 43 29.566
116 739 27 64.327
117 833 11 51.116
118 1337 38 45.942
119 579 40 60.429
120 515 54 55.602
121 1263 58 93.232
122 646 24 85.327
123 27 8 10.176
124 551 23 82.709
125 1047 8 68.919
126 1 55 68.548
127 489 57 12.217
128 1306 47 97.920
129 147 44 58.629
130 890 1 48.397
131 1100 36 37.012
132 77 37 40.106
133 1207 54 80.372
134 1300 39 31.972
135 6 37 54.009
136 1157 3 35.042
137 859 41 36.662
138 378 6 81.586
139 1121 5 65.842
140 435 60 77.950
141 769 24 79.877
142 55 50 98.652
143 1027 21 24.896
144 143 4 76.791
145 230 40 96.734
146 1392 31 42.318
147 1244 56 9.714
148 963 7 77.711
149 1414 56 31.661
150 417 21 78.667