150
1 339 45 32.617
2 1043 27 38.950
3 811 28 52.905
4 62 2 50.163
5 816 4 77.570
6 47 56 57.281
7 1396 33 81.958
8 84 12 95.866
9 1240 7 9.574
10 1053 55 70.792
11 191 15 53.521
12 677 28 85.278
13 510 30 60.891
14 281 28 94.852
15 1434 38 82.002
16 1254 37 72.733
17 504 16 54.121
18 321 42 78.241
19 1434 36 3.574
20 1137 19 20.156
21 1104 10 41.717
22 517 35 96.068
23 1187 41 99.776
24 286 25 6.336
25 270 53 48.718
26 410 38 4.194
27 371 23 33.820
28 986 29 1.894
29 523 51 92.986
30 370 47 59.523
31 571 40 94.057
32 17 60 34.473
33 1332 51 93.461
34 211 36 69.166
35 660 46 30.784
36 1406 30 27.373
37 944 49 46.551
38 660 4 15.549
39 842 17 95.438
40 221 50 77.500
41 150 9 80.577
42 847 34 93.527
43 1237 23 49.613
44 1134 8 62.695
45 151 45 4.117
46 1365 28 87.508
47 1159 4 36.494
48 296 43 28.431
49 718 40 13.858
50 559 12 89.625
51 213 50 97.101
52 623 40 5.897
53 801 24 53.219
54 1407 24 61.200
55 177 53 55.520
56 1293 51 77.700
57 431 3 71.733
58 437 4 83.146
59 330 51 91.648
60 624 29 76.229
61 231 4 21.885
62 561 43 76.849
63 319 35 62.988
64 368 11 14.933
65 590 17 49.459
66 59 1 59.369
67 905 32 63.555
68 492 13 37.630
69 1374 12 3.284
70 19 12 41.669
71 1140 47 38.219
72 986 50 86.533
73 1184 39 46.628
74 1018 47 32.354
75 590 39 64.401
76 154 19 94.499
77 370 53 12.901
78 189 32 13.942
79 1222 21 75.841
80 2 28 10.575
81 99 39 93.052
82 931 39 92.560
83 1362 51 65.100
84 1300 28 83.898
85 919 7 47.250
86 339 45 47.840
87 533 15 90.757
88 508 43 69.049
89 1029 9 80.583
90 228 34 57.180
91 467 17 46.700
92 672 30 90.906
93 1423 50 50.587
94 1289 3 59.378
95 389 11 61.188
96 509 8 81.693
97 1311 36 28.533
98 262 5 55.944
99 756 45 22.664
100 1153 45 38.803
101 603 59 82.476
102 116 37 3.772
103 678 6 85.459
104 989 9 79.532
105 1377 53 26.517
106 979 5 76.828
107 1212 54 53.487
108 1280 6 33.644
109 112 28 81.066
110 1191 38 0.343
111 955 37 43.986
112 414 58 26.072
113 5 13 11.062
114 1035 5 50.146
115 151 17 24.058
116 1093 37 24.743
117 37 37 0.361
118 1387 54 74.343
119 1081 58 96.302
120 1134 59 2.276
121 818 60 67.990
122 1378 33 73.259
123 643 35 34.256
124 168 53 29.505
125 1269 15 25.194
126 30 13 3.259
127 1102 15 18.643
128 1088 22 13.366
129 532 1 3.771
130 19 4 68.758
131 496 15 43.558
132 1296 42 80.430
133 527 9 10.082
134 284 42 63.529
135 886 23 16.418
136 292 6 1.682
137 1262 19 56.065
138 190 22 41.086
139 527 26 77.921
140 190 39 36.811
141 1212 8 75.860
142 28 12 82.798
143 72 50 19.381
144 1131 31 94.948
145 756 1 10.498
146 1206 23 99.545
147 275 28 1.240
148 443 19 48.042
149 430 41 25.441
150 381 37 2.477