200
1 504 33 28.427
2 230 49 19.636
3 535 13 91.020
4 304 31 11.910
5 961 33 7.353
6 1278 58 75.061
7 1015 24 42.465
8 270 12 36.966
9 549 48 59.276
10 425 59 15.107
11 1213 22 94.541
12 977 9 88.265
13 974 44 11.989
14 862 26 36.385
15 372 31 63.503
16 1102 8 60.160
17 312 49 11.700
18 1328 45 4.517
19 25 53 48.618
20 314 11 44.380
21 1168 37 69.974
22 673 50 90.121
23 1159 60 87.764
24 1331 42 81.558
25 248 25 70.315
26 332 37 15.033
27 10 28 24.989
28 657 46 61.748
29 987 10 96.796
30 283 29 46.935
31 1004 20 11.909
32 725 32 67.556
33 1358 35 69.336
34 321 29 19.738
35 426 29 0.603
36 592 32 44.152
37 1325 27 35.408
38 275 40 81.537
39 325 40 46.435
40 1 48 95.316
41 364 49 56.210
42 314 36 6.474
43 532 26 26.992
44 356 23 71.994
45 502 22 29.937
46 700 51 97.353
47 649 24 37.323
48 40 29 87.914
49 1117 50 63.790
50 653 42 11.534
51 463 44 41.569
52 1407 60 83.074
53 623 54 28.104
54 620 59 42.532
55 2 18 7.717
56 1396 4 93.891
57 323 16 67.133
58 560 31 59.271
59 137 43 27.013
60 1141 12 86.782
61 136 22 15.688
62 264 17 21.419
63 508 26 49.176
64 1246 37 39.882
65 852 56 24.361
66 1318 17 73.209
67 220 55 12.791
68 1061 28 41.867
69 533 41 78.598
70 1381 28 74.682
71 831 58 40.274
72 376 42 89.016
73 203 3 6.916
74 666 52 26.600
75 515 30 91.525
76 1055 14 53.344
77 1400 43 50.909
78 1059 59 16.075
79 1235 48 72.218
80 859 27 42.946
81 373 15 10.131
82 1404 20 24.713
83 1037 43 78.333
84 273 42 66.436
85 877 60 30.155
86 533 30 96.519
87 833 11 27.205
88 875 45 27.394
89 922 8 76.285
90 762 25 96.044
91 753 7 30.178
92 969 27 86.003
93 641 44 84.979
94 861 40 28.127
95 1320 17 87.631
96 468 9 16.369
97 367 32 47.230
98 841 29 6.490
99 866 15 86.964
100 363 31 13.730
101 31 56 75.864
102 1383 37 53.614
103 1082 32 72.354
104 829 56 94.667
105 441 20 16.314
106 652 2 39.006
107 54 41 60.148
108 157 52 56.718
109 1219 9 67.139
110 161 11 33.999
111 1009 14 68.069
112 899 7 61.023
113 496 56 14.090
114 459 6 64.791
115 1040 60 75.647
116 578 1 93.723
117 916 10 62.955
118 1222 4 27.766
119 1014 16 28.278
120 538 13 31.868
121 994 43 32.526
122 1396 59 6.448
123 224 38 9.996
124 1053 40 25.525
125 1162 35 39.195
126 628 49 20.961
127 1204 26 16.710
128 129 42 53.380
129 212 38 0.245
130 1203 22 30.040
131 359 42 52.798
132 222 15 49.148
133 1226 52 90.300
134 202 27 60.573
135 1200 32 42.195
136 31 29 84.750
137 1200 52 81.727
138 923 21 44.557
139 313 54 44.742
140 812 43 59.815
141 1276 38 24.420
142 341 41 78.443
143 162 33 23.418
144 388 34 22.796
145 537 19 79.569
146 745 27 82.260
147 150 22 37.301
148 1119 18 61.383
149 622 19 82.053
150 1157 31 71.301
151 1196 43 73.593
152 244 43 9.970
153 662 11 65.145
154 222 59 8.108
155 525 2 27.884
156 226 9 56.937
157 605 18 55.736
158 1385 38 77.980
159 706 20 7.522
160 1415 24 73.700
161 948 26 70.188
162 536 14 50.054
163 774 26 61.249
164 778 43 6.525
165 121 16 41.805
166 610 31 90.571
167 31 8 67.320
168 772 25 53.168
169 1427 5 84.418
170 699 42 21.801
171 506 11 55.186
172 964 35 7.647
173 231 30 70.449
174 215 30 76.100
175 937 17 37.473
176 173 14 7.518
177 1333 22 64.506
178 247 22 76.158
179 1095 45 40.226
180 633 56 74.180
181 782 17 37.175
182 696 41 63.916
183 1254 55 39.334
184 772 52 82.447
185 568 51 86.249
186 151 21 12.489
187 666 40 29.648
188 888 50 46.642
189 985 15 4.420
190 1101 8 11.013
191 570 32 72.922
192 916 32 17.257
193 885 7 31.842
194 555 43 60.391
195 992 26 76.827
196 9 48 0.823
197 487 15 69.214
198 1021 10 79.087
199 51 23 38.402
200 499 14 64.890