200
1 72 15 4.016
2 71 54 58.522
3 1193 39 28.905
4 1255 24 57.901
5 984 11 52.171
6 1271 13 54.192
7 137 35 93.547
8 1284 11 97.952
9 341 57 92.632
10 1220 38 46.393
11 785 32 63.292
12 480 1 9.813
13 156 24 36.336
14 496 9 40.411
15 926 34 52.657
16 259 2 23.760
17 315 22 37.868
18 582 18 2.149
19 675 31 27.463
20 571 13 5.589
21 1337 48 28.025
22 1331 59 65.447
23 1192 12 86.185
24 1059 8 95.275
25 561 31 15.423
26 556 6 88.046
27 309 34 14.049
28 685 44 80.480
29 99 25 19.316
30 796 33 35.756
31 757 13 15.745
32 153 57 32.294
33 1185 16 7.654
34 1103 57 75.504
35 738 48 23.073
36 788 33 59.257
37 5 38 2.740
38 535 39 87.893
39 411 16 43.098
40 849 13 68.522
41 58 58 57.124
42 1273 12 87.919
43 286 52 39.825
44 699 46 69.433
45 306 46 50.924
46 1420 11 66.127
47 1170 45 14.325
48 1008 6 66.173
49 374 36 19.106
50 1052 1 44.112
51 37 7 93.281
52 1258 56 53.662
53 857 25 46.340
54 1395 18 99.243
55 305 44 95.365
56 242 32 84.122
57 1023 9 61.184
58 175 22 63.904
59 205 6 26.994
60 508 45 72.854
61 81 8 30.702
62 1121 58 57.008
63 257 6 98.131
64 721 49 87.786
65 489 33 31.351
66 962 29 13.696
67 1061 33 77.925
68 210 45 55.913
69 1254 13 58.194
70 256 43 62.738
71 860 9 93.093
72 254 15 91.263
73 1398 51 6.828
74 1393 26 16.788
75 1176 26 44.341
76 201 49 40.259
77 289 48 46.889
78 515 3 9.092
79 1154 37 83.527
80 939 52 75.577
81 1124 39 31.017
82 557 1 46.382
83 845 8 57.115
84 197 4 10.110
85 1286 49 85.124
86 972 4 56.567
87 1138 1 12.726
88 531 28 93.528
89 117 33 63.764
90 479 23 85.970
91 1172 15 57.318
92 1071 48 0.034
93 1085 21 71.980
94 930 29 62.185
95 967 51 69.756
96 910 19 26.472
97 668 54 69.301
98 1346 33 57.843
99 402 40 29.851
100 270 36 10.026
101 1140 7 18.652
102 177 26 27.914
103 420 6 56.515
104 482 34 68.580
105 465 53 34.610
106 383 7 75.478
107 550 60 47.633
108 1347 12 85.980
109 284 14 8.670
110 1116 53 21.782
111 1317 3 42.683
112 845 22 22.696
113 269 35 59.539
114 773 6 0.684
115 451 26 67.762
116 240 46 92.759
117 49 18 86.831
118 48 19 4.617
119 1324 49 60.799
120 430 59 80.958
121 1214 28 37.606
122 766 2 66.330
123 380 37 2.910
124 739 48 92.307
125 1186 40 12.198
126 939 4 22.580
127 499 4 2.356
128 1353 1 1.819
129 1193 35 69.279
130 1138 12 30.791
131 530 59 99.631
132 1026 6 10.201
133 729 8 12.925
134 536 29 87.555
135 303 35 63.543
136 299 40 56.148
137 1205 39 19.571
138 469 12 80.212
139 368 40 23.075
140 1082 16 19.777
141 1089 60 42.965
142 1075 46 97.324
143 672 10 6.218
144 1164 11 60.521
145 1168 29 56.152
146 1415 22 49.476
147 1053 59 1.919
148 667 52 39.348
149 1368 58 82.843
150 638 50 93.789
151 461 2 19.251
152 943 15 48.525
153 1281 41 32.841
154 762 58 77.011
155 194 14 45.472
156 1040 22 14.047
157 1305 41 43.462
158 507 30 79.175
159 64 29 22.393
160 1005 40 54.414
161 892 38 12.574
162 713 49 67.084
163 603 59 87.285
164 303 33 77.235
165 693 13 84.939
166 610 22 17.558
167 240 5 75.646
168 271 28 60.863
169 1392 49 97.510
170 240 47 19.144
171 961 6 70.333
172 805 28 64.394
173 1251 31 53.525
174 886 29 4.008
175 637 13 81.203
176 608 20 5.115
177 597 19 88.085
178 514 4 55.942
179 52 34 57.731
180 766 35 2.283
181 943 42 34.119
182 1032 48 42.281
183 49 40 54.205
184 786 23 38.797
185 1353 48 1.109
186 1318 7 51.165
187 555 5 6.100
188 1389 25 25.655
189 1061 20 91.021
190 169 45 63.032
191 782 9 31.383
192 1340 22 11.937
193 406 57 3.277
194 1415 6 3.589
195 1111 2 54.150
196 598 51 72.062
197 1099 51 57.446
198 1341 55 49.993
199 925 42 5.104
200 337 24 56.613