200
1 521 17 3.929
2 529 32 69.236
3 638 30 89.183
4 509 5 48.757
5 10 5 64.096
6 571 31 70.624
7 337 7 51.889
8 273 46 74.309
9 28 23 54.052
10 200 45 99.908
11 588 10 5.412
12 418 57 53.572
13 744 32 39.799
14 105 16 5.688
15 1425 14 58.165
16 296 54 59.619
17 323 40 49.001
18 1302 17 86.192
19 782 33 98.217
20 1357 37 52.271
21 978 11 45.082
22 1295 16 84.445
23 638 32 66.380
24 1033 52 58.351
25 225 32 8.504
26 267 11 96.947
27 575 37 36.611
28 564 21 79.021
29 81 32 46.873
30 1021 15 3.140
31 55 5 43.793
32 1042 54 81.253
33 1066 10 61.241
34 1310 11 4.818
35 803 21 42.087
36 167 16 1.548
37 684 28 2.530
38 386 28 11.650
39 1343 51 62.390
40 1404 37 5.224
41 1316 11 66.000
42 693 40 72.634
43 219 25 72.349
44 1389 35 77.142
45 367 4 89.960
46 997 23 84.078
47 583 3 63.413
48 989 46 5.344
49 202 36 29.708
50 769 28 14.190
51 190 54 20.854
52 1406 37 88.977
53 782 18 19.700
54 182 18 8.410
55 673 25 70.778
56 899 44 76.683
57 651 45 63.859
58 319 56 57.631
59 1087 53 6.907
60 94 19 41.907
61 322 24 60.258
62 1372 30 61.141
63 112 16 46.172
64 465 39 8.432
65 400 53 78.038
66 359 4 1.928
67 252 45 57.794
68 820 59 67.024
69 495 33 30.489
70 881 30 36.792
71 1130 20 68.961
72 1344 53 12.035
73 995 49 59.053
74 1237 42 8.256
75 362 49 94.517
76 959 34 68.234
77 1187 11 94.008
78 1428 43 72.652
79 699 41 60.369
80 4 44 84.880
81 59 15 55.607
82 1358 3 60.034
83 1242 60 77.033
84 1050 6 51.110
85 1382 18 47.506
86 42 23 43.161
87 325 8 25.157
88 971 45 1.236
89 596 34 42.191
90 1281 15 55.046
91 7 10 52.418
92 1394 33 6.864
93 1308 22 85.430
94 343 9 34.690
95 461 8 63.204
96 1170 19 72.663
97 462 5 31.458
98 708 36 82.575
99 1041 48 16.295
100 31 58 99.734
101 949 41 17.856
102 1321 44 51.357
103 421 25 68.820
104 509 17 99.579
105 1152 10 10.721
106 1317 36 82.736
107 963 28 51.772
108 647 22 40.656
109 691 7 5.776
110 1368 17 83.415
111 919 5 51.181
112 1125 12 79.454
113 684 38 76.132
114 1014 38 64.828
115 1106 7 89.530
116 127 36 63.552
117 833 44 92.153
118 333 57 16.643
119 670 34 73.762
120 1186 29 76.923
121 134 16 18.708
122 1206 2 25.273
123 289 55 17.124
124 1070 19 52.067
125 379 32 51.548
126 1116 9 13.393
127 705 7 12.605
128 154 43 86.675
129 1267 6 26.457
130 138 24 28.012
131 97 35 26.925
132 1317 60 92.176
133 799 3 28.734
134 648 52 66.138
135 660 4 45.427
136 635 41 47.403
137 600 40 25.301
138 1091 18 11.258
139 78 35 63.346
140 373 55 72.560
141 417 47 38.426
142 455 27 35.730
143 702 3 63.591
144 434 17 74.163
145 975 45 64.663
146 212 51 79.452
147 290 29 23.896
148 748 14 9.112
149 207 5 38.081
150 46 24 96.786
151 176 44 39.701
152 247 31 88.977
153 712 7 34.528
154 1185 25 32.942
155 691 32 61.930
156 262 29 80.498
157 881 4 79.029
158 1215 48 47.275
159 286 21 45.681
160 647 13 27.101
161 1223 27 32.986
162 306 55 54.765
163 1013 55 82.263
164 744 12 6.704
165 587 37 0.902
166 644 26 97.575
167 797 28 79.253
168 641 39 65.594
169 1027 27 46.388
170 645 11 54.571
171 1429 9 82.573
172 560 39 84.259
173 1305 53 89.262
174 1216 49 27.812
175 1419 52 17.476
176 370 40 88.959
177 712 12 36.703
178 1336 20 57.880
179 1047 47 3.071
180 248 18 73.137
181 273 60 17.728
182 20 44 85.436
183 1404 3 62.229
184 109 38 33.853
185 917 32 59.561
186 476 54 42.130
187 1138 10 2.362
188 347 19 38.406
189 934 33 32.358
190 120 36 5.036
191 381 3 92.168
192 1174 3 65.308
193 93 52 55.669
194 588 22 1.531
195 657 12 77.911
196 1007 5 12.540
197 395 3 72.939
198 1143 56 0.677
199 827 46 4.226
200 904 39 72.041