200
1 1055 20 41.840
2 797 12 11.476
3 18 14 80.546
4 970 39 79.954
5 396 3 55.457
6 669 24 14.667
7 1014 52 41.921
8 1246 21 64.966
9 993 35 81.050
10 1266 28 55.786
11 887 22 74.860
12 824 40 56.218
13 1093 41 29.601
14 331 48 7.893
15 1300 30 68.939
16 76 31 7.428
17 821 47 77.833
18 313 19 35.850
19 512 56 60.708
20 784 57 12.144
21 1212 47 59.072
22 1439 41 43.693
23 505 16 84.024
24 740 14 62.270
25 1229 53 92.339
26 1065 5 12.649
27 1381 32 76.461
28 1339 27 67.585
29 1205 10 98.827
30 1076 50 23.385
31 174 46 86.911
32 660 31 47.601
33 469 37 68.191
34 178 25 86.068
35 582 26 11.403
36 1397 18 19.148
37 341 52 59.151
38 786 24 62.320
39 329 12 73.813
40 1409 53 22.073
41 758 15 94.384
42 1278 52 1.265
43 486 17 91.472
44 1004 8 81.388
45 345 33 61.115
46 1271 47 69.876
47 817 24 14.499
48 508 16 61.773
49 1083 24 82.618
50 79 23 14.799
51 911 15 92.312
52 559 2 43.062
53 855 11 65.173
54 1348 50 68.672
55 1058 4 86.464
56 1213 7 43.588
57 1106 11 63.370
58 192 51 32.828
59 223 28 21.234
60 289 47 69.564
61 214 43 7.485
62 428 33 60.287
63 944 12 37.580
64 364 21 34.860
65 1137 44 11.734
66 500 52 58.788
67 630 30 15.142
68 1379 50 72.090
69 149 1 79.571
70 961 18 93.876
71 910 39 22.017
72 784 13 80.991
73 842 46 27.436
74 367 9 79.658
75 194 47 58.942
76 227 47 69.449
77 1010 8 12.689
78 1316 4 35.676
79 1437 60 92.152
80 911 43 73.097
81 1425 28 38.449
82 332 4 61.890
83 618 38 74.980
84 1250 1 11.571
85 259 13 37.711
86 737 48 13.266
87 304 4 17.951
88 1144 20 72.296
89 1269 38 57.576
90 1353 52 33.654
91 902 55 23.354
92 939 40 86.636
93 1017 34 5.016
94 451 55 63.992
95 734 24 54.985
96 633 42 84.190
97 235 24 67.301
98 1080 38 28.449
99 668 41 13.784
100 806 9 74.619
101 184 55 30.700
102 384 11 44.158
103 575 42 61.023
104 36 24 92.189
105 504 36 2.917
106 1262 32 10.008
107 563 19 88.638
108 295 57 1.025
109 223 56 11.612
110 1343 31 3.639
111 983 24 95.111
112 698 20 50.925
113 509 20 62.992
114 1429 21 88.711
115 348 56 90.817
116 708 40 98.278
117 1428 50 65.788
118 541 30 61.918
119 679 15 40.946
120 396 10 17.170
121 11 57 93.647
122 195 41 87.405
123 310 1 25.823
124 1112 21 70.622
125 1202 32 57.339
126 1414 7 54.593
127 868 27 23.150
128 449 37 95.233
129 591 15 5.960
130 77 42 51.457
131 1057 12 32.639
132 192 19 27.693
133 829 27 38.419
134 1265 15 94.553
135 286 27 80.154
136 963 6 44.940
137 53 6 41.251
138 70 32 78.230
139 168 29 39.467
140 789 41 22.449
141 1424 47 67.939
142 1197 42 60.964
143 1360 8 32.447
144 733 3 86.572
145 536 31 31.447
146 404 42 44.258
147 49 45 50.468
148 363 43 84.801
149 1158 51 8.288
150 781 16 38.292
151 822 11 49.169
152 670 27 71.987
153 1078 24 2.305
154 88 35 34.054
155 803 59 2.861
156 1374 44 52.437
157 955 19 73.800
158 1228 51 0.469
159 260 54 82.066
160 323 33 61.468
161 93 9 5.647
162 1127 5 3.969
163 1361 22 47.293
164 38 58 88.881
165 547 45 23.140
166 752 55 67.120
167 264 53 9.612
168 693 24 86.540
169 53 11 35.449
170 1125 2 43.143
171 1126 43 54.098
172 409 54 34.779
173 1402 51 51.326
174 967 20 6.267
175 351 60 52.099
176 1342 8 68.035
177 1194 46 98.501
178 746 45 85.687
179 1063 14 90.934
180 574 7 20.405
181 545 52 59.701
182 682 29 69.177
183 408 25 42.389
184 183 16 53.247
185 151 19 76.410
186 1394 42 78.752
187 635 53 21.486
188 1082 51 92.621
189 1284 10 68.616
190 644 54 9.385
191 674 20 17.113
192 559 41 0.569
193 1301 43 46.309
194 38 33 30.861
195 969 27 7.467
196 943 18 38.191
197 210 15 0.634
198 650 10 78.754
199 845 35 93.233
200 104 57 65.151