200
1 1093 2 13.053
2 173 31 32.690
3 889 50 10.517
4 1299 20 28.001
5 1099 3 10.842
6 20 59 11.119
7 607 26 62.075
8 566 52 28.318
9 304 14 84.519
10 1082 56 84.477
11 966 30 80.656
12 1112 16 63.396
13 47 19 80.244
14 285 53 90.292
15 1295 16 10.403
16 601 40 71.818
17 1228 21 88.002
18 4 37 22.602
19 1100 31 93.424
20 699 28 13.837
21 448 17 52.748
22 289 27 46.202
23 100 30 78.593
24 1047 43 75.570
25 1009 29 17.905
26 357 48 31.365
27 755 49 59.467
28 517 60 2.793
29 256 14 26.705
30 828 33 79.389
31 1328 17 76.257
32 1109 18 57.870
33 161 8 53.886
34 1156 31 37.892
35 505 49 97.045
36 697 49 66.311
37 339 52 40.659
38 279 5 13.276
39 249 49 48.880
40 696 53 73.823
41 798 29 61.573
42 1174 34 65.242
43 1255 21 16.897
44 1173 1 20.052
45 704 14 13.812
46 912 42 52.601
47 101 53 5.787
48 632 2 8.025
49 344 23 48.424
50 734 43 60.934
51 462 36 37.604
52 1130 16 97.940
53 943 15 68.150
54 482 14 13.540
55 196 44 67.263
56 197 45 59.337
57 549 58 33.275
58 629 41 6.490
59 368 45 14.625
60 1126 53 46.998
61 769 45 10.557
62 279 4 88.978
63 68 49 15.921
64 78 59 50.162
65 1162 33 71.110
66 31 12 13.837
67 188 7 63.186
68 250 11 7.236
69 769 53 28.123
70 632 13 64.089
71 1396 33 74.106
72 276 50 69.597
73 810 13 95.438
74 1289 9 76.407
75 878 40 13.783
76 708 45 31.626
77 626 14 8.137
78 783 13 39.620
79 317 34 9.206
80 1068 54 19.953
81 459 9 97.432
82 1175 1 95.580
83 108 46 0.648
84 65 3 73.853
85 80 15 30.507
86 529 5 43.922
87 135 4 65.764
88 1238 43 36.521
89 1260 35 8.927
90 944 34 85.907
91 1187 15 79.274
92 962 58 71.973
93 842 17 88.247
94 332 49 82.827
95 149 25 41.090
96 1025 18 76.860
97 91 6 30.824
98 1061 60 44.274
99 557 44 97.184
100 244 42 25.510
101 1260 25 55.363
102 1232 55 65.241
103 582 47 0.480
104 79 26 63.376
105 199 32 20.854
106 678 43 18.027
107 1039 53 56.803
108 143 16 26.188
109 161 24 79.050
110 486 46 42.480
111 97 29 93.162
112 287 18 84.480
113 1 9 6.253
114 1086 59 36.686
115 892 17 35.232
116 1057 40 61.340
117 610 49 24.424
118 923 14 9.318
119 1332 29 83.953
120 582 8 86.464
121 1337 37 56.230
122 1225 40 6.362
123 111 23 33.068
124 420 25 77.370
125 129 52 19.156
126 1231 10 38.254
127 427 42 80.648
128 352 48 19.690
129 908 45 31.918
130 701 32 99.978
131 148 27 9.712
132 248 20 49.608
133 1192 32 71.763
134 197 18 36.980
135 1287 3 67.271
136 69 11 70.524
137 1393 18 28.471
138 584 60 33.789
139 677 27 81.844
140 1440 7 93.199
141 695 48 46.875
142 575 23 90.754
143 489 41 4.197
144 867 45 69.965
145 1269 58 83.589
146 145 45 91.164
147 1363 10 19.362
148 260 26 9.731
149 1127 41 98.856
150 1383 29 26.378
151 643 22 63.867
152 515 31 87.021
153 42 11 12.081
154 30 8 87.880
155 317 1 55.703
156 281 48 33.429
157 953 15 29.505
158 284 39 7.179
159 1352 27 22.163
160 383 60 98.994
161 465 39 36.774
162 1167 12 2.290
163 158 33 91.913
164 365 11 0.242
165 216 30 54.467
166 133 17 70.248
167 987 17 82.752
168 875 35 81.985
169 1176 2 89.933
170 1061 12 28.018
171 1385 49 44.785
172 738 10 74.744
173 1194 43 2.415
174 345 45 41.133
175 508 24 47.350
176 290 58 63.330
177 876 14 2.685
178 872 4 53.436
179 61 20 98.953
180 1038 19 59.788
181 924 7 23.033
182 905 16 42.083
183 1112 30 59.390
184 889 16 82.929
185 504 4 5.079
186 1092 53 24.497
187 390 48 98.508
188 1068 52 16.995
189 864 42 45.085
190 953 10 78.847
191 404 42 72.273
192 1113 40 47.563
193 656 46 2.755
194 954 55 3.276
195 294 10 41.945
196 942 4 58.770
197 293 22 34.580
198 359 1 61.359
199 1212 15 53.648
200 768 51 78.842