200
1 362 15 74.156
2 82 22 79.534
3 264 40 78.984
4 1348 20 99.634
5 994 56 0.065
6 84 38 95.756
7 1183 60 10.964
8 844 20 84.949
9 1107 57 39.947
10 1044 13 20.961
11 283 6 85.832
12 1301 35 1.495
13 372 45 73.723
14 497 33 97.088
15 248 34 86.711
16 589 58 47.640
17 992 29 30.314
18 343 34 29.538
19 465 6 86.284
20 164 15 25.475
21 1223 8 82.685
22 1282 5 2.865
23 833 58 11.585
24 560 28 42.807
25 1118 38 88.163
26 854 9 38.316
27 913 3 31.608
28 1034 6 66.563
29 275 60 44.299
30 665 23 28.744
31 663 56 99.184
32 497 27 38.438
33 329 2 4.708
34 1223 20 35.249
35 1108 17 84.776
36 884 56 23.846
37 1026 39 94.328
38 585 20 4.552
39 792 1 85.346
40 809 10 83.108
41 1171 9 98.107
42 377 29 42.334
43 1412 40 91.045
44 1343 60 89.709
45 258 45 19.473
46 229 60 12.775
47 99 21 86.301
48 861 41 8.756
49 15 34 34.876
50 979 3 24.272
51 636 37 97.617
52 18 1 69.347
53 1008 48 64.865
54 1186 1 86.590
55 583 60 16.016
56 345 28 88.849
57 1332 29 32.268
58 958 8 6.322
59 1164 31 46.620
60 3 29 27.939
61 1360 49 72.308
62 539 46 2.554
63 1438 39 34.885
64 1116 33 81.239
65 835 54 1.275
66 650 24 83.725
67 470 5 72.982
68 832 35 26.966
69 376 10 73.414
70 1004 50 58.307
71 1286 35 26.446
72 1339 50 77.958
73 935 7 12.426
74 60 2 86.027
75 937 29 34.171
76 42 53 87.172
77 714 55 34.191
78 1365 32 90.864
79 382 59 95.359
80 1201 16 53.838
81 648 39 73.185
82 1414 7 34.690
83 1114 40 60.197
84 427 27 59.681
85 299 41 67.568
86 447 7 77.144
87 291 24 90.668
88 195 12 33.570
89 863 58 9.429
90 417 57 0.126
91 471 41 88.092
92 1379 39 59.970
93 1080 57 19.304
94 1240 18 46.349
95 1063 39 85.076
96 1092 23 35.752
97 63 47 27.132
98 883 22 19.454
99 1113 56 7.735
100 1294 44 75.249
101 542 59 2.507
102 784 5 2.699
103 813 53 69.740
104 691 42 63.811
105 935 51 56.369
106 971 46 82.494
107 271 24 75.872
108 1296 37 36.388
109 1269 18 94.345
110 208 56 36.463
111 907 43 28.685
112 122 20 5.067
113 255 37 18.368
114 33 20 65.842
115 308 54 64.026
116 455 43 6.258
117 648 23 48.630
118 294 41 37.377
119 646 59 53.358
120 785 13 29.216
121 707 51 2.628
122 856 55 48.402
123 924 4 86.509
124 1214 36 3.588
125 455 54 67.222
126 1046 45 41.660
127 39 19 5.204
128 1261 11 99.815
129 727 17 55.855
130 1390 34 22.833
131 376 37 93.226
132 1120 30 82.203
133 676 19 94.378
134 646 15 50.711
135 244 29 59.952
136 1023 10 81.847
137 28 52 56.521
138 1138 42 56.267
139 1186 25 0.415
140 753 21 38.554
141 257 47 96.568
142 767 10 30.432
143 1288 30 50.892
144 302 37 44.624
145 962 12 1.733
146 903 51 41.047
147 1418 35 76.285
148 731 33 14.501
149 483 23 8.555
150 913 37 54.733
151 287 19 33.255
152 33 4 34.931
153 989 19 22.535
154 942 54 10.831
155 482 25 28.674
156 39 29 29.738
157 77 39 55.925
158 303 21 80.458
159 1404 6 57.301
160 719 8 88.477
161 829 9 29.634
162 842 14 52.457
163 74 59 97.377
164 1183 20 80.870
165 675 7 72.249
166 212 35 1.194
167 1349 50 36.743
168 783 38 74.189
169 1175 31 39.637
170 879 26 18.882
171 651 36 13.883
172 919 14 92.494
173 228 48 5.492
174 791 37 68.787
175 1316 35 88.349
176 61 22 25.355
177 870 1 47.983
178 895 8 27.284
179 645 46 60.746
180 1094 46 5.446
181 250 16 28.104
182 1206 8 12.814
183 1199 13 59.977
184 565 35 55.050
185 805 35 98.396
186 1088 48 43.817
187 276 50 27.714
188 1408 40 28.984
189 644 6 89.157
190 389 18 15.083
191 258 22 12.719
192 294 40 68.403
193 395 2 4.481
194 328 7 27.275
195 389 44 79.515
196 520 36 4.749
197 1229 10 24.949
198 1387 24 96.229
199 490 39 95.206
200 389 4 73.801