200
1 339 24 52.865
2 1140 19 25.894
3 617 38 32.965
4 1438 59 48.879
5 254 19 84.423
6 433 35 91.310
7 1112 4 46.631
8 705 18 21.502
9 1292 55 11.233
10 157 26 42.014
11 120 43 54.861
12 404 21 1.990
13 720 47 85.034
14 721 35 65.595
15 994 11 15.859
16 1242 48 16.013
17 964 2 92.610
18 1107 38 39.429
19 297 18 48.246
20 151 14 16.635
21 1195 14 18.726
22 463 56 77.158
23 423 53 3.386
24 1430 48 18.951
25 704 55 18.973
26 1307 55 65.436
27 468 3 82.559
28 1163 27 44.774
29 477 44 84.549
30 1096 26 97.743
31 430 4 97.819
32 807 41 65.698
33 763 57 28.814
34 960 3 82.272
35 316 29 94.378
36 352 4 38.606
37 357 23 28.885
38 8 31 88.175
39 1372 57 37.575
40 845 29 82.190
41 924 8 52.775
42 616 3 25.070
43 1098 36 16.220
44 1392 15 43.236
45 896 50 51.243
46 1091 55 80.007
47 1027 6 23.353
48 377 28 82.893
49 29 25 51.975
50 88 9 38.954
51 317 44 23.267
52 96 50 85.850
53 255 5 90.467
54 869 42 45.093
55 1335 20 42.768
56 777 43 84.002
57 1356 4 42.398
58 777 5 65.359
59 777 36 92.802
60 287 12 18.075
61 868 25 42.198
62 1201 60 23.301
63 1349 17 58.010
64 705 27 73.184
65 1257 53 53.405
66 143 38 90.026
67 912 2 59.614
68 1208 36 33.180
69 637 10 85.691
70 327 49 57.158
71 412 16 73.973
72 151 3 7.621
73 22 19 1.026
74 1141 6 46.527
75 1354 26 20.763
76 1244 2 90.944
77 588 10 10.239
78 756 60 20.180
79 1045 24 17.003
80 259 33 41.010
81 747 57 45.382
82 357 21 31.159
83 1143 50 9.027
84 954 42 55.230
85 820 41 37.618
86 480 8 32.876
87 263 1 24.156
88 1166 12 28.713
89 1277 60 89.783
90 547 7 31.194
91 1124 12 59.784
92 282 58 40.426
93 1368 45 49.414
94 1375 47 29.222
95 886 2 99.747
96 297 30 48.171
97 291 51 67.861
98 760 4 89.641
99 148 1 87.304
100 762 5 49.668
101 1124 29 90.251
102 1167 30 43.983
103 1270 38 94.739
104 16 35 51.520
105 194 23 97.282
106 104 28 7.913
107 1108 1 99.933
108 1140 4 58.616
109 143 57 81.492
110 612 24 44.547
111 1176 11 41.755
112 1047 10 31.908
113 374 20 33.807
114 941 39 39.093
115 1097 52 68.547
116 1180 57 56.145
117 1010 11 11.923
118 1159 31 11.105
119 1176 51 84.479
120 471 7 20.723
121 797 25 6.385
122 463 23 90.934
123 81 5 38.720
124 838 13 19.777
125 279 23 99.315
126 773 9 69.864
127 1269 22 14.806
128 587 46 12.870
129 119 7 28.047
130 255 11 53.956
131 611 35 42.656
132 112 24 55.091
133 1074 1 75.169
134 964 44 7.590
135 779 18 13.739
136 1004 6 84.742
137 292 5 21.392
138 536 3 68.374
139 692 52 38.659
140 610 41 60.715
141 1142 24 36.807
142 1398 41 79.138
143 334 10 75.827
144 740 4 89.651
145 157 6 33.813
146 1382 37 93.061
147 1021 48 62.115
148 1231 13 67.354
149 126 43 31.572
150 1237 32 78.527
151 171 47 23.486
152 22 7 16.860
153 963 18 53.130
154 1296 18 18.615
155 130 25 51.111
156 1008 53 54.420
157 248 9 27.117
158 344 37 75.464
159 1404 6 55.211
160 1273 50 11.969
161 67 37 42.389
162 843 6 14.790
163 951 54 60.639
164 597 16 16.846
165 476 23 43.375
166 1383 53 80.901
167 57 6 93.516
168 352 17 34.334
169 136 50 88.439
170 743 9 60.194
171 1193 15 43.872
172 1156 24 5.317
173 667 52 6.047
174 1011 1 41.743
175 1303 48 37.838
176 819 47 17.579
177 96 21 91.628
178 391 5 25.705
179 877 47 78.176
180 429 3 52.442
181 70 26 20.600
182 1384 28 34.734
183 769 31 49.246
184 921 54 19.861
185 302 30 58.761
186 223 37 39.200
187 1180 21 40.915
188 1196 48 53.511
189 854 1 10.418
190 1157 47 57.546
191 230 29 52.641
192 888 17 92.521
193 1254 27 79.520
194 1184 15 72.408
195 768 55 1.115
196 803 12 63.647
197 709 11 26.604
198 1331 53 12.024
199 531 9 35.003
200 739 17 16.804