200
1 583 48 35.017
2 491 50 97.675
3 648 57 30.132
4 1382 32 95.526
5 956 5 11.590
6 430 8 28.517
7 928 42 18.564
8 457 55 57.040
9 1250 17 72.526
10 155 31 8.916
11 1325 43 26.345
12 1274 19 24.519
13 133 47 76.532
14 1070 57 83.520
15 790 13 78.621
16 1380 15 67.179
17 1288 9 28.375
18 1078 18 31.167
19 906 58 81.061
20 1395 58 6.945
21 634 38 63.120
22 204 33 92.594
23 977 47 95.457
24 79 57 48.334
25 785 56 78.884
26 1258 40 70.851
27 498 21 65.317
28 360 49 71.674
29 798 49 6.184
30 828 27 26.514
31 1440 37 58.074
32 309 57 66.639
33 697 25 94.931
34 1175 8 6.582
35 1393 52 22.689
36 649 60 6.244
37 15 59 68.341
38 1363 49 28.361
39 416 51 87.897
40 734 27 39.045
41 1045 35 52.128
42 535 26 15.327
43 201 10 73.601
44 1370 59 85.899
45 1403 52 44.423
46 957 20 70.579
47 690 14 59.876
48 1227 52 7.394
49 978 17 58.487
50 534 29 30.845
51 555 2 61.706
52 306 29 71.757
53 1410 25 60.440
54 842 56 45.482
55 1286 7 3.538
56 621 40 55.854
57 439 50 35.145
58 449 28 2.067
59 1070 27 81.355
60 405 38 56.042
61 636 33 63.316
62 514 13 5.428
63 528 42 61.549
64 872 28 56.454
65 989 19 63.105
66 672 41 51.356
67 1412 10 38.368
68 1264 31 34.229
69 244 29 25.819
70 733 6 59.684
71 668 58 42.354
72 444 12 37.541
73 1137 24 27.814
74 588 4 70.118
75 112 12 24.182
76 990 17 33.532
77 966 41 11.168
78 1393 51 24.767
79 1392 11 39.937
80 721 4 28.748
81 342 56 52.130
82 1014 1 90.606
83 808 54 88.952
84 1369 60 67.019
85 153 57 32.150
86 1243 12 67.282
87 1052 54 62.355
88 1155 13 19.348
89 1075 56 81.585
90 883 41 14.787
91 860 15 85.061
92 530 59 72.374
93 984 38 98.457
94 1328 33 37.153
95 350 19 5.465
96 643 9 41.233
97 1379 27 95.484
98 1221 17 92.305
99 1270 57 71.452
100 569 32 47.381
101 942 25 19.323
102 1334 53 13.356
103 1380 39 92.168
104 986 14 50.172
105 1269 3 10.618
106 1156 11 58.990
107 919 31 62.076
108 215 18 78.545
109 385 16 86.703
110 478 22 26.175
111 229 12 89.082
112 1403 16 5.060
113 1237 55 88.667
114 13 15 7.887
115 109 23 7.701
116 1208 20 18.801
117 1318 42 37.909
118 856 50 10.727
119 360 19 71.553
120 754 29 22.704
121 875 47 13.845
122 1419 3 19.740
123 1179 43 13.992
124 412 20 42.023
125 949 51 26.140
126 802 34 10.531
127 1084 19 87.083
128 34 13 14.147
129 1318 34 20.243
130 1103 41 27.834
131 1047 9 68.035
132 701 53 40.272
133 463 1 44.421
134 965 3 76.222
135 229 55 7.210
136 240 44 83.095
137 298 58 21.463
138 1141 5 35.838
139 984 58 10.749
140 1123 57 53.174
141 1107 1 35.608
142 1239 20 35.534
143 1156 42 19.843
144 479 6 33.197
145 1021 43 76.710
146 1315 59 69.964
147 110 43 72.444
148 634 59 15.835
149 308 13 0.750
150 573 5 94.728
151 1335 58 17.506
152 301 13 45.147
153 362 37 27.340
154 970 38 87.389
155 556 27 50.374
156 295 21 13.028
157 1306 50 63.924
158 1115 55 61.627
159 354 8 30.380
160 1334 53 48.906
161 942 22 22.044
162 1280 45 60.969
163 1182 47 15.566
164 1311 27 54.408
165 127 21 68.857
166 216 43 25.570
167 75 59 17.627
168 940 9 0.481
169 1051 28 76.567
170 1286 43 16.734
171 509 13 92.596
172 26 57 23.815
173 372 10 27.262
174 598 21 34.077
175 362 34 89.307
176 1002 3 54.876
177 33 31 45.675
178 94 28 20.561
179 234 4 8.110
180 879 40 55.756
181 871 17 82.439
182 1299 42 61.493
183 1307 40 63.389
184 346 18 54.949
185 246 59 89.115
186 409 35 49.042
187 1434 46 6.234
188 218 11 96.954
189 521 60 58.475
190 209 55 16.183
191 279 26 95.210
192 808 43 26.166
193 115 59 11.611
194 1029 31 64.588
195 121 8 73.340
196 401 5 29.858
197 929 28 99.224
198 1082 51 54.448
199 1411 30 47.101
200 739 15 30.317