200
1 398 28 19.679
2 169 23 94.860
3 1077 44 87.749
4 668 5 27.197
5 1064 53 73.329
6 1169 39 87.012
7 378 39 10.665
8 528 55 31.106
9 645 2 94.124
10 884 6 61.736
11 1174 22 85.717
12 888 33 83.835
13 165 49 36.181
14 783 38 46.180
15 1372 31 81.144
16 1153 41 36.504
17 1145 36 0.768
18 151 17 3.408
19 891 59 90.216
20 1188 53 36.089
21 22 50 20.289
22 1288 48 0.758
23 39 18 0.938
24 737 21 24.581
25 668 2 35.572
26 988 21 97.126
27 518 10 58.880
28 797 29 52.695
29 941 8 21.030
30 631 26 36.100
31 1195 35 51.986
32 311 19 72.257
33 625 26 29.750
34 1225 39 48.758
35 1299 32 33.833
36 1193 38 14.702
37 707 39 26.386
38 953 43 95.384
39 567 11 80.177
40 97 27 6.005
41 1164 27 25.739
42 1386 31 27.956
43 1088 9 79.459
44 636 20 75.932
45 503 46 75.148
46 518 10 51.556
47 80 6 78.549
48 555 48 80.207
49 1340 12 77.274
50 30 47 73.583
51 1380 13 29.327
52 430 59 99.503
53 1031 32 43.835
54 762 17 51.864
55 1115 16 57.954
56 67 35 81.914
57 871 27 78.912
58 181 36 33.623
59 242 55 30.567
60 1137 31 51.079
61 1294 52 19.556
62 1294 11 42.923
63 44 10 15.146
64 609 28 26.661
65 93 35 96.576
66 813 39 21.924
67 9 22 95.922
68 434 13 10.836
69 261 26 22.696
70 327 19 67.087
71 43 56 78.725
72 1010 51 60.060
73 547 32 6.420
74 845 53 78.716
75 703 29 63.259
76 904 8 75.138
77 1224 9 96.497
78 670 48 48.011
79 1011 11 78.489
80 85 25 47.480
81 796 55 71.369
82 1060 25 43.220
83 1221 60 87.231
84 1362 2 81.746
85 145 48 57.161
86 1077 18 18.309
87 491 2 82.520
88 1140 29 86.137
89 1273 17 45.882
90 348 32 20.517
91 836 24 99.305
92 688 43 99.655
93 1123 27 53.613
94 866 28 91.814
95 1031 40 57.920
96 116 53 3.013
97 1160 22 9.806
98 682 46 75.580
99 167 58 16.886
100 1373 9 60.567
101 1337 35 55.715
102 253 40 50.072
103 1038 9 53.894
104 1225 6 70.351
105 776 21 77.908
106 240 58 64.784
107 658 55 79.419
108 345 9 80.553
109 789 48 43.455
110 501 40 82.736
111 369 17 36.956
112 1079 23 26.395
113 625 54 74.736
114 1419 43 45.049
115 1114 39 32.927
116 1407 43 30.680
117 586 55 13.179
118 311 42 64.538
119 1316 17 73.920
120 772 12 84.517
121 1011 27 99.726
122 1269 11 92.166
123 1012 48 36.004
124 1379 47 13.653
125 999 19 3.691
126 67 28 85.973
127 842 27 47.868
128 1173 38 47.689
129 784 47 24.455
130 768 38 22.716
131 227 51 32.671
132 771 8 37.346
133 208 42 42.330
134 438 29 56.725
135 1198 50 22.737
136 1230 37 1.166
137 1089 1 15.419
138 1071 24 33.645
139 340 19 93.993
140 487 24 61.558
141 492 36 41.023
142 1043 30 16.141
143 157 50 34.595
144 405 28 21.183
145 705 1 77.110
146 774 57 65.176
147 1126 39 94.944
148 1281 35 37.636
149 1310 37 57.093
150 609 59 84.056
151 1186 8 73.665
152 990 60 11.354
153 1420 54 75.525
154 1207 26 48.669
155 887 58 48.483
156 14 28 38.900
157 691 46 61.054
158 1339 5 52.283
159 1257 13 0.494
160 266 55 78.345
161 431 26 68.792
162 433 20 55.115
163 104 52 55.388
164 578 8 37.122
165 174 19 27.321
166 1120 9 73.036
167 623 33 59.401
168 905 26 80.456
169 894 47 4.657
170 308 57 31.617
171 596 46 4.817
172 509 57 14.332
173 950 56 40.918
174 69 50 85.212
175 1388 16 17.245
176 1299 14 77.066
177 757 51 24.109
178 1048 51 5.401
179 759 54 23.783
180 54 30 82.943
181 816 42 42.176
182 898 53 77.609
183 1246 17 99.527
184 566 7 41.181
185 98 10 54.570
186 59 21 62.392
187 89 45 37.998
188 1 54 96.994
189 518 15 55.353
190 624 40 4.879
191 115 53 0.631
192 528 32 12.826
193 1130 4 26.489
194 1210 53 62.861
195 1003 29 52.018
196 150 56 90.272
197 868 12 52.684
198 738 25 91.279
199 448 37 70.991
200 339 55 48.835