200
1 943 49 30.961
2 1256 33 38.381
3 514 41 19.450
4 424 21 67.692
5 507 33 63.861
6 572 34 33.234
7 1350 31 74.177
8 641 4 30.236
9 501 24 43.442
10 500 30 35.563
11 1056 2 56.438
12 1010 14 86.129
13 892 24 35.603
14 629 56 55.638
15 549 51 36.673
16 967 21 18.071
17 687 11 13.395
18 116 28 13.939
19 537 57 50.189
20 306 25 35.679
21 1285 10 23.181
22 1285 21 20.814
23 1241 59 34.356
24 1035 48 35.888
25 156 57 84.983
26 99 1 58.666
27 1408 28 96.736
28 243 31 17.529
29 374 31 62.351
30 1092 20 48.838
31 105 19 75.200
32 1033 45 88.639
33 974 10 86.144
34 1414 49 10.993
35 664 46 54.596
36 416 51 77.916
37 225 17 62.301
38 262 58 23.230
39 537 4 11.278
40 1077 1 12.612
41 739 55 47.692
42 903 13 12.660
43 269 47 88.049
44 1421 59 27.954
45 985 44 59.850
46 929 25 65.357
47 1007 41 17.225
48 365 28 52.883
49 1247 52 92.659
50 1301 23 78.478
51 1349 21 15.441
52 1437 39 17.248
53 991 53 61.956
54 1129 20 0.163
55 462 59 9.916
56 1258 53 25.456
57 1231 1 76.131
58 454 30 77.537
59 1218 36 53.912
60 1099 31 4.346
61 454 45 88.376
62 487 30 96.239
63 69 32 25.301
64 585 57 39.273
65 100 30 59.260
66 1313 51 97.426
67 631 12 72.579
68 204 19 0.318
69 767 14 36.016
70 62 40 74.858
71 1427 26 57.257
72 1226 48 33.641
73 815 47 3.156
74 398 26 44.701
75 86 4 8.151
76 185 23 90.137
77 817 59 86.535
78 37 8 25.198
79 1228 46 78.538
80 1427 17 89.523
81 177 51 84.190
82 1174 16 39.048
83 338 39 94.061
84 1260 55 99.640
85 1275 12 64.162
86 531 40 41.850
87 1073 1 71.139
88 423 10 7.337
89 1351 57 42.036
90 1134 21 36.221
91 384 40 28.250
92 1184 45 93.225
93 1191 8 15.528
94 336 12 28.575
95 1376 15 83.896
96 983 56 96.959
97 448 39 69.696
98 78 33 18.101
99 120 42 95.677
100 144 38 34.223
101 700 43 68.902
102 1194 19 12.709
103 1015 49 48.859
104 240 18 84.914
105 893 6 46.268
106 285 55 70.392
107 999 2 89.921
108 1033 1 92.885
109 1131 41 96.193
110 568 12 67.656
111 830 13 44.214
112 159 56 94.968
113 1181 33 39.003
114 803 34 85.496
115 931 17 20.798
116 393 44 43.699
117 368 57 47.175
118 1114 49 22.233
119 194 20 82.464
120 207 23 95.391
121 109 30 50.362
122 120 40 34.830
123 907 49 6.025
124 104 24 72.423
125 609 20 15.863
126 1158 46 58.569
127 727 11 21.534
128 1266 41 34.217
129 1428 49 87.274
130 184 30 60.525
131 72 1 45.789
132 214 3 36.789
133 1152 8 31.868
134 538 41 39.439
135 1257 25 21.727
136 624 47 4.259
137 821 1 75.687
138 599 25 36.803
139 1199 32 21.070
140 298 38 12.239
141 341 57 99.986
142 1010 48 90.654
143 342 31 46.198
144 697 39 26.493
145 894 41 32.695
146 1237 25 87.829
147 738 11 36.915
148 763 11 86.119
149 647 2 83.873
150 488 51 51.393
151 1178 38 39.877
152 1004 27 4.690
153 898 33 25.275
154 686 25 12.106
155 637 6 88.580
156 642 46 14.526
157 906 59 55.058
158 336 30 4.652
159 468 38 75.294
160 222 48 79.666
161 955 37 42.213
162 1058 2 92.431
163 973 38 42.970
164 382 19 91.692
165 572 2 47.700
166 403 21 80.396
167 782 48 66.909
168 652 41 60.406
169 553 5 61.827
170 329 1 85.109
171 1283 15 85.859
172 1180 54 98.556
173 1101 8 56.055
174 376 10 23.761
175 145 23 84.024
176 1067 60 26.357
177 588 8 1.371
178 1229 44 62.081
179 106 32 70.474
180 707 1 55.417
181 1405 60 21.934
182 956 42 15.444
183 191 3 76.943
184 885 20 87.493
185 1251 57 89.227
186 629 57 52.589
187 1123 4 17.834
188 433 37 73.803
189 766 5 0.497
190 517 7 54.121
191 1229 30 96.363
192 673 47 96.292
193 1078 36 19.271
194 570 16 26.665
195 558 3 24.191
196 456 32 65.925
197 1265 31 42.625
198 252 4 29.529
199 963 1 54.622
200 915 33 87.411