200
1 1153 47 60.558
2 629 35 47.989
3 856 2 23.408
4 488 15 85.800
5 251 9 0.136
6 860 27 92.642
7 1394 2 3.592
8 754 56 30.387
9 925 14 93.825
10 1376 16 38.784
11 923 19 56.158
12 1036 1 83.164
13 1386 15 66.155
14 259 12 33.993
15 196 54 62.406
16 1369 3 62.662
17 489 44 86.331
18 1173 58 26.178
19 116 2 77.110
20 328 55 65.737
21 174 54 99.724
22 394 56 98.762
23 328 18 28.135
24 467 51 44.474
25 722 42 38.119
26 467 21 16.827
27 509 10 38.536
28 1012 45 52.292
29 1010 42 80.801
30 101 47 34.780
31 1406 6 37.086
32 1271 48 38.448
33 978 22 74.566
34 386 10 21.178
35 737 55 71.733
36 725 13 86.668
37 466 36 43.644
38 205 4 61.758
39 1207 11 80.403
40 818 12 41.287
41 597 53 78.265
42 1162 2 40.433
43 1257 40 18.492
44 1112 41 11.933
45 133 21 65.275
46 481 36 25.737
47 615 57 9.075
48 280 60 62.440
49 251 36 86.282
50 1246 35 45.041
51 665 42 51.748
52 64 52 67.465
53 977 18 31.491
54 1135 50 67.520
55 721 36 16.091
56 1189 43 21.311
57 1078 42 12.509
58 946 29 15.707
59 1288 26 57.747
60 302 14 9.275
61 496 34 17.689
62 1286 3 43.523
63 1408 46 28.731
64 1121 14 16.225
65 486 23 38.789
66 622 43 53.320
67 1145 8 14.918
68 695 40 4.067
69 1360 39 35.037
70 707 4 41.196
71 1386 10 4.558
72 49 35 60.264
73 1428 51 97.667
74 147 4 87.941
75 820 37 6.721
76 576 8 90.792
77 646 10 36.742
78 226 39 40.623
79 1214 4 2.808
80 1253 46 93.537
81 1263 27 65.260
82 1050 8 33.295
83 645 12 50.245
84 363 30 2.985
85 1415 31 15.204
86 1151 19 71.863
87 493 19 4.912
88 1254 32 6.965
89 109 59 17.203
90 1396 2 2.936
91 1411 56 39.022
92 1151 1 67.003
93 954 49 15.135
94 984 59 66.401
95 1 40 35.679
96 139 20 17.126
97 1152 42 98.814
98 1360 9 60.756
99 731 20 11.527
100 755 31 63.969
101 1180 32 88.039
102 999 34 7.997
103 330 7 72.988
104 1415 9 23.468
105 742 25 5.986
106 837 12 10.950
107 1394 41 47.113
108 1047 9 44.534
109 425 49 52.801
110 926 7 47.980
111 596 7 89.315
112 1233 55 13.955
113 773 54 70.010
114 153 16 40.141
115 197 10 47.288
116 645 27 99.278
117 805 58 83.305
118 1276 3 9.293
119 173 18 39.121
120 641 13 16.146
121 385 54 30.436
122 13 48 20.096
123 1027 28 50.530
124 1081 41 11.691
125 251 8 35.800
126 383 45 76.016
127 340 39 5.813
128 1162 41 29.005
129 299 33 4.139
130 765 43 56.116
131 1079 38 97.484
132 1426 37 14.871
133 780 22 46.329
134 846 13 10.286
135 839 3 54.334
136 494 31 73.529
137 257 1 1.020
138 549 36 22.030
139 273 20 89.168
140 1065 43 93.065
141 651 12 44.912
142 244 16 49.456
143 286 38 82.707
144 1163 26 96.826
145 74 9 69.176
146 540 57 93.023
147 1008 44 11.859
148 633 41 96.397
149 174 42 3.525
150 225 16 88.529
151 1439 35 79.165
152 365 48 51.723
153 833 30 2.762
154 913 37 19.633
155 911 37 49.675
156 899 6 28.112
157 1077 33 90.112
158 1093 46 20.351
159 1329 51 58.439
160 956 25 47.999
161 562 15 30.124
162 104 10 56.019
163 1125 37 46.728
164 593 27 8.193
165 1424 36 70.846
166 1238 53 77.746
167 836 4 57.776
168 1038 20 31.097
169 275 37 27.571
170 357 38 92.780
171 1026 21 82.407
172 1320 1 22.468
173 1260 5 37.086
174 1208 56 20.627
175 896 28 8.062
176 1185 20 39.236
177 319 44 33.969
178 144 21 63.578
179 583 41 87.843
180 598 26 89.895
181 415 33 39.916
182 13 35 28.487
183 971 24 3.336
184 1220 30 88.089
185 166 33 86.012
186 907 8 26.908
187 1059 43 28.962
188 86 29 4.827
189 1135 32 76.470
190 163 35 53.513
191 1220 15 98.072
192 82 27 59.197
193 854 24 99.512
194 217 32 31.810
195 186 55 65.043
196 38 1 77.814
197 855 15 92.503
198 599 42 50.651
199 154 38 77.375
200 980 7 56.248