200
1 320 12 37.214
2 138 56 65.005
3 1209 58 31.099
4 1261 59 25.550
5 551 29 70.002
6 206 23 93.993
7 584 1 79.226
8 775 40 23.337
9 276 29 96.036
10 387 38 46.496
11 712 55 31.158
12 636 27 48.798
13 997 12 1.937
14 961 51 15.596
15 384 27 12.276
16 1052 9 48.460
17 506 27 66.899
18 122 47 27.636
19 474 53 28.023
20 958 59 26.732
21 669 1 4.808
22 63 27 66.996
23 675 26 80.238
24 955 11 15.583
25 744 52 62.843
26 558 34 96.291
27 1385 9 44.349
28 940 13 92.037
29 300 17 76.789
30 604 13 49.610
31 848 11 14.009
32 108 32 22.242
33 13 43 56.906
34 314 15 64.137
35 672 17 34.189
36 712 24 78.649
37 927 50 11.870
38 960 18 9.734
39 1280 23 9.407
40 143 59 69.600
41 1209 23 91.789
42 708 15 77.104
43 172 47 73.187
44 675 39 73.379
45 1017 50 93.197
46 582 12 85.365
47 579 9 58.768
48 20 39 23.067
49 200 52 32.209
50 849 57 26.375
51 666 8 17.487
52 1120 19 75.392
53 433 21 57.249
54 1061 11 58.688
55 1427 41 14.305
56 1178 35 45.778
57 49 60 34.512
58 300 47 35.652
59 505 10 77.873
60 722 19 43.823
61 601 22 42.481
62 551 39 46.511
63 953 47 40.791
64 395 8 42.872
65 780 44 50.715
66 540 37 38.504
67 229 44 22.556
68 234 19 18.997
69 1032 10 35.041
70 1309 14 72.729
71 6 6 34.062
72 1391 51 7.107
73 528 49 26.167
74 94 12 79.633
75 305 39 90.978
76 1340 25 65.452
77 1258 8 19.566
78 396 41 51.867
79 853 46 22.698
80 820 11 91.364
81 924 53 11.061
82 638 17 16.681
83 500 12 34.139
84 786 46 58.372
85 761 60 78.008
86 1128 41 54.600
87 279 2 73.635
88 332 49 27.922
89 861 23 70.973
90 1382 15 70.638
91 331 1 18.977
92 1129 46 76.549
93 1216 50 91.605
94 441 46 43.314
95 920 31 37.018
96 803 39 42.681
97 301 31 61.156
98 1328 47 91.896
99 155 33 65.691
100 95 54 39.227
101 1117 30 40.776
102 956 49 62.157
103 1372 52 55.612
104 732 12 99.847
105 1173 7 91.606
106 1029 7 44.771
107 932 44 63.044
108 537 27 6.591
109 1394 45 18.021
110 479 46 86.844
111 1289 29 46.183
112 431 24 11.393
113 638 6 6.058
114 834 4 26.998
115 666 43 33.732
116 927 43 32.261
117 1021 8 82.602
118 77 43 57.714
119 1189 14 44.139
120 122 19 81.241
121 1391 16 60.306
122 16 25 39.382
123 63 27 56.720
124 173 17 7.895
125 547 16 20.734
126 504 22 98.302
127 721 37 27.670
128 772 1 99.151
129 357 36 92.511
130 438 46 77.377
131 1085 19 83.178
132 1248 48 5.417
133 1012 29 84.728
134 1056 5 99.535
135 1242 31 36.812
136 1300 48 25.384
137 1239 44 44.538
138 1068 51 15.447
139 912 42 16.509
140 1396 57 69.439
141 822 12 26.335
142 1226 37 17.880
143 435 38 34.767
144 323 17 10.935
145 1310 60 98.301
146 420 55 19.033
147 776 14 74.076
148 48 54 28.574
149 1435 5 50.644
150 1427 18 60.234
151 778 24 60.103
152 363 25 19.877
153 1089 38 54.604
154 1186 25 10.723
155 469 18 27.158
156 903 20 7.912
157 11 47 56.813
158 379 25 39.764
159 1059 49 13.370
160 779 34 42.117
161 1310 54 7.377
162 1148 23 27.846
163 1013 28 38.268
164 433 38 44.568
165 56 17 22.898
166 410 37 77.886
167 1197 7 76.364
168 740 42 92.565
169 1027 37 4.326
170 912 35 24.999
171 252 5 92.857
172 52 36 84.689
173 189 39 40.744
174 189 4 34.304
175 1159 39 82.349
176 678 36 88.112
177 408 23 93.996
178 1278 26 88.832
179 193 31 36.714
180 494 33 49.144
181 222 38 15.327
182 636 58 30.087
183 1178 8 72.268
184 1227 48 62.499
185 840 34 35.834
186 259 56 68.760
187 678 45 9.711
188 659 29 17.750
189 880 14 68.928
190 141 21 10.610
191 537 19 74.949
192 682 21 26.611
193 140 14 42.082
194 1298 44 45.624
195 278 4 22.750
196 385 47 96.810
197 411 22 76.036
198 441 10 34.740
199 478 43 41.672
200 1179 11 51.080