200
1 1034 31 15.638
2 116 7 33.329
3 791 3 20.721
4 513 7 27.166
5 312 9 54.065
6 544 58 72.691
7 242 24 2.221
8 398 44 74.362
9 29 2 9.910
10 348 33 84.943
11 987 31 10.782
12 838 59 75.612
13 1252 43 18.539
14 561 55 98.022
15 637 22 76.527
16 1395 25 47.986
17 383 8 25.318
18 681 14 46.928
19 1272 53 55.274
20 468 59 64.885
21 520 1 44.914
22 25 17 80.492
23 177 1 39.765
24 736 9 63.202
25 939 12 19.822
26 1300 1 7.831
27 344 48 39.822
28 1008 43 30.598
29 285 56 94.334
30 768 25 13.336
31 30 24 68.104
32 811 58 69.578
33 957 7 93.835
34 1024 9 57.837
35 699 1 58.417
36 1245 30 43.643
37 327 37 25.164
38 1013 43 37.259
39 455 56 12.026
40 966 6 42.359
41 151 41 41.567
42 491 1 22.352
43 952 50 78.500
44 398 32 53.907
45 31 43 74.165
46 1092 20 60.117
47 1089 29 88.140
48 333 1 53.910
49 1345 47 89.649
50 1384 13 0.341
51 959 1 35.305
52 1166 10 24.351
53 767 50 54.429
54 841 45 18.832
55 1176 34 21.764
56 1115 58 77.438
57 936 29 56.618
58 3 53 91.092
59 32 59 96.571
60 264 32 70.456
61 656 28 61.796
62 132 43 17.073
63 1253 22 97.806
64 113 8 77.254
65 545 24 69.442
66 295 40 75.650
67 425 22 69.904
68 1072 6 37.955
69 310 36 23.076
70 952 27 88.588
71 1231 44 86.515
72 1036 12 40.875
73 166 21 15.148
74 112 28 7.258
75 527 29 17.525
76 877 38 2.554
77 1265 58 40.388
78 773 5 32.983
79 304 52 64.047
80 554 42 24.482
81 1018 12 81.991
82 252 25 43.341
83 560 33 50.384
84 48 6 12.772
85 173 15 46.486
86 9 8 40.862
87 616 25 90.476
88 558 27 73.146
89 1214 15 40.172
90 663 45 50.789
91 268 48 20.457
92 83 43 45.918
93 170 28 89.038
94 1192 3 4.838
95 279 53 56.806
96 375 8 53.407
97 720 25 27.498
98 315 44 61.951
99 1273 34 69.997
100 900 2 81.001
101 802 10 43.889
102 664 22 5.722
103 169 19 56.932
104 753 56 6.943
105 1121 54 61.096
106 951 25 58.917
107 1026 2 85.361
108 1079 53 74.278
109 1053 54 68.629
110 274 37 19.897
111 673 8 14.859
112 1129 20 2.293
113 458 22 95.865
114 798 43 91.325
115 612 46 13.911
116 1152 14 70.378
117 527 58 42.673
118 1100 52 37.184
119 1388 42 91.858
120 1123 53 30.700
121 1315 18 15.528
122 773 55 79.679
123 391 12 51.737
124 459 58 47.532
125 734 47 47.404
126 722 11 8.226
127 621 45 42.255
128 1186 47 92.177
129 149 34 18.531
130 626 14 50.447
131 1340 54 36.161
132 1068 9 46.767
133 505 40 2.109
134 1137 54 93.846
135 296 27 79.378
136 502 47 35.048
137 933 36 41.586
138 289 43 19.787
139 828 43 64.982
140 1082 27 79.493
141 366 30 0.316
142 549 48 72.886
143 68 29 16.966
144 1164 12 74.737
145 703 8 22.634
146 83 26 45.624
147 1217 38 58.081
148 1360 60 10.646
149 1379 34 18.396
150 924 10 15.169
151 249 31 63.663
152 554 16 31.693
153 595 59 40.938
154 1333 45 94.667
155 587 18 84.156
156 156 11 15.624
157 871 8 99.795
158 1250 33 91.774
159 486 46 4.427
160 1340 26 39.644
161 498 30 4.895
162 836 2 97.299
163 1290 3 53.560
164 574 6 17.089
165 244 35 56.736
166 785 51 0.750
167 656 17 89.906
168 1410 30 32.776
169 80 50 96.193
170 1160 24 72.679
171 832 55 20.030
172 1133 18 33.286
173 1355 52 75.037
174 1190 41 45.296
175 315 51 94.166
176 224 46 47.127
177 728 4 40.002
178 710 27 47.282
179 453 52 44.939
180 960 38 10.781
181 293 52 96.438
182 116 24 2.937
183 947 49 15.276
184 963 60 67.616
185 590 32 4.105
186 1179 38 85.955
187 1312 56 83.379
188 800 9 37.845
189 1142 44 37.249
190 91 37 33.292
191 25 19 49.881
192 207 45 83.561
193 44 40 57.899
194 293 10 23.310
195 342 6 76.133
196 1074 29 87.708
197 1216 48 75.397
198 131 6 93.886
199 496 3 26.286
200 1423 56 98.734