200
1 1151 58 56.840
2 396 42 68.146
3 1073 25 0.495
4 95 42 7.112
5 621 18 55.306
6 971 56 70.649
7 396 48 20.505
8 83 43 35.500
9 1350 32 55.695
10 501 45 41.854
11 1236 44 76.796
12 347 51 55.867
13 847 38 75.345
14 1324 37 39.826
15 1233 17 9.022
16 1207 21 35.610
17 783 1 1.357
18 1068 1 41.844
19 1170 19 17.775
20 265 59 26.687
21 586 19 69.520
22 1298 12 66.601
23 1365 35 91.465
24 1380 43 66.042
25 319 18 10.257
26 1227 47 96.751
27 588 9 28.194
28 71 47 27.276
29 685 25 78.249
30 405 38 0.963
31 1166 43 67.839
32 407 21 82.489
33 1206 44 22.453
34 934 4 80.567
35 613 57 89.463
36 858 24 57.175
37 405 34 94.430
38 585 53 37.760
39 325 40 37.276
40 401 43 83.222
41 800 9 98.365
42 305 57 70.033
43 340 16 36.823
44 8 7 82.676
45 293 16 82.395
46 1161 24 79.977
47 1199 23 42.960
48 583 28 86.536
49 1170 18 40.602
50 1282 51 64.779
51 293 15 36.471
52 589 54 81.929
53 437 45 49.806
54 273 14 31.643
55 66 23 11.202
56 883 2 3.771
57 944 13 18.026
58 857 6 68.930
59 42 8 46.128
60 132 54 99.454
61 173 6 3.781
62 538 9 91.969
63 199 15 74.649
64 968 13 56.439
65 9 24 8.249
66 611 31 7.090
67 1270 13 52.949
68 341 28 77.281
69 782 48 68.686
70 995 7 96.116
71 949 19 66.473
72 356 35 89.331
73 1239 2 73.554
74 302 33 41.777
75 217 41 15.357
76 1399 26 5.894
77 793 45 3.628
78 1286 27 44.140
79 1054 5 71.493
80 201 12 83.796
81 473 43 24.761
82 1323 32 57.003
83 140 4 38.339
84 650 33 47.555
85 1213 8 67.564
86 465 26 34.444
87 897 55 91.139
88 77 59 94.723
89 986 19 65.086
90 1042 10 1.018
91 703 25 82.054
92 889 58 2.162
93 1297 35 33.784
94 636 33 70.836
95 1096 41 18.476
96 1138 9 79.591
97 1404 5 59.393
98 267 11 90.229
99 925 57 52.867
100 1140 59 65.703
101 1199 25 95.451
102 275 6 98.104
103 826 44 16.263
104 128 40 24.476
105 950 21 27.268
106 252 13 92.565
107 245 14 88.316
108 286 17 71.455
109 322 42 38.842
110 1087 39 67.512
111 365 40 43.334
112 874 44 21.235
113 379 58 83.831
114 519 56 12.589
115 687 46 92.670
116 655 35 58.154
117 649 33 33.399
118 1191 41 45.212
119 1108 13 90.532
120 570 25 17.493
121 285 24 69.392
122 774 35 62.773
123 281 54 66.847
124 257 39 11.408
125 609 49 46.631
126 1247 18 57.548
127 1030 54 32.980
128 401 14 30.111
129 1229 7 82.711
130 249 41 94.533
131 555 25 5.486
132 545 24 36.726
133 779 19 80.235
134 130 5 61.861
135 183 45 19.150
136 74 14 43.107
137 460 41 29.878
138 1434 10 61.149
139 877 44 99.114
140 492 12 85.955
141 627 24 47.831
142 980 2 93.598
143 682 45 99.164
144 1049 46 43.439
145 708 43 88.974
146 259 12 86.676
147 628 27 31.200
148 1086 22 64.620
149 1106 4 9.477
150 710 58 6.910
151 1307 11 37.383
152 1318 28 83.136
153 1325 38 77.805
154 202 25 55.544
155 846 32 64.117
156 1293 5 47.229
157 981 42 99.905
158 641 11 85.389
159 1424 30 44.682
160 57 28 49.641
161 909 27 36.030
162 415 11 44.352
163 768 58 58.444
164 493 4 7.014
165 902 16 92.815
166 978 60 17.061
167 1391 1 31.603
168 441 9 14.409
169 392 23 44.743
170 71 47 15.399
171 297 54 81.395
172 27 32 68.641
173 1173 28 18.465
174 326 8 43.679
175 692 17 93.712
176 66 7 14.255
177 1426 3 65.997
178 786 36 4.924
179 1005 59 11.707
180 848 29 50.579
181 1281 42 95.579
182 615 38 85.119
183 460 45 99.722
184 930 42 81.416
185 293 15 78.784
186 9 15 0.833
187 597 4 45.885
188 1250 24 38.820
189 1209 19 30.502
190 1074 22 90.508
191 671 20 11.651
192 627 9 89.442
193 970 50 80.912
194 556 17 18.186
195 728 4 54.277
196 377 44 86.303
197 202 34 49.157
198 475 22 77.960
199 836 4 28.262
200 298 45 63.510