200
1 646 56 25.308
2 617 54 94.530
3 673 45 91.418
4 1019 12 68.966
5 1306 46 10.964
6 846 26 67.236
7 997 14 25.544
8 418 57 88.524
9 1235 48 8.962
10 141 32 55.481
11 153 45 11.537
12 17 9 58.521
13 1306 13 52.144
14 1171 59 95.535
15 1426 57 26.425
16 691 55 36.357
17 1123 5 21.285
18 1011 8 89.904
19 1064 49 42.296
20 653 3 19.776
21 967 54 86.147
22 835 25 59.912
23 830 23 44.145
24 179 45 6.147
25 1149 11 38.705
26 352 43 14.568
27 101 11 13.758
28 466 27 92.206
29 930 14 48.773
30 47 54 99.616
31 938 35 61.622
32 781 59 95.407
33 234 34 65.686
34 398 47 22.779
35 473 45 95.701
36 1321 47 49.015
37 531 15 0.275
38 888 25 82.804
39 554 6 28.108
40 1316 12 55.900
41 890 8 51.888
42 1086 59 61.221
43 691 9 76.830
44 1231 49 3.066
45 910 44 15.225
46 213 45 63.603
47 976 60 74.597
48 157 29 43.953
49 1222 15 74.561
50 1 12 87.427
51 253 28 21.798
52 412 59 46.067
53 180 13 12.526
54 1378 56 44.370
55 637 7 37.659
56 633 8 99.389
57 768 52 94.420
58 322 21 71.039
59 1412 57 20.652
60 51 6 73.158
61 1154 15 88.537
62 1323 33 67.007
63 378 20 36.074
64 833 40 62.100
65 916 16 64.516
66 480 56 20.843
67 1198 54 84.926
68 1239 3 85.627
69 739 19 85.090
70 94 60 79.508
71 633 37 95.503
72 1039 26 79.067
73 763 37 89.365
74 1173 13 23.016
75 755 49 59.606
76 919 32 92.443
77 122 8 31.117
78 446 23 98.903
79 890 30 83.885
80 545 27 63.715
81 379 4 45.961
82 1022 12 49.394
83 907 13 19.694
84 1436 60 51.762
85 1163 34 74.560
86 1030 17 71.971
87 1243 25 2.817
88 1331 15 8.690
89 1058 57 34.963
90 529 4 17.330
91 507 54 53.654
92 371 23 40.440
93 1354 5 59.955
94 42 60 76.134
95 53 8 89.494
96 277 58 6.440
97 439 12 85.977
98 1084 43 97.946
99 1381 37 81.986
100 1144 51 57.827
101 44 57 41.774
102 1377 11 97.535
103 1135 35 57.450
104 1079 53 95.484
105 1331 18 57.650
106 1283 32 34.605
107 1174 32 89.971
108 407 39 82.420
109 780 27 14.335
110 489 35 43.297
111 352 60 70.532
112 951 28 53.008
113 1348 57 69.742
114 691 31 41.139
115 750 27 51.018
116 723 47 48.817
117 834 28 15.436
118 1435 55 95.162
119 1297 4 69.515
120 1062 21 40.435
121 515 4 16.722
122 513 59 31.364
123 1353 42 0.592
124 1241 18 37.510
125 1124 11 97.290
126 1305 6 18.855
127 815 50 83.550
128 563 52 3.359
129 111 41 8.077
130 587 35 37.796
131 887 54 23.053
132 1297 41 96.313
133 459 41 66.576
134 558 56 99.406
135 19 57 56.865
136 1291 53 25.176
137 1294 46 30.999
138 1188 7 13.971
139 414 60 92.063
140 339 29 44.121
141 842 44 77.736
142 851 36 45.950
143 981 1 22.814
144 675 17 35.185
145 1140 5 12.674
146 635 9 76.650
147 749 32 15.935
148 1300 38 10.326
149 1065 30 58.466
150 1407 57 46.881
151 1030 17 69.963
152 991 48 66.112
153 269 47 73.431
154 977 10 86.616
155 589 45 58.357
156 1057 43 50.198
157 108 8 89.581
158 1128 15 5.197
159 1392 44 29.193
160 1110 32 24.659
161 520 26 96.656
162 763 38 72.525
163 47 16 90.695
164 1025 47 61.144
165 969 39 43.373
166 844 17 84.485
167 7 38 45.221
168 1174 6 75.755
169 1267 56 38.942
170 1019 30 52.265
171 772 34 32.311
172 1019 5 59.571
173 1313 27 96.183
174 1405 37 30.381
175 859 54 77.536
176 413 2 79.820
177 1140 3 74.934
178 994 18 71.768
179 490 20 53.779
180 1001 27 52.867
181 88 53 43.216
182 417 5 99.267
183 236 22 60.653
184 383 39 0.249
185 742 59 88.728
186 86 41 14.094
187 64 56 45.962
188 802 7 17.857
189 483 9 98.372
190 373 47 85.461
191 497 21 83.192
192 981 52 83.626
193 1295 44 18.218
194 838 27 27.215
195 313 37 91.441
196 863 49 15.745
197 1379 2 81.898
198 118 17 97.053
199 289 35 16.522
200 1032 38 47.448