200
1 859 8 32.520
2 571 35 2.467
3 1355 6 17.613
4 886 32 37.701
5 1132 15 83.965
6 1298 45 4.595
7 62 4 69.441
8 756 57 21.381
9 79 60 34.046
10 1197 10 96.839
11 566 48 13.315
12 1295 44 74.940
13 609 50 74.374
14 1345 26 68.316
15 314 35 48.156
16 488 13 87.747
17 560 55 62.259
18 68 42 93.095
19 1037 19 57.651
20 494 13 44.795
21 95 41 17.546
22 562 19 28.537
23 546 40 66.074
24 173 22 3.517
25 1266 20 23.254
26 891 20 70.502
27 632 54 73.868
28 1284 7 30.872
29 1092 14 46.310
30 678 32 66.120
31 1025 45 78.937
32 1125 22 54.271
33 496 19 72.998
34 820 39 65.051
35 222 42 75.129
36 116 42 40.878
37 745 8 40.737
38 839 33 44.108
39 1324 34 90.847
40 9 35 19.629
41 1 30 98.809
42 335 5 78.421
43 466 24 28.517
44 40 15 6.856
45 9 12 31.221
46 947 48 86.773
47 3 50 71.523
48 907 47 96.861
49 750 44 48.671
50 64 42 39.510
51 179 2 13.923
52 1435 10 9.134
53 373 27 54.364
54 310 55 14.428
55 500 33 17.609
56 93 51 6.902
57 835 14 28.748
58 98 49 12.933
59 1425 43 58.275
60 468 33 26.159
61 46 22 21.299
62 376 14 4.218
63 1244 60 7.996
64 975 14 19.222
65 1342 59 14.790
66 812 35 16.368
67 706 49 93.483
68 823 10 93.010
69 583 36 67.648
70 689 3 26.631
71 102 16 80.554
72 1030 48 72.015
73 504 27 60.969
74 683 42 77.087
75 195 57 54.281
76 1242 20 57.543
77 638 33 99.304
78 1146 26 87.970
79 760 56 25.719
80 190 52 4.551
81 752 21 25.253
82 193 11 73.065
83 1353 3 83.142
84 1023 46 13.130
85 1422 7 80.508
86 1148 18 67.202
87 516 22 94.892
88 1071 27 42.562
89 965 15 50.016
90 295 3 95.547
91 335 5 76.429
92 256 54 11.183
93 651 8 9.596
94 2 59 20.360
95 758 52 35.890
96 780 54 66.084
97 1242 28 44.324
98 269 33 76.899
99 837 22 28.813
100 477 27 26.783
101 453 52 14.063
102 305 28 23.662
103 362 52 78.273
104 401 56 67.019
105 296 55 73.993
106 993 56 57.554
107 1367 5 60.073
108 1439 45 36.503
109 338 13 53.376
110 1281 19 40.873
111 1176 6 58.554
112 686 11 13.775
113 258 47 67.942
114 44 15 44.629
115 594 49 75.379
116 577 9 59.487
117 369 44 72.139
118 1259 23 42.212
119 562 43 65.050
120 17 12 25.946
121 266 8 83.097
122 59 50 97.284
123 377 56 61.107
124 1218 9 97.425
125 50 12 55.467
126 1279 53 48.471
127 773 18 9.647
128 286 10 16.237
129 1068 24 96.033
130 950 54 9.082
131 659 30 32.914
132 560 23 22.041
133 87 56 8.069
134 14 43 77.100
135 5 38 26.466
136 562 47 9.912
137 1420 46 35.917
138 1370 30 34.192
139 155 51 81.308
140 84 54 88.881
141 1243 35 38.315
142 609 29 55.267
143 551 18 36.954
144 599 12 30.963
145 680 50 65.538
146 784 26 68.975
147 364 40 92.804
148 1 12 65.192
149 1015 17 26.883
150 767 13 77.624
151 784 42 20.030
152 1168 20 25.762
153 28 13 40.870
154 155 35 0.127
155 1247 55 91.093
156 1045 23 25.574
157 49 8 11.097
158 880 8 99.692
159 966 52 52.812
160 162 29 5.684
161 318 48 43.495
162 662 53 40.216
163 1181 43 76.081
164 809 1 41.718
165 479 28 83.571
166 145 34 67.702
167 697 17 53.873
168 73 60 59.348
169 606 14 56.915
170 796 17 21.530
171 1092 28 50.277
172 916 34 72.399
173 1303 60 39.241
174 166 14 74.988
175 288 59 53.431
176 1426 59 17.811
177 567 7 77.911
178 1148 58 90.078
179 1176 25 84.466
180 612 45 85.349
181 1431 41 12.328
182 984 39 53.717
183 320 5 41.933
184 1025 34 91.086
185 344 38 4.845
186 1340 24 41.608
187 301 51 61.914
188 231 20 55.009
189 382 55 72.767
190 680 60 4.145
191 1027 30 13.022
192 954 55 14.611
193 140 45 60.804
194 396 4 31.229
195 1028 54 73.479
196 451 30 98.202
197 1367 56 26.969
198 1258 47 32.417
199 926 46 64.016
200 679 6 77.647