200
1 764 17 53.871
2 410 15 10.437
3 871 39 37.072
4 844 2 4.618
5 323 29 25.912
6 161 41 34.247
7 708 24 25.021
8 1076 18 70.711
9 1292 18 42.281
10 524 25 55.582
11 958 41 30.192
12 1365 49 38.650
13 1108 8 75.652
14 1054 21 33.931
15 293 59 64.571
16 340 8 54.831
17 1208 59 43.399
18 808 40 23.077
19 1203 37 82.725
20 1406 60 76.027
21 537 30 94.594
22 13 41 96.887
23 1039 5 9.345
24 256 53 32.898
25 821 13 97.363
26 756 38 31.700
27 522 8 21.910
28 142 25 6.323
29 154 7 38.361
30 704 39 40.569
31 592 31 70.567
32 119 34 55.624
33 480 34 8.467
34 445 53 66.543
35 955 1 45.347
36 811 16 13.544
37 633 5 26.961
38 513 8 37.739
39 295 8 24.179
40 1081 47 17.761
41 758 2 24.773
42 577 22 29.662
43 918 20 73.468
44 11 27 31.196
45 400 16 24.805
46 972 24 22.731
47 484 14 20.933
48 1423 49 62.238
49 1154 43 92.709
50 710 33 74.760
51 496 27 70.411
52 874 16 67.081
53 350 27 17.826
54 1080 26 52.890
55 405 47 44.468
56 857 27 68.499
57 1352 22 40.842
58 688 58 24.726
59 1306 6 96.455
60 116 45 17.761
61 710 59 25.096
62 494 45 57.981
63 1076 19 71.492
64 326 14 19.870
65 657 20 42.471
66 1141 33 62.558
67 1262 48 22.484
68 1314 50 27.351
69 1116 52 2.048
70 1213 14 96.723
71 1185 5 38.732
72 969 10 29.603
73 453 38 19.952
74 121 30 18.356
75 698 31 54.019
76 900 39 93.410
77 248 18 79.952
78 1387 45 36.594
79 1437 9 20.801
80 1312 2 8.898
81 225 11 11.137
82 700 48 2.149
83 614 35 22.576
84 261 53 52.584
85 386 15 16.287
86 264 11 29.663
87 776 11 70.972
88 966 5 16.299
89 1381 58 80.614
90 812 59 31.478
91 1234 53 94.917
92 438 34 66.364
93 1125 39 73.481
94 534 60 21.851
95 920 56 12.239
96 1187 40 6.082
97 1335 8 82.719
98 1143 9 35.528
99 1220 40 55.094
100 1190 42 53.904
101 1134 49 18.263
102 355 9 87.831
103 101 8 60.707
104 1337 52 62.826
105 601 54 42.341
106 183 25 13.035
107 521 42 47.130
108 240 32 43.030
109 663 6 45.103
110 1044 38 52.193
111 657 13 54.990
112 244 10 45.651
113 1276 51 30.342
114 584 17 48.515
115 1226 27 12.235
116 936 23 89.772
117 568 51 84.523
118 1292 27 8.434
119 1208 52 43.494
120 1012 43 91.713
121 843 57 90.224
122 863 34 16.550
123 971 33 37.081
124 1218 37 6.746
125 1200 40 47.245
126 376 15 45.530
127 960 2 56.720
128 1058 17 13.269
129 353 56 37.137
130 1358 39 78.898
131 1118 5 37.403
132 1246 56 73.563
133 224 21 34.947
134 1119 37 36.742
135 348 15 36.008
136 203 16 37.323
137 1440 32 83.612
138 813 16 70.764
139 1018 26 46.865
140 1159 10 0.357
141 627 57 25.686
142 971 13 10.645
143 808 56 72.229
144 678 21 2.523
145 59 58 88.469
146 155 44 45.906
147 591 48 50.834
148 672 35 86.938
149 1239 30 94.408
150 1343 49 99.898
151 1170 37 57.062
152 465 45 73.704
153 90 17 66.842
154 1342 40 16.159
155 810 16 79.778
156 609 12 19.107
157 964 7 5.294
158 327 15 36.501
159 979 4 32.534
160 273 9 9.607
161 392 11 93.897
162 525 55 14.092
163 523 5 62.692
164 445 14 26.393
165 109 12 34.495
166 219 53 35.666
167 188 40 13.324
168 151 17 99.219
169 1412 14 25.310
170 732 58 60.735
171 1372 11 93.233
172 545 52 7.675
173 753 20 15.634
174 243 60 71.849
175 925 29 96.359
176 910 36 49.698
177 389 27 74.330
178 212 52 81.427
179 1131 10 86.079
180 460 23 76.785
181 1022 51 29.016
182 1169 58 75.130
183 1083 58 11.685
184 477 51 38.871
185 852 1 76.989
186 1400 44 19.018
187 903 56 77.717
188 1308 36 92.197
189 9 10 72.273
190 983 26 58.292
191 1164 20 94.784
192 71 19 26.695
193 980 3 60.618
194 749 37 54.939
195 1203 30 70.688
196 1033 3 76.366
197 591 59 82.861
198 590 32 30.391
199 297 50 36.785
200 840 10 21.811