200
1 1242 45 96.421
2 670 6 19.075
3 434 22 26.999
4 24 23 64.553
5 253 24 69.058
6 142 15 85.299
7 399 56 90.673
8 102 7 92.795
9 1175 51 82.307
10 729 51 11.417
11 394 22 25.322
12 945 13 47.807
13 806 14 40.296
14 1349 47 82.233
15 199 37 62.797
16 793 38 65.751
17 535 46 74.974
18 580 39 60.242
19 470 47 63.039
20 1330 55 47.476
21 883 58 44.705
22 1162 20 86.296
23 316 43 50.307
24 1410 14 49.426
25 727 58 32.623
26 571 1 96.204
27 871 4 85.061
28 1059 11 26.684
29 549 52 65.190
30 394 28 35.011
31 114 41 40.883
32 8 48 4.920
33 1367 40 28.151
34 917 16 41.696
35 1286 50 80.294
36 441 26 81.698
37 724 43 73.208
38 701 58 37.966
39 1323 29 19.046
40 906 21 67.423
41 874 31 94.722
42 130 34 63.492
43 1385 40 53.677
44 853 26 26.868
45 832 16 90.023
46 1055 41 75.602
47 718 59 94.963
48 806 59 2.082
49 213 27 33.477
50 1344 51 61.554
51 552 10 93.021
52 137 47 70.011
53 128 4 26.746
54 1394 25 79.847
55 1039 58 80.046
56 398 44 93.531
57 500 57 7.795
58 131 45 55.838
59 389 35 34.748
60 1347 7 52.085
61 328 1 40.787
62 36 12 52.489
63 709 48 32.512
64 1068 46 54.131
65 1097 5 10.262
66 503 31 62.461
67 835 2 90.174
68 1271 58 76.876
69 862 48 35.328
70 1222 60 84.816
71 264 4 1.127
72 1402 41 27.706
73 762 23 3.360
74 794 35 78.027
75 567 42 84.911
76 741 40 92.798
77 551 42 68.299
78 411 56 22.610
79 676 7 67.416
80 1246 37 12.688
81 1440 32 49.412
82 614 27 67.511
83 41 22 44.838
84 276 14 89.842
85 1318 50 83.119
86 655 39 77.262
87 1092 12 0.478
88 299 47 38.863
89 503 10 30.714
90 1069 3 75.841
91 811 41 67.617
92 305 43 86.121
93 1150 59 67.212
94 335 22 91.099
95 234 46 91.615
96 748 37 37.597
97 324 25 98.442
98 821 14 42.780
99 1380 47 48.606
100 454 2 96.487
101 581 46 29.388
102 655 43 28.354
103 1088 18 83.672
104 440 4 90.982
105 1010 57 43.549
106 862 36 58.745
107 540 46 25.721
108 533 45 24.400
109 370 13 23.377
110 120 21 6.807
111 192 19 27.567
112 750 59 38.646
113 662 14 68.114
114 289 26 86.422
115 405 38 95.760
116 1351 50 74.007
117 349 28 76.043
118 986 59 68.280
119 1376 37 19.864
120 671 29 86.012
121 615 22 43.293
122 1251 20 93.308
123 577 14 30.340
124 724 51 23.295
125 677 4 13.965
126 1233 28 37.942
127 613 2 89.963
128 349 60 94.605
129 682 8 77.881
130 1008 4 82.710
131 830 11 62.728
132 33 32 65.553
133 1295 11 55.026
134 1393 30 43.409
135 1373 6 68.714
136 864 35 93.630
137 496 43 14.741
138 370 46 88.020
139 758 28 50.270
140 256 11 20.812
141 421 21 49.140
142 511 23 62.221
143 54 47 59.434
144 236 40 75.595
145 228 14 54.562
146 875 9 42.951
147 149 42 55.561
148 991 59 39.008
149 1272 13 98.435
150 385 2 98.661
151 1223 43 16.549
152 409 48 23.651
153 595 32 9.058
154 911 48 51.529
155 1259 6 51.839
156 192 45 78.279
157 1082 14 0.178
158 616 54 82.024
159 70 27 99.485
160 594 7 93.155
161 621 53 68.000
162 774 8 60.002
163 1287 4 60.647
164 412 25 89.177
165 212 10 67.777
166 840 15 46.282
167 1114 50 60.296
168 1292 51 34.411
169 964 10 16.666
170 388 38 69.313
171 340 60 13.990
172 1377 60 15.036
173 263 40 31.074
174 962 21 12.290
175 551 54 24.436
176 169 34 98.568
177 1050 51 38.517
178 828 25 1.298
179 760 57 44.710
180 376 59 81.522
181 606 57 14.055
182 1352 3 23.481
183 1383 56 41.327
184 1362 1 16.395
185 200 38 86.128
186 381 33 33.870
187 1250 57 84.022
188 331 7 71.262
189 199 42 32.736
190 1226 29 84.322
191 1438 28 35.057
192 1378 18 98.798
193 787 50 35.294
194 1221 30 25.225
195 1370 23 14.611
196 619 43 60.175
197 1283 43 69.471
198 1135 11 30.515
199 194 32 43.618
200 461 11 33.176