200
1 1015 19 54.369
2 67 8 41.618
3 299 19 84.061
4 285 42 88.497
5 1400 5 11.115
6 1062 58 89.065
7 1172 17 62.832
8 1428 19 4.095
9 962 48 53.205
10 355 32 38.477
11 1135 40 4.855
12 271 18 99.722
13 1419 37 58.902
14 21 13 35.131
15 280 55 76.522
16 887 16 69.959
17 1219 59 35.472
18 887 26 49.090
19 1380 53 47.312
20 786 31 52.627
21 898 43 39.076
22 1218 53 64.115
23 976 4 25.971
24 1192 47 61.103
25 1410 14 32.379
26 1215 28 6.145
27 1375 3 71.252
28 787 50 25.841
29 1174 35 79.088
30 69 57 41.117
31 835 13 71.154
32 77 16 58.395
33 1162 10 74.407
34 1125 21 84.958
35 1129 3 97.267
36 1022 59 55.284
37 1039 3 80.067
38 892 1 72.131
39 1080 29 72.751
40 580 22 48.009
41 283 28 99.044
42 793 54 80.225
43 1006 37 41.834
44 1019 3 40.366
45 1357 54 50.471
46 436 6 98.663
47 1114 40 67.185
48 310 2 6.172
49 562 59 68.583
50 1284 29 3.288
51 695 11 70.498
52 1286 28 81.274
53 1181 48 47.429
54 1108 13 1.294
55 80 30 34.559
56 1252 50 72.503
57 1159 34 27.838
58 838 33 87.310
59 63 36 96.953
60 313 11 99.151
61 1398 33 60.594
62 490 9 51.276
63 1308 28 11.815
64 858 20 37.874
65 385 32 11.186
66 1278 6 81.926
67 29 25 20.656
68 1104 51 35.018
69 1115 21 53.263
70 499 57 36.228
71 1129 15 25.073
72 487 45 74.426
73 494 22 22.010
74 1133 30 14.833
75 1207 55 10.117
76 758 30 86.109
77 552 2 17.055
78 251 36 30.876
79 382 47 41.996
80 457 4 25.033
81 255 58 64.131
82 136 38 87.822
83 998 59 53.927
84 320 28 35.098
85 368 58 75.787
86 27 11 37.888
87 1295 11 51.482
88 224 4 63.600
89 1317 11 95.681
90 859 51 20.245
91 195 53 97.921
92 1045 20 42.999
93 1220 48 81.515
94 515 45 19.277
95 278 39 76.937
96 104 4 71.598
97 1176 22 9.536
98 1161 39 2.891
99 1361 26 52.057
100 154 13 60.201
101 352 18 62.630
102 272 36 16.547
103 160 43 2.913
104 941 10 63.067
105 602 49 93.887
106 749 10 88.742
107 1248 54 18.650
108 676 24 47.798
109 1170 11 0.408
110 176 29 68.384
111 591 43 39.292
112 1207 12 89.829
113 173 3 93.234
114 183 25 95.415
115 1356 19 51.021
116 474 27 17.269
117 1269 56 45.691
118 740 17 63.844
119 803 37 41.339
120 472 48 48.095
121 1169 34 96.694
122 602 55 55.376
123 236 6 49.835
124 668 10 75.890
125 350 43 21.512
126 195 38 58.680
127 387 6 53.279
128 1213 31 62.607
129 553 6 55.391
130 1394 30 80.764
131 495 52 27.268
132 25 39 80.971
133 244 43 29.315
134 1071 48 29.710
135 88 54 28.461
136 299 51 9.942
137 97 3 46.963
138 88 16 30.475
139 426 6 49.239
140 985 45 35.782
141 878 49 11.078
142 307 36 86.383
143 269 16 98.644
144 664 6 90.047
145 531 35 62.782
146 490 4 83.135
147 1435 2 93.072
148 974 50 76.414
149 1075 10 28.700
150 135 44 11.607
151 43 27 62.502
152 783 6 38.359
153 466 19 6.139
154 990 53 60.808
155 81 33 92.748
156 318 59 5.866
157 9 1 57.241
158 683 36 51.217
159 847 47 84.581
160 1398 44 27.252
161 501 15 58.948
162 1287 34 31.865
163 1229 14 4.513
164 1402 26 26.038
165 880 41 76.885
166 892 14 89.402
167 848 38 40.162
168 1249 9 96.780
169 1432 49 43.250
170 1166 26 37.014
171 1089 55 33.948
172 108 47 74.333
173 397 2 70.986
174 672 31 82.621
175 1151 20 91.412
176 383 11 27.817
177 924 52 57.232
178 1119 19 30.721
179 386 25 94.159
180 1095 15 6.775
181 140 9 53.881
182 550 56 8.663
183 866 1 12.162
184 699 53 28.351
185 1326 53 12.338
186 689 33 17.161
187 591 38 37.854
188 956 51 60.231
189 353 18 18.262
190 8 15 66.709
191 721 37 37.613
192 1131 49 92.030
193 713 14 26.742
194 1231 27 87.240
195 1302 24 48.209
196 925 60 65.117
197 477 8 51.296
198 1033 23 0.854
199 560 6 1.089
200 143 29 93.703