200
1 637 42 41.885
2 1298 37 38.028
3 296 49 46.356
4 422 56 51.715
5 450 16 88.689
6 685 44 66.696
7 622 19 84.195
8 1073 59 82.699
9 1054 5 51.220
10 891 46 32.343
11 1031 26 2.344
12 464 9 47.327
13 911 37 61.616
14 1096 5 18.701
15 1230 48 4.692
16 184 2 59.926
17 891 33 18.114
18 920 39 4.028
19 483 37 95.582
20 408 32 20.644
21 1134 12 64.224
22 1352 9 34.946
23 607 52 99.924
24 312 59 19.118
25 803 11 18.692
26 670 44 18.387
27 708 39 27.884
28 395 52 98.250
29 1167 46 42.821
30 1170 19 53.471
31 593 23 92.411
32 594 8 83.827
33 1080 4 30.154
34 1377 48 59.217
35 333 59 67.317
36 533 43 10.633
37 1312 40 10.439
38 1357 29 93.352
39 632 50 21.563
40 699 7 58.528
41 1010 58 60.470
42 735 14 44.466
43 37 18 96.109
44 972 53 80.082
45 686 26 6.632
46 510 30 36.363
47 739 15 78.208
48 33 14 83.851
49 955 18 29.508
50 1035 25 4.112
51 372 33 74.683
52 411 18 59.688
53 291 24 15.285
54 640 38 73.675
55 562 38 23.432
56 673 35 20.133
57 788 51 38.464
58 1269 10 34.875
59 1113 30 83.823
60 1045 5 79.440
61 482 51 85.937
62 183 46 14.385
63 750 30 16.106
64 972 15 37.279
65 1207 46 7.911
66 576 5 72.008
67 461 23 96.304
68 1106 55 75.796
69 733 15 50.973
70 287 58 4.382
71 1353 34 88.014
72 1234 22 70.971
73 700 12 67.586
74 142 30 27.236
75 276 32 22.563
76 369 31 47.106
77 654 31 88.539
78 739 9 5.758
79 1101 49 44.763
80 1261 3 27.362
81 519 21 86.484
82 1380 40 65.217
83 848 49 16.965
84 1029 60 60.041
85 1131 44 34.786
86 713 10 1.080
87 869 28 23.828
88 584 31 15.170
89 946 32 85.991
90 1157 13 57.957
91 445 51 81.495
92 599 46 18.919
93 989 14 56.284
94 337 17 52.141
95 1241 36 61.844
96 1257 5 94.237
97 793 4 58.817
98 675 41 79.970
99 402 52 13.243
100 902 59 96.056
101 417 57 17.584
102 1420 3 13.831
103 1286 29 6.862
104 924 33 10.532
105 1112 23 85.875
106 100 18 47.289
107 832 38 37.179
108 185 7 86.824
109 396 12 68.070
110 52 15 27.481
111 317 25 42.258
112 1214 45 81.256
113 649 1 20.403
114 1202 36 64.939
115 1406 21 51.467
116 377 54 66.504
117 759 31 90.930
118 721 37 33.615
119 1415 52 35.373
120 924 31 28.708
121 60 15 48.978
122 416 4 13.912
123 162 13 32.854
124 1211 32 58.466
125 633 45 65.453
126 8 33 64.017
127 1396 26 82.307
128 1322 32 52.409
129 728 45 0.060
130 394 15 35.422
131 1181 40 10.563
132 883 56 6.778
133 996 54 34.956
134 804 6 87.236
135 110 9 53.492
136 1089 58 63.747
137 459 40 5.761
138 365 16 50.188
139 170 35 75.752
140 1048 60 8.902
141 857 41 28.115
142 551 53 94.751
143 940 5 73.437
144 1326 25 35.546
145 474 25 44.935
146 1232 1 15.396
147 1052 33 14.141
148 1245 53 13.291
149 1201 34 49.027
150 842 53 47.824
151 1320 27 58.088
152 633 25 29.186
153 651 13 43.652
154 1303 54 8.541
155 768 53 12.723
156 725 34 49.485
157 345 44 85.732
158 1404 17 27.938
159 169 23 79.864
160 420 18 54.290
161 667 40 29.312
162 730 27 25.783
163 18 4 34.962
164 1264 39 19.779
165 1126 1 91.991
166 92 39 45.989
167 1113 43 26.072
168 48 17 64.293
169 1065 48 69.879
170 1009 43 96.085
171 1323 29 65.497
172 738 39 40.001
173 350 57 89.681
174 954 36 20.988
175 1161 35 17.226
176 1094 56 91.284
177 1156 14 72.735
178 186 5 88.479
179 19 12 22.843
180 737 22 23.084
181 347 17 20.570
182 908 30 56.957
183 865 53 37.337
184 514 2 29.451
185 1366 56 83.466
186 776 21 88.103
187 1331 45 94.226
188 308 41 79.914
189 1054 56 31.035
190 226 26 36.410
191 1035 7 95.064
192 1040 51 49.764
193 841 16 86.936
194 621 41 52.635
195 485 9 45.753
196 1284 30 46.902
197 208 19 18.051
198 1215 39 65.108
199 862 36 32.981
200 390 58 27.480