200
1 643 17 84.379
2 1213 21 24.427
3 1208 40 38.114
4 498 21 40.440
5 760 44 57.316
6 115 32 46.387
7 1223 21 42.718
8 304 22 66.789
9 327 27 34.806
10 201 56 84.395
11 574 8 66.938
12 350 24 71.644
13 25 7 38.941
14 903 12 13.490
15 487 5 17.367
16 18 41 78.185
17 105 32 50.332
18 893 39 54.071
19 413 51 90.104
20 18 30 26.005
21 1333 45 68.154
22 583 50 77.766
23 904 7 64.695
24 126 40 39.317
25 1411 36 93.768
26 813 20 65.260
27 1281 19 43.641
28 1326 6 12.834
29 320 58 51.690
30 484 59 64.866
31 1013 38 7.036
32 654 36 46.380
33 739 42 54.107
34 782 30 6.094
35 692 5 33.874
36 745 8 79.754
37 744 51 69.324
38 999 53 0.731
39 523 29 58.416
40 510 11 75.226
41 932 47 50.271
42 165 6 94.112
43 102 4 58.032
44 1310 59 39.029
45 24 56 19.908
46 1177 59 9.326
47 1024 37 11.270
48 813 44 49.293
49 598 20 2.456
50 995 49 37.445
51 1227 14 91.304
52 768 17 14.667
53 616 41 26.125
54 112 19 49.113
55 1289 10 56.694
56 295 3 25.544
57 547 11 59.028
58 1040 20 17.019
59 1118 17 86.602
60 373 43 51.134
61 310 58 0.460
62 569 11 89.820
63 641 22 22.242
64 366 2 54.853
65 442 57 74.340
66 812 8 62.541
67 1204 34 1.182
68 1121 8 73.601
69 112 16 79.655
70 804 19 96.249
71 1405 51 19.457
72 363 53 60.183
73 1387 4 61.656
74 274 52 25.851
75 1004 60 44.808
76 322 17 37.214
77 476 22 23.489
78 986 26 54.618
79 744 39 25.177
80 508 32 47.758
81 802 17 49.965
82 76 31 28.462
83 236 50 78.557
84 1421 52 41.197
85 1023 57 93.234
86 140 57 75.056
87 1133 43 75.729
88 902 55 83.077
89 128 50 97.005
90 248 39 60.950
91 899 49 8.580
92 1331 56 74.131
93 1169 48 99.641
94 266 30 94.428
95 1272 5 22.807
96 75 59 10.121
97 252 1 98.349
98 900 6 96.422
99 86 20 0.478
100 1316 3 20.642
101 106 9 74.455
102 139 16 66.702
103 196 30 56.667
104 1164 47 77.294
105 903 15 67.616
106 1257 46 91.662
107 1207 17 60.951
108 1154 27 12.425
109 723 54 38.932
110 663 45 3.575
111 769 35 3.284
112 517 47 71.950
113 43 14 71.072
114 1163 35 82.120
115 1340 60 83.667
116 508 20 69.068
117 129 42 70.811
118 365 4 74.560
119 1210 2 96.136
120 299 53 98.874
121 1055 36 39.150
122 838 7 11.565
123 1387 23 63.200
124 980 8 93.751
125 975 57 49.161
126 111 5 8.957
127 477 45 2.958
128 1006 37 90.649
129 1103 23 62.799
130 64 14 1.577
131 890 42 64.187
132 679 20 59.093
133 1212 23 32.338
134 1282 13 62.493
135 1093 34 86.315
136 160 7 79.947
137 803 28 80.987
138 1394 11 29.388
139 495 42 8.039
140 98 21 6.025
141 155 51 66.767
142 920 22 42.649
143 580 60 37.496
144 537 5 86.632
145 823 22 44.940
146 558 28 58.562
147 196 46 12.941
148 1115 55 76.754
149 362 15 86.796
150 26 43 57.202
151 947 60 12.506
152 1262 56 69.364
153 721 55 92.694
154 180 36 19.020
155 431 27 75.020
156 170 22 57.601
157 1107 37 5.175
158 1268 48 59.722
159 1163 33 81.290
160 804 50 58.966
161 86 3 34.976
162 1109 22 36.870
163 674 46 15.565
164 361 48 65.200
165 1303 41 77.816
166 356 10 81.760
167 40 7 80.175
168 353 14 43.461
169 1043 34 95.878
170 1229 3 37.281
171 369 38 41.144
172 38 42 41.715
173 4 30 75.407
174 1044 53 41.182
175 1224 35 33.938
176 780 38 72.734
177 1153 38 20.284
178 887 32 69.515
179 1146 58 18.293
180 1147 48 37.645
181 1376 3 42.072
182 1235 54 24.080
183 370 44 63.921
184 32 43 41.966
185 1044 37 98.949
186 433 13 61.361
187 845 25 68.647
188 1435 57 69.090
189 666 11 9.888
190 940 25 20.357
191 203 15 10.396
192 363 48 17.580
193 36 45 48.254
194 723 43 98.862
195 972 7 62.583
196 505 50 65.711
197 307 57 75.387
198 117 24 71.832
199 176 59 45.156
200 869 47 73.471