200
1 783 13 85.176
2 1399 33 70.482
3 986 7 45.331
4 822 7 74.847
5 283 43 18.775
6 684 51 44.426
7 21 5 40.938
8 1300 59 87.865
9 541 60 49.620
10 1049 58 50.197
11 1102 12 15.108
12 1128 48 48.866
13 924 20 44.064
14 1340 35 55.615
15 134 19 88.850
16 1149 32 17.625
17 231 33 54.996
18 685 50 49.532
19 1382 54 73.612
20 274 31 81.923
21 897 12 41.991
22 772 16 53.231
23 1164 13 78.220
24 605 7 52.929
25 728 41 91.837
26 659 24 61.899
27 1407 4 58.446
28 1322 55 48.903
29 1142 49 20.496
30 732 34 97.334
31 385 37 30.931
32 1252 36 36.063
33 1198 15 58.733
34 761 35 70.565
35 1279 50 52.184
36 961 37 23.027
37 638 39 42.135
38 166 56 69.299
39 863 18 65.642
40 943 23 57.524
41 999 7 84.782
42 1118 15 9.976
43 1244 24 59.661
44 1180 16 34.177
45 1268 15 59.156
46 701 35 35.552
47 874 24 50.982
48 780 16 44.808
49 1321 6 67.119
50 1089 26 29.376
51 658 36 7.197
52 1089 36 65.558
53 343 33 87.169
54 508 13 63.276
55 955 6 95.130
56 856 45 0.968
57 722 11 62.426
58 1362 31 98.928
59 581 40 20.287
60 1142 55 93.737
61 126 15 76.936
62 1301 43 93.921
63 457 3 25.354
64 731 41 96.554
65 927 18 77.767
66 295 14 52.397
67 815 10 33.577
68 1141 2 64.044
69 1418 4 47.117
70 1212 40 80.586
71 580 52 48.814
72 523 48 65.176
73 1028 54 36.356
74 176 48 89.903
75 160 30 17.548
76 881 53 27.229
77 254 2 84.296
78 286 44 40.579
79 1045 45 0.114
80 89 22 37.550
81 723 22 0.665
82 900 37 67.182
83 210 26 10.085
84 941 43 74.589
85 1055 39 15.872
86 1053 18 15.910
87 734 43 51.905
88 1351 43 52.833
89 991 10 50.844
90 840 44 2.253
91 502 14 72.819
92 1242 46 22.669
93 1383 50 41.816
94 1049 5 11.135
95 1003 60 17.681
96 1305 5 57.031
97 1034 15 90.629
98 503 1 56.641
99 124 14 51.584
100 374 46 41.147
101 178 57 64.071
102 40 38 59.773
103 86 59 92.844
104 1145 16 73.664
105 819 26 77.058
106 1216 12 37.117
107 594 10 37.015
108 1145 26 53.020
109 412 42 92.020
110 206 52 96.964
111 859 9 65.167
112 1065 24 5.220
113 575 36 71.424
114 120 19 32.892
115 910 23 59.285
116 379 56 99.528
117 634 11 29.758
118 15 18 7.792
119 1424 29 24.490
120 288 7 14.051
121 1331 20 31.521
122 385 50 58.673
123 115 44 79.045
124 502 32 23.073
125 576 33 65.534
126 702 58 39.502
127 453 29 67.455
128 905 4 90.325
129 272 22 40.888
130 463 49 36.601
131 187 27 58.228
132 1258 12 16.223
133 782 27 5.137
134 1188 28 75.779
135 1141 20 34.472
136 202 17 61.976
137 496 42 55.748
138 321 17 12.375
139 1304 49 89.672
140 125 57 38.790
141 552 14 79.531
142 772 2 44.087
143 324 36 34.667
144 750 21 60.249
145 1264 34 67.669
146 358 7 41.635
147 1144 30 28.874
148 194 32 85.954
149 641 58 0.709
150 1141 40 15.714
151 1302 42 26.373
152 641 19 10.409
153 627 16 84.099
154 36 16 49.797
155 909 36 21.466
156 698 2 29.904
157 337 5 49.107
158 1389 54 73.343
159 342 31 5.859
160 51 14 0.550
161 33 46 61.206
162 477 9 98.403
163 890 50 97.561
164 1082 35 48.472
165 949 44 55.534
166 1346 15 0.547
167 1310 11 60.658
168 402 55 22.788
169 526 47 58.950
170 826 11 44.396
171 767 19 74.436
172 948 10 3.517
173 585 53 47.006
174 570 35 2.818
175 231 42 50.549
176 1360 44 93.483
177 208 16 55.938
178 1432 3 50.396
179 378 45 52.541
180 1375 20 97.840
181 1222 57 71.933
182 340 45 2.678
183 1066 30 16.924
184 25 28 40.417
185 326 22 24.645
186 26 19 89.982
187 84 15 7.229
188 1238 27 52.702
189 1422 9 52.097
190 34 55 88.147
191 315 18 60.863
192 575 19 5.114
193 1372 51 42.995
194 975 18 2.940
195 1062 11 15.348
196 33 39 23.259
197 861 51 60.875
198 1411 11 91.172
199 220 11 77.438
200 42 34 47.585