200
1 1052 30 1.465
2 1144 10 26.785
3 832 44 28.899
4 1403 59 86.517
5 308 53 93.905
6 441 54 48.838
7 44 1 11.677
8 962 21 30.010
9 515 26 53.640
10 1207 60 1.934
11 795 33 69.945
12 824 40 12.736
13 1302 47 99.840
14 1340 10 22.960
15 150 12 75.625
16 293 43 40.833
17 1019 33 35.523
18 130 49 38.971
19 1099 36 62.121
20 111 2 53.258
21 148 18 0.255
22 951 28 19.084
23 488 10 9.979
24 1044 24 98.313
25 545 57 87.449
26 299 52 23.023
27 669 7 71.609
28 353 35 2.446
29 764 51 12.238
30 430 14 23.601
31 737 9 18.124
32 1094 21 79.523
33 55 29 28.288
34 40 55 54.713
35 560 41 95.301
36 1376 44 34.298
37 676 49 35.454
38 114 8 15.837
39 827 40 62.875
40 1310 50 83.636
41 86 27 69.177
42 132 2 21.434
43 635 22 70.732
44 1225 13 61.886
45 620 17 67.707
46 1144 54 59.336
47 1355 23 47.584
48 1253 36 53.693
49 807 54 62.146
50 146 28 10.481
51 1164 15 23.640
52 1333 39 72.828
53 536 10 49.842
54 478 1 70.708
55 676 7 67.740
56 569 16 52.995
57 247 23 89.077
58 494 19 31.977
59 794 52 99.241
60 569 33 88.789
61 430 2 30.112
62 646 24 54.311
63 64 45 31.489
64 687 47 62.875
65 861 42 60.260
66 1413 26 73.617
67 893 4 52.097
68 779 36 32.043
69 177 7 1.748
70 61 58 64.315
71 1281 36 70.921
72 73 19 13.609
73 1373 2 75.872
74 1315 54 42.267
75 1386 10 71.922
76 1184 29 34.306
77 26 54 5.979
78 955 22 35.765
79 336 34 18.595
80 1044 54 37.548
81 684 13 95.993
82 1281 58 79.405
83 705 22 67.541
84 1254 37 51.955
85 260 28 19.004
86 1255 55 38.577
87 204 2 89.393
88 1237 35 3.642
89 820 51 89.936
90 928 24 46.612
91 1347 48 40.904
92 784 40 31.151
93 878 54 50.060
94 246 22 10.155
95 795 42 15.752
96 541 47 6.032
97 72 11 13.682
98 522 40 34.986
99 1110 16 78.470
100 538 42 79.115
101 893 25 69.829
102 975 48 34.257
103 64 32 63.716
104 440 27 76.515
105 255 60 71.916
106 1184 58 90.192
107 1060 57 15.883
108 22 7 0.860
109 1267 37 96.711
110 495 39 4.014
111 1193 29 66.725
112 123 18 14.029
113 578 47 88.383
114 230 23 79.737
115 477 59 53.588
116 1166 14 32.162
117 185 45 55.014
118 308 42 97.682
119 630 12 28.039
120 929 7 89.270
121 205 39 14.687
122 1273 53 88.804
123 223 36 42.541
124 1324 55 43.702
125 765 47 30.730
126 1324 7 91.352
127 323 32 99.737
128 51 56 99.907
129 700 29 48.904
130 314 10 93.500
131 263 36 73.651
132 744 4 11.518
133 165 8 46.623
134 1195 9 71.097
135 1308 3 74.815
136 1151 21 95.297
137 393 17 58.961
138 329 60 59.842
139 262 2 59.259
140 1381 51 58.704
141 1178 25 42.250
142 1217 15 19.448
143 864 25 27.847
144 359 40 83.553
145 330 25 13.000
146 420 3 69.930
147 1124 16 45.483
148 643 12 26.196
149 1289 45 55.402
150 630 46 25.040
151 1040 32 49.717
152 1217 44 86.603
153 634 33 98.482
154 926 36 45.412
155 113 42 47.680
156 737 47 79.237
157 986 39 58.951
158 1161 16 98.004
159 99 59 27.005
160 390 41 84.171
161 352 42 79.729
162 79 13 28.348
163 679 46 51.939
164 364 36 56.514
165 850 7 18.598
166 993 52 9.991
167 343 22 34.813
168 1212 18 44.728
169 393 10 23.556
170 506 57 41.584
171 292 4 24.619
172 1182 18 93.939
173 713 56 4.904
174 591 38 21.696
175 360 33 50.113
176 460 7 31.449
177 918 3 8.334
178 1320 40 61.684
179 250 35 26.742
180 307 3 48.083
181 1019 3 22.659
182 1082 60 86.179
183 17 41 45.788
184 912 29 2.228
185 1281 50 23.170
186 1323 22 25.100
187 864 48 50.454
188 769 10 4.490
189 971 11 87.578
190 517 28 35.033
191 223 16 73.712
192 854 39 92.854
193 177 29 32.705
194 1081 54 18.729
195 243 15 60.168
196 37 58 12.627
197 932 2 64.997
198 631 34 76.924
199 242 8 13.977
200 888 34 19.922