200
1 219 35 52.859
2 738 25 66.476
3 596 10 19.963
4 845 20 19.787
5 415 31 48.542
6 1021 34 40.412
7 559 39 20.422
8 43 9 87.695
9 985 26 99.104
10 556 31 0.445
11 1375 24 88.584
12 869 12 56.234
13 1244 46 91.471
14 838 6 69.126
15 1258 49 15.477
16 1080 35 8.292
17 1200 41 94.983
18 1084 29 49.019
19 893 5 2.441
20 357 23 55.765
21 703 57 9.899
22 630 2 84.005
23 1047 27 85.932
24 133 14 85.842
25 1296 44 52.539
26 1254 11 11.758
27 256 17 85.663
28 229 54 3.235
29 94 6 19.455
30 357 60 85.793
31 1117 50 86.843
32 845 52 43.286
33 962 53 41.366
34 375 50 18.317
35 1064 45 4.248
36 1432 57 12.540
37 1068 15 3.314
38 290 32 60.163
39 769 57 78.839
40 1203 7 95.628
41 646 24 50.801
42 238 33 5.026
43 51 13 71.383
44 923 21 80.819
45 270 57 66.206
46 581 9 2.248
47 742 35 20.191
48 142 56 32.762
49 519 36 7.757
50 1206 43 81.660
51 1081 39 15.544
52 149 10 90.580
53 157 39 51.978
54 1042 19 17.225
55 1027 24 0.269
56 1194 50 1.278
57 1372 40 78.620
58 176 7 1.381
59 1143 9 16.519
60 815 30 91.276
61 1070 60 79.325
62 624 53 59.982
63 1409 60 42.443
64 1422 22 73.926
65 582 59 64.355
66 147 17 70.620
67 302 24 76.079
68 904 57 77.056
69 234 5 39.459
70 1400 14 31.488
71 1240 37 50.307
72 608 37 55.822
73 702 13 37.637
74 1094 32 59.023
75 365 31 34.168
76 222 47 44.035
77 353 10 30.235
78 904 54 18.760
79 838 57 1.348
80 64 41 41.591
81 788 54 76.617
82 104 22 71.068
83 1384 58 77.709
84 1212 19 75.476
85 1176 13 91.966
86 1430 59 62.579
87 757 11 85.796
88 1081 47 35.217
89 144 29 58.050
90 543 16 88.822
91 1425 23 56.184
92 54 24 93.627
93 336 10 4.712
94 900 48 10.561
95 694 32 15.446
96 1104 3 99.501
97 504 32 64.527
98 719 4 4.264
99 1420 31 48.007
100 439 47 59.614
101 523 53 73.411
102 382 35 32.996
103 1282 29 49.689
104 1198 12 48.819
105 260 58 50.292
106 1150 51 7.169
107 473 12 60.047
108 425 20 16.557
109 361 31 48.347
110 98 18 50.867
111 356 20 91.448
112 1282 6 66.522
113 468 48 60.711
114 417 7 70.327
115 281 51 0.577
116 4 40 51.417
117 110 30 50.983
118 316 38 97.000
119 622 17 75.719
120 370 13 11.675
121 754 32 87.810
122 700 38 90.284
123 910 18 43.247
124 858 20 38.548
125 650 7 0.711
126 37 50 78.385
127 43 60 60.639
128 21 25 32.891
129 669 13 53.540
130 89 46 70.189
131 971 38 50.537
132 476 60 29.302
133 917 60 16.483
134 344 53 87.261
135 454 50 7.105
136 554 44 65.836
137 932 37 67.988
138 907 26 60.428
139 66 50 34.632
140 487 56 5.014
141 267 52 3.831
142 568 15 51.203
143 924 39 3.366
144 778 54 92.986
145 369 13 40.724
146 108 16 23.802
147 1344 48 72.645
148 142 37 80.152
149 651 60 9.803
150 647 32 52.531
151 382 39 14.784
152 843 22 31.188
153 1271 54 80.506
154 1229 7 30.252
155 676 13 65.316
156 253 59 40.294
157 1385 6 57.102
158 346 60 56.017
159 489 19 56.373
160 816 28 87.023
161 1251 27 33.374
162 1252 30 40.713
163 322 2 69.297
164 1106 29 66.480
165 1372 41 36.510
166 1121 8 91.437
167 581 50 67.936
168 503 28 53.437
169 245 33 42.768
170 357 58 55.345
171 1169 59 2.635
172 495 42 72.984
173 465 42 67.865
174 630 35 94.629
175 618 55 4.581
176 1305 28 36.693
177 300 26 86.967
178 683 51 26.100
179 544 47 43.800
180 34 35 48.282
181 247 12 17.542
182 710 39 68.387
183 541 27 86.978
184 782 52 32.508
185 607 41 95.622
186 991 25 10.218
187 1016 28 89.739
188 1414 53 96.977
189 1050 19 94.949
190 988 51 79.079
191 214 40 29.605
192 1140 20 28.329
193 251 48 58.960
194 509 42 75.893
195 1156 35 2.131
196 536 6 4.670
197 817 33 63.067
198 835 59 75.701
199 644 3 11.921
200 65 58 54.498