200
1 705 42 50.503
2 400 15 91.000
3 1174 32 81.505
4 293 18 49.818
5 942 26 36.736
6 38 44 3.024
7 315 2 22.255
8 98 55 62.513
9 174 19 88.552
10 143 2 41.831
11 701 50 97.411
12 16 31 85.862
13 936 7 67.121
14 611 35 16.458
15 470 10 10.389
16 438 40 42.487
17 942 29 93.502
18 316 15 5.343
19 168 41 97.373
20 636 59 17.898
21 520 2 25.282
22 763 38 57.469
23 514 60 87.861
24 1020 2 28.041
25 1205 4 97.748
26 447 7 46.673
27 653 55 74.364
28 590 13 92.783
29 835 42 15.082
30 1293 40 73.738
31 1094 43 1.709
32 26 17 45.508
33 824 26 53.810
34 838 20 0.494
35 63 52 18.615
36 449 48 90.641
37 41 28 78.483
38 830 45 79.887
39 957 27 4.621
40 475 39 42.133
41 1011 9 9.524
42 220 51 98.221
43 1163 36 44.995
44 1191 51 20.684
45 639 40 84.098
46 295 57 71.205
47 288 43 41.209
48 917 47 27.761
49 39 41 27.044
50 434 19 6.740
51 690 42 44.596
52 1029 46 10.195
53 510 23 4.806
54 1406 20 10.213
55 1014 32 82.770
56 1093 35 1.266
57 754 5 51.734
58 533 47 23.526
59 717 56 13.233
60 615 12 63.030
61 462 19 22.772
62 554 34 24.640
63 381 49 74.468
64 353 28 56.214
65 518 54 38.879
66 307 51 0.671
67 834 38 44.078
68 364 25 70.062
69 675 55 12.196
70 116 21 46.931
71 820 55 87.121
72 738 25 83.212
73 262 57 85.269
74 966 47 78.317
75 1124 21 11.308
76 1052 31 87.604
77 1427 39 72.345
78 16 39 44.567
79 792 57 62.063
80 279 55 88.199
81 1263 58 71.443
82 1115 10 21.542
83 904 23 31.562
84 263 23 10.964
85 807 20 85.461
86 571 33 24.990
87 344 44 91.510
88 478 31 10.990
89 338 36 64.372
90 30 16 58.350
91 1321 3 8.849
92 1345 22 55.145
93 855 17 65.958
94 1078 35 53.630
95 237 17 99.083
96 1 7 89.503
97 1254 26 98.964
98 725 13 8.407
99 1090 8 7.708
100 645 56 45.515
101 82 7 77.285
102 520 16 29.142
103 69 1 80.270
104 893 5 93.032
105 437 40 27.963
106 1205 28 96.115
107 857 29 85.092
108 127 33 89.061
109 1250 14 24.844
110 993 1 10.700
111 444 40 59.762
112 589 2 29.196
113 177 52 1.691
114 281 27 79.982
115 343 42 80.546
116 294 34 14.231
117 320 57 41.647
118 769 5 88.505
119 981 17 70.578
120 574 35 76.595
121 360 19 74.365
122 1199 28 84.401
123 363 44 1.312
124 1088 60 58.282
125 190 26 41.674
126 819 50 36.282
127 1372 39 32.507
128 684 47 20.902
129 1325 8 63.919
130 228 14 40.837
131 831 28 44.803
132 321 22 89.106
133 618 18 4.089
134 267 35 42.383
135 1320 1 54.099
136 273 56 55.003
137 7 9 86.570
138 48 5 28.192
139 370 32 53.438
140 1061 32 35.467
141 664 60 33.744
142 1124 19 81.527
143 228 21 92.069
144 946 39 75.879
145 1313 11 62.901
146 786 31 9.406
147 317 16 39.500
148 834 27 2.373
149 365 23 33.022
150 941 43 77.486
151 1124 26 32.461
152 1188 54 56.682
153 466 1 46.181
154 1415 38 53.351
155 897 17 46.671
156 438 55 12.993
157 956 59 98.506
158 600 50 75.743
159 285 9 32.617
160 1143 26 85.672
161 187 52 88.749
162 1061 52 76.983
163 655 6 99.618
164 1282 59 3.115
165 177 34 76.485
166 902 43 88.888
167 111 52 43.770
168 824 23 94.632
169 433 38 9.593
170 1006 24 62.198
171 31 51 4.166
172 222 38 34.534
173 1315 15 74.553
174 471 14 93.994
175 1262 11 81.362
176 901 16 93.850
177 98 17 0.348
178 130 33 84.915
179 204 55 40.060
180 100 49 39.572
181 633 56 10.889
182 317 10 0.251
183 479 38 98.623
184 196 18 40.424
185 397 42 88.614
186 874 8 57.445
187 1380 45 69.304
188 1046 34 95.738
189 441 35 75.414
190 30 35 84.253
191 156 34 44.739
192 102 59 83.128
193 1413 58 42.557
194 647 44 5.717
195 201 2 25.179
196 259 26 54.672
197 727 50 14.058
198 302 8 85.503
199 1240 12 42.768
200 92 46 80.386