200
1 15 52 70.189
2 1004 9 99.783
3 225 49 97.847
4 751 21 1.514
5 111 57 60.171
6 1287 26 73.079
7 90 4 76.415
8 1433 6 80.378
9 1062 4 11.618
10 344 12 21.929
11 565 29 75.053
12 191 57 78.394
13 511 32 43.168
14 842 1 54.730
15 353 7 26.760
16 130 15 64.770
17 628 35 55.694
18 593 5 54.279
19 351 60 70.607
20 385 26 84.114
21 822 9 47.647
22 1207 20 79.828
23 380 6 36.930
24 1199 4 62.682
25 401 27 83.327
26 1190 7 74.851
27 1026 44 21.966
28 530 7 68.081
29 1239 10 27.190
30 555 7 69.359
31 1346 22 23.909
32 905 57 45.871
33 191 55 86.064
34 108 11 38.016
35 428 13 21.955
36 248 58 33.005
37 1207 49 23.709
38 1430 39 81.284
39 110 56 75.518
40 1000 5 64.166
41 435 11 74.856
42 628 28 69.708
43 1054 25 62.684
44 180 4 80.762
45 1113 46 79.226
46 866 17 65.998
47 70 54 44.779
48 835 39 21.183
49 426 46 21.157
50 1270 35 62.699
51 811 50 36.052
52 563 11 7.592
53 99 49 26.024
54 1075 39 67.923
55 832 16 23.388
56 1128 5 16.458
57 42 9 30.363
58 1015 52 82.168
59 375 53 4.608
60 579 38 31.531
61 1118 42 2.440
62 1162 3 42.210
63 1021 46 39.840
64 674 25 40.629
65 267 45 29.905
66 455 12 72.707
67 890 17 17.858
68 1413 47 11.455
69 1319 22 37.079
70 1303 27 29.676
71 1038 9 88.835
72 801 39 57.269
73 1424 35 53.348
74 1238 17 64.444
75 912 50 22.028
76 344 57 4.305
77 1287 24 36.370
78 89 1 61.294
79 166 42 81.494
80 98 31 7.668
81 974 7 42.420
82 552 13 32.771
83 1318 48 9.076
84 977 29 87.884
85 382 27 93.721
86 316 27 50.886
87 1194 33 57.122
88 25 3 4.707
89 1123 24 7.732
90 1074 45 99.922
91 1047 37 73.516
92 762 6 66.215
93 1041 30 57.307
94 1364 19 40.931
95 156 28 63.437
96 380 31 89.200
97 119 36 75.300
98 57 24 53.924
99 745 46 33.526
100 619 45 92.272
101 952 26 81.547
102 422 3 28.205
103 526 53 16.100
104 121 50 60.873
105 38 54 45.109
106 567 41 1.123
107 947 35 13.996
108 992 47 99.200
109 429 54 46.578
110 1337 35 27.487
111 584 30 92.270
112 682 50 88.739
113 366 38 56.663
114 52 1 54.812
115 542 44 10.795
116 1281 24 3.794
117 1266 5 34.583
118 609 8 1.441
119 360 31 79.672
120 1334 50 90.491
121 1155 51 63.417
122 498 24 33.328
123 71 10 17.818
124 336 5 76.846
125 497 46 57.531
126 481 46 58.874
127 695 20 61.566
128 605 52 55.065
129 274 53 49.792
130 623 43 91.424
131 20 42 13.937
132 525 6 29.794
133 957 39 14.874
134 543 40 49.227
135 1192 30 21.012
136 151 37 65.936
137 133 22 75.066
138 1338 31 83.566
139 136 52 42.653
140 1024 5 54.415
141 969 46 61.250
142 119 17 12.913
143 408 4 65.361
144 806 40 33.602
145 529 23 48.096
146 608 18 37.678
147 433 48 89.843
148 610 8 44.653
149 672 25 89.157
150 274 24 7.591
151 667 45 7.507
152 369 37 21.786
153 1100 18 44.335
154 1097 33 61.039
155 388 57 34.669
156 1357 28 49.199
157 977 24 12.051
158 1239 14 83.397
159 1218 5 38.918
160 1085 52 33.600
161 185 26 2.840
162 1056 54 89.736
163 1079 52 85.898
164 1402 12 43.225
165 202 17 45.754
166 454 20 4.909
167 673 34 31.476
168 851 14 84.915
169 878 17 11.135
170 1059 2 63.277
171 923 38 73.390
172 590 30 14.448
173 339 56 72.219
174 206 40 12.994
175 54 3 62.900
176 415 6 47.768
177 1252 52 33.137
178 1260 14 90.464
179 1339 35 52.305
180 627 20 84.697
181 1086 19 13.514
182 852 48 98.337
183 897 45 82.367
184 566 26 2.427
185 51 47 7.647
186 776 26 68.653
187 1035 13 80.066
188 924 9 37.422
189 1191 4 60.670
190 461 41 2.654
191 351 15 57.527
192 1000 17 82.498
193 1267 23 58.230
194 1365 34 38.946
195 98 60 18.169
196 862 2 37.823
197 201 43 89.312
198 812 9 66.616
199 337 35 28.922
200 1069 43 36.124