200
1 1131 1 50.813
2 521 11 31.762
3 510 34 32.878
4 30 21 57.975
5 1088 43 34.510
6 190 29 38.197
7 466 40 79.415
8 1044 5 75.092
9 787 57 99.848
10 666 4 0.179
11 754 51 71.582
12 1250 44 35.610
13 346 1 94.806
14 295 24 1.759
15 1166 45 15.959
16 100 33 47.460
17 275 40 7.770
18 364 37 20.861
19 944 45 50.578
20 1423 12 83.184
21 184 51 39.716
22 277 36 53.117
23 1120 6 33.107
24 278 57 90.221
25 284 22 16.940
26 673 32 36.645
27 704 3 75.136
28 73 38 83.448
29 940 25 89.351
30 1161 51 92.749
31 1268 31 58.475
32 379 32 70.049
33 333 47 45.318
34 1283 51 70.570
35 303 50 22.014
36 355 5 24.676
37 250 7 36.690
38 125 23 7.456
39 691 47 45.855
40 132 38 80.499
41 603 31 46.581
42 831 34 26.224
43 570 18 48.024
44 1246 31 47.235
45 529 4 92.123
46 1410 26 70.235
47 1339 20 56.090
48 782 28 14.802
49 470 18 40.115
50 185 7 60.200
51 360 18 8.400
52 642 54 3.820
53 860 39 64.766
54 306 50 63.260
55 894 54 79.314
56 456 23 88.491
57 135 42 20.206
58 682 27 62.059
59 1019 30 36.412
60 539 18 36.202
61 779 27 97.551
62 33 20 63.373
63 849 14 39.662
64 1019 25 63.633
65 377 14 61.752
66 1074 40 57.282
67 107 12 79.611
68 374 3 19.906
69 81 53 36.656
70 684 28 87.185
71 691 1 93.024
72 31 3 20.081
73 935 58 93.397
74 603 28 86.966
75 354 34 9.229
76 1072 30 38.623
77 1130 44 65.875
78 769 20 7.776
79 400 19 81.307
80 50 5 61.344
81 345 39 78.117
82 801 55 96.195
83 65 47 36.412
84 350 21 73.353
85 1005 50 91.639
86 262 60 79.043
87 525 46 79.611
88 162 60 92.472
89 50 40 83.553
90 542 35 75.932
91 127 20 6.872
92 373 8 2.864
93 823 58 46.366
94 1255 36 8.168
95 434 33 73.395
96 1342 30 57.821
97 632 3 70.734
98 1394 7 45.226
99 1417 36 78.573
100 92 24 92.639
101 1201 56 86.387
102 1017 33 15.955
103 1327 46 75.917
104 1030 3 48.427
105 662 46 70.185
106 947 37 63.603
107 1436 9 97.506
108 124 32 51.530
109 518 54 69.525
110 367 18 88.847
111 889 48 56.146
112 11 46 85.881
113 815 16 61.801
114 505 32 86.168
115 1106 36 18.811
116 1329 42 13.215
117 784 47 98.401
118 316 53 10.103
119 1260 23 83.603
120 1175 55 56.673
121 1223 13 13.440
122 702 23 25.199
123 336 57 93.957
124 580 27 34.891
125 341 1 64.138
126 596 30 99.826
127 882 60 71.932
128 322 34 17.052
129 279 25 14.461
130 730 57 37.588
131 524 47 51.810
132 589 48 23.240
133 36 8 74.680
134 371 36 59.259
135 543 37 2.745
136 1107 29 77.825
137 5 28 86.553
138 1178 1 84.074
139 1071 50 27.284
140 1090 51 64.925
141 747 42 9.135
142 550 57 50.064
143 56 56 93.193
144 526 32 79.633
145 904 26 69.589
146 600 41 45.493
147 781 46 8.113
148 912 6 24.824
149 1059 4 21.227
150 428 45 80.825
151 856 36 33.024
152 1161 17 2.977
153 1071 41 76.044
154 1300 20 98.907
155 52 26 45.722
156 558 23 30.938
157 1427 59 66.060
158 80 27 35.857
159 455 7 15.039
160 671 10 84.181
161 1103 11 81.645
162 953 20 57.642
163 464 59 10.514
164 152 48 80.717
165 680 30 55.057
166 739 9 75.987
167 1068 47 81.460
168 954 54 81.615
169 375 56 48.695
170 16 19 15.040
171 826 45 8.012
172 240 4 6.224
173 580 4 69.021
174 642 43 8.184
175 907 49 57.784
176 766 44 77.879
177 185 30 96.346
178 218 59 14.873
179 305 45 92.527
180 1061 5 31.599
181 13 21 32.293
182 1008 7 73.777
183 1175 50 23.622
184 630 38 77.709
185 987 19 44.450
186 425 56 42.457
187 323 10 11.500
188 538 5 24.026
189 632 10 46.305
190 842 1 86.516
191 542 40 89.815
192 1008 34 47.505
193 202 46 28.750
194 734 44 30.198
195 199 59 35.161
196 213 24 48.106
197 191 34 75.929
198 392 26 27.267
199 697 7 94.588
200 1099 27 0.634