200
1 432 27 46.145
2 625 56 80.434
3 902 16 27.476
4 1037 11 23.748
5 496 37 93.800
6 773 22 67.658
7 913 7 11.199
8 692 17 90.742
9 171 34 81.728
10 391 11 91.499
11 881 5 89.536
12 1056 32 27.059
13 1241 50 20.879
14 198 21 14.951
15 1002 18 47.489
16 93 48 91.456
17 189 16 87.764
18 653 18 75.473
19 796 53 54.631
20 399 52 34.199
21 82 20 71.095
22 579 5 40.752
23 451 27 82.174
24 1349 9 8.600
25 421 45 4.600
26 228 19 73.588
27 958 50 12.278
28 1355 34 73.918
29 1312 20 15.862
30 521 19 32.188
31 429 56 73.163
32 162 37 92.800
33 394 36 98.084
34 208 46 34.080
35 249 9 44.700
36 720 57 15.462
37 1017 40 7.059
38 1279 38 48.939
39 1418 59 18.262
40 838 16 12.748
41 1182 53 44.834
42 702 58 91.695
43 744 31 97.672
44 1077 8 25.702
45 998 16 63.686
46 1322 40 55.229
47 626 60 9.948
48 1003 51 69.039
49 50 35 37.781
50 889 34 12.739
51 805 40 51.910
52 703 26 91.073
53 1065 15 33.096
54 978 34 2.571
55 500 4 13.976
56 168 3 2.585
57 157 33 19.711
58 1384 39 76.552
59 1261 60 65.569
60 476 36 32.325
61 1319 23 48.730
62 482 16 38.502
63 705 37 26.807
64 274 58 27.107
65 359 29 50.549
66 875 38 96.467
67 41 36 94.107
68 438 54 60.300
69 262 38 69.456
70 1437 53 3.351
71 354 28 98.877
72 655 41 45.145
73 165 24 73.235
74 641 48 16.679
75 1195 16 69.200
76 995 14 19.571
77 133 55 72.477
78 953 20 22.724
79 1211 2 63.572
80 819 18 7.093
81 537 1 78.298
82 463 36 25.309
83 818 37 99.668
84 17 33 41.716
85 536 3 26.061
86 1086 18 13.591
87 715 5 81.810
88 1379 13 80.263
89 522 14 22.486
90 507 4 67.606
91 432 24 55.818
92 618 33 95.041
93 1333 34 28.137
94 271 25 41.270
95 957 2 60.591
96 48 32 94.975
97 815 50 25.564
98 1349 4 69.768
99 190 53 43.604
100 1440 9 40.563
101 1174 2 51.247
102 758 27 41.373
103 388 35 57.113
104 1079 51 80.911
105 678 25 53.338
106 1271 1 9.564
107 290 7 19.110
108 1326 32 18.688
109 664 15 53.290
110 415 50 74.073
111 985 57 45.495
112 768 36 20.047
113 355 33 91.075
114 632 40 40.940
115 56 3 27.095
116 740 47 65.507
117 816 41 94.295
118 1402 34 45.083
119 544 50 50.373
120 421 18 74.968
121 557 1 84.542
122 816 30 16.147
123 1159 34 90.491
124 1323 49 23.105
125 332 49 0.193
126 324 7 63.890
127 456 18 52.327
128 34 17 64.200
129 242 57 51.282
130 1092 34 15.157
131 1270 11 64.644
132 1177 32 11.444
133 538 56 95.614
134 726 43 74.765
135 1133 19 4.455
136 215 48 86.263
137 866 44 54.495
138 793 57 86.036
139 497 18 89.611
140 331 40 39.400
141 937 42 94.632
142 205 24 27.160
143 1398 57 62.931
144 75 34 26.905
145 1353 39 61.931
146 1199 3 49.891
147 1057 12 56.471
148 550 29 14.412
149 421 4 73.080
150 651 47 78.926
151 394 24 43.820
152 842 7 42.783
153 726 37 86.557
154 737 41 18.240
155 483 33 18.463
156 115 12 13.663
157 1424 51 75.121
158 1078 2 16.546
159 738 25 24.435
160 249 16 90.607
161 1302 8 38.937
162 162 60 81.308
163 217 11 9.696
164 984 52 50.176
165 470 8 58.412
166 973 42 58.696
167 1132 50 79.903
168 513 41 74.242
169 857 10 13.972
170 732 1 78.114
171 347 15 3.242
172 1171 38 31.914
173 45 34 33.923
174 1315 56 63.751
175 749 24 9.184
176 1173 42 48.400
177 82 11 69.243
178 1163 41 92.743
179 498 58 40.401
180 734 35 13.816
181 1426 48 48.961
182 379 11 15.726
183 1237 17 67.334
184 1135 60 17.254
185 253 44 53.589
186 285 9 69.059
187 485 57 65.374
188 1057 34 28.897
189 817 47 33.525
190 1054 19 33.313
191 716 3 29.930
192 625 44 73.785
193 370 35 54.778
194 1197 21 54.975
195 833 49 8.670
196 1196 55 1.591
197 985 21 35.678
198 1129 46 95.080
199 1036 48 56.782
200 1013 18 64.174