200
1 1380 55 80.408
2 282 13 56.517
3 1439 31 52.712
4 873 8 27.973
5 567 13 3.835
6 722 48 64.987
7 736 41 89.351
8 499 5 92.061
9 460 47 62.603
10 561 33 3.519
11 1292 55 51.692
12 891 41 62.719
13 257 57 74.918
14 743 3 91.520
15 345 20 22.316
16 196 55 78.819
17 867 13 28.532
18 593 46 20.672
19 149 35 76.035
20 394 33 86.416
21 1255 42 76.813
22 530 44 51.860
23 1040 50 27.805
24 129 5 16.241
25 1393 11 29.058
26 77 51 3.638
27 1146 29 19.734
28 2 31 51.783
29 763 55 85.135
30 71 54 67.334
31 202 40 55.097
32 1160 36 93.071
33 1028 46 14.774
34 150 48 8.949
35 467 54 90.823
36 58 58 70.321
37 978 7 49.658
38 546 1 17.718
39 63 26 33.308
40 1117 36 14.731
41 1009 20 41.851
42 1213 44 38.141
43 1211 27 61.219
44 1330 12 74.371
45 532 28 50.956
46 1206 51 61.820
47 715 43 62.993
48 1293 8 25.750
49 413 21 69.743
50 879 16 99.470
51 320 39 33.772
52 1035 37 61.692
53 1123 41 89.010
54 213 32 2.154
55 757 3 56.524
56 610 15 67.488
57 915 38 71.520
58 110 4 61.444
59 869 19 60.933
60 1125 32 49.853
61 1079 18 34.224
62 474 55 54.243
63 395 4 45.563
64 921 49 48.517
65 1127 35 36.221
66 990 27 60.829
67 9 21 19.599
68 446 20 54.275
69 1101 6 59.441
70 752 3 29.356
71 671 5 30.134
72 1284 25 96.157
73 612 50 60.995
74 1105 18 95.460
75 225 27 94.819
76 255 47 39.896
77 641 43 4.115
78 202 56 16.670
79 470 51 49.231
80 849 36 94.528
81 503 25 16.310
82 303 44 21.018
83 408 49 56.493
84 332 30 30.508
85 129 36 46.483
86 415 19 85.070
87 919 24 55.725
88 807 25 63.679
89 110 60 92.261
90 6 33 23.423
91 804 48 69.368
92 197 37 57.567
93 841 35 62.194
94 944 53 0.368
95 1289 53 46.638
96 1315 45 29.370
97 834 58 44.168
98 730 9 72.946
99 828 18 58.497
100 1191 12 14.417
101 1034 1 41.192
102 477 13 52.500
103 229 40 27.047
104 1259 23 83.402
105 528 14 63.286
106 126 4 38.490
107 455 52 27.175
108 737 8 24.573
109 666 32 1.089
110 727 3 68.402
111 1289 20 91.758
112 309 21 97.003
113 775 8 53.996
114 1181 14 3.372
115 1229 38 44.384
116 1247 42 59.117
117 900 12 79.131
118 635 19 81.891
119 1049 36 58.620
120 409 37 42.632
121 622 54 77.056
122 1390 16 13.540
123 857 50 0.675
124 951 9 38.452
125 1176 27 97.020
126 1113 1 14.248
127 141 10 79.575
128 725 20 48.204
129 692 37 36.615
130 200 12 53.142
131 1431 53 20.291
132 871 36 81.131
133 1275 2 21.362
134 699 38 85.065
135 1285 2 21.146
136 335 15 35.852
137 253 7 71.130
138 1381 38 14.563
139 523 21 79.136
140 800 3 32.112
141 557 4 14.157
142 990 19 31.156
143 468 27 14.548
144 1277 46 46.003
145 501 48 76.838
146 423 41 60.630
147 1163 55 32.755
148 1033 45 56.460
149 194 60 73.073
150 922 54 35.299
151 220 41 47.617
152 369 47 12.178
153 171 40 81.910
154 1262 26 85.760
155 518 39 11.267
156 315 44 33.292
157 1176 32 62.852
158 589 1 81.040
159 1331 29 18.276
160 175 29 14.037
161 104 53 84.716
162 1140 8 15.792
163 1090 19 24.278
164 1126 32 29.769
165 387 37 56.789
166 758 28 89.692
167 711 5 64.243
168 1231 54 53.173
169 302 41 73.658
170 1229 3 95.277
171 235 50 0.813
172 98 24 48.966
173 5 27 3.982
174 1326 32 17.452
175 848 43 2.746
176 213 30 0.321
177 263 20 29.023
178 1049 48 36.026
179 19 11 67.327
180 582 21 49.944
181 146 32 90.078
182 214 39 4.572
183 1100 55 89.680
184 628 39 30.210
185 797 3 88.670
186 855 25 77.817
187 1159 24 13.097
188 198 11 63.352
189 612 30 1.876
190 1328 47 53.500
191 872 32 47.490
192 88 57 0.596
193 283 24 85.824
194 1242 56 92.316
195 1061 5 12.203
196 239 13 2.589
197 1262 26 30.427
198 161 36 91.721
199 298 47 40.314
200 608 9 10.526