200
1 1095 31 53.465
2 638 2 2.342
3 33 3 73.686
4 955 9 3.806
5 246 20 81.220
6 463 28 13.026
7 1172 18 3.456
8 82 7 6.120
9 354 44 23.617
10 591 30 6.170
11 1436 12 88.192
12 785 26 79.829
13 1401 44 42.251
14 809 58 51.859
15 769 57 10.044
16 234 12 16.302
17 93 16 20.193
18 757 41 51.270
19 248 20 45.276
20 341 14 64.249
21 282 43 73.012
22 1139 54 19.996
23 419 24 33.120
24 784 10 28.408
25 482 12 31.172
26 426 20 55.779
27 1426 54 77.949
28 1339 30 1.291
29 416 57 27.957
30 673 27 94.790
31 871 39 7.757
32 681 49 88.834
33 1055 33 6.092
34 495 19 35.283
35 109 33 62.694
36 360 25 74.715
37 1137 40 95.273
38 1437 36 10.539
39 483 23 0.941
40 479 13 33.530
41 584 1 20.774
42 355 13 44.295
43 957 35 29.025
44 847 1 4.356
45 214 21 69.503
46 1300 22 35.519
47 227 58 51.608
48 196 13 17.473
49 99 3 86.170
50 98 28 35.660
51 362 41 44.548
52 241 60 39.730
53 1359 37 30.208
54 689 50 38.131
55 1276 25 25.419
56 759 58 17.984
57 870 45 34.866
58 664 27 82.136
59 608 33 0.663
60 852 34 97.427
61 829 2 51.326
62 1047 35 64.268
63 435 44 60.951
64 752 48 8.546
65 1361 14 80.912
66 1188 2 85.356
67 316 22 26.418
68 808 33 68.955
69 359 10 58.116
70 1178 52 41.776
71 85 10 8.476
72 1199 46 56.066
73 174 46 69.580
74 1407 13 36.460
75 1392 15 67.059
76 627 1 54.339
77 514 15 30.403
78 422 27 43.778
79 718 17 99.811
80 53 13 15.623
81 803 28 79.597
82 361 7 94.249
83 465 37 67.845
84 584 14 67.522
85 415 29 86.498
86 809 15 29.316
87 483 52 77.195
88 336 58 48.686
89 862 29 94.433
90 134 54 45.475
91 983 11 23.851
92 441 13 23.068
93 1305 23 60.517
94 1095 14 98.483
95 279 23 39.723
96 316 10 76.359
97 1296 55 12.846
98 1007 45 97.749
99 201 12 37.377
100 1215 57 3.005
101 1085 35 58.259
102 1036 44 31.104
103 1392 40 17.438
104 38 10 37.237
105 532 23 48.354
106 804 18 96.992
107 975 24 39.070
108 289 3 39.013
109 98 36 62.353
110 1245 56 14.485
111 99 33 35.747
112 384 60 20.578
113 923 22 5.274
114 1306 21 2.526
115 134 37 24.717
116 1389 18 85.506
117 41 55 95.413
118 672 37 20.497
119 732 57 38.187
120 1348 57 43.102
121 232 32 68.954
122 180 60 17.048
123 732 11 98.387
124 55 54 45.607
125 94 32 7.701
126 1024 33 92.428
127 359 11 78.555
128 1415 28 0.125
129 207 36 11.269
130 505 34 94.616
131 315 60 30.235
132 145 42 49.860
133 1438 1 77.111
134 528 51 32.522
135 426 21 56.086
136 863 10 33.697
137 440 15 68.649
138 328 49 73.267
139 628 16 71.108
140 106 42 37.090
141 936 54 16.793
142 1097 16 30.533
143 173 60 67.968
144 720 38 11.123
145 500 56 87.415
146 1273 10 67.144
147 376 45 26.343
148 1041 37 96.485
149 127 12 46.184
150 1120 35 31.673
151 1118 52 29.732
152 1239 18 15.472
153 631 44 85.061
154 278 32 80.336
155 50 47 62.688
156 674 21 82.152
157 1167 40 71.397
158 776 54 8.584
159 1439 14 19.479
160 550 34 40.195
161 1398 32 36.551
162 714 60 1.383
163 634 36 72.724
164 1275 59 5.898
165 990 2 77.434
166 715 12 96.458
167 1091 11 5.651
168 375 20 13.045
169 704 46 39.442
170 864 32 84.870
171 838 1 20.165
172 210 14 70.068
173 722 59 59.339
174 841 30 11.271
175 380 52 36.505
176 145 16 6.576
177 1397 44 15.677
178 104 59 58.692
179 374 42 8.035
180 362 52 76.028
181 1064 26 25.621
182 411 33 28.734
183 1373 43 95.786
184 251 14 1.443
185 77 36 16.872
186 188 20 26.875
187 1172 39 23.462
188 721 22 33.061
189 596 5 66.382
190 676 47 24.678
191 647 1 71.337
192 726 50 29.380
193 514 41 75.038
194 1198 13 95.944
195 679 37 62.446
196 1207 56 76.374
197 154 31 67.523
198 1056 47 98.337
199 181 2 56.938
200 1298 28 95.395