200
1 688 6 60.607
2 251 14 29.988
3 176 36 7.172
4 1322 60 33.387
5 1258 27 88.406
6 1272 19 84.443
7 544 47 11.609
8 1020 32 23.248
9 713 12 5.937
10 984 54 87.356
11 918 55 9.953
12 821 32 94.455
13 479 24 52.247
14 205 51 6.208
15 1306 57 98.656
16 183 40 54.281
17 272 15 11.724
18 248 50 39.090
19 822 10 19.898
20 1059 41 74.467
21 1013 2 5.804
22 513 4 81.763
23 1080 20 86.607
24 215 49 13.844
25 910 17 24.154
26 1173 58 86.695
27 570 38 5.724
28 511 38 34.335
29 207 34 28.381
30 147 18 66.134
31 614 59 11.288
32 1140 16 3.062
33 1031 50 40.646
34 1250 31 24.413
35 980 43 48.614
36 1087 4 41.880
37 572 12 59.095
38 633 19 0.642
39 43 54 5.632
40 1055 52 68.004
41 895 15 3.656
42 1225 35 83.536
43 878 8 45.229
44 1018 53 31.500
45 234 23 59.325
46 583 27 17.746
47 151 13 51.075
48 28 51 35.035
49 1031 22 77.219
50 1297 23 18.675
51 1070 42 48.184
52 39 11 64.507
53 798 12 67.318
54 510 8 3.507
55 777 2 26.537
56 35 53 47.153
57 574 17 54.657
58 532 16 43.078
59 1202 16 71.996
60 584 35 60.467
61 571 51 57.207
62 845 25 48.732
63 1215 23 88.591
64 816 26 65.971
65 964 12 54.799
66 970 31 53.698
67 384 20 85.938
68 761 1 34.255
69 392 40 3.542
70 913 14 51.003
71 178 47 88.981
72 260 13 46.936
73 1364 15 78.065
74 1125 4 49.537
75 202 16 28.606
76 868 41 66.158
77 873 52 30.152
78 534 29 13.750
79 647 39 7.011
80 954 45 24.140
81 424 42 48.281
82 1378 38 91.315
83 499 30 4.863
84 1187 16 2.742
85 528 41 98.926
86 922 56 5.266
87 610 37 25.591
88 911 60 0.896
89 896 49 4.888
90 837 5 74.283
91 418 29 38.378
92 922 18 93.053
93 1311 8 80.130
94 407 51 15.221
95 777 25 41.323
96 159 5 94.166
97 34 14 27.449
98 590 35 62.014
99 1076 20 89.715
100 1345 57 18.031
101 252 41 49.551
102 1139 36 41.843
103 267 24 60.645
104 171 57 84.431
105 1381 29 51.206
106 101 1 32.838
107 811 7 84.940
108 416 30 30.466
109 827 48 22.784
110 1359 50 98.117
111 1056 49 60.198
112 432 4 91.700
113 509 11 29.275
114 832 58 47.121
115 200 48 12.133
116 40 47 15.351
117 614 34 57.780
118 255 20 51.878
119 290 45 54.035
120 694 50 71.313
121 1194 3 40.168
122 696 55 40.932
123 586 48 9.699
124 48 48 31.366
125 1271 56 98.813
126 1135 42 1.129
127 280 41 82.151
128 312 5 83.640
129 1363 24 83.012
130 1014 17 13.355
131 319 24 11.679
132 1142 54 20.360
133 1236 17 7.279
134 735 40 24.160
135 1180 41 85.881
136 431 8 3.426
137 1311 15 98.247
138 1440 13 47.042
139 1370 46 8.052
140 510 11 92.309
141 265 48 28.750
142 1287 47 51.564
143 1146 5 8.715
144 851 55 81.466
145 494 15 10.881
146 686 22 81.180
147 399 7 22.287
148 860 24 76.239
149 1275 44 22.727
150 1374 52 81.463
151 1407 24 11.517
152 1063 29 72.474
153 1436 58 90.587
154 1215 11 43.117
155 1230 7 79.463
156 996 49 15.778
157 1040 7 3.611
158 240 58 0.566
159 1222 8 43.616
160 204 22 53.491
161 1136 43 32.185
162 1287 4 43.438
163 131 31 7.745
164 144 28 82.111
165 77 43 53.214
166 1348 58 12.939
167 554 58 61.860
168 1313 55 26.369
169 1400 60 12.975
170 662 24 69.576
171 165 4 0.464
172 588 39 95.563
173 1430 50 59.697
174 133 8 0.164
175 1381 1 64.339
176 735 25 34.537
177 472 42 84.228
178 586 41 13.904
179 854 16 61.516
180 1381 9 38.333
181 1243 10 54.032
182 450 50 35.673
183 972 17 44.773
184 311 31 22.385
185 473 36 30.429
186 299 14 41.080
187 231 38 4.862
188 112 6 0.529
189 256 48 16.498
190 1282 17 37.513
191 1429 8 91.383
192 128 34 79.823
193 422 26 66.711
194 678 16 35.298
195 329 2 33.058
196 1099 30 2.711
197 1411 19 62.046
198 981 17 61.805
199 1251 1 60.530
200 878 36 52.146