200
1 330 24 70.290
2 554 26 69.131
3 1329 31 80.452
4 589 27 76.023
5 889 30 72.090
6 40 16 67.469
7 1152 8 54.695
8 1435 41 87.110
9 516 52 30.134
10 531 36 60.213
11 854 27 53.517
12 303 2 11.012
13 683 50 51.655
14 1104 27 44.217
15 302 41 42.712
16 725 57 57.182
17 41 14 79.615
18 748 59 78.338
19 945 46 35.249
20 834 24 60.113
21 626 8 45.398
22 967 45 80.488
23 410 55 9.237
24 168 46 10.112
25 1181 58 94.883
26 1364 23 18.870
27 1105 11 25.362
28 530 55 23.589
29 348 6 63.849
30 675 49 74.864
31 1244 51 32.150
32 94 15 15.797
33 1197 14 84.769
34 131 24 79.131
35 777 48 82.156
36 695 36 38.801
37 1357 60 88.950
38 607 26 7.432
39 1044 32 37.231
40 964 22 94.621
41 1081 28 41.692
42 730 2 13.295
43 308 29 62.763
44 863 51 37.316
45 84 4 75.386
46 977 19 92.367
47 181 16 58.600
48 1030 13 84.514
49 342 28 67.473
50 817 14 11.452
51 412 34 36.557
52 169 55 27.964
53 1011 22 60.008
54 237 28 8.996
55 670 7 96.184
56 354 17 94.559
57 700 2 63.895
58 136 56 10.719
59 847 36 14.286
60 421 29 46.840
61 807 12 36.194
62 724 48 52.702
63 1420 58 45.997
64 898 59 59.419
65 310 41 70.429
66 907 20 12.648
67 494 13 0.667
68 1159 38 55.953
69 229 17 38.916
70 1366 38 44.342
71 817 47 15.516
72 1142 11 43.662
73 7 17 18.882
74 927 43 98.307
75 795 13 3.948
76 544 28 52.605
77 276 33 78.605
78 446 39 4.067
79 959 6 91.954
80 863 9 8.305
81 1221 23 89.374
82 579 26 9.949
83 1062 4 25.815
84 170 15 53.282
85 659 10 0.211
86 1160 15 41.355
87 387 39 70.215
88 908 46 87.548
89 100 1 52.885
90 506 51 80.210
91 491 57 59.125
92 1043 7 3.270
93 536 49 44.416
94 268 12 83.235
95 1269 49 98.702
96 871 32 20.994
97 613 17 46.674
98 545 31 36.801
99 1279 31 69.339
100 382 11 16.196
101 669 31 79.513
102 1197 22 22.469
103 836 2 3.014
104 8 3 36.169
105 605 40 46.737
106 423 3 88.558
107 1321 48 42.997
108 1428 38 36.034
109 1167 7 97.605
110 418 16 71.248
111 1328 12 30.350
112 1007 19 40.411
113 504 56 12.448
114 1076 7 88.763
115 1213 2 60.445
116 385 5 27.234
117 1170 46 41.388
118 661 23 37.666
119 1313 11 29.872
120 469 49 40.224
121 1420 59 6.423
122 1366 29 52.482
123 1043 19 3.206
124 179 21 33.582
125 502 30 96.718
126 825 22 66.503
127 102 8 64.139
128 716 34 25.642
129 445 47 77.694
130 1431 42 92.340
131 191 22 99.497
132 46 42 71.008
133 406 7 13.184
134 1089 36 33.618
135 59 40 95.292
136 1125 25 96.914
137 624 2 41.450
138 850 54 90.165
139 1379 26 78.213
140 907 17 14.082
141 1373 52 0.594
142 1326 30 15.495
143 1342 50 10.867
144 1208 50 76.719
145 760 10 65.130
146 220 19 88.796
147 202 2 8.076
148 406 34 37.403
149 599 21 77.659
150 229 28 3.535
151 391 50 94.619
152 393 54 73.548
153 1328 29 9.966
154 866 33 30.568
155 1060 59 50.841
156 1051 46 60.000
157 40 32 71.732
158 945 8 84.604
159 582 44 71.478
160 972 19 62.726
161 807 24 84.995
162 1341 37 13.040
163 71 48 39.454
164 1383 12 6.867
165 340 15 34.597
166 1148 57 75.616
167 987 44 1.316
168 1029 58 50.172
169 944 53 40.448
170 448 18 43.578
171 171 52 58.300
172 164 28 69.345
173 1198 7 27.275
174 777 35 48.444
175 758 35 14.231
176 506 20 17.957
177 266 26 24.734
178 1336 42 44.666
179 1243 7 1.334
180 1304 14 60.248
181 60 53 71.817
182 41 13 81.096
183 195 58 77.068
184 513 14 36.984
185 1262 41 6.510
186 1359 41 87.317
187 1332 33 9.967
188 561 27 33.357
189 667 48 45.263
190 428 6 60.167
191 908 30 97.521
192 479 15 26.537
193 244 6 35.975
194 1023 39 45.311
195 960 55 14.909
196 152 15 16.000
197 521 60 77.790
198 176 36 38.457
199 368 50 56.952
200 1278 11 91.794