200
1 950 38 76.533
2 172 43 19.123
3 587 10 91.085
4 594 55 65.158
5 930 39 33.855
6 981 36 64.215
7 1418 42 45.524
8 1074 52 83.248
9 953 6 25.402
10 766 35 59.480
11 764 28 76.404
12 859 38 85.254
13 1207 21 63.142
14 635 46 72.079
15 345 40 17.996
16 1282 22 6.540
17 734 53 42.664
18 615 10 8.766
19 519 55 30.869
20 1135 46 81.717
21 1248 41 69.897
22 1077 40 69.123
23 1258 11 3.723
24 430 52 44.277
25 356 11 42.530
26 780 31 9.703
27 1156 39 78.573
28 971 29 93.154
29 634 50 87.555
30 1039 19 4.596
31 1252 12 79.050
32 431 25 61.005
33 330 18 64.357
34 417 40 19.910
35 662 42 88.400
36 1406 28 59.280
37 312 43 97.200
38 503 57 12.560
39 244 49 8.710
40 923 57 65.821
41 958 52 77.488
42 1437 55 14.886
43 1072 37 45.577
44 305 45 15.540
45 1279 7 71.231
46 747 14 86.424
47 487 12 62.929
48 272 7 56.529
49 725 3 8.130
50 301 20 68.862
51 1179 15 28.443
52 1140 16 26.473
53 373 60 19.312
54 1364 4 88.338
55 731 13 85.661
56 570 18 46.960
57 463 39 26.577
58 323 11 17.054
59 821 44 33.099
60 935 15 64.446
61 4 6 57.169
62 1375 58 22.605
63 179 6 82.480
64 910 59 80.115
65 774 25 46.885
66 85 26 23.794
67 1236 8 30.652
68 1003 51 56.225
69 1198 26 7.746
70 174 44 52.912
71 338 48 42.766
72 774 59 24.303
73 1068 40 18.145
74 781 58 37.153
75 562 34 4.264
76 1043 36 65.519
77 455 3 79.530
78 528 21 79.374
79 120 12 46.364
80 1264 37 84.575
81 1431 14 14.490
82 327 27 54.005
83 1228 49 18.555
84 1409 11 37.707
85 496 43 49.429
86 1289 35 3.429
87 966 32 78.975
88 324 36 13.823
89 428 34 68.800
90 834 52 39.278
91 1172 51 68.053
92 1051 7 92.605
93 1096 10 38.428
94 344 45 92.853
95 1012 5 68.651
96 314 24 12.919
97 400 8 52.038
98 85 58 73.835
99 1094 21 19.615
100 158 59 83.149
101 173 20 94.834
102 1072 56 7.777
103 251 35 25.455
104 272 32 43.328
105 522 60 54.668
106 477 58 21.767
107 1381 13 28.821
108 851 32 26.123
109 829 7 70.263
110 661 19 86.726
111 1300 6 53.455
112 44 5 67.376
113 1215 36 41.203
114 1152 26 63.658
115 1167 14 78.285
116 615 43 38.185
117 100 38 12.787
118 702 19 54.780
119 1310 59 32.346
120 1437 14 43.738
121 262 38 78.671
122 960 44 19.197
123 83 58 37.286
124 1181 32 42.054
125 952 3 64.959
126 235 55 9.106
127 677 30 76.789
128 965 1 55.661
129 1011 16 69.815
130 531 27 89.160
131 1435 39 82.856
132 986 15 35.049
133 411 15 11.977
134 1059 2 83.003
135 820 49 82.693
136 1049 1 77.971
137 50 1 19.132
138 1229 48 66.559
139 338 57 12.534
140 250 8 98.716
141 1147 35 81.686
142 414 24 35.844
143 1424 43 0.987
144 404 48 53.353
145 390 22 79.468
146 1271 14 95.813
147 1346 20 63.204
148 1395 24 45.376
149 1052 47 81.739
150 78 33 82.427
151 399 46 59.628
152 27 42 53.678
153 1426 33 12.356
154 863 43 47.374
155 738 53 42.489
156 956 37 93.007
157 273 16 35.677
158 372 39 73.743
159 183 36 94.877
160 317 13 59.768
161 550 33 72.009
162 1413 58 50.772
163 1374 5 62.721
164 1264 47 61.893
165 1424 32 53.141
166 162 58 57.864
167 969 28 13.131
168 257 25 60.337
169 129 59 19.385
170 812 3 76.852
171 648 55 41.526
172 281 11 80.359
173 923 4 70.713
174 1292 58 25.877
175 341 40 26.542
176 609 3 92.974
177 985 34 85.518
178 1275 34 3.991
179 5 40 68.166
180 1338 10 64.037
181 442 59 37.543
182 329 42 76.416
183 1300 51 6.040
184 224 22 76.732
185 1054 39 61.795
186 1146 48 55.093
187 325 26 99.018
188 1314 39 43.472
189 1226 57 77.728
190 72 12 45.517
191 968 54 36.233
192 416 48 55.496
193 885 41 68.947
194 1035 58 24.352
195 782 53 7.015
196 469 11 78.630
197 701 60 37.989
198 394 55 24.184
199 49 51 40.505
200 778 56 75.133