200
1 657 23 44.985
2 30 58 17.739
3 1319 45 5.769
4 397 32 39.098
5 957 50 92.228
6 515 33 55.197
7 1413 32 35.866
8 526 41 90.490
9 3 12 84.314
10 1128 14 62.122
11 453 41 84.260
12 890 32 46.127
13 359 3 76.859
14 125 35 8.395
15 558 45 11.382
16 760 25 46.324
17 733 22 51.107
18 362 46 98.030
19 502 8 91.480
20 1390 54 58.532
21 286 53 22.811
22 88 43 77.482
23 204 42 27.664
24 900 44 57.384
25 468 49 11.572
26 765 50 87.615
27 879 43 85.557
28 153 35 75.962
29 943 45 86.534
30 1308 2 42.107
31 506 16 32.462
32 319 25 10.028
33 909 23 88.954
34 499 16 28.109
35 1015 34 91.040
36 97 38 50.219
37 262 47 74.609
38 1014 38 20.247
39 1422 41 35.395
40 1326 18 35.464
41 1167 16 83.714
42 47 17 58.483
43 518 27 1.174
44 379 39 38.286
45 587 31 99.421
46 46 19 18.338
47 874 45 1.465
48 248 19 7.050
49 1369 13 33.003
50 168 35 55.828
51 462 54 62.013
52 60 50 73.697
53 17 24 76.448
54 342 39 74.256
55 695 39 77.134
56 79 43 7.140
57 495 10 78.962
58 495 41 8.244
59 800 25 23.122
60 645 14 47.643
61 244 33 43.010
62 1321 49 13.400
63 206 21 92.425
64 766 1 45.477
65 79 20 20.403
66 766 36 37.793
67 151 18 40.085
68 1272 3 26.980
69 588 8 40.931
70 1055 49 68.875
71 41 34 86.602
72 1354 58 27.050
73 1 43 52.080
74 563 9 32.700
75 951 20 1.776
76 604 39 26.612
77 316 52 20.992
78 1390 1 40.358
79 887 20 39.590
80 794 18 20.788
81 637 4 2.103
82 744 56 55.452
83 936 10 77.022
84 1141 25 36.863
85 1428 9 62.422
86 1203 18 69.960
87 1303 56 51.426
88 817 60 32.791
89 629 51 22.368
90 213 51 0.428
91 954 59 89.906
92 373 31 24.689
93 944 3 34.282
94 410 20 94.676
95 585 47 51.237
96 981 56 83.883
97 758 54 79.693
98 944 5 70.740
99 532 42 59.714
100 1382 9 46.346
101 34 23 74.139
102 1396 26 88.505
103 695 25 30.473
104 1063 49 50.815
105 337 49 77.151
106 620 43 95.106
107 173 57 27.096
108 1342 25 37.335
109 23 40 82.580
110 793 19 32.222
111 220 49 85.417
112 654 30 0.337
113 749 4 31.076
114 231 10 85.956
115 886 28 68.843
116 351 2 8.976
117 683 23 59.319
118 228 42 53.663
119 1216 46 17.217
120 744 31 13.155
121 692 38 95.923
122 672 39 98.070
123 995 58 24.825
124 753 37 43.867
125 1168 6 62.943
126 857 56 84.034
127 719 52 12.327
128 635 21 34.913
129 894 41 2.656
130 1034 54 15.835
131 1256 54 75.379
132 1347 44 76.335
133 542 9 35.725
134 302 14 86.957
135 182 34 35.726
136 862 22 68.625
137 595 21 26.149
138 725 29 93.775
139 1189 10 1.930
140 865 25 77.339
141 889 32 4.615
142 153 60 32.270
143 1419 19 39.652
144 1342 6 10.633
145 1352 48 99.053
146 498 40 34.303
147 903 2 97.370
148 1323 36 11.125
149 1062 45 91.551
150 1088 25 46.806
151 793 24 97.034
152 1024 36 65.141
153 910 39 94.989
154 613 46 74.930
155 351 10 26.973
156 105 50 10.403
157 955 34 44.538
158 393 16 67.439
159 960 34 38.221
160 751 48 0.403
161 768 50 7.794
162 1172 55 88.673
163 165 45 17.279
164 619 3 14.753
165 1134 28 63.028
166 335 51 84.444
167 483 17 43.270
168 1019 30 53.978
169 216 49 97.369
170 778 9 73.980
171 714 6 29.495
172 413 60 67.992
173 1097 39 42.868
174 548 45 54.581
175 480 17 1.631
176 469 29 99.913
177 1086 34 89.755
178 173 21 47.785
179 1337 32 13.488
180 622 29 51.226
181 680 7 67.136
182 1082 57 16.128
183 1073 11 16.419
184 1434 35 26.041
185 436 26 57.557
186 1256 7 63.836
187 314 42 32.636
188 1345 40 78.533
189 230 8 78.835
190 1273 6 54.367
191 1115 19 86.615
192 294 38 54.979
193 559 31 15.382
194 1354 25 50.754
195 669 18 6.175
196 1310 10 73.884
197 366 16 30.432
198 63 5 8.570
199 92 10 35.305
200 1057 21 19.955