200
1 298 16 6.265
2 1197 52 77.739
3 1198 7 73.810
4 1028 30 87.750
5 123 35 55.540
6 784 38 28.686
7 64 58 94.787
8 1406 33 19.757
9 1135 48 73.835
10 65 5 16.339
11 751 56 72.309
12 1030 22 61.640
13 751 25 29.466
14 169 35 36.101
15 872 3 13.463
16 616 16 77.728
17 1425 56 6.439
18 673 48 94.040
19 990 44 72.654
20 974 10 68.569
21 940 22 67.633
22 1337 54 47.181
23 1335 24 61.618
24 1221 47 69.362
25 496 22 22.894
26 1182 5 86.696
27 823 19 8.462
28 670 32 9.170
29 267 9 13.092
30 950 29 77.348
31 1007 55 13.099
32 596 32 95.926
33 391 27 43.744
34 1362 23 53.140
35 950 24 91.826
36 926 24 86.113
37 503 34 71.803
38 1156 49 22.406
39 73 28 92.151
40 1228 49 87.485
41 1060 13 26.075
42 1258 38 49.265
43 876 21 47.581
44 96 42 52.449
45 850 16 53.015
46 615 44 48.937
47 369 56 67.549
48 792 44 36.749
49 396 7 8.377
50 1074 26 74.527
51 1260 1 20.829
52 436 17 99.162
53 919 43 9.150
54 1045 18 63.400
55 1404 8 6.649
56 1384 45 85.204
57 1262 49 24.049
58 133 23 85.199
59 706 17 4.644
60 1379 33 60.318
61 1054 21 69.601
62 977 30 85.318
63 497 58 90.551
64 1405 42 82.998
65 589 4 3.053
66 856 18 28.008
67 990 7 14.012
68 659 14 75.240
69 528 16 6.939
70 462 41 21.585
71 1422 56 71.134
72 1343 41 86.081
73 964 45 56.757
74 676 32 20.051
75 638 45 44.595
76 603 11 34.130
77 56 41 42.405
78 773 50 28.150
79 1171 54 86.954
80 389 5 12.508
81 319 59 48.738
82 932 16 82.872
83 1340 35 99.414
84 1062 10 26.033
85 285 60 83.946
86 130 53 65.778
87 13 26 97.092
88 229 57 39.277
89 1182 23 56.852
90 791 26 74.365
91 330 12 85.228
92 209 16 6.247
93 516 26 95.990
94 196 3 89.676
95 1084 27 49.274
96 1196 35 48.382
97 853 43 9.908
98 26 58 44.087
99 1398 9 42.303
100 1063 21 50.333
101 1146 10 72.318
102 1418 56 38.243
103 879 39 17.507
104 214 36 63.974
105 1217 42 51.112
106 627 10 96.031
107 1041 7 73.916
108 301 42 41.887
109 695 32 75.843
110 505 49 20.868
111 966 29 6.310
112 946 54 14.513
113 924 14 30.042
114 276 44 2.387
115 1184 50 35.141
116 312 10 63.537
117 1420 30 32.223
118 894 23 52.494
119 1017 42 63.411
120 1041 59 69.494
121 1212 38 88.413
122 1380 28 31.921
123 47 44 76.485
124 150 2 31.086
125 1170 31 51.092
126 1064 1 88.192
127 434 55 46.487
128 317 8 93.450
129 94 43 79.705
130 1351 5 25.924
131 1050 57 30.963
132 602 3 47.699
133 1348 45 84.820
134 688 28 54.390
135 759 21 76.055
136 886 33 89.579
137 1 22 29.831
138 1101 37 81.913
139 845 42 90.183
140 1105 23 70.531
141 1038 30 4.167
142 1387 6 43.214
143 1103 19 24.704
144 351 13 70.535
145 1385 40 43.559
146 920 38 58.419
147 1141 59 27.458
148 988 37 45.058
149 355 7 64.038
150 1370 1 29.947
151 199 6 61.740
152 587 45 31.247
153 378 12 61.015
154 582 34 60.178
155 699 15 12.793
156 974 47 58.305
157 1061 42 89.502
158 160 19 92.719
159 863 9 83.163
160 253 57 83.450
161 12 39 37.013
162 902 27 11.326
163 1003 11 32.803
164 530 14 62.687
165 1250 59 70.922
166 705 59 45.987
167 135 27 16.628
168 896 38 59.409
169 889 44 30.483
170 554 51 37.645
171 993 10 57.414
172 1302 24 94.828
173 287 31 75.100
174 897 52 23.301
175 999 13 83.978
176 301 6 60.523
177 853 30 79.483
178 1164 53 48.178
179 565 18 55.947
180 202 42 32.272
181 1017 13 39.211
182 33 46 77.131
183 449 35 41.345
184 666 18 42.806
185 331 25 72.789
186 112 23 7.265
187 300 3 67.072
188 128 4 85.114
189 1198 25 38.717
190 967 22 95.363
191 8 17 1.698
192 1414 27 73.756
193 852 54 28.206
194 408 57 4.370
195 624 48 97.837
196 1328 22 73.643
197 891 11 13.168
198 849 34 14.057
199 1037 31 77.791
200 550 15 41.362