200
1 643 32 34.352
2 1070 7 58.619
3 473 7 96.360
4 97 12 96.396
5 1204 7 10.292
6 195 35 90.102
7 1401 3 43.364
8 518 55 63.861
9 211 27 30.660
10 36 33 63.131
11 782 51 27.043
12 1308 13 45.434
13 385 46 60.694
14 422 45 61.332
15 845 38 66.837
16 484 41 23.937
17 608 17 25.293
18 691 52 69.483
19 783 19 35.713
20 1370 34 63.291
21 1302 4 89.901
22 719 48 46.416
23 625 47 39.009
24 1052 43 66.443
25 306 20 29.875
26 971 42 9.218
27 1391 37 30.447
28 1145 14 52.469
29 1416 31 4.925
30 220 2 85.126
31 1274 19 14.294
32 384 17 18.173
33 75 30 32.525
34 1368 2 75.601
35 816 12 85.663
36 164 12 47.976
37 790 39 33.273
38 726 46 79.447
39 218 25 41.219
40 1063 29 28.533
41 1093 15 38.412
42 1102 19 69.396
43 961 54 36.871
44 611 37 72.604
45 649 57 60.689
46 1007 53 65.638
47 463 9 83.526
48 1087 3 3.717
49 877 4 31.776
50 1293 45 61.061
51 561 8 32.558
52 1279 4 58.165
53 1332 55 89.785
54 867 35 80.399
55 134 20 58.307
56 467 34 99.846
57 1062 25 59.826
58 483 6 2.522
59 1083 46 41.556
60 1018 41 70.502
61 782 55 68.620
62 1313 11 45.439
63 1052 36 35.148
64 43 33 83.943
65 1086 1 92.778
66 709 22 82.756
67 1062 14 91.754
68 1220 25 53.384
69 602 5 33.411
70 866 30 44.359
71 652 46 38.564
72 313 8 38.356
73 1331 18 23.854
74 458 31 66.754
75 832 47 54.416
76 691 58 95.689
77 820 4 67.415
78 934 53 31.639
79 510 8 36.594
80 1041 48 0.700
81 227 43 13.958
82 593 12 82.344
83 657 22 95.273
84 1363 58 36.908
85 1367 57 74.030
86 991 45 94.670
87 1294 40 40.246
88 1335 8 87.656
89 499 32 89.069
90 1419 4 66.655
91 211 26 47.806
92 901 42 55.496
93 535 51 86.088
94 635 53 30.376
95 1399 4 43.998
96 1185 56 23.034
97 1270 16 53.073
98 977 30 56.101
99 1333 41 86.261
100 1192 22 6.896
101 561 3 27.179
102 842 26 60.599
103 817 57 78.064
104 1431 19 89.583
105 1267 54 33.716
106 712 1 24.252
107 903 50 64.484
108 672 48 62.758
109 601 58 23.733
110 281 32 77.040
111 693 5 76.487
112 340 48 28.828
113 628 4 32.895
114 938 9 12.346
115 1153 58 83.860
116 625 9 65.596
117 577 4 1.514
118 1036 36 27.460
119 515 56 88.962
120 11 54 69.748
121 571 45 0.192
122 174 35 6.435
123 1060 2 3.241
124 962 52 33.940
125 87 35 13.006
126 298 38 6.339
127 221 17 55.408
128 192 13 23.070
129 645 12 1.393
130 269 20 35.055
131 650 52 36.257
132 804 7 96.660
133 1392 31 71.102
134 1109 27 74.687
135 734 3 11.870
136 1300 2 33.794
137 1042 10 30.556
138 786 25 41.564
139 545 30 10.680
140 557 10 29.362
141 930 20 15.059
142 1173 35 95.054
143 436 15 19.230
144 789 57 89.300
145 397 43 45.522
146 379 52 64.384
147 408 56 67.743
148 1432 29 62.755
149 279 53 98.705
150 764 58 31.772
151 220 17 26.260
152 36 42 84.338
153 1254 12 33.846
154 450 9 11.349
155 1266 48 61.895
156 960 59 81.350
157 381 50 63.938
158 1191 45 94.071
159 1389 54 41.606
160 122 52 81.011
161 1172 31 2.589
162 501 3 33.404
163 233 59 65.286
164 305 37 9.171
165 701 6 80.124
166 1143 47 18.370
167 5 26 86.204
168 1122 47 94.917
169 89 35 14.597
170 615 8 81.446
171 317 46 18.575
172 802 47 96.555
173 659 16 12.902
174 1057 58 85.618
175 1011 37 84.481
176 751 14 45.377
177 1105 46 97.900
178 442 48 93.554
179 217 48 5.534
180 951 55 29.036
181 321 50 52.767
182 170 59 7.254
183 854 36 24.651
184 1074 7 79.412
185 540 58 7.760
186 1052 17 28.285
187 533 34 71.073
188 1178 11 33.143
189 563 24 38.719
190 509 51 63.698
191 343 14 51.483
192 348 22 21.309
193 1322 17 71.434
194 506 45 5.700
195 390 37 52.587
196 1246 54 11.187
197 619 41 90.968
198 873 55 1.142
199 629 19 98.854
200 920 52 41.387