200
1 1186 36 3.012
2 1083 37 98.263
3 495 8 29.098
4 1310 15 71.689
5 557 3 9.278
6 507 55 17.224
7 1381 25 7.435
8 379 31 40.987
9 492 23 70.344
10 471 18 13.192
11 1238 17 93.480
12 159 24 68.878
13 279 28 42.964
14 746 37 0.681
15 990 21 79.337
16 722 24 25.075
17 52 14 28.823
18 273 41 90.945
19 170 18 97.974
20 1184 32 53.369
21 611 22 32.303
22 283 47 26.104
23 148 8 12.277
24 772 40 56.814
25 292 23 53.623
26 73 5 57.433
27 1384 9 86.864
28 116 16 93.905
29 504 43 48.846
30 746 44 93.990
31 1255 56 24.556
32 451 13 79.956
33 1339 59 10.678
34 987 17 5.979
35 783 22 92.827
36 613 3 94.259
37 1234 29 84.152
38 1284 8 66.887
39 154 40 65.697
40 350 59 20.714
41 1085 25 61.934
42 1146 23 55.108
43 1267 6 5.438
44 76 47 98.137
45 960 15 46.236
46 1224 30 97.531
47 434 39 15.989
48 977 34 11.735
49 1216 43 67.304
50 279 58 88.090
51 1028 50 89.979
52 216 6 26.835
53 398 46 98.962
54 548 34 76.116
55 687 11 90.099
56 377 58 53.320
57 575 6 85.204
58 54 16 78.190
59 359 20 64.521
60 866 52 30.109
61 743 13 8.406
62 708 21 17.403
63 1080 34 40.691
64 191 52 39.410
65 1373 38 73.307
66 795 17 81.912
67 855 13 40.552
68 1099 54 13.658
69 238 33 57.958
70 75 58 14.208
71 926 15 56.050
72 1017 57 66.785
73 354 12 36.869
74 249 9 88.294
75 258 51 61.052
76 346 60 79.912
77 1110 36 94.282
78 923 28 71.154
79 1293 48 39.909
80 1105 58 79.032
81 1381 60 54.350
82 221 19 78.500
83 960 14 48.707
84 938 26 48.699
85 983 52 69.253
86 29 49 55.982
87 639 58 95.258
88 1042 30 41.599
89 215 3 79.338
90 308 56 0.325
91 1112 13 31.748
92 762 12 21.666
93 930 29 9.011
94 261 38 46.575
95 1386 60 42.699
96 811 45 93.954
97 1096 11 25.467
98 512 18 65.820
99 1178 7 74.112
100 1141 29 51.771
101 936 46 33.200
102 587 10 12.399
103 387 27 26.015
104 47 52 24.370
105 272 39 83.290
106 797 34 38.347
107 425 49 33.301
108 436 39 77.279
109 757 60 84.513
110 1075 20 42.306
111 1031 25 62.771
112 351 41 95.440
113 190 31 58.340
114 1414 28 41.419
115 1197 11 56.508
116 283 2 20.925
117 102 51 86.917
118 878 41 63.046
119 1094 12 53.503
120 421 34 41.612
121 185 13 35.153
122 570 49 87.635
123 69 7 70.307
124 1086 28 88.164
125 71 11 35.027
126 676 22 28.287
127 381 5 1.631
128 1093 46 3.058
129 390 43 60.632
130 92 51 45.491
131 379 21 23.718
132 71 19 81.005
133 873 56 40.290
134 1104 55 78.799
135 1377 45 25.692
136 1174 31 51.216
137 832 38 31.045
138 971 20 6.086
139 692 19 28.833
140 402 22 18.262
141 1083 3 52.882
142 636 34 97.228
143 1065 13 22.891
144 280 39 34.041
145 1249 2 66.372
146 1184 40 92.605
147 386 57 37.022
148 896 41 56.639
149 293 6 23.144
150 101 23 97.999
151 1280 59 60.254
152 1120 3 53.588
153 1208 41 35.514
154 443 41 76.356
155 1440 24 77.443
156 512 9 55.629
157 816 14 36.431
158 665 13 76.442
159 43 60 15.392
160 1037 48 26.534
161 1182 21 9.032
162 914 11 7.986
163 761 18 2.755
164 1031 56 94.962
165 937 43 40.638
166 1345 22 79.699
167 407 25 91.075
168 814 37 16.559
169 331 4 9.156
170 1434 10 31.363
171 822 36 87.385
172 1327 30 21.634
173 515 22 72.354
174 533 39 73.811
175 474 1 20.334
176 831 48 6.099
177 619 43 93.249
178 1252 48 51.980
179 1225 29 9.566
180 536 57 80.489
181 998 1 63.434
182 94 56 54.890
183 1191 30 1.073
184 1014 39 30.938
185 349 14 62.767
186 847 39 25.676
187 1076 31 75.075
188 1329 28 22.076
189 1310 13 46.484
190 231 59 91.563
191 668 17 16.199
192 156 25 43.927
193 1292 32 42.656
194 916 11 59.178
195 37 5 82.821
196 194 6 17.663
197 285 7 3.897
198 1106 23 94.325
199 975 21 78.535
200 5 4 46.436