200
1 1148 6 19.471
2 588 59 28.470
3 630 43 27.614
4 432 57 28.064
5 333 48 66.018
6 896 6 18.282
7 1310 22 93.836
8 159 48 23.890
9 702 13 40.674
10 676 48 20.316
11 253 20 6.638
12 1139 34 34.328
13 23 29 47.002
14 125 31 80.591
15 1114 52 36.774
16 449 30 32.893
17 882 35 27.911
18 1226 52 30.768
19 325 31 33.191
20 424 51 7.045
21 772 39 60.613
22 269 4 73.109
23 130 34 2.595
24 601 2 73.505
25 940 47 6.522
26 117 30 67.157
27 713 12 21.922
28 43 16 82.262
29 1340 24 3.137
30 760 22 54.248
31 532 40 84.712
32 418 17 97.441
33 1285 30 98.987
34 454 27 44.969
35 1319 8 90.535
36 522 26 34.391
37 1407 20 1.712
38 449 4 7.902
39 980 57 2.433
40 1439 11 62.792
41 166 37 64.878
42 31 3 49.645
43 1128 21 31.163
44 1063 50 50.854
45 872 39 75.005
46 830 57 89.369
47 936 5 90.669
48 143 3 94.915
49 583 52 4.194
50 708 22 92.806
51 101 9 99.517
52 720 34 63.500
53 741 10 93.896
54 225 27 6.410
55 622 22 21.668
56 1288 22 19.476
57 162 59 60.927
58 930 33 40.044
59 467 37 44.055
60 178 59 11.192
61 987 19 5.394
62 82 43 15.280
63 135 20 99.137
64 782 17 63.722
65 1228 28 97.934
66 44 53 47.420
67 329 50 93.817
68 603 9 34.536
69 1137 31 45.725
70 1250 16 4.875
71 1248 50 93.466
72 693 58 1.650
73 1342 23 25.488
74 1247 59 92.852
75 1273 32 83.664
76 316 30 10.522
77 1233 31 37.310
78 204 22 97.038
79 726 9 20.749
80 524 44 57.033
81 645 27 76.254
82 1110 33 9.110
83 74 25 74.947
84 155 4 25.208
85 1227 4 13.339
86 1104 22 78.411
87 1135 38 52.135
88 253 17 61.376
89 1314 14 90.192
90 1130 15 66.069
91 697 1 89.846
92 354 19 54.048
93 930 21 44.491
94 1029 16 13.648
95 318 38 33.035
96 1098 41 28.455
97 443 44 30.412
98 744 14 98.147
99 959 13 71.332
100 1306 39 66.470
101 227 56 12.669
102 632 37 16.731
103 1351 43 52.747
104 539 2 39.475
105 633 28 76.528
106 1020 36 8.397
107 1074 32 45.408
108 193 58 41.521
109 69 58 15.977
110 301 4 97.775
111 684 35 69.523
112 437 44 36.461
113 1125 11 43.583
114 343 29 32.584
115 1114 40 62.359
116 1371 58 71.963
117 482 16 37.439
118 1426 22 47.858
119 1208 27 37.013
120 995 9 53.857
121 1278 5 44.681
122 146 18 71.621
123 123 33 57.417
124 786 23 38.923
125 870 52 36.031
126 1025 43 37.137
127 872 6 68.040
128 776 39 34.923
129 465 20 36.850
130 615 15 59.493
131 918 24 35.261
132 1160 44 11.262
133 1110 40 5.995
134 1415 37 17.399
135 321 34 20.724
136 370 8 11.344
137 1156 4 20.075
138 555 30 23.093
139 442 20 37.613
140 352 16 11.337
141 948 4 73.692
142 219 17 96.172
143 880 31 86.518
144 1030 39 20.646
145 1102 47 2.365
146 776 38 91.603
147 336 14 53.068
148 1350 54 7.788
149 1140 58 60.845
150 963 20 23.932
151 1417 60 73.857
152 883 5 14.199
153 546 36 3.980
154 1161 26 41.417
155 477 40 64.122
156 1004 42 75.959
157 360 37 7.346
158 429 33 79.870
159 36 21 42.617
160 358 36 91.610
161 173 37 30.244
162 1345 10 26.382
163 489 43 14.977
164 854 13 7.560
165 146 54 1.119
166 1022 15 69.718
167 685 32 65.270
168 1214 5 2.309
169 634 49 11.613
170 934 23 72.063
171 711 36 94.133
172 1053 35 66.774
173 1079 3 29.739
174 517 4 60.731
175 1153 34 77.215
176 1116 52 71.017
177 1359 36 15.949
178 288 54 23.159
179 477 34 52.376
180 1202 44 80.206
181 917 14 49.149
182 1348 10 30.370
183 570 44 28.701
184 1309 58 77.409
185 215 15 62.322
186 592 14 90.122
187 620 34 62.418
188 1318 4 13.176
189 784 57 50.351
190 409 26 93.775
191 373 53 46.727
192 785 7 84.440
193 224 42 72.236
194 1178 34 16.052
195 281 22 87.516
196 837 38 60.351
197 1333 6 74.805
198 60 39 67.571
199 555 5 13.594
200 357 6 82.885