200
1 702 51 52.141
2 1343 49 37.779
3 858 42 0.398
4 976 22 67.859
5 1184 53 40.962
6 885 7 69.609
7 92 37 97.450
8 292 6 15.191
9 685 57 2.327
10 632 56 98.267
11 1272 7 30.281
12 1364 12 37.441
13 1305 23 58.405
14 1269 56 97.545
15 829 19 99.855
16 933 14 64.914
17 1102 32 96.045
18 945 51 87.455
19 664 5 92.755
20 601 13 32.068
21 265 54 12.073
22 142 39 98.886
23 1145 15 42.298
24 109 16 53.441
25 1251 57 36.471
26 277 24 71.616
27 663 14 81.608
28 699 36 53.631
29 1413 11 54.325
30 628 43 9.329
31 549 7 36.553
32 61 23 60.447
33 741 3 69.976
34 1304 56 35.063
35 161 4 49.650
36 1363 16 60.003
37 483 3 42.032
38 12 5 13.161
39 350 58 67.314
40 899 26 58.974
41 1320 24 3.300
42 149 55 71.773
43 1159 41 12.744
44 1255 25 37.672
45 878 58 38.105
46 1085 31 30.958
47 235 15 33.013
48 914 35 6.739
49 863 6 20.208
50 689 50 49.439
51 873 16 11.181
52 370 54 97.914
53 1048 25 12.992
54 434 31 16.584
55 244 34 89.949
56 1068 36 11.577
57 1183 12 19.766
58 942 1 68.996
59 186 23 22.816
60 99 47 72.986
61 1185 20 93.036
62 1231 50 68.627
63 1090 55 63.748
64 38 14 96.427
65 1155 41 93.833
66 1107 48 74.816
67 245 32 74.916
68 598 1 30.212
69 952 23 76.900
70 381 13 30.997
71 1239 57 95.102
72 522 46 10.538
73 90 24 19.449
74 909 12 33.751
75 609 25 8.878
76 1140 1 84.770
77 1066 34 98.681
78 974 57 53.422
79 1023 2 56.238
80 467 23 94.224
81 580 30 93.490
82 1346 11 57.151
83 665 40 9.041
84 1153 27 97.162
85 22 60 75.347
86 780 45 42.928
87 819 47 99.437
88 422 25 61.260
89 911 24 29.139
90 1142 21 50.843
91 164 28 70.849
92 97 10 52.317
93 419 43 18.775
94 816 59 59.478
95 1436 48 54.955
96 1059 12 13.227
97 75 43 61.479
98 919 13 60.091
99 1320 37 8.751
100 505 59 74.644
101 1418 11 21.409
102 217 52 67.431
103 532 37 62.902
104 94 48 96.150
105 870 21 71.813
106 365 50 34.606
107 643 26 56.605
108 1150 15 30.515
109 156 42 73.240
110 815 17 20.835
111 459 16 90.166
112 221 27 37.242
113 999 56 60.107
114 277 51 24.812
115 1006 60 63.058
116 219 25 45.958
117 1192 49 76.869
118 311 1 90.440
119 696 30 55.437
120 1211 7 89.937
121 102 16 51.303
122 402 6 22.461
123 578 58 94.730
124 200 37 65.324
125 1089 24 68.622
126 1231 36 65.347
127 627 16 92.518
128 1332 32 15.264
129 202 21 72.061
130 357 8 7.362
131 1186 50 51.719
132 183 51 71.213
133 380 4 47.947
134 138 10 73.430
135 219 30 49.006
136 824 50 34.445
137 978 7 25.996
138 740 44 79.083
139 1364 37 96.488
140 1417 48 92.835
141 983 36 36.451
142 1227 44 54.846
143 662 11 1.498
144 842 18 9.089
145 391 46 87.632
146 330 22 65.388
147 1053 56 22.977
148 177 53 75.318
149 1342 26 98.235
150 1149 15 66.104
151 326 27 93.831
152 303 6 83.303
153 791 51 36.149
154 519 4 76.569
155 1313 16 96.785
156 253 31 23.985
157 767 49 20.155
158 984 19 52.434
159 740 1 61.606
160 68 20 25.810
161 393 49 56.147
162 353 27 79.929
163 103 9 5.114
164 286 19 70.238
165 434 41 37.144
166 1187 4 94.966
167 1139 25 79.727
168 30 1 15.830
169 1261 4 16.491
170 589 54 43.821
171 1159 36 39.987
172 600 11 97.217
173 1020 12 49.230
174 726 15 20.120
175 935 26 96.744
176 600 40 46.845
177 753 8 67.866
178 1255 19 98.772
179 1261 49 67.764
180 532 6 4.752
181 1081 18 40.032
182 1350 60 16.800
183 624 59 77.123
184 1259 54 20.819
185 602 25 28.543
186 1243 5 12.401
187 1323 44 73.868
188 492 44 71.827
189 1026 8 24.282
190 683 35 98.561
191 1242 4 19.407
192 1387 43 83.113
193 343 7 56.265
194 1382 32 25.127
195 977 12 87.865
196 1330 16 83.208
197 301 55 73.517
198 67 30 80.453
199 836 55 53.325
200 113 25 36.960