200
1 908 8 83.578
2 337 60 43.077
3 542 43 53.522
4 308 55 62.687
5 1090 51 23.550
6 1426 39 40.227
7 860 26 54.184
8 48 6 68.313
9 869 11 69.562
10 1116 7 51.994
11 491 59 15.359
12 938 14 4.843
13 280 7 76.157
14 711 11 71.270
15 546 25 85.037
16 956 9 63.747
17 852 55 62.566
18 608 40 13.715
19 148 13 7.432
20 1359 53 69.033
21 800 23 42.571
22 63 20 28.598
23 38 12 56.632
24 1360 44 65.488
25 949 58 7.134
26 259 44 15.555
27 471 52 7.300
28 317 43 63.577
29 998 30 65.112
30 901 40 20.925
31 1397 8 83.860
32 1040 26 9.926
33 476 48 91.747
34 497 58 13.342
35 1161 6 12.166
36 1139 25 80.553
37 189 49 60.193
38 258 59 58.927
39 1114 43 48.123
40 285 52 14.467
41 627 1 50.826
42 1292 43 62.981
43 597 12 9.635
44 998 30 39.849
45 879 46 60.774
46 543 50 0.707
47 1030 41 15.314
48 844 18 9.434
49 642 34 76.958
50 164 4 56.889
51 337 50 25.894
52 224 10 15.188
53 171 34 84.190
54 219 42 1.140
55 323 60 21.167
56 141 10 34.750
57 980 2 99.897
58 817 4 10.253
59 1165 42 94.635
60 86 9 95.539
61 99 37 99.196
62 142 14 24.532
63 359 39 52.791
64 139 35 47.847
65 898 51 10.024
66 1214 4 54.761
67 330 10 85.188
68 1365 43 52.103
69 794 24 18.098
70 890 53 15.928
71 386 16 85.732
72 991 17 55.563
73 782 26 59.768
74 181 45 59.230
75 1411 42 43.363
76 1379 42 68.108
77 1204 17 90.662
78 927 56 64.187
79 1436 54 23.737
80 1414 59 76.968
81 251 20 13.562
82 102 52 50.323
83 276 48 67.095
84 1186 7 90.169
85 1368 24 20.930
86 84 54 9.708
87 384 5 60.482
88 1113 46 99.951
89 55 16 5.086
90 723 56 9.748
91 1388 53 54.425
92 754 35 12.260
93 967 34 38.555
94 474 42 18.399
95 1395 33 45.709
96 310 19 96.252
97 1372 9 66.349
98 1131 4 22.581
99 330 13 54.683
100 1033 50 71.642
101 647 21 68.797
102 996 12 79.374
103 717 16 67.195
104 836 59 96.849
105 319 27 85.824
106 1222 9 13.529
107 1136 53 46.260
108 663 1 5.756
109 910 49 82.787
110 408 37 4.156
111 211 4 64.157
112 85 14 20.587
113 829 52 36.719
114 1000 41 27.752
115 1005 12 49.900
116 313 58 99.422
117 438 25 81.607
118 946 11 97.204
119 444 46 85.419
120 1280 36 11.443
121 52 9 0.628
122 576 39 38.116
123 1368 9 23.004
124 1058 20 57.931
125 99 11 92.303
126 351 9 51.794
127 771 53 72.873
128 174 7 16.575
129 577 25 35.005
130 805 31 3.781
131 564 9 12.253
132 1326 14 97.532
133 1302 49 26.851
134 354 44 81.925
135 601 4 89.057
136 784 5 55.741
137 184 10 68.594
138 478 26 17.331
139 1004 55 10.299
140 1179 32 15.482
141 117 3 72.361
142 852 24 67.852
143 1323 3 49.451
144 1231 26 79.030
145 288 31 94.983
146 85 8 34.063
147 296 56 97.508
148 1411 25 57.085
149 82 7 96.887
150 329 58 3.221
151 679 35 11.510
152 500 34 35.523
153 688 15 4.842
154 1072 4 96.311
155 1313 36 51.706
156 1143 17 83.579
157 723 6 72.000
158 223 59 15.850
159 295 20 93.616
160 204 3 45.930
161 161 13 34.545
162 1277 23 88.556
163 1124 10 88.444
164 523 57 86.268
165 860 32 17.330
166 1025 24 14.457
167 888 49 48.816
168 899 20 22.839
169 251 28 29.185
170 1027 23 9.865
171 429 19 14.655
172 507 19 24.221
173 529 29 28.142
174 249 12 5.341
175 884 53 70.765
176 1091 34 46.357
177 40 39 36.770
178 756 58 42.602
179 95 42 94.634
180 109 59 89.744
181 1248 16 15.616
182 688 25 41.020
183 1274 18 99.858
184 1013 37 40.710
185 863 43 45.297
186 64 30 41.458
187 1116 24 19.949
188 579 37 87.520
189 682 6 38.238
190 1124 10 71.207
191 641 17 37.768
192 540 17 86.787
193 1067 9 30.312
194 1300 23 41.801
195 298 23 48.487
196 60 9 1.414
197 71 2 15.349
198 400 12 49.909
199 1297 8 29.496
200 1034 33 41.824