200
1 1319 60 36.593
2 22 42 20.523
3 133 9 33.038
4 655 39 38.273
5 277 32 6.440
6 598 3 7.549
7 792 38 82.530
8 1364 59 95.255
9 525 59 88.093
10 164 2 68.617
11 449 17 67.373
12 829 42 76.810
13 1194 11 84.796
14 1085 56 89.303
15 923 38 68.174
16 832 32 88.984
17 75 25 66.947
18 1298 36 63.737
19 988 59 97.030
20 151 28 10.791
21 15 19 80.389
22 379 52 29.129
23 749 32 72.353
24 597 39 57.839
25 172 22 9.672
26 1242 2 93.812
27 840 29 62.794
28 921 10 18.118
29 393 5 70.611
30 1379 43 8.101
31 1250 7 21.771
32 292 56 64.961
33 442 58 39.503
34 827 57 15.762
35 995 39 29.313
36 626 19 20.404
37 569 16 73.023
38 838 46 19.588
39 650 1 31.222
40 270 19 1.340
41 288 41 61.657
42 1390 22 30.490
43 1434 25 46.494
44 266 51 33.051
45 1227 52 51.061
46 559 48 73.218
47 564 47 7.158
48 566 10 43.227
49 715 54 3.002
50 1043 50 54.863
51 608 30 99.999
52 1361 26 79.501
53 121 23 84.891
54 640 32 24.671
55 730 48 41.628
56 1047 20 39.793
57 1024 19 35.463
58 768 22 92.759
59 1036 3 12.071
60 132 37 6.828
61 31 14 37.493
62 1159 14 87.549
63 179 7 42.237
64 970 35 8.539
65 745 24 97.343
66 18 51 75.951
67 1156 19 94.794
68 654 41 59.454
69 1095 52 73.716
70 219 29 26.287
71 1297 3 46.544
72 960 28 35.165
73 1124 28 9.799
74 229 41 52.960
75 510 13 67.982
76 864 39 3.801
77 1176 40 35.096
78 1085 23 7.488
79 881 18 60.650
80 19 60 45.206
81 578 15 34.976
82 537 27 77.139
83 348 36 9.448
84 39 28 55.671
85 733 10 20.603
86 938 45 40.639
87 277 23 6.020
88 1036 10 23.533
89 855 13 92.679
90 1213 26 10.211
91 129 41 29.144
92 111 56 48.691
93 1228 60 91.522
94 522 17 72.150
95 1227 7 38.353
96 791 33 12.007
97 1075 37 33.439
98 1340 5 89.022
99 852 19 61.423
100 1372 54 15.968
101 744 38 57.871
102 977 37 14.856
103 23 22 72.957
104 362 10 50.069
105 705 24 68.138
106 637 26 44.441
107 1108 57 31.218
108 1332 25 0.724
109 1025 25 55.447
110 1141 21 7.221
111 503 39 44.998
112 452 14 96.627
113 1126 43 41.874
114 694 3 59.355
115 194 49 69.874
116 909 29 75.150
117 624 47 1.602
118 1182 6 39.413
119 878 50 61.666
120 769 14 92.757
121 931 15 51.328
122 970 26 81.937
123 263 52 65.866
124 1217 35 17.440
125 1357 1 66.981
126 873 8 8.607
127 655 57 49.167
128 159 13 66.291
129 453 6 72.182
130 496 37 51.230
131 1122 12 85.716
132 424 30 9.351
133 935 52 41.119
134 1119 12 57.638
135 90 10 17.521
136 289 3 5.093
137 1117 58 6.786
138 1226 2 38.405
139 825 4 11.600
140 692 6 2.848
141 893 5 84.782
142 1388 44 49.795
143 750 46 29.874
144 954 20 66.802
145 772 46 14.261
146 1272 40 63.221
147 1214 26 18.352
148 976 13 50.415
149 824 12 85.585
150 1236 2 86.850
151 409 44 57.233
152 1318 1 18.125
153 34 33 53.996
154 1098 47 29.240
155 62 7 10.872
156 1414 59 37.543
157 1390 32 93.841
158 67 21 18.492
159 1410 25 30.175
160 533 43 48.752
161 1011 2 76.248
162 277 48 78.886
163 84 13 17.790
164 1124 55 61.749
165 34 8 26.311
166 477 58 42.214
167 178 40 15.700
168 547 30 72.190
169 1404 46 35.124
170 540 16 89.015
171 902 38 97.720
172 1289 34 56.701
173 748 54 94.470
174 1310 40 72.178
175 177 26 65.249
176 1059 46 28.374
177 720 46 71.216
178 1103 29 3.862
179 888 5 98.662
180 1382 52 4.259
181 133 24 24.368
182 1155 20 20.181
183 834 59 84.841
184 1187 7 74.441
185 393 12 71.301
186 406 2 14.860
187 998 10 62.620
188 863 11 33.425
189 685 41 82.117
190 1214 3 74.453
191 1196 57 90.005
192 709 14 85.333
193 331 47 77.618
194 954 8 62.924
195 124 48 68.047
196 602 9 48.906
197 882 17 97.821
198 190 20 64.678
199 613 25 85.304
200 601 60 90.620