200
1 492 48 37.579
2 816 57 20.890
3 1100 42 80.145
4 936 40 2.739
5 1226 13 99.293
6 1203 46 94.138
7 56 48 61.828
8 29 50 9.408
9 916 44 57.968
10 386 1 30.646
11 150 47 49.997
12 1103 41 92.716
13 1306 16 38.770
14 8 18 98.637
15 1128 39 23.545
16 1002 6 51.664
17 1432 15 37.835
18 1218 52 78.096
19 664 26 18.309
20 1227 5 21.652
21 1138 58 16.764
22 842 28 42.192
23 179 34 49.177
24 1366 10 51.916
25 1431 56 99.160
26 1248 13 68.805
27 784 32 46.618
28 1220 52 81.332
29 452 16 3.193
30 932 3 10.005
31 302 23 43.235
32 827 54 26.354
33 126 8 48.690
34 811 50 88.838
35 727 58 29.698
36 1183 39 17.705
37 389 37 87.475
38 1266 50 76.926
39 983 25 34.854
40 560 50 17.371
41 698 55 80.399
42 1216 10 16.877
43 901 39 30.784
44 271 56 5.672
45 1112 5 86.926
46 92 19 59.991
47 1430 30 85.295
48 561 30 94.391
49 475 42 57.090
50 1136 12 17.593
51 102 23 35.822
52 427 52 29.374
53 1018 49 67.982
54 174 36 8.756
55 560 19 13.040
56 394 16 7.873
57 379 21 81.783
58 1035 5 59.475
59 203 14 19.707
60 522 8 57.488
61 1141 39 68.221
62 1148 58 1.647
63 936 10 86.556
64 895 40 29.354
65 1014 50 28.263
66 176 17 75.556
67 785 26 81.941
68 1289 35 59.744
69 890 19 34.050
70 684 60 55.293
71 250 26 9.584
72 655 42 5.907
73 162 58 81.114
74 1068 44 29.692
75 535 4 12.575
76 187 48 64.914
77 67 28 38.791
78 1242 4 3.294
79 589 17 5.402
80 108 9 49.288
81 502 46 51.985
82 1235 11 70.388
83 905 21 55.341
84 630 37 77.479
85 1187 19 44.966
86 900 16 16.404
87 613 36 54.114
88 767 9 11.635
89 262 9 73.068
90 348 16 37.470
91 355 22 13.746
92 231 24 39.970
93 303 22 22.207
94 821 34 65.665
95 1286 38 83.637
96 96 40 81.215
97 946 22 67.932
98 1183 25 58.206
99 912 10 22.442
100 1178 30 74.067
101 194 5 6.054
102 1369 20 8.313
103 396 27 93.721
104 364 26 63.919
105 357 10 19.123
106 1385 54 81.698
107 380 55 89.925
108 1006 24 59.234
109 381 10 11.634
110 338 19 78.458
111 769 59 68.814
112 128 43 24.349
113 43 38 96.049
114 469 6 27.983
115 1421 9 44.734
116 44 11 1.139
117 229 52 2.800
118 305 53 12.127
119 356 9 40.102
120 656 14 25.099
121 707 16 50.365
122 237 60 74.306
123 625 50 3.655
124 753 37 62.801
125 383 60 22.556
126 454 57 81.347
127 347 29 41.275
128 409 45 11.445
129 365 25 92.647
130 303 57 32.560
131 920 53 27.050
132 1244 31 21.895
133 11 18 89.416
134 863 32 61.584
135 1074 48 10.609
136 1026 55 24.050
137 1160 43 95.566
138 1362 58 33.696
139 1388 54 53.206
140 617 50 96.209
141 380 10 5.950
142 1201 51 68.245
143 1064 52 40.034
144 401 15 37.863
145 353 41 82.470
146 414 57 72.938
147 1403 8 62.909
148 1125 44 73.531
149 1115 43 67.977
150 1236 35 95.375
151 518 42 85.257
152 585 20 63.736
153 9 27 87.706
154 62 5 50.876
155 916 44 78.320
156 364 10 59.352
157 1351 15 55.480
158 521 42 4.980
159 113 54 76.267
160 37 43 2.790
161 1216 45 94.353
162 724 36 41.180
163 1234 42 75.949
164 756 23 35.905
165 333 59 20.459
166 1121 34 28.651
167 1227 59 5.320
168 1300 42 26.549
169 635 47 45.479
170 417 49 0.055
171 694 43 98.307
172 271 59 8.953
173 1097 29 85.881
174 1333 37 19.376
175 1341 26 32.263
176 30 49 6.243
177 569 19 28.816
178 1137 36 39.578
179 1069 48 70.061
180 1079 25 77.257
181 841 9 38.866
182 433 42 26.469
183 386 27 46.995
184 12 49 31.306
185 1129 56 17.584
186 1152 1 98.805
187 612 45 67.234
188 947 55 33.510
189 20 16 36.822
190 556 32 58.220
191 1119 10 77.503
192 256 12 1.980
193 1385 33 35.667
194 552 25 4.617
195 601 9 87.838
196 549 9 89.468
197 1128 55 61.043
198 1058 49 64.684
199 374 14 75.108
200 724 21 86.410