200
1 979 5 91.442
2 1427 14 49.371
3 1151 17 11.168
4 574 46 32.495
5 236 2 81.282
6 531 21 84.022
7 143 8 9.724
8 1174 29 14.645
9 780 35 11.551
10 1069 25 45.599
11 511 2 54.697
12 1408 50 32.203
13 766 31 19.373
14 478 19 75.014
15 365 43 71.901
16 327 33 87.740
17 1317 3 71.085
18 813 13 97.910
19 1400 11 43.021
20 312 38 36.354
21 801 37 23.160
22 845 51 83.286
23 544 33 48.484
24 344 53 89.425
25 407 42 12.911
26 616 14 24.830
27 251 39 37.983
28 1119 37 91.449
29 314 47 76.973
30 737 33 59.386
31 34 44 67.683
32 449 10 34.995
33 1389 53 83.597
34 888 59 23.714
35 153 34 25.754
36 199 52 46.587
37 734 2 41.480
38 584 45 60.659
39 1052 9 57.817
40 520 55 92.525
41 1329 2 29.069
42 999 4 85.140
43 327 54 52.431
44 630 31 62.054
45 760 15 5.656
46 1078 49 88.685
47 1130 56 16.786
48 815 4 4.499
49 179 25 37.186
50 518 43 83.164
51 1051 26 14.535
52 752 46 93.536
53 1134 60 35.062
54 571 5 65.155
55 271 47 42.405
56 575 35 80.451
57 355 23 29.582
58 374 60 40.627
59 96 48 16.891
60 149 3 41.308
61 491 2 73.269
62 611 59 36.879
63 533 45 52.014
64 64 25 53.740
65 1217 41 98.467
66 1045 1 81.302
67 314 54 17.830
68 1359 43 59.972
69 768 10 36.851
70 1058 27 92.408
71 322 54 10.367
72 515 43 18.744
73 1240 2 49.445
74 771 14 38.507
75 350 17 5.811
76 396 17 84.395
77 815 3 37.548
78 32 24 60.191
79 65 12 42.916
80 202 45 72.442
81 1026 54 61.058
82 1415 30 70.654
83 136 47 49.814
84 1104 42 79.792
85 844 1 71.788
86 732 29 3.818
87 780 10 2.360
88 982 39 83.823
89 1009 37 66.286
90 1031 53 25.176
91 1049 56 12.798
92 670 37 82.683
93 63 19 5.952
94 1181 16 64.646
95 422 59 64.200
96 1321 50 8.991
97 293 50 86.694
98 317 53 9.401
99 652 4 32.620
100 821 31 17.922
101 250 23 30.966
102 590 18 61.310
103 1210 37 25.175
104 432 9 38.827
105 67 57 77.418
106 802 6 7.508
107 100 6 89.965
108 872 58 84.957
109 43 50 92.424
110 55 17 45.245
111 418 5 46.334
112 394 24 58.497
113 1058 44 17.545
114 34 38 36.341
115 139 32 19.613
116 506 17 93.513
117 636 20 28.859
118 205 49 41.921
119 1415 20 54.169
120 451 12 57.983
121 609 25 13.588
122 300 36 93.833
123 387 53 33.702
124 769 34 4.438
125 231 34 44.154
126 1123 42 95.233
127 1099 42 71.421
128 1239 22 56.717
129 388 34 44.094
130 730 15 17.260
131 139 27 27.059
132 98 19 45.196
133 460 24 41.216
134 628 58 14.205
135 652 28 82.942
136 354 30 33.334
137 546 3 59.615
138 19 11 41.134
139 719 30 85.844
140 344 36 90.894
141 1400 26 68.564
142 936 36 91.538
143 580 3 36.224
144 1318 7 63.249
145 500 24 5.505
146 1026 30 93.027
147 567 27 40.317
148 157 52 23.585
149 1416 52 54.581
150 1005 19 35.068
151 1297 37 71.516
152 273 7 61.718
153 868 51 34.128
154 877 35 56.627
155 774 30 89.494
156 428 57 69.749
157 1046 39 45.444
158 939 15 38.930
159 812 29 92.537
160 832 33 71.892
161 61 41 27.468
162 673 47 96.403
163 104 15 12.014
164 1309 33 58.049
165 249 43 95.226
166 571 14 12.103
167 935 9 48.217
168 1417 25 34.161
169 363 32 87.490
170 1140 59 96.582
171 458 59 37.993
172 138 59 20.271
173 134 18 73.445
174 83 16 2.340
175 622 11 89.407
176 215 1 8.009
177 1270 32 61.838
178 49 2 73.476
179 852 1 99.810
180 332 59 67.357
181 839 36 47.989
182 905 54 92.048
183 1034 19 14.009
184 307 15 68.413
185 712 23 8.135
186 672 49 83.313
187 744 53 66.258
188 953 44 0.184
189 769 3 40.412
190 974 10 30.504
191 453 3 34.418
192 99 27 45.187
193 186 23 21.961
194 1209 33 1.810
195 132 10 77.129
196 516 15 38.413
197 610 14 55.411
198 357 56 80.974
199 284 43 4.284
200 594 10 40.863