200
1 1402 1 77.186
2 101 23 51.671
3 118 38 87.389
4 580 54 48.793
5 522 5 37.412
6 484 17 33.175
7 773 7 50.333
8 791 50 70.770
9 879 31 26.082
10 249 29 5.149
11 372 23 53.327
12 355 58 71.697
13 824 43 1.765
14 437 43 46.226
15 1372 13 85.763
16 1114 33 83.137
17 1117 18 97.253
18 802 15 18.271
19 714 34 96.810
20 975 55 20.703
21 1409 30 82.672
22 1195 51 24.876
23 445 3 61.001
24 1308 54 4.012
25 346 23 61.488
26 1310 23 26.105
27 1077 4 41.402
28 576 5 5.515
29 337 52 18.171
30 199 36 53.880
31 705 35 7.135
32 377 40 36.310
33 420 49 30.031
34 246 55 78.701
35 992 22 31.294
36 686 15 85.332
37 1259 49 3.775
38 405 48 52.638
39 507 49 67.192
40 163 15 90.859
41 589 1 6.039
42 947 49 75.083
43 528 56 5.777
44 736 23 37.352
45 693 41 78.223
46 599 25 59.329
47 40 14 6.004
48 739 13 97.226
49 656 23 17.290
50 798 20 42.033
51 70 39 76.520
52 1122 56 3.089
53 606 43 61.904
54 37 5 42.219
55 1372 33 93.262
56 511 48 67.049
57 455 26 76.620
58 1329 33 84.375
59 26 5 83.043
60 329 35 46.570
61 828 8 25.744
62 944 32 36.195
63 1219 54 67.412
64 47 55 30.916
65 625 35 5.635
66 176 32 17.844
67 1401 24 68.007
68 848 37 59.872
69 1266 21 8.852
70 1005 19 33.790
71 872 38 89.514
72 183 20 40.868
73 758 13 22.318
74 752 53 13.594
75 37 46 25.629
76 163 53 91.763
77 23 13 66.873
78 705 13 44.606
79 1087 38 66.118
80 1372 30 17.349
81 873 10 66.072
82 1040 36 48.892
83 285 33 5.982
84 411 18 41.255
85 448 29 78.015
86 377 43 80.867
87 1019 60 99.482
88 640 33 69.008
89 263 27 93.112
90 1381 52 84.681
91 627 60 45.747
92 1328 21 97.854
93 327 34 37.127
94 268 56 19.412
95 306 27 87.605
96 1325 46 31.738
97 451 27 68.026
98 1275 41 46.375
99 94 50 20.890
100 1202 22 52.862
101 1199 45 59.500
102 64 22 41.762
103 830 49 51.565
104 479 1 73.092
105 692 44 61.988
106 994 20 89.459
107 964 46 33.730
108 1014 2 32.597
109 1172 51 68.970
110 218 50 12.750
111 175 59 89.652
112 1407 16 23.807
113 298 41 31.629
114 1367 44 78.978
115 344 37 72.459
116 479 48 21.579
117 291 38 13.701
118 161 7 34.496
119 53 34 99.838
120 527 14 88.146
121 722 52 23.026
122 588 9 24.300
123 1396 49 92.208
124 152 15 65.179
125 954 12 97.014
126 1151 41 62.845
127 1071 42 97.691
128 574 49 75.437
129 84 22 58.315
130 1421 50 27.650
131 1375 4 71.393
132 265 48 47.563
133 75 11 65.512
134 339 34 88.262
135 617 41 44.990
136 1417 58 52.860
137 740 18 30.891
138 503 28 60.543
139 1100 58 93.208
140 977 44 6.900
141 1036 53 28.711
142 658 18 78.622
143 1362 17 88.697
144 21 15 33.742
145 234 47 89.445
146 1330 8 41.871
147 69 49 79.250
148 1379 33 49.447
149 978 17 24.606
150 602 31 70.249
151 128 13 63.488
152 51 5 25.663
153 1346 19 14.295
154 1290 17 20.668
155 954 11 94.566
156 975 20 78.799
157 1309 44 39.533
158 393 8 58.433
159 1091 34 34.016
160 1419 47 31.842
161 310 26 64.916
162 881 60 64.877
163 1303 7 52.758
164 868 23 13.626
165 794 23 68.193
166 796 42 51.935
167 115 54 43.825
168 120 47 69.450
169 672 28 46.027
170 1062 39 20.367
171 417 4 92.076
172 1201 44 34.347
173 981 38 64.783
174 720 25 78.934
175 742 13 40.727
176 1047 3 15.429
177 36 29 52.879
178 1044 60 71.693
179 689 1 34.330
180 40 11 44.569
181 30 54 34.048
182 769 42 43.265
183 1438 21 96.909
184 1232 45 65.745
185 1440 20 43.223
186 628 51 66.365
187 1038 58 42.548
188 223 20 45.503
189 130 55 51.185
190 999 20 71.189
191 990 44 99.923
192 307 5 46.247
193 839 19 76.226
194 391 38 30.883
195 258 32 92.703
196 1249 8 5.667
197 382 16 86.877
198 290 48 16.552
199 1195 31 13.528
200 171 57 49.222