200
1 967 1 91.142
2 528 7 63.624
3 118 60 1.654
4 1343 38 99.412
5 492 11 90.306
6 113 19 31.487
7 1027 8 84.443
8 1439 18 72.436
9 775 53 3.264
10 569 2 18.963
11 6 2 12.192
12 471 52 70.261
13 452 31 30.667
14 1102 9 71.991
15 1351 13 32.303
16 848 4 15.421
17 45 15 60.817
18 1439 47 96.193
19 190 47 98.018
20 643 50 15.399
21 961 32 1.563
22 266 59 97.595
23 790 42 14.157
24 674 41 93.241
25 906 35 11.591
26 1002 34 19.598
27 290 30 22.292
28 997 34 79.684
29 1367 58 77.121
30 910 11 84.536
31 1426 36 51.498
32 876 7 66.031
33 36 7 46.869
34 1306 30 2.782
35 603 26 3.468
36 68 13 25.582
37 213 52 77.269
38 457 28 81.229
39 661 37 33.013
40 761 54 94.260
41 728 18 43.176
42 917 57 82.098
43 514 59 48.228
44 258 51 47.800
45 1356 18 98.319
46 1249 37 48.235
47 314 58 40.743
48 96 59 66.133
49 731 3 79.794
50 653 44 24.606
51 270 41 47.710
52 448 48 4.125
53 606 58 70.088
54 169 43 20.325
55 986 47 67.903
56 686 3 75.687
57 1109 45 28.735
58 1203 53 68.639
59 856 45 1.300
60 124 30 37.974
61 491 49 18.119
62 662 7 12.859
63 1012 8 43.483
64 191 30 30.665
65 841 46 95.584
66 971 24 7.725
67 496 58 35.949
68 1301 24 98.253
69 1110 2 81.380
70 611 35 84.198
71 1369 55 29.390
72 635 15 17.674
73 1330 36 25.949
74 803 5 80.893
75 701 51 34.509
76 89 50 43.463
77 515 43 52.061
78 1384 59 68.180
79 900 32 60.148
80 1214 43 54.002
81 1383 33 34.852
82 590 40 63.544
83 1034 57 48.313
84 1269 40 8.547
85 1185 18 98.537
86 218 28 29.667
87 377 26 54.966
88 875 17 19.224
89 26 39 25.722
90 285 18 41.566
91 1098 10 75.286
92 648 25 98.651
93 61 41 70.253
94 220 13 93.953
95 1257 39 98.501
96 677 51 24.695
97 911 55 98.233
98 1009 15 24.020
99 295 34 59.901
100 781 26 58.158
101 981 59 8.262
102 691 18 84.933
103 209 16 42.031
104 873 25 29.288
105 1134 30 71.773
106 940 18 4.371
107 574 9 64.655
108 1057 27 51.814
109 356 17 68.624
110 600 21 24.560
111 864 41 51.563
112 254 12 66.153
113 333 59 82.588
114 1091 33 2.803
115 1376 44 49.431
116 726 43 26.283
117 1398 43 87.248
118 422 43 77.311
119 198 31 97.764
120 807 34 82.178
121 1134 44 6.419
122 837 39 38.393
123 657 17 25.180
124 497 9 17.886
125 907 19 44.911
126 991 17 29.053
127 1416 20 9.927
128 770 58 57.877
129 796 11 75.462
130 748 13 99.922
131 213 11 51.728
132 1119 10 75.829
133 296 4 99.330
134 1412 28 46.951
135 72 59 10.368
136 1226 15 85.434
137 1208 18 24.997
138 632 55 73.323
139 896 20 96.129
140 700 39 74.165
141 591 36 2.096
142 310 28 79.139
143 717 32 86.511
144 513 34 86.567
145 1193 24 7.029
146 314 46 57.550
147 1194 17 53.758
148 1084 14 86.926
149 937 50 87.188
150 305 33 62.933
151 1244 49 0.099
152 1319 12 63.695
153 967 5 54.174
154 118 41 24.446
155 1161 31 80.900
156 430 21 9.340
157 381 31 23.804
158 909 31 88.260
159 1348 23 54.363
160 164 53 77.233
161 1384 33 18.397
162 590 55 44.088
163 554 24 85.130
164 1045 31 13.926
165 216 42 14.949
166 1205 29 21.214
167 896 7 29.869
168 887 29 95.566
169 790 44 10.989
170 720 34 92.085
171 1239 60 30.067
172 530 5 52.935
173 11 12 34.856
174 898 44 81.694
175 679 13 50.334
176 272 12 2.545
177 1148 56 37.908
178 1172 10 29.571
179 204 10 10.679
180 476 14 12.387
181 155 51 76.333
182 941 48 74.915
183 634 50 12.631
184 1119 43 19.592
185 1315 46 46.234
186 778 52 20.168
187 1041 17 25.438
188 623 56 70.961
189 861 35 4.662
190 582 53 55.094
191 238 5 79.761
192 841 19 10.528
193 545 19 96.025
194 1434 27 64.778
195 357 24 79.656
196 447 33 59.601
197 1324 34 30.449
198 909 57 13.234
199 670 45 74.731
200 875 31 91.902