200
1 557 23 99.213
2 831 9 87.041
3 1239 58 54.047
4 417 7 59.428
5 253 30 47.909
6 1086 4 0.371
7 847 27 99.309
8 1271 58 48.268
9 65 9 12.257
10 1309 41 79.234
11 1303 46 77.771
12 1280 39 2.858
13 565 44 0.313
14 742 16 88.047
15 902 29 51.199
16 760 38 99.161
17 44 40 8.347
18 845 49 64.705
19 723 5 83.096
20 1125 55 73.757
21 1028 18 25.153
22 684 57 12.516
23 719 44 34.323
24 1288 35 9.988
25 1025 47 37.338
26 606 24 72.209
27 1 31 6.687
28 216 19 54.404
29 567 39 67.562
30 1328 59 87.897
31 370 46 4.703
32 1326 20 5.613
33 921 26 33.034
34 1288 51 49.655
35 608 7 94.281
36 106 31 81.520
37 1345 17 75.475
38 624 1 96.465
39 357 15 71.385
40 1259 11 82.804
41 835 17 65.316
42 955 8 43.124
43 1379 18 25.301
44 990 49 12.709
45 466 33 69.910
46 1274 31 45.552
47 1116 12 71.101
48 980 8 53.108
49 945 5 33.752
50 500 37 73.481
51 925 59 23.576
52 898 35 8.357
53 850 17 78.023
54 1075 1 65.562
55 507 8 9.604
56 1298 16 97.367
57 16 44 52.962
58 412 46 43.811
59 1334 39 15.946
60 679 27 15.408
61 346 47 8.234
62 590 22 75.518
63 1224 11 89.901
64 325 3 1.200
65 477 4 12.133
66 1216 31 24.565
67 404 22 0.153
68 496 18 71.871
69 1308 26 9.405
70 815 38 6.071
71 1385 26 19.610
72 276 14 96.490
73 789 57 3.888
74 580 13 29.425
75 93 33 78.461
76 38 24 52.266
77 675 9 60.420
78 978 34 43.745
79 760 60 18.777
80 1177 5 39.059
81 1133 53 19.564
82 905 10 0.571
83 933 58 9.396
84 803 6 12.634
85 200 45 98.035
86 1237 3 61.924
87 1265 49 19.565
88 1254 7 92.882
89 1087 32 91.499
90 886 31 71.292
91 178 59 61.073
92 484 2 87.925
93 1163 49 86.596
94 950 56 71.437
95 797 18 69.969
96 1417 10 97.347
97 1215 54 25.442
98 634 8 25.709
99 111 3 48.436
100 241 9 21.755
101 1423 9 28.018
102 152 52 3.452
103 952 31 22.557
104 711 20 74.083
105 426 38 36.170
106 1008 9 29.059
107 549 14 10.952
108 702 49 37.071
109 75 4 82.881
110 410 48 13.903
111 1207 28 9.079
112 1016 50 40.664
113 619 11 57.597
114 53 7 20.878
115 1372 56 54.598
116 1050 59 68.348
117 525 28 66.073
118 647 33 56.138
119 1438 14 36.878
120 704 3 84.003
121 637 17 21.562
122 21 50 53.984
123 1360 1 71.521
124 730 34 91.592
125 487 22 51.211
126 15 56 81.364
127 867 27 83.793
128 589 18 57.005
129 1067 50 33.710
130 366 56 59.215
131 1190 3 76.105
132 621 22 97.769
133 36 3 83.258
134 1234 17 54.727
135 941 3 25.860
136 775 44 10.995
137 1016 49 10.608
138 506 46 53.566
139 908 39 95.761
140 598 21 62.284
141 404 8 34.112
142 315 4 20.469
143 696 57 92.909
144 688 21 24.732
145 403 28 68.851
146 1201 19 93.516
147 572 35 12.785
148 782 51 33.512
149 509 7 29.416
150 1154 23 11.430
151 1284 29 36.634
152 704 8 18.671
153 1264 57 61.026
154 1207 41 30.556
155 1007 23 21.467
156 1216 38 25.602
157 71 43 50.989
158 1072 33 95.243
159 1421 8 9.391
160 1281 56 40.757
161 45 60 50.831
162 240 48 58.183
163 760 48 48.162
164 1285 10 62.798
165 383 19 63.195
166 488 24 77.641
167 705 16 7.590
168 1153 17 56.555
169 1300 60 54.303
170 664 34 5.061
171 523 49 27.772
172 492 51 32.905
173 175 34 33.418
174 1057 51 76.631
175 581 22 35.715
176 917 30 88.074
177 819 59 48.179
178 305 40 25.164
179 142 29 85.542
180 726 16 10.941
181 834 12 66.660
182 766 17 18.210
183 1137 59 39.732
184 10 28 27.921
185 1405 24 78.964
186 853 43 40.150
187 986 6 26.050
188 65 26 14.435
189 1208 9 54.492
190 455 6 60.318
191 937 43 44.818
192 645 10 21.703
193 885 29 89.444
194 807 2 91.629
195 1183 54 18.752
196 77 13 41.614
197 1214 12 71.222
198 179 23 66.314
199 763 32 97.758
200 1421 49 34.080