200
1 101 3 8.060
2 794 43 76.370
3 802 35 3.434
4 790 52 65.853
5 690 9 94.517
6 318 13 35.598
7 326 7 90.808
8 850 52 90.368
9 104 26 30.308
10 914 47 55.528
11 759 24 61.461
12 1228 7 9.901
13 77 7 25.853
14 565 37 0.824
15 598 8 92.974
16 877 39 13.920
17 1285 48 24.405
18 1306 40 91.222
19 508 32 77.715
20 1055 29 68.888
21 356 22 64.897
22 204 2 64.130
23 911 39 35.029
24 151 16 33.420
25 374 10 30.542
26 982 16 62.283
27 427 11 43.820
28 361 57 66.289
29 1014 38 74.501
30 1161 50 83.205
31 956 49 68.314
32 491 3 42.442
33 1282 39 86.959
34 676 20 59.241
35 341 44 22.450
36 281 9 40.075
37 1292 37 93.693
38 1196 14 94.012
39 167 27 84.324
40 366 35 51.025
41 803 10 91.457
42 616 42 22.194
43 668 25 75.000
44 730 9 32.577
45 288 30 83.103
46 692 5 33.526
47 62 55 17.713
48 1139 50 44.694
49 174 52 74.182
50 1189 38 37.356
51 1268 9 26.102
52 474 36 77.753
53 497 60 29.085
54 950 48 15.224
55 1366 53 17.019
56 625 5 53.729
57 409 29 90.596
58 1048 42 6.698
59 1063 20 52.947
60 177 27 82.771
61 83 40 30.025
62 726 55 12.653
63 989 44 0.938
64 381 34 79.918
65 213 10 95.650
66 343 46 70.770
67 246 38 21.124
68 1171 11 21.348
69 1398 35 68.786
70 446 51 89.139
71 360 38 76.516
72 1284 29 12.137
73 1081 4 59.808
74 167 16 3.426
75 505 4 10.336
76 1270 56 45.323
77 1143 17 88.411
78 428 47 72.605
79 1338 37 52.695
80 581 59 8.525
81 219 23 7.239
82 173 34 29.445
83 373 2 55.305
84 725 21 78.723
85 34 10 87.729
86 315 46 71.561
87 412 34 15.218
88 1033 37 68.636
89 8 15 81.762
90 645 27 37.918
91 1131 7 17.236
92 1203 54 18.377
93 1154 56 5.234
94 269 1 65.836
95 626 1 12.132
96 114 24 47.780
97 1193 24 52.671
98 1005 16 19.775
99 956 44 81.691
100 1362 35 10.460
101 253 52 67.724
102 1293 51 90.528
103 603 59 86.554
104 1001 4 17.656
105 1253 55 58.794
106 1287 49 22.856
107 345 6 93.975
108 413 50 0.602
109 200 6 90.958
110 522 6 98.082
111 1293 28 33.076
112 343 21 54.576
113 522 31 74.070
114 650 12 2.023
115 306 20 58.117
116 1111 47 2.284
117 1059 57 36.741
118 568 39 32.243
119 1303 13 25.692
120 890 39 8.445
121 870 34 65.501
122 1164 40 87.822
123 542 26 78.329
124 315 21 52.498
125 638 8 94.373
126 942 2 3.194
127 124 38 3.729
128 434 39 25.773
129 1051 3 95.466
130 543 29 72.328
131 529 57 89.933
132 937 5 97.797
133 271 46 77.841
134 762 12 14.668
135 1015 60 13.439
136 876 17 83.308
137 1416 17 6.665
138 1298 31 34.581
139 1345 30 69.045
140 458 14 4.001
141 162 11 75.244
142 138 22 61.530
143 356 28 11.270
144 491 51 8.875
145 352 32 69.858
146 1424 7 41.788
147 1349 19 24.989
148 175 50 2.374
149 986 35 73.415
150 595 45 39.747
151 88 53 18.853
152 1378 57 32.824
153 953 19 28.503
154 240 30 46.845
155 1009 26 30.176
156 693 11 44.749
157 335 2 5.097
158 454 5 27.140
159 1302 48 3.737
160 215 21 46.021
161 1097 8 58.409
162 1220 60 79.021
163 719 53 65.904
164 1354 19 81.695
165 51 26 8.722
166 226 21 86.936
167 552 8 14.133
168 592 34 31.552
169 1245 12 45.019
170 618 25 92.046
171 242 60 14.180
172 1262 21 54.788
173 503 35 41.523
174 320 46 55.984
175 697 42 46.688
176 559 15 19.885
177 617 42 74.900
178 500 10 54.445
179 1039 46 10.947
180 969 38 28.801
181 1235 33 61.536
182 484 34 11.047
183 564 31 82.348
184 1236 9 24.177
185 340 5 66.020
186 1012 40 90.584
187 1375 40 30.175
188 557 16 28.811
189 72 28 71.913
190 94 24 27.813
191 1181 42 29.307
192 794 9 15.047
193 592 17 20.677
194 594 33 50.694
195 1234 53 8.884
196 1422 44 17.205
197 599 30 67.918
198 983 6 33.711
199 832 12 63.758
200 307 46 45.348