200
1 1167 4 92.878
2 579 55 66.016
3 43 10 98.492
4 636 6 94.481
5 495 4 30.564
6 599 9 48.260
7 1096 18 34.181
8 387 54 73.153
9 47 17 73.522
10 337 41 13.918
11 875 15 92.828
12 718 2 51.002
13 664 29 10.337
14 1092 13 66.355
15 1274 40 42.194
16 1186 9 16.849
17 706 59 54.108
18 427 17 18.501
19 1015 46 85.698
20 1031 31 39.086
21 650 58 55.205
22 1320 57 80.124
23 935 53 33.916
24 195 15 13.981
25 994 8 34.954
26 1397 29 1.469
27 1158 15 72.814
28 565 49 86.349
29 131 13 39.646
30 637 9 41.672
31 1034 29 19.345
32 778 8 89.332
33 984 21 46.144
34 927 11 41.430
35 1233 32 14.762
36 608 49 39.865
37 417 24 14.887
38 1424 56 43.431
39 1096 24 8.868
40 452 35 40.458
41 1042 42 22.493
42 656 50 5.316
43 661 19 12.952
44 301 11 63.850
45 62 27 85.939
46 464 27 38.541
47 1439 41 92.021
48 222 21 22.578
49 757 19 59.956
50 259 11 49.294
51 858 2 8.912
52 504 9 73.934
53 905 20 10.117
54 1375 59 39.773
55 79 16 42.463
56 70 23 75.345
57 1240 46 31.886
58 477 6 9.547
59 586 58 38.730
60 478 10 8.680
61 1273 40 97.214
62 804 5 87.156
63 809 48 81.011
64 465 21 30.959
65 807 14 96.533
66 1439 60 15.320
67 1295 51 16.360
68 17 49 9.094
69 1240 40 26.347
70 1340 23 19.698
71 42 7 82.449
72 1404 47 94.971
73 56 21 8.539
74 379 60 21.624
75 843 19 55.387
76 683 25 46.073
77 329 1 73.060
78 1199 35 49.875
79 1363 6 38.926
80 1064 11 83.374
81 1082 49 90.969
82 636 34 89.442
83 1050 28 79.389
84 1075 54 95.194
85 359 40 26.574
86 1219 44 16.780
87 1330 12 94.419
88 174 19 13.924
89 703 53 40.096
90 665 24 25.494
91 684 34 24.991
92 1294 15 55.152
93 1226 23 87.357
94 832 12 59.763
95 887 9 46.124
96 1278 5 59.246
97 1379 55 68.139
98 1003 34 40.480
99 523 8 47.731
100 553 44 96.534
101 1062 8 89.484
102 146 13 80.059
103 938 27 61.936
104 1267 2 86.070
105 496 57 28.349
106 133 28 46.944
107 632 59 97.174
108 1059 7 12.804
109 752 42 50.030
110 595 34 17.809
111 102 58 17.621
112 510 54 45.997
113 1263 28 48.519
114 1219 38 58.177
115 526 41 44.744
116 1370 19 32.092
117 209 48 13.392
118 656 19 24.140
119 811 42 91.510
120 306 59 39.683
121 1122 37 45.829
122 1341 54 6.004
123 438 54 38.071
124 700 12 55.101
125 541 18 38.677
126 854 38 82.651
127 768 15 57.875
128 167 29 96.065
129 143 8 28.699
130 967 34 72.858
131 321 57 89.481
132 401 19 54.481
133 1186 8 51.451
134 78 58 63.725
135 1064 46 17.076
136 281 48 79.198
137 324 13 67.556
138 216 50 56.865
139 632 20 98.677
140 1273 26 19.586
141 973 6 94.010
142 1126 24 41.242
143 942 4 79.000
144 410 54 62.977
145 5 14 12.645
146 99 5 79.213
147 1198 1 80.175
148 1212 32 9.209
149 334 36 20.038
150 900 16 74.928
151 400 11 78.220
152 1058 46 27.714
153 1088 57 34.266
154 1021 31 24.861
155 1090 31 72.295
156 228 24 9.251
157 894 7 73.590
158 413 59 56.524
159 929 36 89.352
160 1143 49 22.580
161 26 10 8.644
162 766 41 70.270
163 1309 32 55.239
164 1169 14 55.103
165 1325 1 72.738
166 1247 13 83.925
167 954 38 39.696
168 1217 59 83.330
169 1234 1 63.270
170 1035 40 96.917
171 1330 2 36.209
172 160 34 96.452
173 163 46 85.257
174 761 57 71.288
175 1287 33 5.761
176 915 44 22.711
177 703 40 91.684
178 63 43 71.898
179 503 2 61.470
180 1339 51 58.682
181 1352 57 36.518
182 270 8 2.945
183 1127 11 67.737
184 831 52 82.826
185 600 52 70.544
186 45 42 9.126
187 275 31 89.457
188 570 39 72.191
189 902 4 7.616
190 1076 23 13.157
191 849 30 64.788
192 281 20 55.000
193 729 19 66.876
194 1325 43 42.693
195 913 6 40.429
196 68 9 53.095
197 1431 34 84.517
198 402 24 57.491
199 208 58 36.982
200 794 31 18.609