200
1 1118 55 92.449
2 833 5 99.543
3 532 29 1.152
4 1133 26 29.038
5 29 9 1.948
6 376 52 30.563
7 1146 54 82.057
8 448 47 25.746
9 14 57 32.893
10 1182 57 54.093
11 1164 18 60.850
12 928 15 30.407
13 687 30 16.127
14 545 6 8.977
15 1213 3 24.322
16 208 5 20.697
17 1233 60 74.653
18 525 33 80.364
19 309 22 32.530
20 278 3 27.560
21 370 7 20.665
22 419 29 84.974
23 927 6 31.784
24 1059 51 79.607
25 76 33 42.829
26 1106 26 88.361
27 1434 16 49.912
28 27 31 79.676
29 684 26 2.992
30 967 42 79.048
31 32 2 89.737
32 1137 31 67.466
33 1357 51 72.493
34 436 11 62.269
35 1291 39 91.051
36 361 41 52.006
37 976 35 17.744
38 1092 35 62.641
39 1422 25 84.406
40 1414 24 86.333
41 420 42 90.935
42 492 20 9.303
43 410 8 77.119
44 211 58 36.180
45 717 53 56.853
46 1353 51 88.973
47 29 17 95.944
48 1025 10 73.856
49 463 47 89.530
50 338 28 61.407
51 1242 14 18.575
52 1014 19 83.793
53 804 22 68.266
54 818 36 20.871
55 1413 34 32.231
56 296 46 95.677
57 1028 6 79.120
58 478 56 47.424
59 687 52 22.516
60 1411 57 61.510
61 209 41 76.501
62 1112 32 39.325
63 1021 1 23.215
64 568 8 40.832
65 163 13 92.987
66 1074 36 61.633
67 178 25 34.258
68 1326 56 64.515
69 446 46 48.113
70 1219 17 60.510
71 1364 39 34.394
72 717 40 40.642
73 1265 34 0.702
74 705 53 88.865
75 98 58 48.702
76 1124 41 41.402
77 376 15 31.312
78 53 10 57.227
79 1110 44 97.896
80 1197 52 35.001
81 1053 44 94.724
82 65 22 80.995
83 619 5 59.922
84 1263 45 61.208
85 829 1 48.261
86 997 45 55.111
87 871 51 98.739
88 108 1 36.205
89 865 51 28.452
90 356 42 2.889
91 851 13 64.752
92 1328 60 95.679
93 272 4 69.724
94 60 39 94.452
95 1191 11 26.520
96 21 34 71.753
97 774 28 49.669
98 930 26 46.902
99 369 12 59.841
100 179 16 93.116
101 656 5 53.573
102 830 9 80.004
103 115 42 40.895
104 157 25 78.950
105 795 49 96.943
106 769 7 77.968
107 1376 8 45.148
108 292 51 27.145
109 330 42 10.542
110 1045 42 47.316
111 553 51 65.109
112 31 55 45.854
113 689 56 12.593
114 835 21 17.521
115 556 53 59.601
116 648 10 69.129
117 743 39 5.801
118 1118 18 72.580
119 797 13 86.994
120 961 39 21.644
121 1307 32 51.057
122 1378 31 25.042
123 315 17 73.521
124 1177 53 0.600
125 1206 4 29.126
126 178 19 56.483
127 151 1 29.297
128 398 59 29.618
129 1432 22 0.519
130 284 57 34.648
131 188 35 57.722
132 1211 23 0.621
133 1328 56 42.715
134 1086 32 62.645
135 579 53 17.463
136 1372 30 88.320
137 748 19 46.776
138 132 1 83.863
139 1406 9 11.974
140 148 52 48.614
141 426 43 9.513
142 514 23 31.967
143 991 52 20.745
144 683 36 32.584
145 1194 52 6.486
146 560 14 46.955
147 902 49 22.359
148 364 30 25.216
149 1166 33 49.073
150 598 44 4.705
151 326 54 27.228
152 386 33 65.981
153 546 1 88.099
154 184 15 34.646
155 515 58 59.817
156 202 31 63.436
157 1139 27 5.326
158 327 7 2.329
159 369 38 77.088
160 1403 24 30.575
161 761 36 92.919
162 553 12 94.437
163 195 20 47.472
164 584 35 66.296
165 246 20 48.994
166 718 41 51.446
167 1340 8 93.603
168 196 44 31.876
169 740 40 36.648
170 1319 44 96.538
171 1420 6 98.171
172 675 58 98.253
173 198 26 72.382
174 1275 6 20.214
175 608 60 66.000
176 282 14 63.912
177 198 7 50.081
178 1283 26 32.417
179 239 24 70.167
180 127 18 31.906
181 1097 28 65.338
182 915 33 88.698
183 1408 48 68.935
184 97 33 90.749
185 1256 48 38.425
186 358 49 41.169
187 750 22 90.256
188 58 34 47.257
189 1094 3 85.724
190 894 13 57.520
191 640 57 30.094
192 871 19 53.769
193 1153 13 25.869
194 1250 45 13.142
195 423 60 15.547
196 380 21 58.749
197 755 9 76.636
198 306 24 51.442
199 328 6 83.778
200 532 42 51.694