200
1 502 32 24.322
2 1221 60 15.587
3 126 11 12.761
4 636 42 29.514
5 742 36 72.247
6 306 47 36.370
7 562 16 6.303
8 959 39 1.079
9 1426 13 73.611
10 972 56 85.894
11 1429 3 17.596
12 1046 48 42.666
13 1151 41 43.278
14 905 13 92.534
15 1225 56 96.116
16 1290 47 7.446
17 783 56 69.825
18 330 50 6.626
19 987 4 62.255
20 544 40 83.782
21 383 21 37.728
22 447 46 65.509
23 41 37 8.137
24 943 23 30.785
25 229 19 87.496
26 839 3 4.198
27 576 16 92.936
28 1148 4 15.399
29 336 55 37.018
30 318 2 0.916
31 1201 3 79.929
32 577 5 21.801
33 92 5 46.185
34 75 42 21.318
35 31 12 25.595
36 737 34 93.303
37 1023 43 25.947
38 6 34 44.538
39 1391 32 68.746
40 423 30 29.281
41 976 34 20.162
42 60 12 72.464
43 575 13 34.162
44 101 7 14.424
45 685 6 95.091
46 368 50 72.215
47 859 15 70.816
48 1237 54 25.258
49 984 36 28.256
50 385 1 0.644
51 422 35 25.293
52 1321 9 29.616
53 1131 53 39.907
54 42 43 19.513
55 1329 59 91.211
56 1180 29 21.519
57 300 9 36.256
58 1374 59 41.257
59 661 27 19.622
60 1173 36 17.399
61 867 59 62.711
62 342 51 41.497
63 82 33 32.957
64 1315 34 41.086
65 236 17 34.453
66 443 45 15.968
67 1051 39 39.355
68 1290 18 29.741
69 30 9 92.119
70 835 56 31.707
71 245 13 75.246
72 1047 24 44.652
73 1105 34 9.716
74 1283 18 61.120
75 809 36 40.604
76 1020 31 95.509
77 1324 28 85.176
78 66 14 79.014
79 33 21 18.565
80 128 31 93.466
81 1151 49 34.820
82 911 14 56.296
83 325 39 89.511
84 980 20 92.124
85 186 37 3.845
86 1177 50 58.723
87 144 6 47.739
88 343 48 40.484
89 619 7 5.928
90 106 44 60.848
91 255 21 21.174
92 94 21 12.474
93 784 26 57.387
94 659 29 80.980
95 1 21 40.424
96 1193 7 22.073
97 162 44 66.164
98 1084 41 85.733
99 864 30 80.238
100 3 56 98.226
101 902 40 37.222
102 522 47 99.225
103 37 17 55.030
104 801 46 76.667
105 199 57 25.585
106 686 38 32.842
107 14 57 39.376
108 760 45 39.758
109 896 17 88.892
110 215 17 6.850
111 1030 50 58.465
112 488 42 68.961
113 1000 2 86.885
114 464 7 20.897
115 1082 9 67.610
116 735 60 39.582
117 1289 14 94.786
118 746 47 6.302
119 670 27 61.371
120 803 21 62.695
121 305 6 57.532
122 1436 47 28.651
123 1311 26 17.200
124 1243 2 66.668
125 1197 41 10.251
126 126 21 9.957
127 975 45 2.297
128 562 28 95.094
129 1316 44 35.659
130 83 23 92.504
131 1105 8 46.680
132 927 46 20.014
133 642 51 32.168
134 288 57 8.493
135 238 12 79.766
136 171 58 90.489
137 909 55 37.270
138 741 49 11.474
139 1034 40 61.096
140 246 35 69.175
141 281 19 73.619
142 1419 38 48.334
143 674 41 62.839
144 565 21 40.452
145 1067 31 59.651
146 432 19 41.618
147 781 13 45.119
148 1161 18 87.101
149 1031 3 27.548
150 10 13 70.590
151 1086 6 31.780
152 784 7 50.080
153 1334 49 78.225
154 1098 28 99.826
155 131 33 64.370
156 269 2 87.015
157 443 9 39.762
158 763 30 14.791
159 436 12 78.583
160 748 15 97.985
161 1242 35 69.832
162 890 50 59.628
163 1076 9 14.622
164 627 45 99.758
165 483 37 42.645
166 213 53 91.295
167 437 10 42.799
168 331 43 92.810
169 1197 7 42.731
170 41 54 93.978
171 23 29 85.915
172 71 54 83.918
173 67 38 85.060
174 1187 50 58.250
175 1093 29 43.797
176 1400 40 65.931
177 580 44 6.663
178 77 8 3.314
179 1093 29 80.790
180 962 4 10.839
181 540 15 48.238
182 65 28 6.941
183 390 54 27.623
184 114 13 20.488
185 1346 5 97.107
186 185 54 49.022
187 641 26 96.717
188 231 3 43.025
189 24 50 14.519
190 92 52 28.624
191 569 14 85.621
192 1037 42 26.379
193 1073 32 51.568
194 743 56 38.837
195 708 2 99.986
196 288 25 2.653
197 1434 10 26.215
198 896 3 79.709
199 866 55 29.820
200 346 54 63.351