200
1 64 36 64.373
2 179 6 24.833
3 312 26 89.975
4 1333 10 14.555
5 827 29 29.950
6 887 27 18.566
7 1015 18 22.713
8 726 53 41.642
9 814 26 46.316
10 699 2 70.958
11 17 43 49.743
12 282 44 52.531
13 693 21 25.721
14 133 54 70.961
15 995 12 53.828
16 1010 6 79.183
17 941 1 79.459
18 1231 33 4.569
19 385 34 4.090
20 724 49 27.703
21 563 42 70.499
22 1067 57 37.700
23 1114 46 30.666
24 191 30 46.750
25 1297 30 97.508
26 257 29 90.654
27 1311 41 71.322
28 366 13 77.882
29 1085 3 80.078
30 907 52 37.096
31 50 30 67.345
32 1129 51 38.096
33 759 57 52.499
34 1131 30 21.162
35 756 3 60.006
36 95 47 4.453
37 222 59 96.017
38 84 36 39.399
39 230 27 81.797
40 1340 16 65.896
41 969 6 93.114
42 954 50 96.738
43 1016 3 12.118
44 406 20 97.839
45 1070 4 25.688
46 443 18 93.998
47 1200 19 38.802
48 856 22 84.330
49 267 33 16.094
50 1287 40 63.735
51 607 19 10.903
52 713 14 16.964
53 1177 11 87.888
54 1421 7 72.290
55 668 41 6.330
56 162 50 9.616
57 1428 14 55.477
58 1322 59 64.952
59 282 33 60.336
60 218 14 82.919
61 449 25 9.642
62 467 31 78.310
63 364 42 64.328
64 808 11 40.804
65 229 1 62.901
66 118 39 73.052
67 643 40 4.813
68 1197 6 6.284
69 1070 51 41.663
70 928 21 95.551
71 61 21 92.002
72 436 47 40.942
73 273 5 36.066
74 66 33 86.885
75 1435 52 72.426
76 932 23 9.218
77 159 37 64.036
78 169 50 70.844
79 1312 52 95.891
80 696 10 70.862
81 92 29 23.660
82 1298 15 50.905
83 1288 7 98.266
84 184 11 28.641
85 1281 17 44.974
86 35 38 37.865
87 990 47 9.971
88 1362 5 4.249
89 910 9 36.112
90 1383 52 43.132
91 610 23 30.619
92 572 3 2.234
93 854 33 34.928
94 79 6 44.015
95 637 40 89.165
96 401 44 73.466
97 692 57 91.614
98 39 58 73.927
99 1016 47 3.554
100 1150 40 64.944
101 603 44 66.118
102 383 18 32.803
103 995 22 12.196
104 9 29 73.554
105 323 16 98.736
106 181 6 55.829
107 347 49 99.664
108 1092 52 13.758
109 668 28 27.849
110 247 33 86.639
111 766 60 72.798
112 695 36 69.595
113 510 60 25.916
114 451 43 33.684
115 250 1 97.941
116 212 45 44.605
117 525 17 17.761
118 658 18 88.566
119 485 30 44.635
120 42 45 71.236
121 1118 44 84.289
122 107 42 61.734
123 520 37 36.706
124 695 27 44.841
125 918 16 34.278
126 500 60 56.994
127 862 50 17.745
128 673 3 7.858
129 74 13 70.120
130 592 8 48.544
131 618 25 11.755
132 1195 4 82.436
133 907 2 79.827
134 1287 9 60.356
135 195 8 22.327
136 1295 53 89.690
137 1000 38 53.811
138 141 49 85.179
139 262 33 55.089
140 1099 56 58.793
141 315 20 15.670
142 1069 30 18.960
143 809 5 58.142
144 167 17 58.945
145 353 29 2.942
146 357 49 65.754
147 1059 51 27.853
148 1329 23 25.189
149 455 45 60.564
150 84 15 69.570
151 949 41 64.869
152 405 42 14.116
153 1312 34 82.284
154 104 30 38.755
155 1244 15 37.308
156 149 30 79.646
157 895 46 80.951
158 158 47 6.583
159 1059 27 98.807
160 776 18 81.970
161 745 9 2.696
162 509 22 26.596
163 16 50 38.482
164 1292 32 19.342
165 1295 49 47.685
166 218 20 97.520
167 904 60 31.244
168 1159 59 31.040
169 195 7 77.727
170 958 31 27.768
171 1082 14 20.521
172 1425 47 84.945
173 945 30 90.817
174 439 9 34.856
175 371 19 54.859
176 1246 49 59.670
177 739 26 69.156
178 317 55 99.922
179 337 31 20.465
180 227 2 75.945
181 1016 30 85.509
182 438 22 2.083
183 189 1 8.772
184 776 19 36.543
185 4 11 68.865
186 83 48 51.077
187 1289 51 56.004
188 1036 7 92.749
189 140 59 99.322
190 842 24 41.121
191 84 30 19.001
192 78 29 45.874
193 1152 35 52.146
194 958 50 94.515
195 858 38 50.429
196 1015 44 82.670
197 791 43 11.634
198 274 42 6.277
199 140 3 51.305
200 680 42 40.751