200
1 638 51 25.565
2 663 28 71.470
3 621 27 63.694
4 952 34 1.133
5 1308 12 94.407
6 389 21 30.434
7 620 4 63.567
8 584 19 33.866
9 1011 9 42.640
10 582 51 94.741
11 749 24 39.575
12 1254 43 56.926
13 113 10 98.908
14 436 28 82.105
15 1350 13 94.321
16 771 29 10.116
17 863 19 35.526
18 50 52 20.448
19 782 45 1.961
20 1111 60 14.429
21 1097 34 25.939
22 396 3 55.596
23 11 11 92.027
24 566 49 49.259
25 1123 45 71.200
26 915 43 47.025
27 531 54 47.737
28 1303 50 59.532
29 200 2 11.862
30 636 46 29.188
31 855 18 11.145
32 364 46 82.730
33 949 23 98.308
34 614 49 71.204
35 41 30 38.839
36 372 20 41.544
37 1014 32 0.043
38 1042 58 39.012
39 345 16 30.347
40 55 16 88.435
41 584 43 68.465
42 1135 36 48.157
43 327 42 45.841
44 197 6 82.442
45 1056 20 81.424
46 231 31 67.494
47 1340 34 86.700
48 6 46 84.919
49 772 45 17.031
50 434 31 42.576
51 1249 28 88.111
52 970 5 48.571
53 863 18 24.444
54 626 56 62.866
55 794 31 67.484
56 411 20 44.434
57 1329 13 18.943
58 693 16 7.302
59 1065 28 94.167
60 1424 9 3.881
61 1396 60 86.187
62 496 8 15.875
63 254 41 94.764
64 954 15 45.023
65 1319 42 73.293
66 241 51 21.801
67 1227 4 79.753
68 588 45 75.535
69 1094 52 3.859
70 914 9 88.132
71 447 46 53.831
72 1326 54 98.262
73 1408 4 45.032
74 882 3 17.293
75 809 32 15.948
76 499 2 32.189
77 1139 2 86.849
78 641 15 7.156
79 1164 53 75.418
80 1276 17 33.421
81 131 49 75.898
82 1130 48 69.540
83 209 26 64.093
84 77 43 79.608
85 367 30 23.078
86 23 17 85.598
87 1365 25 88.575
88 102 18 11.204
89 518 5 11.959
90 225 12 34.736
91 191 1 3.284
92 114 11 81.134
93 1007 53 59.730
94 679 34 44.596
95 1358 6 29.344
96 1093 47 94.311
97 180 29 77.695
98 462 2 11.794
99 807 40 49.961
100 1375 49 62.969
101 1041 45 22.320
102 1401 30 52.327
103 864 51 78.075
104 1280 6 70.576
105 242 44 92.903
106 487 16 51.377
107 1245 51 46.378
108 621 2 95.011
109 384 16 9.655
110 976 16 56.153
111 856 59 11.029
112 1039 15 62.371
113 1353 11 65.789
114 645 11 28.464
115 821 30 46.246
116 1191 12 45.414
117 1376 33 36.438
118 1140 2 78.823
119 448 24 83.560
120 436 57 85.440
121 908 25 17.936
122 879 1 4.533
123 141 44 24.919
124 1127 30 46.325
125 996 29 91.459
126 385 6 94.017
127 1322 10 48.856
128 1310 17 6.129
129 928 45 77.481
130 268 55 8.892
131 519 47 77.065
132 100 32 14.868
133 984 60 65.839
134 100 54 83.216
135 928 21 64.435
136 210 58 74.870
137 389 44 97.785
138 660 27 71.399
139 1431 12 51.571
140 704 22 56.121
141 946 1 28.714
142 487 24 78.570
143 1407 15 45.392
144 689 33 8.120
145 1413 60 16.084
146 426 50 72.008
147 185 60 82.661
148 1209 31 69.646
149 823 44 81.065
150 1166 13 77.325
151 497 47 90.085
152 482 3 58.411
153 1337 4 92.987
154 599 6 46.202
155 1028 45 46.457
156 239 59 97.207
157 1337 23 47.888
158 194 24 36.545
159 966 46 59.784
160 1154 17 36.389
161 1012 49 71.515
162 681 2 60.412
163 802 32 37.133
164 1318 32 80.980
165 912 60 80.725
166 1063 30 73.985
167 258 37 48.527
168 1147 21 75.262
169 892 53 85.729
170 822 48 24.213
171 759 5 79.745
172 1296 22 44.064
173 1348 37 79.173
174 1058 5 97.499
175 828 16 21.848
176 337 58 91.595
177 933 28 89.146
178 127 24 19.678
179 394 32 76.835
180 665 32 15.567
181 421 49 6.670
182 840 37 33.238
183 495 38 55.940
184 419 39 90.556
185 1385 49 61.680
186 1389 50 90.060
187 850 30 38.701
188 461 41 20.794
189 1369 42 39.661
190 900 51 2.897
191 645 31 50.834
192 269 19 10.434
193 737 5 23.159
194 421 54 10.835
195 1190 57 54.999
196 1048 16 28.080
197 527 22 10.895
198 1427 22 48.463
199 301 57 81.251
200 682 14 7.580