200
1 1433 8 71.108
2 307 56 52.157
3 857 38 19.001
4 1134 10 37.870
5 452 15 32.662
6 1318 9 0.816
7 877 7 10.031
8 1366 10 76.662
9 290 8 43.299
10 1314 50 9.227
11 398 47 79.675
12 807 7 79.825
13 735 46 13.851
14 550 6 5.585
15 98 35 50.326
16 1133 4 91.159
17 1308 14 38.570
18 1095 4 40.421
19 802 12 27.534
20 535 50 49.214
21 471 12 4.553
22 652 30 30.641
23 1256 45 87.629
24 1440 6 97.950
25 862 14 88.216
26 45 8 70.625
27 18 35 35.194
28 720 57 87.240
29 1042 48 14.196
30 393 26 86.373
31 939 34 95.326
32 227 53 92.210
33 871 41 75.116
34 694 57 56.139
35 206 14 76.686
36 909 41 91.861
37 163 54 99.511
38 1428 1 12.358
39 867 7 6.221
40 1155 23 11.118
41 292 27 41.661
42 1051 21 47.516
43 45 16 97.894
44 1144 32 84.543
45 1141 8 71.094
46 1 45 21.218
47 793 52 95.569
48 1070 13 61.548
49 1300 26 36.255
50 1169 54 10.930
51 773 30 86.188
52 874 42 92.514
53 320 22 59.452
54 667 44 68.720
55 1436 57 21.821
56 561 5 45.158
57 1040 43 33.124
58 283 50 37.572
59 1039 15 95.424
60 286 13 11.300
61 77 4 25.263
62 1133 22 3.923
63 771 9 43.511
64 250 10 17.828
65 1130 6 83.994
66 1165 5 65.811
67 1034 36 32.047
68 1160 8 1.940
69 1384 2 72.819
70 403 45 22.710
71 410 36 55.819
72 765 1 26.868
73 735 39 12.728
74 123 43 6.055
75 598 10 82.251
76 673 32 51.452
77 605 47 22.674
78 882 12 67.332
79 1181 35 14.406
80 589 58 75.297
81 1295 51 93.787
82 910 43 94.449
83 931 6 2.290
84 190 50 93.623
85 372 43 40.609
86 1064 27 45.939
87 508 22 34.018
88 807 54 63.582
89 471 50 7.153
90 739 48 89.990
91 118 58 39.730
92 656 20 33.446
93 494 42 42.902
94 659 57 4.500
95 866 16 94.160
96 910 21 33.082
97 582 50 36.276
98 1390 9 87.151
99 1 49 69.719
100 1044 32 52.800
101 1020 31 99.643
102 974 53 9.944
103 908 31 48.838
104 68 8 83.432
105 179 21 12.208
106 570 30 95.805
107 972 41 47.764
108 658 38 36.375
109 256 4 72.915
110 813 43 25.318
111 334 56 50.262
112 381 16 62.777
113 1153 46 77.682
114 1432 45 30.282
115 1067 21 59.765
116 327 8 24.568
117 1061 51 39.898
118 738 25 0.091
119 1306 36 14.995
120 548 59 52.717
121 1184 57 50.218
122 405 42 46.963
123 1429 6 75.104
124 262 41 12.734
125 673 59 23.751
126 894 21 86.116
127 145 35 73.896
128 88 14 25.933
129 1142 33 23.144
130 1167 56 63.095
131 221 18 74.284
132 1125 21 88.221
133 1045 2 53.247
134 1438 45 76.407
135 319 39 73.438
136 1198 45 64.141
137 1316 45 73.990
138 776 55 32.505
139 201 34 66.594
140 636 35 68.318
141 381 60 44.074
142 1001 46 1.290
143 264 23 89.512
144 227 39 72.325
145 1189 39 9.099
146 1098 5 79.723
147 871 43 26.599
148 880 26 98.230
149 578 36 58.243
150 32 38 93.118
151 1150 18 24.960
152 972 10 28.395
153 47 22 57.952
154 782 37 19.630
155 585 37 61.926
156 695 28 19.617
157 442 49 85.091
158 815 21 11.897
159 1098 6 60.662
160 24 17 52.979
161 1186 46 52.350
162 35 17 17.149
163 540 18 63.162
164 925 29 12.840
165 841 57 62.632
166 1251 17 34.847
167 920 17 14.386
168 359 8 43.475
169 187 35 85.434
170 846 43 48.518
171 59 29 72.812
172 562 6 53.232
173 554 58 48.272
174 866 5 73.438
175 1349 25 92.068
176 1020 17 51.964
177 270 53 27.342
178 1181 44 8.939
179 673 34 13.058
180 525 57 5.790
181 26 16 76.459
182 1198 54 11.739
183 473 25 51.017
184 1036 42 51.951
185 49 12 15.894
186 956 15 18.531
187 467 50 79.823
188 1400 9 90.611
189 1363 24 33.904
190 857 11 57.019
191 858 7 83.365
192 1402 36 79.654
193 1295 35 91.293
194 409 1 57.103
195 7 24 12.028
196 1099 19 35.402
197 735 17 90.247
198 1054 12 16.300
199 1071 2 14.116
200 9 37 18.421