200
1 141 23 60.653
2 801 11 12.502
3 871 16 90.408
4 1399 28 53.060
5 1152 23 48.828
6 1301 51 71.991
7 1434 2 18.722
8 1296 14 90.885
9 1214 34 52.464
10 65 20 78.899
11 997 53 80.525
12 661 29 89.910
13 1391 44 87.783
14 325 47 5.673
15 462 32 94.456
16 499 7 39.704
17 157 4 81.122
18 910 15 3.646
19 704 43 18.027
20 20 44 78.298
21 387 22 92.048
22 1429 46 57.828
23 73 13 35.424
24 786 38 77.488
25 1390 1 66.354
26 1104 33 12.595
27 680 25 97.597
28 504 30 59.008
29 1434 23 6.877
30 514 6 56.418
31 686 2 38.191
32 588 52 39.969
33 1281 31 92.259
34 251 26 37.930
35 80 33 6.817
36 342 23 10.943
37 1038 25 41.295
38 35 50 42.905
39 131 41 66.836
40 365 43 91.950
41 1416 53 32.775
42 1242 20 18.884
43 1193 27 95.684
44 688 28 0.426
45 603 41 1.289
46 474 34 12.857
47 213 26 60.654
48 1040 20 12.576
49 133 50 23.173
50 1190 43 70.172
51 602 45 57.518
52 954 30 22.194
53 1174 7 64.208
54 305 57 41.343
55 759 9 88.609
56 1427 14 93.269
57 1041 21 31.713
58 1364 33 73.431
59 561 36 54.487
60 159 4 56.312
61 519 18 66.378
62 681 22 50.011
63 1416 51 24.660
64 677 25 29.629
65 929 45 25.511
66 1378 30 42.567
67 639 54 20.674
68 105 7 58.956
69 722 60 48.930
70 197 41 92.583
71 534 46 55.059
72 71 53 3.405
73 182 59 96.724
74 1246 24 73.130
75 765 30 65.171
76 1040 55 90.272
77 1169 20 6.701
78 457 18 89.561
79 314 45 10.180
80 1348 37 5.611
81 739 44 60.552
82 523 2 59.062
83 1384 52 98.310
84 897 27 94.142
85 766 17 94.613
86 165 22 83.168
87 918 56 18.854
88 231 56 78.407
89 254 41 67.433
90 1073 8 19.176
91 766 16 63.213
92 400 45 29.193
93 951 43 31.862
94 215 15 38.665
95 254 45 50.725
96 1097 16 87.620
97 169 22 37.094
98 743 56 6.125
99 493 49 3.831
100 742 35 88.796
101 1325 56 38.650
102 1063 59 89.581
103 685 10 67.239
104 1036 37 79.983
105 1234 36 48.791
106 1238 22 88.844
107 31 1 31.660
108 135 37 4.044
109 1088 37 54.380
110 744 15 77.406
111 451 52 81.017
112 1407 3 83.273
113 1296 34 79.587
114 540 2 97.109
115 525 2 8.011
116 944 5 85.828
117 140 51 0.165
118 278 17 74.792
119 790 14 48.365
120 735 37 46.244
121 1090 37 78.700
122 1341 16 43.512
123 180 26 23.231
124 619 47 55.721
125 321 23 67.024
126 912 55 50.050
127 1332 1 78.375
128 146 44 25.816
129 546 27 44.511
130 904 26 76.643
131 866 40 29.291
132 399 7 51.914
133 493 3 18.817
134 111 40 57.212
135 1016 48 47.283
136 426 25 50.364
137 1098 25 39.882
138 334 14 53.765
139 1077 16 91.814
140 555 30 41.885
141 519 15 63.641
142 650 45 84.032
143 615 29 88.083
144 454 9 79.844
145 1254 22 8.216
146 1363 22 57.765
147 146 16 47.559
148 759 6 90.692
149 655 44 92.942
150 307 17 1.588
151 106 40 96.880
152 112 44 86.446
153 1027 57 97.904
154 1326 59 53.888
155 760 6 10.985
156 1022 13 26.657
157 729 40 2.639
158 592 48 85.718
159 853 52 79.752
160 18 4 8.727
161 1400 57 54.867
162 492 39 97.809
163 1194 14 69.807
164 1431 6 3.003
165 827 17 38.125
166 753 25 61.275
167 340 15 44.233
168 40 22 79.596
169 1057 58 21.775
170 541 49 20.288
171 669 29 91.608
172 1139 28 23.258
173 602 14 9.154
174 1340 39 85.349
175 1192 36 74.106
176 697 37 39.469
177 1132 18 84.227
178 416 31 31.052
179 592 38 79.004
180 1256 18 33.545
181 72 6 23.671
182 534 52 82.101
183 12 20 77.857
184 81 35 45.117
185 191 54 87.561
186 643 41 48.659
187 1392 14 92.221
188 111 1 55.015
189 1224 46 36.273
190 1148 52 3.118
191 794 21 87.019
192 862 27 55.124
193 527 13 52.649
194 1393 57 5.360
195 138 60 62.132
196 979 55 56.083
197 793 26 30.163
198 413 15 75.577
199 885 16 53.622
200 1266 55 87.159