200
1 271 51 68.412
2 583 18 85.345
3 322 59 30.939
4 884 56 80.605
5 1221 60 77.160
6 538 10 32.213
7 1141 39 5.512
8 1188 30 64.761
9 619 53 59.025
10 51 19 62.912
11 231 43 67.666
12 253 3 33.345
13 785 15 82.326
14 991 27 75.164
15 1301 9 84.890
16 685 6 44.731
17 66 54 43.774
18 1245 13 16.812
19 857 54 94.802
20 676 3 14.920
21 469 37 8.160
22 1253 18 38.279
23 160 55 50.109
24 1193 19 70.707
25 734 16 87.843
26 1305 54 33.483
27 1177 35 11.178
28 1425 56 59.863
29 1273 41 15.738
30 1220 2 81.451
31 741 4 47.061
32 347 35 18.473
33 129 36 42.629
34 488 58 41.869
35 1132 53 31.061
36 651 25 13.477
37 464 12 80.087
38 921 28 77.202
39 662 31 81.329
40 684 23 96.556
41 1138 46 94.335
42 1033 34 35.386
43 1180 47 86.353
44 622 31 74.645
45 1110 59 63.034
46 1408 25 66.222
47 750 12 76.282
48 1344 34 92.968
49 1148 23 44.754
50 1245 49 29.899
51 897 17 79.609
52 909 34 93.383
53 561 60 22.706
54 1075 27 80.007
55 292 14 71.067
56 726 13 30.719
57 672 17 66.949
58 873 45 80.369
59 614 54 88.917
60 322 51 29.616
61 1313 31 80.543
62 1410 32 86.330
63 59 18 2.678
64 521 26 67.889
65 1064 59 51.787
66 113 46 86.233
67 1050 9 15.186
68 1179 42 55.423
69 988 15 32.868
70 1352 37 98.896
71 426 29 78.581
72 920 54 12.235
73 742 14 25.920
74 726 56 68.830
75 263 28 57.232
76 305 25 94.408
77 924 26 75.541
78 1083 33 1.529
79 455 19 29.532
80 485 44 39.931
81 1295 41 59.406
82 441 60 22.899
83 1322 33 12.620
84 773 38 67.999
85 920 40 65.472
86 256 7 27.873
87 1256 43 44.745
88 518 39 48.166
89 1137 31 11.777
90 1353 2 95.609
91 606 19 1.810
92 782 53 17.362
93 519 31 56.188
94 102 37 41.045
95 160 18 49.492
96 224 32 82.027
97 735 53 13.118
98 1130 6 67.943
99 538 34 41.791
100 46 15 68.034
101 1012 4 67.987
102 757 19 60.189
103 1343 34 58.967
104 1292 19 74.157
105 1371 8 41.841
106 923 16 25.873
107 260 40 35.486
108 552 50 37.258
109 1048 47 17.241
110 1053 27 2.361
111 414 41 6.010
112 748 47 43.780
113 1017 55 48.152
114 490 3 66.509
115 146 29 16.602
116 184 51 15.195
117 1151 43 34.009
118 58 27 15.108
119 402 53 91.228
120 709 21 11.007
121 882 3 26.367
122 646 13 74.777
123 50 29 9.098
124 437 59 77.567
125 917 46 91.824
126 1110 34 59.908
127 755 26 4.984
128 569 41 21.356
129 204 8 32.778
130 630 37 6.493
131 901 56 24.802
132 1430 57 88.839
133 489 48 41.950
134 1114 47 40.133
135 825 54 62.994
136 594 40 29.829
137 87 11 20.019
138 1051 11 90.990
139 434 49 38.462
140 309 27 12.699
141 364 50 21.766
142 983 56 68.202
143 902 50 35.792
144 1418 5 6.310
145 1009 32 85.456
146 1436 4 45.767
147 1269 14 32.726
148 440 36 28.946
149 827 39 96.223
150 662 6 59.780
151 452 22 80.787
152 1428 51 89.605
153 865 11 84.903
154 748 13 65.588
155 458 21 22.807
156 1091 19 45.898
157 851 8 53.393
158 179 42 33.489
159 1294 16 73.511
160 964 43 32.339
161 308 41 11.894
162 1110 45 7.434
163 570 20 90.259
164 654 58 10.646
165 31 26 58.923
166 984 38 48.312
167 1048 16 16.635
168 1143 19 65.254
169 392 31 70.061
170 551 17 72.107
171 1109 6 61.332
172 1058 12 68.378
173 446 15 88.800
174 754 37 50.866
175 632 58 66.559
176 958 11 69.611
177 1192 39 32.403
178 1133 46 51.778
179 685 11 85.926
180 45 38 42.583
181 330 32 49.813
182 453 43 15.545
183 838 47 63.166
184 782 20 93.855
185 218 52 81.399
186 599 1 90.198
187 697 42 58.178
188 59 28 62.879
189 1065 36 34.124
190 606 52 88.230
191 1165 34 76.340
192 378 59 11.401
193 1134 14 64.464
194 579 31 60.048
195 886 52 49.396
196 714 55 20.677
197 33 1 48.535
198 248 16 24.461
199 819 7 33.225
200 638 27 25.732