200
1 458 37 94.861
2 225 40 74.750
3 912 3 61.483
4 529 28 33.811
5 1371 34 79.121
6 939 47 91.573
7 717 11 35.510
8 472 44 37.942
9 1176 12 1.950
10 623 23 50.668
11 967 51 9.944
12 675 47 47.449
13 946 38 85.720
14 1317 8 19.265
15 1042 43 96.780
16 340 12 41.136
17 280 10 9.937
18 384 49 71.354
19 325 41 12.370
20 63 18 36.361
21 200 39 81.147
22 183 26 23.405
23 168 42 1.201
24 27 12 92.394
25 63 56 1.091
26 74 27 67.636
27 876 25 75.292
28 761 13 83.976
29 585 9 34.212
30 688 31 52.571
31 478 5 34.508
32 104 1 88.350
33 974 42 54.287
34 882 14 87.103
35 228 8 53.767
36 697 37 7.422
37 41 8 5.045
38 566 5 10.796
39 572 28 53.657
40 382 54 32.478
41 16 35 16.619
42 1268 18 66.959
43 552 52 21.045
44 859 51 15.950
45 424 35 40.391
46 872 28 81.079
47 190 7 55.578
48 121 8 89.029
49 480 57 59.403
50 129 45 29.854
51 1001 24 10.519
52 1373 12 98.406
53 67 34 24.362
54 1380 24 57.952
55 886 46 31.094
56 614 55 20.020
57 663 1 15.467
58 462 59 36.424
59 898 13 38.961
60 553 49 37.295
61 489 20 14.507
62 1165 2 91.387
63 1080 4 22.747
64 300 15 61.576
65 528 24 95.682
66 1122 40 36.535
67 156 8 40.472
68 1071 32 91.014
69 725 6 19.965
70 951 12 81.600
71 65 44 78.945
72 387 15 0.222
73 1093 35 12.883
74 625 28 26.274
75 858 22 13.713
76 1116 53 7.355
77 845 19 81.578
78 1045 29 29.385
79 294 58 0.786
80 899 14 41.956
81 1137 24 26.542
82 906 57 77.778
83 800 56 8.248
84 868 1 80.064
85 931 36 15.672
86 1122 35 36.959
87 1363 20 80.051
88 1222 4 23.146
89 505 3 50.175
90 638 10 20.955
91 1162 35 1.653
92 1383 55 90.238
93 1087 23 50.574
94 46 36 50.756
95 911 57 81.532
96 273 15 35.172
97 1176 2 89.321
98 965 51 10.433
99 1223 41 20.190
100 629 46 65.837
101 829 1 10.876
102 1316 49 73.065
103 930 14 56.273
104 1043 22 63.740
105 488 3 70.748
106 1138 31 87.035
107 40 11 31.899
108 664 44 57.726
109 1120 4 33.449
110 1219 7 90.795
111 1335 29 70.280
112 290 11 86.959
113 1268 25 1.763
114 1167 23 72.675
115 1157 40 7.374
116 629 49 67.915
117 897 52 71.598
118 607 2 41.018
119 1258 15 49.919
120 330 46 24.184
121 532 49 69.122
122 1025 38 96.945
123 31 27 83.306
124 920 43 73.373
125 774 26 24.655
126 438 40 65.650
127 294 37 89.563
128 686 28 50.194
129 391 37 59.837
130 277 39 79.227
131 506 49 72.477
132 128 58 77.262
133 662 34 66.242
134 469 26 8.345
135 1017 5 21.543
136 343 40 54.665
137 379 25 26.994
138 920 10 98.649
139 1063 50 24.934
140 1349 2 74.904
141 38 14 35.199
142 144 1 67.425
143 1251 38 1.761
144 686 14 23.455
145 660 14 3.969
146 271 19 75.458
147 240 22 18.006
148 1065 26 87.034
149 67 24 71.774
150 630 4 16.606
151 252 59 79.373
152 1026 33 93.949
153 219 31 18.945
154 152 8 63.251
155 1394 16 63.992
156 161 12 81.671
157 445 2 93.090
158 540 49 93.329
159 305 17 79.436
160 1185 34 11.431
161 70 40 16.824
162 1099 37 82.343
163 1341 51 90.219
164 78 5 61.241
165 210 5 91.010
166 899 19 1.698
167 1430 22 50.539
168 554 1 72.336
169 1152 29 1.661
170 201 21 39.859
171 1169 8 67.815
172 513 39 27.501
173 219 17 81.263
174 286 60 45.075
175 107 4 71.878
176 299 42 85.195
177 768 2 22.373
178 534 9 90.172
179 1207 18 54.505
180 1386 20 34.353
181 908 26 52.167
182 742 4 56.896
183 591 49 3.757
184 887 34 92.387
185 1417 49 12.843
186 794 39 84.192
187 1425 19 24.855
188 201 46 49.598
189 781 46 71.105
190 832 56 28.885
191 326 32 80.697
192 1010 33 10.932
193 592 37 3.156
194 624 23 61.487
195 1191 39 92.855
196 1154 2 6.305
197 807 2 64.612
198 291 3 14.883
199 73 9 10.848
200 255 41 9.574