200
1 1234 6 23.197
2 1247 36 47.461
3 1139 16 46.891
4 54 59 91.412
5 628 56 13.104
6 53 5 25.229
7 398 56 97.954
8 298 1 68.105
9 546 44 84.682
10 713 32 27.965
11 192 23 7.601
12 427 7 70.459
13 612 53 87.983
14 1099 57 68.943
15 354 25 0.267
16 52 19 18.986
17 299 52 3.709
18 1201 23 66.063
19 1282 15 30.991
20 887 47 40.593
21 49 38 68.580
22 275 53 46.217
23 473 5 93.933
24 1118 30 26.608
25 131 39 97.247
26 283 54 3.185
27 1220 47 62.505
28 1434 56 47.576
29 458 25 15.095
30 643 6 29.420
31 1289 46 73.059
32 577 14 21.439
33 1196 48 89.438
34 557 32 98.794
35 360 16 28.539
36 1289 17 41.747
37 836 11 13.064
38 1408 42 91.683
39 278 36 50.618
40 139 7 70.967
41 962 43 64.782
42 1152 52 22.227
43 1245 2 51.951
44 465 32 14.554
45 1266 22 72.887
46 1186 41 84.779
47 652 32 64.802
48 359 3 48.819
49 1194 9 2.245
50 908 29 76.512
51 1374 33 8.974
52 543 25 58.292
53 1282 11 73.829
54 505 8 75.187
55 1379 31 30.199
56 520 13 6.021
57 420 57 80.609
58 1412 40 22.328
59 701 35 12.190
60 515 19 60.565
61 598 10 16.149
62 1042 40 95.980
63 659 37 92.719
64 1423 4 33.388
65 223 24 90.294
66 667 51 3.156
67 533 45 60.967
68 429 53 96.496
69 503 31 4.073
70 348 13 83.097
71 762 49 53.696
72 544 59 82.611
73 138 41 61.848
74 318 51 46.735
75 56 5 39.049
76 1304 41 10.795
77 785 44 66.363
78 554 43 45.445
79 215 47 37.908
80 1189 50 81.459
81 215 45 70.047
82 875 40 34.816
83 1419 15 37.904
84 1068 50 93.996
85 898 4 35.183
86 957 22 53.580
87 41 32 2.190
88 328 56 23.156
89 961 27 41.663
90 589 26 8.670
91 607 15 33.402
92 765 4 46.894
93 385 23 19.483
94 899 36 9.495
95 414 24 98.984
96 1091 7 42.603
97 410 30 45.349
98 513 56 89.209
99 283 14 56.815
100 380 34 85.202
101 221 44 31.244
102 194 19 73.831
103 538 6 51.904
104 123 19 46.121
105 747 11 42.527
106 668 29 69.586
107 1145 2 24.984
108 1093 32 45.231
109 1002 2 99.215
110 1350 5 51.970
111 537 18 28.245
112 861 2 41.403
113 107 38 78.288
114 1127 35 90.425
115 944 11 57.566
116 1204 27 31.198
117 29 37 24.358
118 1199 10 86.002
119 1173 59 37.117
120 387 54 72.676
121 177 41 55.316
122 91 57 38.209
123 891 13 87.468
124 768 54 66.497
125 849 44 45.634
126 293 22 23.540
127 570 14 40.729
128 1120 44 68.637
129 600 17 95.485
130 1235 31 33.572
131 1337 54 16.754
132 1311 30 1.316
133 815 13 93.286
134 290 42 0.790
135 1106 17 76.762
136 923 36 50.244
137 186 26 82.651
138 62 45 68.706
139 30 18 88.325
140 43 50 19.173
141 1084 1 46.996
142 499 26 72.517
143 852 28 50.247
144 527 39 92.908
145 662 3 46.387
146 1311 19 62.649
147 798 49 33.710
148 346 21 98.500
149 121 52 51.005
150 51 34 22.423
151 1245 35 22.490
152 846 17 70.057
153 825 20 85.008
154 1096 9 25.637
155 445 34 1.512
156 605 39 51.186
157 701 1 81.063
158 509 41 48.576
159 291 41 6.619
160 418 32 33.776
161 1254 47 26.097
162 831 53 1.416
163 1155 34 58.796
164 1326 27 31.819
165 779 42 5.962
166 167 7 86.755
167 1333 5 9.597
168 1205 8 66.608
169 541 5 15.125
170 1038 13 54.716
171 1229 32 77.869
172 1221 32 20.697
173 161 59 47.694
174 1159 25 68.480
175 940 2 6.792
176 1043 2 35.145
177 492 13 38.282
178 265 39 11.533
179 1119 44 95.100
180 1114 35 91.175
181 486 17 11.599
182 533 41 34.859
183 734 16 58.492
184 134 15 33.564
185 1166 11 27.818
186 1351 60 15.033
187 1423 6 86.711
188 1219 12 97.082
189 29 23 24.967
190 1281 22 28.978
191 24 20 54.136
192 879 3 20.695
193 146 43 99.355
194 1097 34 90.799
195 178 22 10.102
196 446 25 18.711
197 808 23 60.253
198 875 15 61.465
199 383 23 28.534
200 499 14 77.391