200
1 136 2 27.540
2 176 54 59.299
3 763 8 50.719
4 1068 60 2.573
5 1269 7 0.495
6 1166 41 43.820
7 157 48 9.816
8 194 29 15.198
9 1230 50 56.964
10 764 30 10.334
11 84 10 50.534
12 1182 26 82.493
13 506 43 26.455
14 966 9 83.160
15 923 60 2.022
16 702 16 48.670
17 825 20 1.918
18 577 4 61.152
19 111 2 5.988
20 455 39 44.860
21 1338 53 8.832
22 13 41 85.253
23 406 34 6.163
24 305 30 69.723
25 437 52 38.110
26 1117 24 87.839
27 185 35 41.425
28 444 8 6.342
29 567 60 83.340
30 1120 5 15.970
31 971 4 6.944
32 686 59 37.448
33 941 12 20.887
34 1312 25 18.205
35 1253 43 89.893
36 987 25 18.591
37 1433 44 59.541
38 773 15 48.085
39 272 54 8.200
40 1408 34 98.678
41 988 23 2.145
42 567 43 41.918
43 14 51 69.679
44 646 26 89.425
45 274 45 97.329
46 1115 31 11.884
47 646 10 84.628
48 506 55 13.536
49 533 33 17.806
50 611 59 81.598
51 1123 51 13.097
52 363 24 46.958
53 784 14 59.142
54 1253 3 90.826
55 1360 48 36.819
56 1182 43 92.048
57 557 59 4.861
58 1273 47 68.144
59 1155 41 39.134
60 741 38 88.592
61 1078 60 92.150
62 1383 5 12.192
63 779 41 9.534
64 1383 24 22.658
65 604 30 72.004
66 1213 32 25.390
67 1074 6 29.935
68 1016 54 7.924
69 732 60 43.227
70 665 35 55.989
71 522 39 64.211
72 1279 60 56.326
73 834 55 11.856
74 546 14 49.647
75 703 14 95.534
76 1306 31 50.133
77 919 34 32.058
78 196 22 11.008
79 840 17 54.601
80 641 22 15.874
81 552 20 49.532
82 798 21 80.930
83 1254 53 37.600
84 301 43 71.537
85 722 20 11.329
86 771 27 53.451
87 372 54 92.540
88 155 47 7.253
89 723 17 57.542
90 176 17 70.258
91 398 3 93.521
92 281 37 48.481
93 574 55 86.234
94 934 7 25.309
95 461 51 83.825
96 13 59 61.078
97 775 26 93.008
98 1421 18 35.027
99 1257 2 83.761
100 806 40 90.866
101 1163 8 32.684
102 993 57 40.385
103 1243 9 84.831
104 375 60 8.626
105 1435 54 27.268
106 374 34 28.592
107 1334 35 15.139
108 465 3 84.831
109 1291 44 92.732
110 144 25 89.160
111 810 57 51.646
112 866 33 63.108
113 804 30 29.642
114 556 29 93.977
115 498 6 83.736
116 313 38 62.485
117 773 14 5.293
118 992 13 53.991
119 154 39 25.557
120 994 33 54.737
121 1056 41 95.747
122 591 58 65.800
123 814 4 79.585
124 1135 43 61.639
125 1422 11 40.228
126 525 1 1.815
127 515 56 29.609
128 1013 39 74.396
129 761 22 47.362
130 759 55 26.931
131 680 6 51.482
132 620 32 15.566
133 1314 3 89.312
134 261 58 5.618
135 723 24 33.831
136 289 43 77.583
137 1373 15 88.309
138 608 9 38.167
139 397 23 20.106
140 228 37 89.486
141 1167 7 38.100
142 442 47 85.376
143 673 40 75.485
144 419 34 42.303
145 177 30 23.088
146 1018 9 70.267
147 1303 47 70.851
148 402 44 87.886
149 809 42 54.858
150 1231 42 42.837
151 565 32 65.892
152 1057 56 91.647
153 483 33 13.606
154 645 34 68.294
155 1243 51 58.247
156 498 13 60.941
157 685 15 7.203
158 699 24 38.963
159 610 59 88.520
160 34 47 99.263
161 686 38 18.546
162 1187 12 1.318
163 789 4 2.466
164 1283 41 8.075
165 968 52 31.310
166 1167 16 51.465
167 418 11 87.637
168 428 40 63.870
169 706 27 94.279
170 1309 3 69.232
171 944 28 37.027
172 1091 37 33.264
173 394 12 22.039
174 60 31 11.974
175 913 49 80.635
176 23 59 43.254
177 426 8 75.766
178 925 60 44.567
179 389 34 63.908
180 584 6 0.787
181 563 23 19.158
182 1410 23 6.678
183 600 23 34.338
184 43 17 99.601
185 316 33 4.300
186 581 9 34.776
187 213 31 19.501
188 1354 32 71.363
189 460 9 76.265
190 784 38 82.220
191 468 37 94.196
192 579 56 16.465
193 362 44 79.800
194 1122 8 21.110
195 1342 17 90.639
196 143 43 27.839
197 63 50 69.937
198 540 17 28.024
199 450 55 95.217
200 423 4 93.316