200
1 735 34 98.616
2 519 24 80.177
3 93 38 94.799
4 612 8 28.163
5 862 22 84.641
6 1286 13 45.613
7 334 47 69.628
8 1283 6 98.724
9 1193 40 80.125
10 481 49 55.751
11 762 5 14.553
12 1192 14 72.627
13 887 43 83.850
14 1238 34 78.982
15 1254 13 18.637
16 1115 32 44.919
17 770 37 62.002
18 1390 59 55.465
19 732 58 13.753
20 426 26 20.577
21 69 11 66.038
22 638 53 78.426
23 1357 8 20.188
24 1000 56 53.307
25 1175 3 5.168
26 270 19 90.479
27 1421 41 71.338
28 1173 37 67.465
29 1100 50 40.314
30 1201 23 56.602
31 765 23 32.887
32 422 50 30.080
33 938 37 51.162
34 1019 57 98.628
35 215 12 31.367
36 65 20 55.409
37 1306 37 43.111
38 74 38 72.067
39 863 11 21.352
40 642 59 13.228
41 1294 16 55.363
42 1124 27 50.602
43 585 38 0.560
44 1427 8 40.513
45 1159 16 37.028
46 997 46 78.177
47 593 38 75.512
48 519 3 59.507
49 9 55 39.815
50 889 47 21.727
51 8 22 73.027
52 344 37 42.912
53 592 10 8.904
54 952 3 22.286
55 342 50 18.250
56 224 46 49.622
57 1101 27 41.396
58 1119 42 93.649
59 954 9 42.307
60 960 13 8.052
61 538 59 29.381
62 698 34 94.742
63 483 39 77.293
64 203 31 54.152
65 313 9 63.862
66 1026 39 76.404
67 698 53 65.908
68 1013 11 82.045
69 648 51 46.154
70 1048 48 28.038
71 656 49 76.576
72 901 46 71.011
73 42 41 51.450
74 454 3 90.940
75 534 60 24.856
76 1350 59 59.366
77 186 53 11.527
78 1364 12 5.070
79 837 13 85.571
80 1075 43 96.826
81 706 22 81.326
82 1400 29 70.330
83 242 43 96.703
84 1284 51 74.662
85 1028 16 48.778
86 161 29 94.589
87 1353 60 69.488
88 464 52 59.247
89 1078 40 54.196
90 798 20 76.247
91 1308 45 11.760
92 997 25 86.384
93 178 11 31.781
94 157 18 97.733
95 148 27 93.231
96 1270 34 84.869
97 1077 1 18.964
98 879 41 92.994
99 494 55 4.704
100 321 32 62.853
101 1355 17 64.171
102 1039 11 31.640
103 567 32 16.949
104 761 28 47.987
105 736 50 67.295
106 314 18 63.416
107 1309 45 79.828
108 390 16 11.570
109 177 5 21.672
110 280 33 26.698
111 827 58 93.796
112 510 42 14.577
113 838 50 69.756
114 789 13 7.576
115 1260 46 74.677
116 865 28 79.209
117 680 17 8.281
118 399 36 58.264
119 752 39 52.490
120 1271 4 68.842
121 1201 51 1.132
122 870 3 8.291
123 103 51 73.882
124 1153 10 71.140
125 101 42 97.408
126 946 23 92.963
127 126 26 18.032
128 1200 28 97.681
129 1110 14 41.109
130 1130 52 87.187
131 1322 52 79.505
132 1396 21 92.204
133 397 31 90.322
134 286 14 87.961
135 1022 11 89.881
136 1008 12 32.461
137 115 46 49.595
138 29 12 62.620
139 408 5 45.120
140 833 45 77.248
141 738 14 76.209
142 453 1 32.185
143 535 39 94.817
144 197 52 42.396
145 1341 5 16.553
146 962 49 51.032
147 656 53 59.848
148 8 40 39.529
149 1101 2 73.853
150 258 46 73.994
151 1279 20 27.683
152 1210 42 84.246
153 613 57 22.180
154 543 10 78.530
155 808 53 3.614
156 700 28 45.016
157 604 2 5.711
158 463 5 15.408
159 850 1 42.337
160 185 56 31.922
161 302 49 81.400
162 831 27 37.675
163 518 44 31.831
164 670 12 60.860
165 124 21 50.761
166 739 47 5.008
167 958 46 21.712
168 1094 39 3.389
169 408 17 76.369
170 393 47 46.709
171 107 10 59.534
172 966 25 42.697
173 1257 31 67.506
174 345 45 45.549
175 452 27 30.539
176 958 39 69.294
177 145 3 87.962
178 766 14 89.346
179 1215 9 32.101
180 235 51 78.140
181 884 26 56.649
182 455 41 16.615
183 1151 39 45.900
184 548 27 38.516
185 524 21 39.583
186 625 57 68.886
187 1009 23 60.372
188 101 58 55.770
189 1359 11 69.163
190 1393 58 19.182
191 1163 59 55.740
192 433 22 64.186
193 427 30 22.598
194 1415 40 6.662
195 1230 4 92.034
196 221 33 17.507
197 1008 28 59.172
198 77 1 59.710
199 835 41 55.427
200 174 58 97.346