200
1 733 41 8.060
2 405 26 87.786
3 211 16 87.781
4 947 58 62.824
5 759 36 11.648
6 800 55 43.199
7 400 57 55.550
8 482 46 15.501
9 966 2 78.385
10 729 5 65.728
11 1059 52 88.153
12 230 37 40.972
13 762 1 1.855
14 84 50 21.509
15 964 37 10.991
16 585 57 29.246
17 1259 55 33.181
18 711 21 41.506
19 1076 41 12.666
20 484 43 3.612
21 16 43 77.205
22 183 47 26.889
23 1217 23 38.222
24 12 39 49.737
25 11 17 52.452
26 728 22 27.910
27 1401 6 72.947
28 910 57 47.452
29 160 19 45.350
30 61 26 95.331
31 640 53 82.858
32 656 17 95.148
33 319 42 75.608
34 175 5 95.357
35 1214 17 7.930
36 136 57 84.289
37 3 15 49.450
38 1007 39 90.649
39 338 52 70.789
40 1109 42 87.723
41 437 12 89.863
42 1267 45 53.783
43 587 33 13.117
44 914 27 21.437
45 878 7 49.766
46 292 59 96.340
47 1163 41 16.342
48 1157 18 0.810
49 405 40 43.603
50 1167 30 63.141
51 1128 45 92.393
52 740 53 5.439
53 863 40 36.772
54 253 3 33.434
55 1121 19 8.392
56 648 5 24.977
57 213 9 68.470
58 1082 6 83.951
59 1132 42 45.214
60 610 31 96.316
61 1039 1 81.755
62 1190 7 10.195
63 26 11 35.598
64 524 17 1.126
65 218 24 22.642
66 108 43 66.085
67 50 2 92.587
68 1017 47 17.394
69 418 46 73.742
70 399 40 21.661
71 876 35 31.156
72 650 33 73.887
73 1323 46 49.077
74 685 3 33.684
75 1111 37 54.999
76 350 12 83.587
77 82 2 99.495
78 1298 48 44.883
79 1001 4 79.478
80 1125 42 2.774
81 1198 44 14.549
82 887 29 29.355
83 741 55 3.439
84 110 26 62.360
85 952 46 1.608
86 927 3 26.060
87 699 39 19.949
88 729 23 40.529
89 956 57 90.559
90 483 46 7.110
91 107 22 57.838
92 569 19 41.156
93 1269 47 45.736
94 792 24 95.748
95 359 45 60.593
96 708 34 63.945
97 880 27 27.756
98 384 1 35.168
99 47 31 45.735
100 957 3 52.595
101 987 56 33.207
102 655 58 68.087
103 1197 56 87.750
104 1250 54 96.116
105 419 22 40.617
106 1335 22 74.222
107 1091 51 39.895
108 982 55 83.978
109 463 4 98.817
110 1056 15 49.765
111 41 24 35.625
112 724 29 84.557
113 176 35 96.352
114 591 40 26.293
115 770 32 73.767
116 435 58 77.262
117 617 34 96.789
118 970 41 87.766
119 288 13 38.682
120 909 42 92.697
121 1404 12 34.712
122 746 11 40.389
123 1132 17 39.599
124 1013 3 43.426
125 597 4 96.356
126 617 14 22.506
127 435 13 61.419
128 677 36 0.815
129 286 55 28.641
130 1033 42 4.264
131 185 2 26.733
132 135 10 23.399
133 605 28 1.247
134 540 4 56.242
135 1327 22 27.279
136 665 14 55.421
137 857 22 17.831
138 856 14 76.996
139 1012 53 29.129
140 934 22 96.805
141 222 42 46.712
142 36 49 72.809
143 623 11 73.391
144 615 25 79.314
145 557 49 31.182
146 300 36 77.526
147 598 6 50.215
148 261 51 8.780
149 372 29 5.964
150 1263 9 78.729
151 376 43 48.858
152 927 48 93.595
153 739 31 67.220
154 997 41 43.745
155 1295 44 30.773
156 105 27 73.932
157 498 40 77.507
158 1200 36 91.332
159 183 50 39.362
160 1084 39 93.420
161 521 9 37.149
162 1176 36 50.932
163 1152 2 17.969
164 747 33 46.304
165 918 48 66.862
166 1399 26 43.756
167 228 44 44.410
168 14 43 18.820
169 419 3 79.965
170 722 49 66.815
171 932 7 54.087
172 858 15 78.174
173 486 12 47.176
174 1110 34 77.532
175 230 4 62.755
176 863 6 97.421
177 1203 34 35.193
178 820 51 62.096
179 869 5 60.290
180 139 11 88.109
181 760 2 59.328
182 4 15 46.530
183 1421 39 15.603
184 1192 39 20.563
185 219 40 50.843
186 964 2 9.957
187 650 28 83.346
188 1296 36 92.448
189 202 16 83.178
190 1302 6 64.925
191 805 24 80.955
192 1229 30 82.785
193 1185 45 91.619
194 23 44 97.802
195 1086 30 98.182
196 729 21 45.328
197 1013 10 90.094
198 1130 31 19.140
199 710 60 21.078
200 786 46 26.267