200
1 468 17 63.107
2 315 37 63.608
3 1162 13 67.012
4 283 40 75.976
5 1425 30 67.891
6 556 53 8.736
7 419 51 53.373
8 510 44 98.911
9 798 45 80.330
10 488 56 95.480
11 988 8 2.287
12 1333 43 45.191
13 641 30 92.215
14 1190 24 74.609
15 202 54 48.270
16 217 49 81.217
17 1005 12 89.674
18 794 43 66.454
19 737 9 30.203
20 578 31 51.574
21 1085 43 94.886
22 1050 46 92.153
23 1275 59 51.593
24 406 59 12.459
25 1211 33 1.899
26 747 27 19.593
27 1057 10 81.442
28 1202 47 7.777
29 1257 8 73.806
30 904 15 69.247
31 1254 17 62.826
32 1299 4 23.771
33 859 13 82.543
34 1114 4 69.699
35 464 35 64.831
36 689 13 78.899
37 215 37 38.779
38 489 20 6.499
39 1137 43 35.323
40 11 56 16.613
41 1213 54 90.625
42 1328 34 21.331
43 1358 8 85.537
44 539 41 40.325
45 186 27 2.668
46 224 8 34.395
47 965 1 36.398
48 1081 8 96.067
49 282 40 72.218
50 667 38 78.071
51 1411 60 39.642
52 21 5 77.330
53 1265 24 5.599
54 214 51 10.312
55 1308 32 98.000
56 1225 56 24.508
57 874 7 85.234
58 1057 27 43.001
59 579 9 72.353
60 752 4 7.573
61 1438 29 33.822
62 724 45 76.364
63 99 7 81.627
64 618 7 79.970
65 1258 2 67.698
66 758 37 30.467
67 807 12 65.482
68 139 11 53.838
69 406 50 27.970
70 19 26 26.886
71 733 42 82.056
72 1333 35 5.489
73 606 32 84.001
74 1017 34 99.860
75 552 17 74.728
76 152 58 44.548
77 385 43 16.335
78 338 60 32.526
79 799 17 5.742
80 508 20 68.120
81 1194 10 66.901
82 98 45 57.802
83 1351 58 62.325
84 421 4 57.075
85 250 57 36.057
86 1233 16 71.760
87 183 2 43.240
88 1078 57 99.554
89 1233 1 13.366
90 641 42 35.670
91 612 7 97.884
92 639 1 34.178
93 896 18 69.449
94 1296 26 39.557
95 1310 4 84.585
96 820 14 79.745
97 1424 53 3.637
98 106 28 37.499
99 464 44 45.436
100 962 56 86.462
101 246 33 25.803
102 15 38 62.440
103 1272 10 23.679
104 782 15 21.138
105 1380 16 65.864
106 384 15 63.837
107 1277 43 50.897
108 186 43 19.391
109 554 39 96.895
110 1213 4 10.759
111 292 13 46.925
112 594 16 47.522
113 999 36 80.652
114 1070 46 22.375
115 758 56 14.884
116 516 31 26.789
117 286 6 36.272
118 1013 3 5.086
119 586 37 1.980
120 906 4 5.989
121 1230 38 21.344
122 1350 39 57.555
123 1068 47 15.883
124 465 11 65.099
125 68 44 60.388
126 932 1 97.285
127 1366 55 54.470
128 1253 40 95.472
129 295 44 1.661
130 1413 1 21.179
131 716 10 30.110
132 641 59 29.314
133 122 10 59.090
134 1281 20 98.563
135 1267 53 13.102
136 128 13 86.269
137 417 6 16.983
138 966 41 65.088
139 288 54 73.616
140 701 54 42.833
141 1186 58 30.400
142 1038 45 23.297
143 408 14 70.355
144 615 21 79.019
145 1071 49 12.575
146 618 6 4.644
147 270 50 31.736
148 250 4 69.497
149 345 45 83.720
150 116 32 50.658
151 202 42 9.767
152 900 2 6.439
153 1128 26 7.209
154 1433 36 19.381
155 581 18 94.692
156 949 13 62.659
157 12 36 22.717
158 1342 6 74.663
159 1390 20 92.200
160 696 36 68.808
161 805 24 47.535
162 355 9 88.358
163 123 47 16.887
164 1170 48 54.743
165 259 25 90.900
166 1255 48 55.220
167 316 58 9.974
168 1357 37 36.654
169 273 55 29.985
170 862 29 46.851
171 1152 21 95.327
172 912 43 27.727
173 537 60 28.213
174 221 17 38.160
175 105 29 90.577
176 19 21 63.813
177 518 32 72.150
178 86 56 13.036
179 459 42 67.111
180 1037 43 62.361
181 814 7 44.037
182 95 43 63.644
183 330 17 3.661
184 217 4 64.572
185 741 48 75.454
186 521 35 53.063
187 1235 17 50.340
188 127 45 43.949
189 946 47 5.423
190 239 33 1.983
191 51 58 58.891
192 331 20 86.921
193 1232 38 94.488
194 1374 57 42.244
195 941 49 18.061
196 1247 14 89.742
197 18 43 75.443
198 945 6 63.573
199 892 24 9.032
200 1010 49 67.188