200
1 450 53 79.664
2 333 41 18.951
3 1317 8 55.566
4 34 26 68.361
5 586 20 59.332
6 650 55 67.208
7 482 24 0.576
8 536 3 34.533
9 753 22 93.082
10 241 40 75.112
11 1359 55 33.230
12 873 35 33.665
13 892 14 64.355
14 502 22 54.243
15 902 57 56.607
16 765 52 50.821
17 808 26 23.166
18 735 12 81.580
19 1357 53 55.168
20 659 47 4.607
21 340 3 22.717
22 1086 54 74.622
23 431 21 10.970
24 1037 42 12.871
25 1045 22 38.539
26 1198 8 0.551
27 920 21 45.545
28 1244 29 63.047
29 641 44 23.352
30 2 12 79.173
31 740 5 65.907
32 827 33 8.051
33 447 37 93.754
34 1440 26 93.333
35 994 47 55.875
36 1007 57 15.021
37 646 7 14.359
38 555 10 59.464
39 1104 37 29.229
40 1243 38 1.407
41 384 10 46.104
42 1112 40 53.619
43 836 53 93.617
44 1327 48 32.571
45 1227 47 49.328
46 1434 45 50.780
47 103 56 54.144
48 232 58 6.568
49 887 23 12.723
50 638 30 11.581
51 515 1 45.638
52 805 42 53.510
53 397 25 42.078
54 1356 41 33.597
55 837 12 97.656
56 318 13 62.565
57 277 24 75.657
58 142 47 90.453
59 775 16 93.527
60 1268 28 15.413
61 714 13 78.867
62 233 16 79.634
63 760 55 21.797
64 1246 60 84.763
65 1014 8 53.153
66 554 42 49.870
67 867 42 31.600
68 501 21 85.487
69 481 22 97.712
70 1015 9 56.927
71 1363 58 3.930
72 1412 32 44.471
73 840 45 51.749
74 187 26 26.269
75 254 15 96.686
76 1029 14 6.835
77 762 53 4.994
78 1128 10 90.935
79 126 37 65.683
80 1343 18 2.019
81 1209 28 29.862
82 1126 5 85.919
83 408 7 99.967
84 621 59 75.320
85 797 47 10.919
86 758 50 94.880
87 380 60 16.479
88 90 20 58.034
89 808 60 63.534
90 394 58 42.792
91 1164 29 75.032
92 677 11 89.413
93 696 41 86.891
94 115 9 1.678
95 1209 3 16.982
96 698 5 52.182
97 1385 15 33.102
98 1188 10 30.085
99 76 17 48.055
100 101 59 16.522
101 506 47 98.284
102 25 57 26.215
103 838 48 86.913
104 1197 3 82.018
105 806 45 59.150
106 897 14 6.244
107 287 3 96.224
108 497 12 45.602
109 1295 3 53.136
110 1281 16 3.636
111 445 55 80.496
112 769 58 46.993
113 1099 60 96.056
114 1168 57 59.041
115 1331 19 75.196
116 1387 32 50.892
117 442 52 45.636
118 173 9 70.164
119 85 7 57.026
120 1335 41 63.515
121 143 58 26.085
122 1250 54 42.900
123 779 50 76.423
124 1333 3 66.793
125 948 10 97.107
126 1434 31 69.730
127 400 43 86.046
128 243 4 45.293
129 333 39 2.665
130 949 35 49.384
131 149 36 57.138
132 247 50 53.801
133 347 52 61.386
134 685 30 19.779
135 1422 21 5.004
136 1126 53 59.881
137 458 11 39.388
138 1418 15 6.399
139 147 45 53.637
140 704 7 61.627
141 685 9 14.378
142 1325 22 61.647
143 1295 39 88.463
144 1197 16 75.530
145 963 38 3.246
146 938 29 79.363
147 767 59 99.416
148 1201 32 84.792
149 439 18 59.183
150 144 38 3.167
151 55 26 11.180
152 226 45 64.654
153 554 29 88.573
154 599 57 72.372
155 139 49 39.204
156 1369 17 87.069
157 1251 15 0.598
158 858 17 24.973
159 1266 53 62.842
160 628 44 97.264
161 645 2 82.519
162 196 9 94.008
163 349 57 89.962
164 1283 48 39.040
165 670 59 69.144
166 18 38 20.195
167 1177 58 91.837
168 364 23 98.668
169 633 35 13.532
170 260 45 86.495
171 63 43 32.657
172 373 3 68.867
173 1190 55 77.185
174 205 25 40.704
175 48 49 1.730
176 1301 11 5.896
177 282 51 70.728
178 1144 46 80.594
179 52 36 80.881
180 175 12 82.517
181 1082 28 80.993
182 1250 50 83.655
183 783 15 63.892
184 57 11 8.688
185 1256 10 79.148
186 522 3 81.296
187 569 23 46.778
188 1438 47 47.174
189 1127 35 97.940
190 110 11 2.837
191 1362 52 66.084
192 1079 49 79.590
193 1242 38 72.292
194 1345 18 12.647
195 1326 1 39.343
196 1084 37 62.075
197 90 22 89.411
198 373 60 87.682
199 272 27 44.794
200 1374 24 85.636