200
1 1183 38 53.032
2 1087 15 28.981
3 305 5 66.970
4 280 35 45.170
5 1022 13 62.651
6 1123 48 67.462
7 1209 37 7.958
8 1365 27 43.033
9 1393 50 46.855
10 566 21 58.039
11 101 1 66.071
12 484 56 49.008
13 75 57 9.981
14 1277 9 8.019
15 167 11 11.581
16 501 38 95.988
17 1357 17 67.743
18 456 57 3.047
19 533 59 79.647
20 1341 39 84.858
21 138 10 76.055
22 552 3 90.241
23 862 34 63.560
24 52 44 48.401
25 738 33 82.021
26 631 31 86.411
27 416 54 96.385
28 826 14 95.766
29 301 51 31.600
30 1187 50 40.512
31 643 46 16.577
32 225 19 19.278
33 1299 13 12.787
34 391 1 74.548
35 267 9 16.835
36 850 51 55.893
37 434 16 16.848
38 909 52 43.582
39 633 35 6.855
40 1132 59 61.033
41 473 44 14.606
42 875 22 31.713
43 86 42 81.127
44 922 9 53.127
45 29 59 25.585
46 876 25 36.248
47 1043 18 48.516
48 695 21 32.425
49 814 51 40.581
50 1097 56 74.387
51 1302 15 29.530
52 1204 21 95.659
53 775 16 22.026
54 263 14 99.781
55 365 23 38.428
56 1086 36 54.342
57 1249 12 73.140
58 1192 3 25.814
59 746 50 89.021
60 131 33 3.873
61 646 50 4.516
62 671 6 60.285
63 1258 31 25.976
64 104 46 30.762
65 1220 24 27.654
66 21 26 0.727
67 219 35 58.786
68 1117 55 25.921
69 840 8 22.825
70 784 13 27.374
71 1271 36 14.533
72 850 48 84.461
73 985 45 23.420
74 1299 13 82.145
75 355 55 24.393
76 1408 38 77.027
77 343 24 0.770
78 278 12 73.664
79 466 2 69.570
80 416 15 42.568
81 217 60 24.906
82 1210 51 97.849
83 668 27 52.342
84 198 14 22.039
85 900 56 13.504
86 358 4 85.765
87 1248 44 60.216
88 515 3 2.714
89 86 29 35.923
90 511 4 31.210
91 946 24 66.917
92 873 57 6.120
93 240 50 64.051
94 315 10 93.876
95 1111 9 36.034
96 992 33 1.759
97 684 24 98.779
98 424 6 81.948
99 889 49 66.530
100 75 57 36.937
101 698 7 77.397
102 1385 39 69.072
103 768 15 51.639
104 405 52 4.366
105 938 39 36.333
106 1180 1 87.359
107 737 40 97.257
108 333 14 61.522
109 369 51 25.334
110 878 31 74.504
111 88 19 93.409
112 606 58 32.170
113 803 6 55.461
114 239 1 97.253
115 1408 9 25.131
116 1045 20 79.896
117 1298 50 71.552
118 540 15 16.236
119 1439 21 57.254
120 1348 50 49.657
121 1299 44 85.801
122 600 53 33.679
123 93 26 19.698
124 487 47 62.200
125 1038 58 25.201
126 615 12 2.972
127 911 39 17.631
128 426 32 41.483
129 1266 35 25.188
130 1309 34 5.350
131 1273 18 20.273
132 1238 37 34.088
133 718 17 92.717
134 1154 41 1.040
135 348 16 17.100
136 159 50 72.909
137 748 43 65.428
138 110 11 14.206
139 227 27 65.293
140 887 7 89.846
141 919 34 68.430
142 1224 23 69.036
143 431 58 2.284
144 415 12 75.530
145 1105 41 69.640
146 143 24 26.184
147 90 24 96.367
148 845 47 88.408
149 1026 16 29.538
150 1238 50 49.462
151 738 32 78.461
152 955 38 56.537
153 1213 5 23.345
154 218 32 60.024
155 448 56 91.387
156 506 33 54.654
157 96 45 95.102
158 108 31 53.128
159 564 58 49.787
160 70 36 63.912
161 1129 24 31.975
162 777 7 78.183
163 865 40 77.768
164 256 15 9.695
165 1347 46 20.137
166 382 3 43.290
167 1005 1 51.568
168 621 18 63.977
169 817 19 63.936
170 624 12 99.143
171 845 37 41.868
172 899 7 84.902
173 705 7 93.527
174 1427 30 8.660
175 155 4 93.431
176 202 15 25.697
177 983 39 88.718
178 898 52 81.915
179 477 58 60.284
180 1026 15 15.409
181 158 50 98.588
182 1234 20 29.864
183 1161 50 90.903
184 403 23 5.373
185 35 41 20.132
186 517 57 91.950
187 658 19 2.715
188 418 43 66.527
189 863 21 6.790
190 508 3 46.163
191 418 58 84.151
192 710 38 52.288
193 1361 35 3.286
194 267 48 1.648
195 83 56 35.449
196 626 45 61.513
197 157 20 94.744
198 341 40 15.983
199 84 28 91.764
200 1349 13 69.304