200
1 41 12 61.827
2 565 52 14.130
3 155 37 46.101
4 663 43 17.794
5 1396 32 37.517
6 64 1 53.832
7 284 35 23.500
8 1221 9 40.324
9 438 57 6.734
10 582 60 6.889
11 841 56 91.979
12 488 19 80.300
13 1263 25 63.527
14 293 2 27.983
15 459 52 81.014
16 185 35 93.263
17 840 14 92.919
18 883 20 52.722
19 1094 41 69.730
20 651 10 63.887
21 233 59 39.289
22 382 46 90.148
23 1231 49 24.190
24 1007 32 22.794
25 949 6 41.860
26 255 48 62.534
27 1241 47 74.505
28 1095 23 57.423
29 830 25 40.278
30 1267 14 94.979
31 979 23 21.187
32 921 42 27.802
33 517 15 67.630
34 269 38 84.271
35 688 24 74.086
36 1337 2 80.060
37 316 47 99.164
38 588 10 63.362
39 1030 10 53.982
40 195 7 46.026
41 1377 51 8.593
42 389 43 24.288
43 951 51 12.140
44 1241 53 74.132
45 617 36 89.822
46 1316 25 64.576
47 988 15 34.925
48 1388 51 56.126
49 1320 53 70.783
50 605 46 86.499
51 943 12 67.002
52 1295 58 29.061
53 206 38 36.167
54 379 37 7.413
55 854 21 10.897
56 275 20 42.870
57 344 37 92.617
58 1293 38 50.905
59 1435 1 64.264
60 331 54 17.726
61 511 33 88.808
62 198 32 7.482
63 1396 60 76.239
64 717 6 28.464
65 408 53 12.721
66 600 54 80.191
67 696 11 79.451
68 79 44 91.486
69 264 37 91.704
70 801 28 20.626
71 1396 9 78.239
72 636 54 40.839
73 448 5 36.296
74 1245 39 64.402
75 740 42 4.382
76 56 30 1.076
77 621 52 81.245
78 661 18 65.313
79 295 19 93.182
80 1219 37 3.931
81 126 55 32.353
82 105 53 70.040
83 651 14 92.162
84 712 28 20.497
85 1313 45 9.897
86 1219 33 16.578
87 206 23 51.162
88 833 23 35.378
89 123 29 37.336
90 1318 59 14.433
91 235 26 98.600
92 96 46 48.343
93 191 42 37.965
94 157 41 28.035
95 1072 31 95.224
96 1291 33 81.227
97 1378 50 64.071
98 556 59 49.512
99 1129 10 28.785
100 1153 56 99.875
101 1429 40 77.759
102 566 20 88.936
103 216 20 98.008
104 15 34 83.269
105 587 9 12.073
106 67 55 13.413
107 650 32 37.383
108 274 3 24.512
109 278 53 86.148
110 510 11 1.674
111 728 8 20.901
112 609 49 87.763
113 144 53 39.377
114 82 55 74.830
115 721 26 56.725
116 569 29 30.927
117 952 5 28.745
118 1303 58 87.152
119 962 45 91.863
120 625 53 36.619
121 1219 31 26.132
122 1139 18 68.494
123 347 45 83.070
124 200 1 81.288
125 591 37 91.385
126 756 45 13.903
127 532 10 31.235
128 1291 28 4.690
129 1309 6 7.520
130 385 60 73.052
131 1428 37 69.043
132 1228 54 90.820
133 218 4 76.645
134 1285 36 37.662
135 476 41 25.621
136 568 22 97.016
137 919 44 91.034
138 403 13 33.433
139 1307 60 48.857
140 690 17 84.952
141 997 41 29.319
142 565 17 65.589
143 554 4 54.429
144 1354 56 25.693
145 290 21 63.353
146 84 16 57.761
147 1339 25 38.397
148 351 51 91.977
149 1006 17 82.378
150 12 42 46.346
151 671 43 44.931
152 1154 49 50.625
153 391 13 76.236
154 771 1 81.877
155 192 43 51.315
156 709 11 56.071
157 1105 9 33.582
158 539 49 83.229
159 300 21 97.914
160 602 11 39.674
161 783 44 74.762
162 981 12 51.120
163 648 3 9.016
164 1145 12 41.190
165 779 2 78.899
166 955 45 30.689
167 741 31 36.986
168 126 31 35.656
169 1129 2 5.282
170 1367 54 92.271
171 461 37 10.922
172 283 28 57.221
173 39 1 8.512
174 460 29 56.801
175 769 51 21.116
176 773 39 51.177
177 380 48 6.218
178 1310 11 82.783
179 1233 19 42.300
180 337 21 16.477
181 1314 27 39.868
182 91 25 57.897
183 143 25 17.979
184 72 23 41.304
185 1396 4 60.889
186 1191 26 20.064
187 104 39 77.876
188 1 18 6.147
189 1367 8 1.864
190 1227 44 25.047
191 365 5 45.578
192 994 57 88.506
193 101 9 27.557
194 1402 36 51.890
195 829 17 42.072
196 604 44 98.944
197 384 44 46.559
198 365 46 68.774
199 124 60 67.230
200 1288 49 64.305