200
1 1178 2 94.498
2 1012 47 33.472
3 694 40 44.240
4 1238 4 50.665
5 337 9 16.997
6 940 41 49.285
7 1216 9 78.575
8 1404 14 15.521
9 1000 21 57.653
10 909 15 8.585
11 895 13 7.428
12 1406 20 17.360
13 443 16 29.071
14 923 10 98.101
15 356 45 50.757
16 95 49 14.325
17 88 29 15.355
18 159 1 28.648
19 1397 8 61.427
20 645 11 81.784
21 400 27 56.132
22 89 58 5.966
23 1134 31 13.579
24 563 5 47.998
25 1327 9 53.197
26 1384 52 97.879
27 1365 2 65.474
28 762 57 83.368
29 625 55 34.487
30 979 13 26.794
31 778 4 89.658
32 1294 11 27.723
33 896 53 78.637
34 99 8 1.036
35 965 48 76.288
36 14 9 98.650
37 895 22 80.337
38 321 36 43.792
39 1271 43 8.473
40 413 54 67.994
41 414 7 28.528
42 488 15 98.001
43 513 56 25.128
44 1266 53 42.558
45 1262 22 23.037
46 1401 57 98.913
47 420 26 17.549
48 863 53 3.109
49 188 38 35.634
50 398 18 95.874
51 458 20 85.726
52 48 44 89.799
53 1164 37 53.170
54 389 13 15.715
55 1085 37 6.570
56 1426 13 73.637
57 309 29 56.197
58 487 12 97.035
59 174 54 19.264
60 178 28 77.569
61 853 1 23.202
62 239 41 41.417
63 1035 14 59.098
64 1400 54 27.208
65 981 16 12.283
66 1190 8 2.972
67 142 13 7.134
68 1418 20 21.720
69 240 58 38.227
70 1292 29 41.949
71 811 31 44.251
72 643 53 32.558
73 695 33 95.578
74 61 19 49.209
75 196 59 34.070
76 726 30 77.242
77 1134 32 68.606
78 181 37 70.099
79 1282 55 21.651
80 1126 13 66.760
81 950 57 14.316
82 168 9 67.983
83 159 55 62.453
84 1244 38 35.444
85 1052 60 16.848
86 626 23 53.487
87 180 9 79.762
88 826 27 21.780
89 439 46 67.407
90 258 31 98.691
91 1256 51 71.205
92 1146 49 36.536
93 634 13 66.783
94 6 11 27.327
95 455 28 80.708
96 1202 58 19.268
97 922 4 20.523
98 199 8 3.311
99 115 24 17.685
100 1343 6 22.248
101 131 57 57.215
102 1265 50 11.492
103 774 37 19.891
104 602 41 77.964
105 580 37 93.890
106 284 17 73.724
107 984 29 97.847
108 1019 1 94.471
109 1185 23 58.620
110 612 31 87.635
111 1000 3 30.406
112 1226 50 93.274
113 241 19 7.521
114 277 42 56.584
115 1421 34 79.853
116 700 38 92.202
117 937 20 90.760
118 163 37 69.792
119 1016 15 91.779
120 879 35 58.516
121 161 33 34.349
122 905 36 48.823
123 464 43 26.295
124 1006 9 12.454
125 896 33 80.212
126 917 27 26.397
127 1312 51 0.125
128 874 39 36.067
129 1276 57 13.223
130 1285 21 68.123
131 191 54 81.384
132 1113 3 69.839
133 701 43 99.136
134 439 25 94.452
135 1281 24 46.057
136 1103 21 1.498
137 736 28 1.070
138 1265 19 50.609
139 567 1 29.359
140 1261 48 40.902
141 909 19 15.476
142 1373 42 95.235
143 370 53 26.009
144 1027 55 6.324
145 913 22 27.476
146 698 55 65.714
147 348 9 82.231
148 1169 52 88.732
149 1268 43 83.519
150 1161 55 84.661
151 1157 6 96.545
152 150 26 34.181
153 1227 11 33.696
154 154 9 88.394
155 55 6 48.786
156 68 9 51.627
157 1198 48 50.642
158 1213 33 7.855
159 1100 12 79.739
160 1163 49 99.314
161 40 36 31.468
162 452 50 39.999
163 1167 33 84.258
164 75 33 1.462
165 544 30 86.062
166 1370 33 63.100
167 154 48 74.515
168 816 17 92.714
169 615 17 42.227
170 609 41 86.117
171 6 52 37.382
172 1226 43 23.960
173 1197 40 49.253
174 429 43 82.372
175 468 38 69.441
176 1062 3 56.673
177 1262 39 65.644
178 1017 1 7.693
179 881 46 24.860
180 1427 60 60.034
181 1385 35 20.468
182 1320 50 25.260
183 708 12 24.037
184 628 6 55.112
185 706 55 33.258
186 735 59 31.911
187 1203 39 36.211
188 1315 40 21.925
189 1029 47 24.966
190 421 13 74.518
191 977 49 92.734
192 631 19 81.591
193 536 30 21.912
194 81 21 33.571
195 1241 18 56.801
196 1221 13 23.727
197 977 21 4.146
198 260 39 68.074
199 504 13 80.852
200 688 26 67.430