200
1 503 6 90.338
2 252 26 81.503
3 232 54 2.195
4 769 11 32.909
5 1310 24 58.484
6 1260 9 55.883
7 205 34 69.959
8 1044 34 56.087
9 158 20 88.286
10 1246 6 62.752
11 1070 54 11.605
12 217 22 32.997
13 247 45 71.165
14 1167 44 23.309
15 256 4 10.940
16 1077 52 56.315
17 360 9 3.149
18 88 14 23.318
19 63 36 44.167
20 1241 41 85.497
21 1247 12 44.191
22 23 16 87.238
23 1207 51 18.264
24 54 17 73.919
25 1215 33 94.961
26 504 53 20.139
27 1232 26 9.089
28 1068 6 7.766
29 867 18 64.344
30 293 42 15.337
31 1118 7 50.223
32 1423 27 89.561
33 896 39 12.357
34 762 50 26.691
35 588 33 66.619
36 692 55 93.595
37 162 54 27.857
38 790 52 89.614
39 1131 52 30.751
40 188 40 61.630
41 1032 56 90.413
42 1013 36 60.200
43 687 29 82.398
44 769 28 95.606
45 1081 3 78.041
46 608 30 53.680
47 62 37 60.723
48 1356 46 20.856
49 642 27 40.408
50 648 29 57.373
51 180 1 92.946
52 262 8 15.237
53 63 39 16.052
54 761 46 44.530
55 693 15 49.295
56 443 49 13.113
57 65 32 19.137
58 142 43 75.090
59 1091 23 3.484
60 181 57 23.016
61 375 22 13.182
62 769 28 77.252
63 1120 19 96.900
64 1225 27 94.959
65 634 3 36.702
66 247 7 5.306
67 220 60 68.875
68 1247 25 8.950
69 249 48 6.805
70 1012 44 45.131
71 1246 45 64.330
72 49 51 56.907
73 732 13 14.042
74 353 18 10.205
75 930 32 55.038
76 532 33 96.224
77 1361 41 74.351
78 614 34 33.204
79 1114 17 38.760
80 141 41 85.844
81 587 52 72.689
82 738 6 4.637
83 371 26 86.684
84 1357 23 60.978
85 910 38 30.719
86 771 17 56.320
87 312 58 55.092
88 645 9 65.683
89 1354 29 87.057
90 1025 56 47.749
91 413 28 38.245
92 913 60 47.898
93 338 1 63.862
94 110 55 88.300
95 580 31 93.750
96 1165 5 14.854
97 463 57 66.593
98 419 40 53.711
99 3 40 10.347
100 611 51 39.739
101 1046 58 9.380
102 820 10 90.025
103 1136 17 47.546
104 1164 39 56.959
105 384 34 52.818
106 1388 16 98.613
107 952 29 19.562
108 178 24 3.861
109 1170 13 35.848
110 614 32 1.891
111 201 1 63.219
112 386 45 97.006
113 1259 39 38.052
114 194 32 46.624
115 467 38 29.184
116 169 10 6.034
117 1064 27 99.823
118 1288 27 20.286
119 52 3 92.510
120 1166 31 0.889
121 1066 57 71.691
122 963 12 5.318
123 728 16 92.651
124 1342 34 76.682
125 857 2 98.028
126 663 16 44.153
127 187 3 34.626
128 417 35 4.562
129 859 33 84.620
130 788 11 10.229
131 642 37 39.285
132 1131 17 53.231
133 1366 51 65.132
134 555 44 66.523
135 269 14 3.084
136 1374 28 49.736
137 134 32 56.153
138 1130 13 23.522
139 1323 54 75.897
140 368 4 37.758
141 765 30 46.053
142 1084 21 68.246
143 581 50 75.424
144 410 2 1.906
145 987 9 56.105
146 297 47 10.280
147 229 53 62.628
148 1134 25 73.216
149 551 51 37.000
150 276 19 63.870
151 1179 15 69.871
152 823 20 57.685
153 500 34 69.133
154 856 51 9.756
155 1359 1 89.611
156 703 45 39.119
157 688 37 97.958
158 931 29 48.447
159 447 4 79.646
160 285 25 75.378
161 181 4 77.743
162 13 43 70.488
163 1207 18 78.321
164 1168 44 65.249
165 815 31 44.521
166 210 42 43.702
167 1078 35 63.743
168 1439 16 51.399
169 825 50 31.575
170 301 4 32.831
171 1217 22 48.923
172 1349 41 6.989
173 830 59 7.511
174 1333 58 80.689
175 334 27 60.286
176 444 11 68.277
177 179 1 80.051
178 1329 37 0.529
179 187 36 23.971
180 251 59 88.830
181 1240 6 96.241
182 1242 14 11.693
183 1162 11 12.817
184 1092 54 41.076
185 823 58 10.279
186 944 19 70.938
187 830 57 94.610
188 374 60 21.223
189 1364 29 80.731
190 1234 60 78.029
191 740 12 42.412
192 1054 13 38.933
193 604 39 81.501
194 1294 59 95.747
195 1418 28 63.012
196 724 42 82.871
197 464 55 73.195
198 365 16 48.942
199 1341 42 57.450
200 114 19 94.484