200
1 1289 50 61.181
2 1005 8 20.185
3 61 60 25.665
4 832 38 92.095
5 724 11 83.687
6 992 20 46.212
7 745 21 67.467
8 433 23 56.576
9 245 60 31.959
10 1004 29 33.237
11 916 17 53.734
12 349 59 25.610
13 333 19 1.265
14 889 14 70.315
15 490 34 30.501
16 85 53 90.809
17 301 33 51.250
18 916 55 23.647
19 134 5 72.723
20 692 4 51.275
21 1360 50 20.241
22 620 39 38.753
23 1265 47 23.245
24 1229 60 94.956
25 1286 17 4.537
26 1045 15 0.514
27 1438 14 36.017
28 898 57 97.053
29 1227 53 82.187
30 1172 52 73.113
31 132 55 87.240
32 396 41 14.038
33 309 37 81.640
34 164 40 98.123
35 729 20 53.187
36 200 38 16.973
37 1354 25 27.210
38 322 12 41.138
39 943 26 66.853
40 379 7 73.439
41 68 22 8.376
42 1044 29 68.993
43 1122 4 88.439
44 1392 41 16.796
45 391 54 14.726
46 330 31 34.083
47 624 49 25.590
48 761 5 94.526
49 653 30 10.586
50 394 21 2.108
51 1083 25 97.156
52 1010 50 76.852
53 876 27 28.917
54 653 21 37.249
55 731 9 78.481
56 1190 33 60.383
57 250 32 8.979
58 616 4 37.336
59 1072 40 13.456
60 702 28 83.916
61 820 23 27.358
62 392 12 4.635
63 1254 52 29.313
64 901 3 79.445
65 918 46 87.376
66 829 25 28.514
67 168 42 4.537
68 89 32 20.627
69 396 53 66.176
70 1333 21 19.131
71 739 40 43.414
72 855 22 3.893
73 778 58 81.728
74 790 10 19.299
75 723 27 41.804
76 540 45 25.467
77 141 24 12.871
78 1346 50 77.972
79 715 39 71.417
80 1060 20 98.770
81 1100 45 85.205
82 951 55 62.573
83 1126 34 35.524
84 921 58 12.588
85 139 13 82.755
86 1309 31 63.114
87 235 21 23.676
88 161 21 4.323
89 236 5 32.181
90 583 33 51.584
91 173 24 53.527
92 694 22 9.630
93 1376 35 70.281
94 490 19 50.173
95 1432 28 16.008
96 478 37 89.508
97 1335 17 17.413
98 184 41 3.758
99 622 6 71.728
100 299 8 72.673
101 414 43 1.697
102 535 13 36.506
103 980 11 98.105
104 1110 20 89.779
105 596 56 74.309
106 9 54 22.162
107 1202 11 24.002
108 275 55 51.969
109 428 34 33.743
110 1187 5 31.407
111 551 49 24.016
112 1092 42 96.626
113 1157 27 46.946
114 392 44 52.501
115 25 51 45.572
116 803 55 7.069
117 1422 57 71.021
118 772 9 6.070
119 1415 48 64.576
120 999 23 30.415
121 1035 54 17.005
122 1032 51 49.366
123 27 38 33.888
124 651 44 74.257
125 577 28 46.515
126 200 2 87.858
127 381 6 72.179
128 203 35 65.884
129 766 45 65.504
130 1293 21 15.715
131 226 57 15.214
132 874 12 72.459
133 573 37 28.617
134 46 16 93.582
135 1214 53 25.161
136 255 58 51.486
137 1039 10 72.222
138 265 15 45.076
139 1430 34 61.805
140 515 49 32.146
141 349 12 28.557
142 920 19 4.794
143 421 43 35.719
144 591 15 88.339
145 320 25 11.459
146 310 10 8.436
147 714 31 2.433
148 391 60 36.067
149 304 1 48.451
150 988 34 77.018
151 476 41 61.671
152 1294 15 58.538
153 233 28 81.777
154 250 26 5.016
155 586 2 37.537
156 589 5 8.183
157 398 33 36.598
158 1344 41 67.971
159 1285 44 87.793
160 968 49 9.667
161 863 41 67.966
162 273 4 39.450
163 430 22 93.534
164 189 27 32.702
165 204 41 85.249
166 845 41 95.869
167 332 25 87.852
168 569 27 95.288
169 176 59 98.449
170 319 15 52.907
171 1062 44 9.332
172 666 50 84.975
173 997 21 15.400
174 1095 53 55.438
175 412 7 83.941
176 1007 49 5.293
177 743 35 43.888
178 1185 57 23.849
179 1418 5 27.120
180 854 55 1.348
181 746 41 89.746
182 437 55 15.522
183 85 26 11.206
184 679 37 35.683
185 445 24 54.676
186 1395 10 50.253
187 1285 60 83.175
188 545 52 8.725
189 794 44 5.458
190 90 38 5.597
191 1286 33 92.102
192 1343 41 48.660
193 127 25 57.452
194 376 34 7.635
195 755 28 60.598
196 625 3 92.697
197 620 7 46.779
198 284 59 33.107
199 953 13 96.622
200 1133 19 65.252