200
1 857 8 35.860
2 768 53 45.270
3 1256 22 1.280
4 1283 25 62.089
5 1100 11 66.385
6 1309 3 39.667
7 591 28 98.290
8 1220 34 81.433
9 9 32 7.328
10 534 11 59.029
11 490 46 14.593
12 362 13 75.904
13 159 40 91.489
14 1006 20 64.483
15 642 43 52.594
16 944 21 87.152
17 1143 14 50.328
18 140 56 93.622
19 526 7 6.687
20 498 26 86.241
21 1232 49 11.816
22 1071 21 82.313
23 506 44 72.355
24 1075 2 25.535
25 1334 3 87.445
26 4 29 2.562
27 977 51 14.287
28 42 27 74.362
29 412 8 30.357
30 102 10 35.535
31 484 53 48.185
32 260 46 63.958
33 457 9 13.973
34 335 50 88.687
35 541 51 23.703
36 166 32 24.129
37 43 27 22.969
38 652 43 61.225
39 89 37 95.986
40 1140 60 94.091
41 1055 60 10.332
42 1392 7 91.465
43 676 40 8.376
44 138 19 25.582
45 1377 34 26.380
46 1159 38 55.785
47 782 20 87.114
48 246 29 4.179
49 1171 6 0.373
50 775 53 29.511
51 1147 22 26.958
52 237 33 70.710
53 1369 29 67.373
54 696 3 2.681
55 1266 10 15.426
56 1246 47 62.897
57 1113 22 1.398
58 1235 36 89.432
59 602 20 39.160
60 668 4 17.917
61 138 48 51.648
62 504 50 84.131
63 112 19 9.787
64 758 50 99.314
65 1117 11 49.412
66 116 25 98.591
67 86 58 48.929
68 335 38 85.801
69 461 23 64.445
70 520 38 48.096
71 1135 44 55.555
72 974 4 62.816
73 754 38 77.095
74 1339 40 55.251
75 813 8 14.290
76 1105 3 18.453
77 288 35 33.547
78 417 51 31.470
79 1229 5 26.809
80 1328 28 95.262
81 183 45 75.441
82 743 45 3.130
83 145 22 54.868
84 894 4 76.417
85 317 50 0.423
86 561 28 61.875
87 988 55 71.866
88 389 48 63.484
89 1315 39 56.966
90 640 42 76.212
91 387 26 41.148
92 1168 37 36.203
93 138 30 43.027
94 755 10 50.947
95 991 57 34.944
96 506 9 85.790
97 794 16 16.660
98 1421 2 25.925
99 872 2 11.392
100 437 22 45.120
101 570 7 58.817
102 222 6 59.839
103 1044 58 34.503
104 567 33 65.772
105 731 43 36.716
106 888 26 76.256
107 811 8 46.590
108 1182 13 20.140
109 902 28 28.905
110 1101 53 50.005
111 375 27 49.708
112 224 13 29.281
113 22 60 12.301
114 1409 50 9.518
115 977 9 0.623
116 666 44 37.718
117 669 24 54.597
118 425 4 89.565
119 1286 17 97.473
120 1274 40 68.212
121 1359 15 86.653
122 1332 28 25.085
123 1020 36 14.795
124 408 57 31.858
125 147 52 63.984
126 421 46 28.863
127 889 45 43.020
128 695 32 23.562
129 784 34 53.827
130 357 49 8.336
131 1138 49 34.933
132 646 50 36.313
133 1286 47 35.967
134 1081 40 44.138
135 765 44 26.248
136 1356 16 82.134
137 676 37 62.734
138 905 50 92.834
139 330 46 49.323
140 268 48 85.226
141 254 11 67.025
142 1142 3 17.444
143 158 52 15.978
144 1328 25 94.009
145 525 10 47.230
146 205 47 14.220
147 212 5 1.940
148 719 36 61.635
149 302 19 53.806
150 1148 20 12.682
151 908 10 98.902
152 280 27 30.729
153 63 44 86.890
154 1201 54 13.617
155 775 48 19.544
156 693 34 76.115
157 316 36 84.305
158 1172 34 76.621
159 162 31 48.371
160 650 35 47.905
161 11 21 78.199
162 231 42 85.355
163 965 38 14.273
164 339 20 23.572
165 1311 48 92.738
166 1295 5 28.895
167 1194 57 52.046
168 910 34 43.767
169 127 21 92.224
170 779 10 76.696
171 97 55 92.138
172 1166 25 62.746
173 857 14 26.268
174 1176 38 72.037
175 1115 46 17.846
176 1158 17 70.090
177 958 31 22.941
178 713 22 85.281
179 133 49 98.131
180 741 12 55.379
181 434 1 28.923
182 730 35 39.090
183 613 57 6.975
184 1313 27 72.430
185 184 1 64.226
186 1106 18 86.328
187 116 1 67.447
188 728 41 12.829
189 1106 39 77.247
190 1202 38 99.472
191 86 39 12.553
192 1340 11 96.873
193 905 39 63.959
194 984 52 2.895
195 456 25 2.814
196 914 13 92.665
197 193 34 71.732
198 52 47 64.750
199 150 50 61.060
200 286 38 19.824