200
1 1078 32 61.646
2 1240 3 48.094
3 997 54 76.203
4 1292 8 86.684
5 856 34 27.263
6 1098 50 82.610
7 658 29 29.897
8 1168 33 42.646
9 575 23 69.748
10 728 45 74.679
11 296 36 56.148
12 415 46 52.572
13 1203 15 87.289
14 707 45 75.122
15 626 6 39.414
16 1011 28 18.373
17 481 32 82.617
18 285 14 57.917
19 771 14 78.394
20 865 49 10.181
21 956 47 72.026
22 974 42 70.238
23 1186 4 78.759
24 1368 27 59.788
25 275 36 64.224
26 146 5 88.046
27 764 5 41.413
28 1212 19 92.814
29 1282 28 93.923
30 797 34 27.733
31 1165 10 30.694
32 235 53 92.929
33 484 24 10.245
34 987 5 31.291
35 1287 29 97.806
36 94 33 16.554
37 323 48 89.394
38 896 44 65.728
39 102 41 30.275
40 401 31 48.470
41 620 27 35.747
42 1391 34 68.399
43 1179 26 84.171
44 350 58 82.153
45 1164 4 13.164
46 149 40 95.658
47 538 27 94.151
48 1297 15 15.387
49 716 7 69.615
50 722 16 95.176
51 1428 27 94.208
52 1399 31 4.560
53 1299 18 34.096
54 542 55 9.450
55 1114 2 16.011
56 519 11 30.803
57 960 17 41.843
58 1268 18 92.662
59 511 17 34.524
60 971 39 20.330
61 448 32 39.536
62 1165 4 26.409
63 1068 43 57.009
64 247 47 13.383
65 838 53 50.786
66 552 49 85.804
67 157 19 80.311
68 295 55 8.178
69 712 43 71.702
70 1040 31 60.246
71 489 11 20.713
72 771 9 88.724
73 1284 56 47.905
74 743 11 81.131
75 559 45 98.282
76 514 60 88.107
77 661 22 57.721
78 1108 35 65.817
79 256 29 10.118
80 295 49 83.350
81 156 30 6.189
82 1250 31 44.432
83 55 37 7.673
84 142 28 95.841
85 44 57 39.574
86 753 26 7.381
87 13 2 0.413
88 783 10 24.505
89 624 27 14.800
90 471 47 44.820
91 116 21 26.491
92 38 14 94.953
93 1358 45 26.159
94 1059 5 46.524
95 1130 32 88.324
96 280 43 24.134
97 642 42 3.610
98 1380 17 57.578
99 201 30 27.239
100 881 20 58.379
101 661 5 67.539
102 1128 53 17.201
103 328 43 94.213
104 936 5 18.560
105 637 45 43.212
106 1242 57 42.646
107 391 21 76.783
108 349 11 69.287
109 386 51 66.494
110 570 5 30.262
111 147 22 36.136
112 86 10 41.260
113 278 28 16.139
114 755 43 39.509
115 583 23 82.173
116 1167 23 55.433
117 590 59 51.590
118 220 44 55.932
119 1147 14 68.221
120 188 54 64.978
121 1186 46 95.989
122 819 40 82.603
123 853 3 39.332
124 867 31 39.500
125 948 4 87.645
126 409 29 19.664
127 44 58 40.174
128 566 49 52.094
129 1384 60 19.370
130 815 40 40.039
131 187 51 50.940
132 526 14 20.654
133 328 43 67.942
134 242 48 62.427
135 1426 59 50.354
136 7 49 74.958
137 359 8 60.492
138 622 10 56.607
139 173 21 81.429
140 936 33 25.631
141 636 11 68.121
142 797 28 35.519
143 498 11 66.246
144 468 1 90.276
145 548 30 33.621
146 835 28 88.920
147 1088 1 37.941
148 241 33 46.942
149 441 41 40.141
150 1313 5 94.747
151 554 11 23.801
152 892 24 61.545
153 230 3 39.196
154 3 23 69.428
155 723 7 32.910
156 140 35 74.723
157 816 60 33.400
158 1157 57 16.903
159 997 30 4.207
160 1048 42 57.411
161 606 29 24.477
162 1341 11 20.149
163 678 39 12.665
164 1152 17 29.700
165 1241 45 91.725
166 308 13 3.101
167 828 37 50.443
168 385 15 72.874
169 226 11 68.232
170 608 53 42.246
171 181 1 41.809
172 1116 4 55.039
173 781 20 80.163
174 1199 18 12.304
175 87 3 87.039
176 253 16 48.623
177 224 30 2.925
178 1299 48 36.738
179 1360 41 26.883
180 134 55 0.481
181 1247 28 10.035
182 1414 21 16.238
183 39 54 49.720
184 74 53 80.182
185 414 20 78.770
186 25 39 51.711
187 1341 16 56.301
188 1101 43 17.566
189 1112 24 76.569
190 1425 47 45.805
191 1005 45 60.912
192 1376 52 5.094
193 1243 38 84.691
194 1246 23 42.270
195 886 14 62.930
196 1242 30 24.036
197 1010 49 21.340
198 417 4 68.705
199 1124 31 8.320
200 611 8 13.494