200
1 159 42 15.881
2 281 50 67.399
3 644 19 63.317
4 791 45 55.827
5 958 45 32.223
6 1320 1 12.185
7 1357 7 59.378
8 158 50 90.893
9 1042 15 74.463
10 609 38 88.120
11 985 34 61.104
12 63 2 61.870
13 548 40 32.499
14 1000 28 97.072
15 1014 39 61.908
16 138 57 21.344
17 40 50 26.862
18 1172 21 93.563
19 1074 58 20.112
20 964 3 28.014
21 1072 4 8.194
22 1424 13 80.849
23 548 46 2.228
24 780 45 60.357
25 695 11 99.059
26 352 52 29.829
27 503 57 14.881
28 1318 46 31.903
29 287 10 85.258
30 818 24 2.424
31 912 14 3.584
32 1294 42 92.645
33 1354 8 1.932
34 1150 12 33.565
35 14 43 67.475
36 775 39 49.674
37 1147 18 79.847
38 426 24 56.081
39 643 60 72.268
40 338 33 59.073
41 545 54 31.564
42 5 5 38.940
43 1359 26 97.602
44 338 19 1.690
45 394 26 5.720
46 1017 51 55.535
47 683 52 84.479
48 445 7 0.420
49 1153 17 18.132
50 533 33 37.325
51 629 51 37.002
52 847 30 88.354
53 1164 51 71.861
54 1204 46 6.249
55 589 54 9.226
56 127 1 67.186
57 59 53 55.383
58 776 37 11.690
59 453 52 30.343
60 1321 32 72.793
61 167 42 46.608
62 1400 4 87.257
63 756 58 92.676
64 417 29 5.592
65 114 38 87.797
66 1087 21 99.796
67 363 2 68.865
68 508 11 29.548
69 866 12 43.326
70 401 19 95.245
71 632 56 1.770
72 376 57 70.669
73 275 4 57.131
74 176 3 76.464
75 725 16 25.177
76 17 25 5.607
77 501 24 35.930
78 1339 17 18.348
79 10 20 59.734
80 1409 13 7.890
81 967 29 86.273
82 646 20 34.617
83 109 20 91.929
84 1324 18 68.853
85 104 37 52.063
86 509 9 29.123
87 1388 6 47.418
88 64 57 9.556
89 51 2 59.961
90 629 37 13.183
91 639 3 98.388
92 199 16 47.200
93 96 29 5.548
94 893 38 25.666
95 214 45 29.196
96 1377 37 10.120
97 1225 60 46.264
98 622 45 81.674
99 811 11 74.609
100 1438 28 76.905
101 446 34 58.137
102 861 36 61.149
103 1148 36 71.026
104 1215 46 75.612
105 179 22 65.473
106 173 32 75.598
107 756 21 69.434
108 492 30 56.229
109 165 12 1.860
110 562 33 71.516
111 1311 31 85.851
112 394 12 25.843
113 731 56 92.539
114 173 21 52.407
115 1066 28 38.016
116 660 30 12.243
117 1275 52 46.213
118 373 47 49.963
119 1270 6 16.264
120 1356 24 61.842
121 128 5 4.651
122 1283 43 62.007
123 121 42 10.636
124 1139 18 37.279
125 1401 18 53.531
126 595 17 65.878
127 424 55 85.755
128 526 56 59.337
129 74 1 8.924
130 893 2 90.591
131 799 52 3.022
132 1017 34 84.379
133 1268 44 30.684
134 923 52 78.713
135 712 49 92.116
136 1112 49 67.300
137 285 4 41.636
138 274 29 16.544
139 1098 20 42.502
140 564 34 80.209
141 712 42 69.234
142 1042 35 23.560
143 1257 26 68.842
144 1165 34 85.389
145 940 28 87.721
146 876 57 68.502
147 749 60 67.458
148 277 3 46.359
149 425 43 46.388
150 153 30 95.960
151 1366 27 64.612
152 644 36 79.813
153 207 10 50.118
154 892 13 50.903
155 1251 27 43.935
156 608 59 63.300
157 647 37 60.405
158 1241 45 20.142
159 46 2 40.475
160 783 59 39.621
161 1067 34 2.406
162 1235 21 48.864
163 320 12 76.883
164 989 50 21.801
165 51 47 56.382
166 1160 1 29.001
167 786 22 65.275
168 560 26 55.881
169 301 50 83.705
170 1146 31 67.926
171 949 51 29.169
172 1137 24 50.865
173 821 39 17.747
174 1027 59 18.647
175 1003 35 57.235
176 494 54 53.389
177 249 25 2.091
178 35 14 63.888
179 1088 3 77.359
180 1174 18 52.380
181 822 13 98.828
182 113 46 7.188
183 429 12 42.599
184 977 42 65.219
185 220 10 19.652
186 122 38 56.832
187 1233 20 50.988
188 386 54 10.564
189 600 55 73.997
190 1106 12 64.469
191 131 4 3.102
192 872 32 76.310
193 1142 45 60.090
194 816 27 70.202
195 1211 6 39.804
196 744 57 49.245
197 982 60 42.268
198 698 23 78.172
199 571 24 59.843
200 589 36 89.676