200
1 1325 30 3.154
2 1383 42 64.041
3 970 48 12.627
4 932 15 21.032
5 1308 38 90.115
6 1248 40 48.298
7 1075 44 29.522
8 972 6 55.766
9 1270 57 33.576
10 1336 14 48.505
11 504 22 35.685
12 1003 4 44.987
13 475 21 63.311
14 1420 19 96.982
15 182 30 94.462
16 112 51 43.045
17 810 13 60.240
18 1040 46 22.686
19 794 6 39.865
20 785 2 31.627
21 672 56 19.560
22 1334 17 72.435
23 1134 49 9.721
24 175 48 85.536
25 864 31 83.118
26 1007 50 48.441
27 561 20 74.327
28 183 22 99.347
29 1375 45 99.582
30 1184 48 64.256
31 1400 55 36.113
32 879 56 21.511
33 163 25 48.041
34 999 28 74.345
35 1208 6 77.954
36 591 54 97.014
37 492 55 12.325
38 235 47 54.281
39 1070 3 85.427
40 242 41 84.430
41 1020 18 39.873
42 1285 25 37.880
43 1373 4 34.951
44 388 20 82.356
45 1420 22 54.927
46 644 29 69.455
47 1246 58 57.040
48 381 43 91.719
49 1390 9 53.603
50 74 33 30.657
51 1244 19 24.369
52 501 1 21.269
53 866 2 82.617
54 604 5 36.117
55 1367 10 75.344
56 718 12 37.393
57 8 12 75.538
58 428 48 6.792
59 489 38 45.126
60 267 33 4.429
61 621 51 54.109
62 931 56 27.170
63 1124 22 20.981
64 258 27 78.713
65 1028 36 50.673
66 306 5 70.496
67 823 26 13.047
68 1383 30 51.030
69 149 20 50.414
70 596 20 40.929
71 1163 49 22.610
72 1353 7 45.972
73 727 51 44.565
74 935 38 25.362
75 232 31 59.542
76 499 7 18.112
77 513 5 38.873
78 878 29 39.780
79 193 21 96.534
80 1365 29 74.981
81 260 32 89.785
82 654 28 89.675
83 926 36 68.146
84 661 6 82.752
85 267 59 67.492
86 645 30 30.656
87 1074 26 59.746
88 212 39 93.315
89 102 13 70.585
90 883 29 60.754
91 436 31 92.113
92 702 26 12.516
93 38 9 25.633
94 343 28 86.419
95 625 29 71.773
96 285 55 10.012
97 643 19 24.613
98 222 44 43.031
99 579 26 69.852
100 1105 38 88.878
101 1108 46 0.460
102 494 44 44.000
103 281 40 2.044
104 316 40 78.388
105 1121 38 12.304
106 1164 50 57.933
107 1145 7 42.743
108 478 8 23.744
109 1203 24 1.914
110 541 49 11.332
111 411 11 57.178
112 274 22 58.545
113 1210 4 26.493
114 803 2 67.824
115 959 18 71.085
116 277 2 51.397
117 924 3 95.920
118 478 25 53.977
119 77 19 18.933
120 1415 30 28.499
121 206 43 72.102
122 1206 11 47.193
123 76 32 12.053
124 99 27 35.770
125 1266 47 59.992
126 613 52 74.274
127 701 20 14.167
128 731 34 30.915
129 516 30 16.800
130 1162 1 65.304
131 301 31 53.636
132 42 55 44.484
133 1258 5 22.805
134 12 2 85.886
135 622 44 11.473
136 604 1 35.355
137 468 52 82.797
138 231 45 75.992
139 1210 28 17.138
140 953 46 26.672
141 928 51 28.571
142 1370 33 5.709
143 605 60 24.974
144 124 58 47.495
145 757 5 27.684
146 71 36 43.111
147 77 24 33.143
148 198 50 14.294
149 62 25 8.270
150 291 34 61.419
151 1007 59 54.052
152 448 7 63.357
153 916 50 47.716
154 1365 56 81.632
155 1164 7 14.368
156 874 23 73.766
157 1245 2 71.384
158 532 12 82.367
159 770 27 97.082
160 1002 49 48.818
161 359 20 87.142
162 1264 36 12.136
163 972 10 71.604
164 339 60 41.884
165 715 6 4.093
166 768 59 2.613
167 660 27 61.563
168 1255 28 97.541
169 206 39 0.052
170 885 32 75.788
171 1381 57 84.808
172 602 26 4.755
173 1108 53 70.878
174 744 49 13.072
175 671 43 66.354
176 1347 35 92.254
177 541 1 67.208
178 1067 23 68.447
179 1232 45 29.931
180 1206 47 97.660
181 628 34 87.382
182 1097 5 44.245
183 1342 24 76.114
184 848 34 7.747
185 744 24 55.221
186 515 27 57.259
187 1097 35 43.377
188 535 19 79.382
189 1155 32 31.624
190 1285 36 96.175
191 297 20 29.811
192 338 2 29.639
193 437 31 30.249
194 1196 38 89.846
195 1381 13 37.131
196 734 24 28.074
197 75 38 70.442
198 1390 19 24.870
199 115 57 37.269
200 281 35 63.343