200
1 1175 16 81.863
2 132 5 14.774
3 553 12 30.165
4 210 53 95.206
5 310 40 25.024
6 86 11 11.058
7 1117 57 93.589
8 352 59 77.011
9 402 30 47.245
10 1008 31 62.549
11 74 57 74.788
12 349 48 11.806
13 1253 4 55.978
14 424 36 14.654
15 648 12 63.922
16 185 13 12.501
17 1430 3 35.204
18 37 35 29.475
19 269 15 95.923
20 671 3 15.456
21 315 52 44.707
22 276 53 4.118
23 1215 48 42.397
24 254 18 45.859
25 209 48 69.757
26 1216 6 96.868
27 29 29 32.548
28 1110 51 74.096
29 532 55 13.547
30 410 5 29.839
31 180 19 70.997
32 899 51 18.898
33 93 45 92.857
34 32 51 49.037
35 1298 17 72.612
36 1013 47 19.435
37 1141 44 57.331
38 696 17 64.695
39 1163 50 53.454
40 1232 59 56.956
41 857 37 27.736
42 1341 49 7.612
43 144 18 30.752
44 1057 58 75.706
45 840 12 54.923
46 908 8 6.533
47 1043 32 92.897
48 159 4 25.055
49 970 49 66.768
50 284 35 85.617
51 769 45 47.626
52 1132 19 42.883
53 473 48 93.077
54 177 48 59.812
55 874 24 64.359
56 48 35 35.372
57 128 37 57.841
58 1437 20 81.030
59 596 42 84.008
60 637 48 64.297
61 48 27 44.928
62 1167 41 50.484
63 1191 16 53.895
64 1238 37 26.032
65 481 25 95.514
66 1189 17 92.171
67 1365 29 10.368
68 417 11 93.472
69 101 23 80.359
70 1264 32 19.192
71 77 40 4.337
72 708 54 96.396
73 1372 31 42.596
74 719 42 24.279
75 347 22 85.727
76 176 1 45.459
77 1056 21 63.879
78 1261 59 80.012
79 765 36 66.583
80 1080 9 22.965
81 76 43 89.435
82 133 23 92.997
83 1299 20 38.392
84 923 20 90.214
85 5 43 67.056
86 959 27 1.979
87 35 48 50.229
88 687 42 92.103
89 641 5 28.847
90 1027 55 58.407
91 1329 7 3.980
92 1316 28 11.398
93 225 4 6.885
94 601 32 71.905
95 1187 8 94.188
96 911 16 23.376
97 1111 35 13.699
98 772 3 4.305
99 1409 53 2.423
100 513 7 51.556
101 264 58 62.093
102 845 52 72.763
103 1106 2 29.031
104 1065 43 19.505
105 646 12 88.374
106 433 23 18.608
107 748 34 98.006
108 1084 5 51.265
109 131 48 23.110
110 630 33 63.494
111 1132 20 37.236
112 677 33 81.177
113 1002 54 8.005
114 774 5 3.434
115 26 7 27.226
116 714 23 77.781
117 1117 50 9.861
118 1398 45 67.065
119 994 8 93.416
120 854 50 34.790
121 128 38 24.596
122 949 17 85.227
123 139 51 40.618
124 612 20 19.210
125 1049 53 74.738
126 1376 15 51.600
127 479 50 3.544
128 361 54 16.943
129 765 52 62.718
130 37 5 93.754
131 1248 44 32.041
132 112 48 67.208
133 876 28 76.764
134 338 19 53.246
135 1099 7 43.499
136 11 19 36.579
137 420 18 75.189
138 958 23 13.184
139 908 58 91.557
140 1291 47 96.157
141 636 60 90.995
142 31 10 39.598
143 522 5 50.765
144 343 54 50.358
145 487 45 58.044
146 247 44 51.771
147 1088 59 35.481
148 788 8 71.385
149 1406 2 86.163
150 381 44 99.155
151 618 27 55.060
152 1301 60 38.728
153 628 47 6.852
154 1277 52 9.984
155 648 20 53.900
156 1286 54 75.618
157 569 12 80.128
158 652 56 0.671
159 244 42 43.391
160 1439 6 77.888
161 232 22 23.674
162 1277 28 9.359
163 880 59 95.114
164 820 38 27.361
165 988 6 16.626
166 744 42 84.028
167 664 37 88.994
168 556 9 11.357
169 567 24 1.524
170 949 45 22.225
171 1396 34 77.642
172 589 15 89.277
173 827 38 33.806
174 232 10 33.418
175 872 13 92.553
176 1239 27 19.705
177 1176 29 78.723
178 1042 51 93.526
179 194 28 0.120
180 561 49 87.784
181 1200 13 73.939
182 1312 27 30.366
183 380 41 56.405
184 272 3 27.414
185 1028 38 5.221
186 1003 30 32.672
187 1168 5 95.626
188 807 60 68.068
189 62 7 56.235
190 1084 55 4.541
191 729 45 37.219
192 775 9 64.469
193 673 59 49.421
194 1419 9 50.125
195 577 40 86.872
196 425 22 11.836
197 910 35 55.579
198 39 19 21.816
199 257 16 99.153
200 1380 54 89.202