200
1 3 8 8.069
2 1176 53 45.721
3 547 27 62.091
4 120 46 50.431
5 1435 58 49.284
6 114 47 37.361
7 1074 46 11.026
8 896 28 40.494
9 2 33 69.143
10 68 2 65.969
11 65 33 8.719
12 1012 36 25.213
13 869 27 2.088
14 423 4 35.342
15 987 6 93.046
16 268 48 4.738
17 543 25 38.567
18 63 22 18.492
19 539 51 22.488
20 519 38 74.852
21 247 9 69.677
22 27 24 80.052
23 1284 49 80.745
24 957 52 79.285
25 1037 51 1.514
26 454 25 46.125
27 888 45 88.791
28 18 32 93.896
29 1325 6 26.463
30 1236 19 21.189
31 1191 46 27.351
32 687 4 14.399
33 1371 4 83.491
34 1123 27 76.063
35 528 44 73.439
36 636 19 69.983
37 883 12 35.482
38 441 12 45.052
39 767 54 32.800
40 1050 14 37.473
41 1298 12 15.664
42 163 31 28.941
43 1049 18 82.250
44 1362 30 50.248
45 1307 43 51.472
46 546 31 70.021
47 707 8 20.020
48 824 19 41.520
49 98 56 89.723
50 605 24 20.301
51 1075 20 61.859
52 983 35 97.651
53 974 27 12.793
54 1356 30 9.238
55 1127 16 58.071
56 293 11 55.123
57 1432 27 83.595
58 730 20 32.252
59 1420 47 59.024
60 1294 38 1.134
61 94 34 3.847
62 773 47 13.120
63 1356 9 27.928
64 814 33 49.810
65 1364 55 55.606
66 57 40 53.158
67 22 56 23.483
68 100 47 95.781
69 127 34 63.650
70 1073 20 11.477
71 779 37 49.723
72 1147 44 91.292
73 198 26 7.727
74 124 42 64.078
75 226 24 23.952
76 734 15 29.965
77 609 59 75.765
78 1235 54 4.119
79 1399 24 16.965
80 355 6 74.578
81 782 45 95.166
82 992 51 2.391
83 1139 6 88.038
84 901 33 90.792
85 1438 5 48.803
86 524 45 93.515
87 36 29 21.824
88 131 39 97.088
89 262 21 22.571
90 1185 21 67.871
91 407 2 39.007
92 148 55 78.299
93 245 17 54.332
94 387 26 72.254
95 1076 1 10.484
96 10 54 53.044
97 660 4 51.356
98 331 39 8.403
99 73 43 81.077
100 391 22 88.322
101 713 43 45.584
102 1386 5 49.699
103 274 11 35.168
104 1240 5 26.267
105 263 56 76.500
106 1041 38 57.784
107 274 15 30.001
108 384 1 4.003
109 344 29 83.188
110 274 18 10.436
111 791 55 31.048
112 276 10 97.892
113 294 60 15.441
114 718 23 97.862
115 234 57 19.643
116 261 39 11.816
117 1307 31 84.195
118 1420 49 98.921
119 968 18 67.927
120 26 57 25.837
121 1334 23 14.035
122 470 18 1.993
123 334 11 12.903
124 863 19 98.769
125 803 56 48.211
126 1024 40 7.646
127 616 53 76.364
128 838 11 91.175
129 1335 49 4.508
130 859 52 43.964
131 654 3 38.658
132 478 19 15.776
133 897 28 9.688
134 1407 11 61.509
135 549 46 41.822
136 803 34 85.032
137 22 40 95.991
138 1051 53 86.765
139 1277 39 71.522
140 632 31 8.463
141 630 45 22.227
142 593 7 53.984
143 184 45 47.921
144 309 53 10.364
145 223 52 39.520
146 1139 26 81.382
147 1077 50 50.851
148 769 27 41.111
149 903 38 0.846
150 17 1 93.738
151 552 36 54.844
152 174 4 17.990
153 590 43 71.697
154 317 53 58.268
155 813 12 85.138
156 1321 26 1.266
157 1060 3 88.143
158 972 3 66.157
159 895 52 3.236
160 18 35 41.966
161 377 8 12.710
162 633 47 24.705
163 778 37 19.796
164 978 7 76.261
165 103 9 15.219
166 498 1 30.660
167 32 11 2.789
168 991 30 55.921
169 729 45 61.404
170 850 13 3.438
171 438 60 42.751
172 269 58 50.893
173 1200 44 13.884
174 1014 16 15.714
175 842 46 47.608
176 1321 44 33.452
177 704 13 33.446
178 1269 12 29.767
179 360 8 55.522
180 993 35 22.498
181 261 5 71.413
182 944 43 89.898
183 597 39 41.406
184 1309 45 63.747
185 1062 59 99.838
186 338 48 84.029
187 1403 26 90.544
188 372 53 68.399
189 1164 31 42.736
190 91 38 34.866
191 23 28 48.011
192 98 47 39.464
193 1246 44 83.205
194 1293 53 10.998
195 1112 42 1.465
196 1367 1 66.043
197 248 37 5.584
198 247 30 70.356
199 965 26 46.535
200 226 56 81.434