200
1 758 1 67.125
2 393 54 64.149
3 596 36 0.626
4 406 24 11.909
5 746 41 7.346
6 607 44 91.439
7 661 15 39.228
8 50 5 8.820
9 1025 28 81.217
10 1044 7 83.211
11 1345 2 37.224
12 842 3 55.062
13 274 6 80.597
14 20 51 70.371
15 575 31 13.656
16 321 29 83.861
17 830 60 42.929
18 359 18 99.879
19 29 28 5.943
20 1065 60 58.477
21 1185 33 67.946
22 290 17 5.935
23 1352 34 93.349
24 1195 3 55.541
25 369 11 82.248
26 1270 8 10.833
27 376 22 1.770
28 260 31 73.359
29 247 2 13.656
30 344 53 61.104
31 701 29 18.555
32 1215 22 1.035
33 1037 27 30.378
34 444 6 71.069
35 616 34 92.736
36 1210 37 82.094
37 319 19 68.767
38 1038 44 15.266
39 147 11 50.572
40 1064 58 32.054
41 100 19 60.211
42 791 26 93.481
43 516 1 37.710
44 1131 41 89.991
45 798 57 96.126
46 1235 58 20.930
47 907 2 87.244
48 721 43 61.125
49 248 7 48.933
50 1102 6 3.030
51 53 4 84.538
52 1075 17 99.521
53 958 2 80.027
54 79 33 85.848
55 919 24 88.895
56 507 53 27.377
57 494 35 43.126
58 846 4 67.130
59 1246 1 11.236
60 1343 16 25.065
61 533 28 25.396
62 850 28 76.671
63 20 35 48.749
64 854 56 23.298
65 433 49 41.916
66 929 52 31.940
67 276 6 43.190
68 943 47 23.561
69 1179 57 50.781
70 917 47 59.499
71 1374 32 35.251
72 1108 33 49.560
73 765 13 14.498
74 1220 45 60.558
75 189 30 67.351
76 797 6 70.395
77 783 55 42.032
78 127 35 27.742
79 1221 54 20.958
80 1044 56 58.605
81 715 12 92.799
82 753 7 1.315
83 1126 22 82.308
84 840 46 65.765
85 468 34 17.894
86 1343 29 27.724
87 529 31 63.000
88 1007 4 75.129
89 616 59 98.503
90 105 58 32.434
91 350 26 35.370
92 360 20 98.920
93 295 16 81.980
94 1 56 12.573
95 176 35 40.747
96 1346 47 99.552
97 1099 57 34.822
98 696 29 16.585
99 683 49 63.251
100 1361 6 49.521
101 407 5 55.420
102 1159 55 37.543
103 424 59 64.714
104 809 40 91.436
105 60 49 12.243
106 1064 57 23.272
107 312 35 5.804
108 628 44 27.213
109 471 55 26.774
110 900 27 49.349
111 635 52 38.235
112 1080 33 11.161
113 704 41 90.452
114 839 12 96.885
115 494 47 13.872
116 511 34 93.583
117 488 43 73.686
118 391 44 9.771
119 158 16 32.796
120 326 8 58.090
121 349 3 84.642
122 587 49 45.994
123 137 13 76.996
124 577 33 40.384
125 45 19 10.825
126 1126 29 10.074
127 842 58 32.127
128 1329 41 88.816
129 1214 43 58.507
130 762 49 61.450
131 622 5 49.267
132 1161 54 94.039
133 1189 55 40.911
134 7 29 85.306
135 879 9 25.252
136 52 38 73.893
137 1255 25 53.864
138 466 47 28.166
139 749 37 96.459
140 1083 40 61.855
141 1376 19 61.099
142 542 19 49.885
143 1409 10 80.673
144 267 37 42.035
145 1304 9 23.662
146 733 27 48.254
147 1408 8 87.937
148 680 60 75.156
149 479 4 98.174
150 1175 47 85.404
151 404 9 38.548
152 385 12 48.774
153 1013 45 82.751
154 357 15 65.524
155 85 44 41.678
156 33 51 95.288
157 52 1 87.286
158 1009 23 38.160
159 1003 15 68.811
160 888 3 23.534
161 28 35 64.716
162 369 41 51.129
163 487 21 42.938
164 47 29 26.774
165 542 52 89.555
166 764 17 0.051
167 1079 45 84.412
168 83 33 47.171
169 1050 54 42.431
170 1179 55 30.021
171 316 10 35.136
172 1413 20 66.970
173 827 29 49.311
174 1340 37 14.482
175 577 4 38.884
176 948 58 76.002
177 1129 36 79.338
178 526 42 36.586
179 799 24 86.890
180 749 31 41.416
181 356 43 52.509
182 578 14 61.548
183 1106 2 69.279
184 843 1 48.052
185 845 7 53.963
186 1071 15 19.271
187 192 35 21.511
188 875 36 63.674
189 220 27 42.084
190 1401 28 3.657
191 1191 7 11.516
192 857 48 38.396
193 1324 26 13.133
194 653 16 8.999
195 341 4 25.671
196 824 30 36.859
197 1184 27 36.328
198 714 57 64.094
199 703 13 33.906
200 394 58 4.799