200
1 226 48 56.280
2 877 21 9.206
3 289 42 28.813
4 609 45 49.664
5 1287 17 79.678
6 208 44 10.106
7 555 49 22.504
8 920 48 32.186
9 961 52 57.826
10 1230 50 97.867
11 894 46 66.157
12 1202 32 13.310
13 374 43 64.345
14 397 25 32.101
15 722 2 7.408
16 511 39 94.023
17 814 49 27.786
18 616 37 79.467
19 1335 13 22.716
20 253 49 95.245
21 878 36 13.874
22 1286 37 77.191
23 703 43 27.454
24 419 7 62.522
25 1349 13 96.588
26 170 15 81.719
27 1159 30 62.328
28 394 28 8.090
29 1200 14 49.429
30 1297 49 90.169
31 1304 22 48.565
32 642 58 60.047
33 172 49 62.894
34 942 31 67.703
35 415 27 40.292
36 950 28 68.545
37 882 36 94.670
38 593 9 64.250
39 1422 29 14.668
40 332 32 96.054
41 839 3 66.476
42 1063 1 9.944
43 450 53 64.514
44 234 52 28.060
45 668 32 5.799
46 1321 29 32.772
47 461 29 82.768
48 1427 57 83.746
49 756 23 25.830
50 338 4 15.547
51 1350 41 81.165
52 1435 18 39.048
53 258 35 63.363
54 428 42 92.895
55 458 51 45.756
56 472 35 69.435
57 223 3 41.705
58 423 41 39.595
59 1195 44 57.603
60 667 35 99.334
61 1311 45 17.491
62 20 45 41.807
63 207 40 11.343
64 486 23 48.800
65 166 6 46.410
66 780 4 3.147
67 915 9 42.148
68 1304 42 16.815
69 1333 53 27.653
70 430 18 24.008
71 165 19 18.857
72 771 49 27.027
73 664 57 93.581
74 505 38 15.253
75 645 56 97.871
76 5 51 68.301
77 952 39 86.583
78 251 18 56.065
79 559 4 75.182
80 988 26 83.210
81 851 57 46.161
82 844 1 15.244
83 68 6 20.656
84 267 54 59.852
85 1006 4 97.799
86 395 28 69.935
87 1046 52 96.683
88 1363 59 91.685
89 618 3 65.146
90 732 36 92.290
91 790 29 74.887
92 437 54 64.019
93 1175 8 18.683
94 976 48 64.994
95 484 34 59.608
96 661 36 1.959
97 460 32 19.671
98 834 24 20.215
99 1059 55 88.213
100 253 42 98.985
101 1371 47 62.646
102 208 8 2.786
103 584 2 79.216
104 1018 35 34.377
105 1229 25 46.909
106 1226 29 43.842
107 1043 21 57.981
108 1135 55 83.292
109 1313 53 74.892
110 33 1 13.878
111 432 45 92.030
112 804 15 25.513
113 212 10 21.382
114 11 30 57.558
115 793 27 82.874
116 285 3 78.188
117 621 7 7.781
118 276 44 7.395
119 873 20 78.570
120 171 11 57.784
121 1309 11 75.943
122 1403 1 92.491
123 1161 26 93.586
124 983 60 99.561
125 467 15 90.538
126 978 54 39.356
127 1142 2 61.628
128 303 46 40.264
129 660 3 19.436
130 288 31 81.611
131 160 47 66.336
132 71 39 34.440
133 534 41 40.602
134 731 25 96.233
135 7 23 22.702
136 286 60 82.799
137 1081 28 19.206
138 906 23 29.468
139 602 41 44.385
140 123 58 0.017
141 962 21 98.439
142 514 33 10.360
143 90 23 2.437
144 540 55 65.163
145 568 34 2.422
146 110 46 9.194
147 1016 23 5.493
148 1226 7 51.164
149 923 1 91.619
150 1153 6 54.203
151 1321 57 16.084
152 313 31 48.741
153 187 41 88.966
154 1206 39 81.521
155 254 14 70.129
156 672 33 12.893
157 31 48 14.778
158 533 17 23.827
159 137 39 64.066
160 356 48 50.287
161 1285 15 37.922
162 647 35 28.014
163 854 7 80.834
164 339 21 93.470
165 1134 57 49.707
166 157 26 45.012
167 1439 27 78.644
168 626 34 50.143
169 1002 60 37.021
170 783 36 22.834
171 1101 53 44.923
172 296 47 93.295
173 1438 15 69.957
174 1343 28 77.007
175 901 33 84.318
176 481 57 6.790
177 1028 31 3.915
178 1302 25 73.202
179 995 31 46.135
180 1131 13 83.938
181 1409 20 76.364
182 805 10 45.784
183 3 15 5.264
184 624 45 29.326
185 728 60 24.305
186 214 2 72.476
187 1179 7 23.765
188 1053 40 49.086
189 306 37 62.734
190 820 46 56.757
191 49 17 31.497
192 1281 6 43.956
193 1291 19 97.631
194 170 52 39.682
195 494 20 70.604
196 627 19 28.896
197 75 21 59.855
198 717 2 72.328
199 176 47 15.258
200 1222 27 62.043