200
1 1360 53 12.663
2 317 7 70.937
3 392 51 72.715
4 640 15 78.031
5 921 15 4.285
6 1065 51 93.525
7 485 58 88.852
8 811 11 12.375
9 165 51 92.536
10 91 56 62.905
11 945 55 75.288
12 281 33 47.228
13 200 53 1.426
14 433 23 80.832
15 1104 11 47.412
16 1078 49 55.770
17 1190 50 40.406
18 618 22 15.883
19 492 34 34.827
20 1363 50 52.704
21 627 20 88.056
22 1350 59 82.046
23 94 58 99.817
24 371 58 53.205
25 761 34 60.015
26 109 8 52.190
27 1415 37 19.045
28 332 22 63.978
29 910 60 55.468
30 213 4 35.262
31 791 44 8.195
32 199 32 0.242
33 1046 18 97.961
34 1117 36 87.246
35 151 40 90.590
36 1213 2 49.580
37 369 21 43.772
38 1279 56 48.005
39 156 58 49.359
40 493 28 87.429
41 114 32 99.862
42 1207 40 99.588
43 922 11 89.455
44 780 7 35.165
45 1189 29 25.143
46 146 15 2.626
47 603 20 28.065
48 448 59 85.099
49 6 18 28.888
50 137 2 33.808
51 430 54 9.627
52 1098 49 2.860
53 260 56 42.938
54 137 24 60.256
55 830 51 7.894
56 1119 28 67.586
57 685 37 48.046
58 641 22 68.834
59 1399 22 84.220
60 535 31 84.605
61 993 56 97.654
62 953 37 86.301
63 705 32 97.019
64 827 21 80.325
65 81 9 61.694
66 80 38 81.072
67 1288 3 3.833
68 293 16 65.708
69 1408 3 48.275
70 1216 5 59.400
71 1136 14 25.609
72 1199 7 21.158
73 381 10 24.829
74 66 14 19.208
75 1316 29 81.814
76 6 13 28.709
77 1325 23 47.598
78 275 23 7.544
79 588 33 31.429
80 76 58 47.246
81 1294 13 60.404
82 699 49 99.319
83 298 44 29.616
84 269 1 83.349
85 622 19 1.959
86 518 16 71.903
87 1214 40 66.223
88 509 35 91.644
89 1191 50 40.303
90 1234 7 35.178
91 1070 8 31.876
92 442 31 86.273
93 1092 55 2.349
94 5 41 28.314
95 794 29 73.619
96 1048 31 91.277
97 1134 1 91.979
98 668 59 33.423
99 558 33 31.785
100 1026 30 81.365
101 936 8 49.829
102 1292 35 57.050
103 437 13 27.494
104 1281 23 67.180
105 928 52 7.120
106 802 49 21.450
107 211 38 32.065
108 698 12 53.326
109 1439 21 64.445
110 611 60 20.820
111 933 24 40.144
112 839 41 56.841
113 1113 13 28.405
114 857 10 17.739
115 1265 40 13.751
116 873 57 67.756
117 1340 15 17.108
118 1318 10 33.604
119 724 3 59.381
120 835 50 1.263
121 1207 32 30.663
122 1311 41 78.206
123 11 5 86.830
124 1316 10 56.728
125 1019 57 38.110
126 872 52 70.228
127 19 15 52.651
128 912 56 92.091
129 560 44 8.489
130 438 7 85.580
131 1262 47 9.764
132 707 38 70.170
133 399 14 9.228
134 527 37 22.731
135 763 29 28.454
136 482 34 97.181
137 1370 34 55.440
138 602 32 37.946
139 16 8 45.737
140 597 42 86.673
141 372 44 33.939
142 890 16 23.618
143 1041 8 39.529
144 873 20 3.761
145 815 59 52.886
146 1376 54 91.110
147 474 29 69.362
148 79 16 52.043
149 1296 4 27.058
150 784 36 18.510
151 510 25 83.639
152 792 31 22.925
153 867 18 70.402
154 977 51 38.833
155 1254 51 60.489
156 932 7 87.247
157 554 24 32.106
158 1056 56 90.362
159 931 33 50.634
160 108 32 14.985
161 711 19 39.107
162 1114 44 95.656
163 817 10 93.990
164 727 29 9.010
165 929 48 52.421
166 885 40 42.499
167 527 58 19.044
168 532 50 27.118
169 164 45 37.290
170 299 53 33.201
171 1231 23 27.604
172 677 9 77.393
173 1147 54 50.511
174 1440 7 94.489
175 78 34 81.864
176 732 16 85.731
177 86 49 45.418
178 1369 40 54.611
179 1168 12 46.499
180 1032 51 88.405
181 147 22 69.986
182 1301 57 32.577
183 1365 16 24.477
184 1295 32 76.017
185 473 26 4.544
186 1151 25 80.350
187 213 7 77.972
188 1137 10 44.118
189 1046 40 65.246
190 429 9 74.631
191 70 16 1.809
192 1088 13 98.419
193 1178 24 31.538
194 1411 60 72.632
195 906 32 77.931
196 1343 33 35.223
197 1357 32 7.909
198 938 58 77.335
199 487 9 96.830
200 1125 59 43.412