200
1 496 40 36.335
2 1376 59 47.247
3 1204 55 74.585
4 1002 60 38.767
5 408 4 71.180
6 116 9 18.893
7 195 47 66.993
8 853 7 29.457
9 1271 59 47.585
10 489 9 15.025
11 145 40 75.542
12 1378 47 6.726
13 959 10 98.808
14 1333 40 63.653
15 1087 14 35.439
16 787 16 81.798
17 1420 30 64.202
18 945 46 44.870
19 630 9 67.614
20 160 10 98.239
21 162 20 3.718
22 1271 38 81.542
23 285 41 86.005
24 352 54 12.462
25 539 60 87.321
26 777 16 90.679
27 974 49 89.143
28 340 14 5.300
29 615 3 4.220
30 173 11 22.787
31 124 59 28.813
32 96 56 49.858
33 268 40 60.308
34 1281 22 4.272
35 865 57 0.541
36 833 32 13.102
37 334 34 34.604
38 880 48 64.402
39 295 7 26.621
40 572 37 72.527
41 1216 7 1.694
42 595 17 27.850
43 428 21 48.192
44 336 22 28.046
45 1192 7 38.160
46 582 58 32.728
47 1284 20 72.082
48 820 45 64.211
49 35 38 32.204
50 448 40 28.553
51 835 44 57.013
52 436 50 45.378
53 1027 31 92.244
54 1232 51 36.376
55 1123 11 72.610
56 514 24 40.164
57 1179 60 88.980
58 715 11 46.661
59 909 29 90.701
60 749 38 23.471
61 895 19 74.706
62 303 57 93.752
63 676 5 1.297
64 405 43 27.832
65 302 7 78.117
66 802 44 79.664
67 81 37 21.856
68 545 26 3.691
69 743 25 42.209
70 1188 48 33.182
71 957 52 4.538
72 986 21 93.369
73 844 47 75.350
74 1028 55 35.394
75 548 29 75.701
76 301 29 84.429
77 1423 12 83.861
78 1018 44 93.092
79 778 11 82.959
80 711 16 36.249
81 277 6 51.526
82 75 17 40.860
83 553 35 41.289
84 86 38 82.136
85 51 20 88.422
86 813 36 11.429
87 683 11 74.302
88 1023 42 8.905
89 639 45 59.568
90 1060 50 96.508
91 1187 30 45.690
92 1162 44 94.664
93 1105 15 63.602
94 1405 50 58.955
95 1022 4 22.340
96 1363 56 11.602
97 990 53 66.976
98 668 18 5.453
99 1166 55 12.373
100 609 38 43.872
101 1285 50 0.334
102 1343 60 45.169
103 510 56 83.971
104 1305 24 31.209
105 251 48 29.565
106 811 60 55.409
107 310 23 23.660
108 728 58 82.561
109 1001 47 34.539
110 197 5 88.677
111 1417 45 59.806
112 1135 21 81.883
113 1417 40 26.991
114 1123 49 0.157
115 1314 52 13.937
116 895 39 64.082
117 986 25 73.491
118 730 26 31.524
119 871 47 84.563
120 1052 46 53.859
121 874 17 29.100
122 857 8 88.789
123 468 3 92.712
124 71 3 25.499
125 1292 57 46.404
126 274 27 53.452
127 613 14 45.522
128 1351 15 40.073
129 1348 30 52.626
130 311 29 76.875
131 1305 39 36.767
132 302 2 29.183
133 546 57 3.967
134 1207 45 71.688
135 329 13 99.071
136 731 1 48.931
137 907 51 91.834
138 796 33 93.905
139 685 49 11.365
140 615 2 25.996
141 1361 23 35.832
142 583 9 53.504
143 637 10 29.893
144 507 30 34.889
145 866 17 97.082
146 1092 31 50.019
147 1297 14 63.669
148 676 37 26.118
149 1162 40 33.096
150 547 10 57.824
151 1142 11 34.081
152 1146 3 63.284
153 200 19 1.081
154 54 30 80.791
155 536 54 85.207
156 1093 59 33.013
157 1158 31 12.238
158 1247 9 43.334
159 595 9 18.488
160 162 7 46.691
161 326 39 43.124
162 928 30 99.074
163 941 2 26.074
164 1307 59 69.956
165 1201 51 53.523
166 1317 46 79.694
167 932 55 96.028
168 921 4 21.748
169 381 22 53.651
170 557 31 5.373
171 1323 39 94.803
172 823 31 37.234
173 711 15 9.204
174 1115 53 26.065
175 1265 22 8.189
176 1379 6 79.714
177 326 12 64.603
178 1123 11 42.078
179 137 10 96.490
180 708 19 37.640
181 964 26 12.400
182 144 32 48.415
183 819 41 55.282
184 1218 8 38.400
185 815 12 36.220
186 1193 27 33.078
187 855 38 11.336
188 531 54 80.127
189 648 34 42.921
190 122 58 57.440
191 407 47 89.888
192 1393 3 24.232
193 4 6 65.245
194 14 11 42.176
195 939 22 73.877
196 581 17 31.386
197 1124 44 43.737
198 1033 21 87.425
199 1278 28 93.534
200 1189 39 65.366