200
1 1408 14 33.569
2 284 12 27.332
3 1262 59 84.133
4 763 26 81.307
5 881 2 45.400
6 421 45 31.088
7 488 4 17.363
8 881 8 91.454
9 125 9 45.186
10 699 49 2.027
11 520 48 31.687
12 74 6 41.453
13 90 38 69.086
14 863 46 56.857
15 891 49 60.230
16 626 59 60.393
17 424 44 8.856
18 663 57 14.378
19 923 26 78.827
20 41 42 49.357
21 260 42 45.934
22 1051 38 80.955
23 83 51 80.422
24 1311 33 12.961
25 617 27 87.271
26 1352 10 48.511
27 39 16 28.086
28 724 17 3.973
29 219 6 73.796
30 452 34 13.053
31 1424 42 40.616
32 396 10 22.475
33 66 6 89.351
34 123 18 5.983
35 427 46 75.132
36 1319 51 86.373
37 4 29 44.690
38 836 27 86.593
39 539 40 71.334
40 897 27 47.874
41 557 24 80.899
42 1201 43 10.129
43 1160 19 89.012
44 563 21 92.967
45 647 40 73.623
46 1117 15 84.415
47 793 56 19.923
48 787 17 94.634
49 212 40 93.234
50 1343 14 76.968
51 586 25 76.339
52 1266 15 8.380
53 874 51 34.106
54 532 30 92.562
55 559 1 16.644
56 1133 29 21.485
57 1344 57 58.473
58 351 5 45.768
59 515 10 34.614
60 350 15 87.620
61 67 2 61.651
62 1299 23 50.256
63 66 3 24.996
64 500 23 80.236
65 947 23 70.027
66 1274 21 90.442
67 29 24 26.514
68 1361 21 31.820
69 238 19 20.724
70 590 3 9.105
71 235 37 11.503
72 513 18 23.865
73 1097 7 81.988
74 1285 11 30.991
75 88 41 83.725
76 1222 15 38.571
77 28 11 29.177
78 1425 55 25.888
79 1223 35 22.096
80 609 53 43.068
81 1259 28 85.084
82 906 54 22.176
83 161 52 48.117
84 977 47 17.825
85 371 23 0.522
86 399 46 77.436
87 699 46 72.996
88 1166 16 17.244
89 381 28 87.772
90 1377 26 29.807
91 816 22 54.757
92 1084 24 70.734
93 259 8 20.520
94 225 40 72.023
95 1039 57 73.999
96 912 37 83.740
97 1073 32 99.636
98 900 47 77.244
99 898 40 96.970
100 1348 43 79.916
101 813 3 93.534
102 335 17 66.091
103 980 15 18.734
104 1028 6 27.130
105 501 57 27.934
106 1078 24 17.932
107 648 48 55.959
108 534 22 81.395
109 593 18 63.789
110 1099 23 71.706
111 825 17 35.802
112 584 11 42.608
113 1078 9 43.033
114 800 52 18.967
115 682 47 49.028
116 704 19 73.491
117 956 14 47.251
118 1006 25 44.675
119 154 4 20.803
120 363 10 32.155
121 494 6 69.011
122 1381 29 63.464
123 1051 35 89.619
124 84 57 47.054
125 836 32 59.321
126 650 34 59.657
127 347 51 63.146
128 385 31 32.312
129 1169 12 57.460
130 1077 29 34.356
131 1188 46 12.785
132 1055 27 0.305
133 903 2 0.405
134 904 46 70.415
135 808 10 55.461
136 641 48 4.429
137 738 58 67.364
138 741 51 83.226
139 1267 60 83.176
140 388 48 17.549
141 580 44 64.617
142 959 30 59.026
143 1286 29 59.862
144 564 48 64.251
145 531 20 16.822
146 1357 10 32.198
147 1257 11 36.437
148 341 56 25.918
149 866 40 39.920
150 1389 54 48.003
151 840 32 54.777
152 560 31 91.201
153 785 54 67.834
154 179 54 4.692
155 1308 9 25.726
156 334 48 17.044
157 1235 40 31.759
158 119 42 14.348
159 817 15 56.461
160 891 30 17.373
161 48 57 0.593
162 1231 29 10.704
163 123 34 78.080
164 729 43 10.048
165 775 52 48.047
166 203 35 45.703
167 202 23 13.794
168 1065 56 5.645
169 918 5 59.470
170 720 17 58.059
171 148 42 20.741
172 519 20 36.495
173 653 25 36.479
174 528 29 35.252
175 923 28 39.960
176 1293 17 30.595
177 543 12 20.024
178 165 14 5.595
179 1395 32 87.815
180 884 60 64.080
181 418 54 66.295
182 1206 10 96.083
183 363 15 6.959
184 495 43 65.105
185 953 32 93.960
186 910 56 60.516
187 59 24 88.648
188 982 30 2.989
189 574 23 58.141
190 630 14 43.990
191 1142 28 35.813
192 822 37 52.509
193 693 52 50.352
194 193 2 75.083
195 556 7 81.642
196 69 47 61.613
197 315 2 94.022
198 1361 16 20.652
199 286 47 32.377
200 270 30 61.739