200
1 280 2 32.468
2 534 32 42.844
3 1440 8 18.096
4 647 11 16.289
5 935 53 59.974
6 343 44 93.829
7 800 25 80.674
8 237 44 68.275
9 6 1 60.991
10 1043 1 97.339
11 623 50 7.519
12 1071 45 98.762
13 1004 52 51.443
14 1192 30 68.934
15 1035 37 94.904
16 1152 30 85.383
17 813 16 11.045
18 965 59 45.796
19 867 38 19.015
20 843 31 5.069
21 128 56 92.692
22 1125 4 82.996
23 381 24 72.787
24 174 59 61.285
25 1327 40 35.194
26 560 2 7.574
27 183 33 63.674
28 490 47 31.670
29 187 46 85.019
30 15 49 66.738
31 787 1 56.230
32 140 54 25.788
33 595 2 3.837
34 118 15 68.810
35 490 57 53.405
36 289 24 49.020
37 195 26 82.129
38 318 9 83.738
39 1438 41 4.330
40 187 50 75.120
41 661 60 11.037
42 393 57 52.930
43 1424 55 39.901
44 948 28 27.487
45 512 13 41.300
46 231 27 59.836
47 1057 36 26.115
48 1121 29 86.612
49 348 6 62.933
50 1438 26 24.685
51 809 6 20.182
52 330 21 81.312
53 34 55 98.282
54 276 11 56.290
55 758 26 67.968
56 1320 24 47.107
57 245 45 90.183
58 1385 38 30.190
59 653 5 35.712
60 455 59 25.593
61 1041 5 34.708
62 799 50 93.146
63 385 3 0.085
64 1255 41 21.154
65 638 10 99.604
66 732 12 73.266
67 1316 10 40.850
68 442 50 73.019
69 545 21 62.458
70 735 21 64.025
71 1432 34 13.854
72 713 39 51.854
73 296 57 64.289
74 377 35 77.866
75 1411 2 58.495
76 187 10 31.974
77 800 11 46.840
78 1270 42 65.078
79 1035 11 35.297
80 1177 47 97.737
81 624 6 97.558
82 1262 10 79.864
83 179 1 22.670
84 126 29 68.344
85 1195 32 33.308
86 1334 15 35.538
87 299 31 25.225
88 7 49 73.834
89 613 32 17.778
90 355 28 95.270
91 936 3 37.285
92 1391 46 5.910
93 597 4 31.761
94 1392 47 92.370
95 81 54 15.860
96 1289 21 50.285
97 184 12 80.803
98 1254 35 47.868
99 446 39 88.016
100 328 44 3.647
101 1127 16 33.127
102 358 45 35.356
103 435 55 60.177
104 1122 40 20.090
105 108 20 14.042
106 357 52 53.884
107 1041 54 18.025
108 137 40 32.683
109 1088 37 96.442
110 1300 26 55.054
111 646 35 70.674
112 598 6 40.385
113 889 37 91.224
114 965 3 90.108
115 512 52 5.866
116 766 27 27.992
117 3 37 70.864
118 617 53 99.713
119 595 6 39.520
120 705 58 69.143
121 1199 48 82.829
122 903 55 1.196
123 1249 42 76.914
124 257 44 56.727
125 1217 24 59.719
126 274 7 83.892
127 1359 35 85.161
128 918 6 22.195
129 1287 28 33.276
130 1076 9 67.459
131 1295 31 39.877
132 730 31 29.360
133 327 28 77.772
134 1402 10 83.197
135 1099 15 25.488
136 588 10 84.258
137 795 25 36.462
138 589 48 70.414
139 63 30 9.794
140 145 43 2.756
141 98 50 55.636
142 655 13 27.730
143 1252 30 32.095
144 183 46 21.616
145 648 31 40.450
146 643 1 93.881
147 526 40 84.811
148 865 5 14.052
149 781 34 83.348
150 708 3 96.173
151 741 39 98.238
152 25 8 36.371
153 1281 35 64.727
154 228 38 41.700
155 897 53 49.030
156 655 33 74.452
157 160 41 30.524
158 1308 28 78.072
159 1340 11 98.840
160 954 57 40.381
161 1008 12 89.590
162 8 8 21.150
163 153 31 36.000
164 498 10 96.816
165 720 51 35.102
166 551 10 85.369
167 61 8 80.466
168 883 11 87.236
169 570 52 49.857
170 1184 25 27.632
171 883 49 17.011
172 169 24 86.696
173 858 7 18.101
174 1051 4 99.219
175 56 4 56.321
176 603 26 91.886
177 1194 1 36.083
178 871 50 47.323
179 274 50 63.772
180 78 26 51.217
181 863 35 54.181
182 1295 51 99.419
183 1382 45 2.418
184 1052 50 41.438
185 1338 41 94.209
186 184 28 25.259
187 824 26 34.852
188 359 20 92.669
189 371 30 51.121
190 1308 53 89.919
191 511 28 63.891
192 11 13 47.203
193 1410 9 32.565
194 1410 59 24.689
195 1350 16 32.669
196 659 45 11.228
197 192 10 28.686
198 657 49 74.803
199 1229 7 21.660
200 660 56 42.781