200
1 526 39 46.757
2 252 6 87.703
3 1323 42 49.670
4 899 4 73.226
5 1177 34 62.745
6 912 57 72.481
7 1228 12 52.945
8 186 21 86.899
9 1393 49 85.363
10 747 12 66.160
11 999 34 19.678
12 30 44 71.067
13 1093 59 35.568
14 153 19 43.977
15 122 16 80.098
16 1406 34 66.947
17 514 17 94.618
18 1141 54 19.097
19 1369 9 36.907
20 719 49 10.309
21 796 21 5.261
22 1099 33 81.765
23 23 29 60.950
24 3 10 68.445
25 162 8 15.412
26 266 21 22.562
27 921 13 77.906
28 269 55 99.197
29 180 23 23.034
30 131 41 19.250
31 332 32 29.897
32 381 56 2.243
33 379 1 27.514
34 532 33 22.909
35 722 14 48.155
36 117 28 21.783
37 774 32 62.056
38 625 1 21.511
39 1209 20 8.466
40 660 47 17.037
41 716 9 52.744
42 1193 13 99.185
43 203 37 70.322
44 227 13 27.591
45 426 44 45.073
46 795 47 42.234
47 810 36 13.576
48 1198 47 49.332
49 962 40 74.183
50 129 25 86.457
51 767 24 40.626
52 1373 17 12.143
53 1200 5 68.750
54 861 50 55.261
55 328 59 14.556
56 1376 35 92.545
57 743 58 79.318
58 658 33 90.272
59 1242 46 62.825
60 893 40 3.898
61 88 9 89.181
62 485 46 19.630
63 766 39 17.543
64 1108 30 62.298
65 1150 10 8.233
66 703 5 46.349
67 1025 52 32.267
68 1277 54 47.648
69 1168 54 66.304
70 466 5 84.528
71 888 20 88.896
72 1320 52 83.552
73 1362 39 42.413
74 4 36 22.549
75 1345 55 7.474
76 1178 58 96.824
77 350 19 1.303
78 458 23 26.545
79 280 34 96.440
80 176 60 5.060
81 39 28 15.840
82 47 16 71.776
83 1390 1 26.575
84 586 20 72.109
85 1060 57 57.423
86 1074 50 50.291
87 392 33 22.622
88 124 27 2.714
89 1214 16 9.602
90 23 7 64.436
91 60 59 23.624
92 237 4 3.633
93 1329 29 37.659
94 60 34 2.230
95 104 35 52.515
96 1217 20 58.115
97 468 26 12.629
98 1056 44 13.605
99 1002 50 35.718
100 416 50 89.753
101 260 51 28.937
102 1025 6 84.432
103 1346 14 37.417
104 1013 56 88.061
105 1167 18 88.074
106 812 19 65.172
107 295 13 59.051
108 1350 11 24.914
109 592 55 15.480
110 147 50 97.595
111 676 3 19.078
112 48 37 17.614
113 488 38 71.221
114 544 18 68.916
115 199 14 14.219
116 1417 26 24.785
117 73 11 96.669
118 391 9 18.854
119 1230 12 41.172
120 13 42 8.247
121 435 30 9.849
122 342 46 14.584
123 1042 43 94.377
124 895 32 42.398
125 777 60 15.083
126 909 51 9.555
127 1068 21 13.312
128 849 49 32.187
129 622 48 98.753
130 891 30 11.120
131 160 34 57.519
132 913 47 91.600
133 716 16 83.319
134 427 34 54.593
135 849 9 10.869
136 1247 45 5.211
137 868 55 12.919
138 1196 48 94.985
139 752 17 34.394
140 1234 51 51.082
141 35 44 97.407
142 186 10 74.660
143 734 7 70.283
144 814 53 57.530
145 1261 36 48.868
146 943 42 26.751
147 1026 17 40.019
148 881 10 33.729
149 902 47 18.597
150 446 30 31.985
151 1253 42 84.445
152 597 37 97.790
153 948 24 36.610
154 1407 25 9.121
155 1102 36 19.458
156 1260 37 74.336
157 327 43 22.812
158 1168 47 8.407
159 1189 9 51.804
160 1120 43 27.688
161 1189 38 60.737
162 1275 45 96.178
163 665 24 79.051
164 181 45 34.705
165 546 18 86.366
166 280 53 0.692
167 1396 41 34.881
168 346 17 75.257
169 355 56 11.057
170 1162 50 52.205
171 1380 27 6.068
172 1440 10 71.573
173 726 46 50.608
174 29 57 69.199
175 1222 18 28.770
176 69 6 34.787
177 75 37 97.333
178 741 32 84.339
179 105 24 56.969
180 261 41 68.373
181 1365 43 99.645
182 1364 8 49.778
183 156 25 82.730
184 1281 8 98.689
185 521 48 60.460
186 916 53 75.961
187 1340 17 92.621
188 997 26 24.176
189 148 15 15.391
190 603 19 78.609
191 957 33 91.037
192 783 21 78.152
193 929 39 59.774
194 1066 20 3.319
195 414 46 92.405
196 457 36 58.789
197 276 4 59.421
198 1391 3 68.481
199 1313 7 48.196
200 78 57 66.939