200
1 634 10 63.633
2 986 10 22.872
3 732 53 60.045
4 902 50 16.900
5 683 13 55.285
6 1376 49 45.613
7 1334 48 86.728
8 414 31 19.782
9 16 17 24.923
10 998 16 31.630
11 563 44 73.238
12 876 49 76.844
13 637 46 43.946
14 1029 9 27.660
15 47 57 56.614
16 1280 58 99.917
17 1115 38 94.819
18 242 37 50.311
19 687 11 13.216
20 761 34 91.262
21 502 49 62.374
22 318 23 20.291
23 125 16 86.681
24 735 31 31.802
25 182 37 75.597
26 1340 56 10.664
27 1013 31 53.419
28 240 45 59.400
29 777 26 7.360
30 224 21 34.672
31 898 43 1.844
32 371 31 95.878
33 1180 2 6.900
34 1173 51 30.630
35 1150 4 81.965
36 1013 52 64.595
37 163 6 50.713
38 1061 60 60.971
39 700 35 9.266
40 1043 22 43.819
41 835 37 99.943
42 1158 23 42.880
43 418 9 98.044
44 1204 24 82.210
45 668 46 56.838
46 1200 14 92.865
47 363 21 69.403
48 47 10 18.713
49 215 27 8.257
50 304 55 83.214
51 841 43 24.365
52 417 29 22.077
53 616 19 33.320
54 103 10 87.816
55 1383 29 4.858
56 1363 6 2.070
57 167 7 20.483
58 26 52 73.186
59 612 27 73.682
60 747 27 44.113
61 1415 39 61.317
62 343 45 36.026
63 1261 2 4.246
64 56 52 38.072
65 967 3 11.342
66 1428 14 14.961
67 683 36 97.311
68 310 59 42.612
69 655 1 3.504
70 604 37 21.617
71 1395 6 79.668
72 1113 35 21.331
73 719 13 46.343
74 542 8 21.960
75 9 52 84.883
76 488 1 69.389
77 116 6 34.647
78 928 28 17.152
79 535 40 81.466
80 958 10 85.736
81 359 15 48.100
82 247 5 34.526
83 339 35 65.937
84 331 13 9.379
85 743 23 58.555
86 256 55 51.144
87 822 30 27.685
88 526 51 4.868
89 1358 42 60.036
90 761 55 50.257
91 1075 29 55.881
92 196 50 60.161
93 1306 13 37.589
94 1344 19 7.417
95 554 3 66.647
96 698 58 57.895
97 739 34 69.456
98 446 35 16.820
99 689 58 15.571
100 208 12 30.535
101 1006 45 6.707
102 860 60 68.190
103 592 8 82.847
104 823 60 51.786
105 1098 18 10.267
106 341 55 53.716
107 259 50 72.483
108 1385 13 76.109
109 1341 32 66.948
110 883 25 72.489
111 943 45 58.509
112 257 23 53.923
113 201 44 1.961
114 231 15 84.659
115 517 45 1.064
116 1277 32 75.463
117 332 7 75.137
118 767 44 18.185
119 1375 48 73.642
120 1035 36 20.547
121 1354 45 35.403
122 1287 9 23.592
123 1391 50 39.455
124 1130 44 20.771
125 342 15 33.147
126 678 16 31.687
127 976 18 46.421
128 873 50 10.575
129 1112 32 84.513
130 430 2 61.918
131 386 10 27.265
132 476 36 25.288
133 877 35 15.907
134 206 43 27.223
135 406 32 62.499
136 769 44 15.531
137 459 20 67.388
138 684 57 2.053
139 101 5 89.615
140 1194 10 5.672
141 362 56 76.405
142 1159 32 11.415
143 887 40 70.923
144 1287 17 73.237
145 195 31 51.813
146 729 38 20.911
147 212 40 28.163
148 1413 60 98.864
149 41 1 39.915
150 430 44 19.437
151 12 37 49.455
152 840 42 58.086
153 1207 54 86.175
154 103 9 48.191
155 1149 42 17.756
156 1051 2 28.587
157 1138 14 54.442
158 1353 33 85.957
159 1048 14 76.528
160 1301 9 93.341
161 1436 28 94.082
162 1376 38 84.633
163 747 44 86.472
164 249 25 71.217
165 285 14 99.958
166 814 18 76.215
167 1391 36 6.883
168 135 19 12.925
169 831 5 28.384
170 112 1 35.999
171 532 44 56.174
172 713 2 99.333
173 553 40 74.545
174 216 43 84.356
175 470 7 32.031
176 238 40 30.839
177 1239 9 50.109
178 871 17 38.084
179 394 29 22.802
180 535 27 43.502
181 504 18 91.955
182 1224 20 25.799
183 630 22 26.059
184 1208 5 85.762
185 761 27 65.902
186 711 34 20.286
187 244 9 89.087
188 1216 31 97.216
189 422 15 43.746
190 586 12 21.460
191 556 13 97.383
192 1134 32 59.686
193 53 58 39.374
194 323 48 12.536
195 1371 6 74.159
196 840 60 1.439
197 1273 49 13.197
198 51 52 71.516
199 1294 27 10.070
200 913 49 84.138