200
1 963 27 0.051
2 969 47 48.773
3 843 21 4.688
4 595 59 63.932
5 184 53 49.315
6 426 60 1.125
7 174 50 31.287
8 135 43 13.015
9 983 60 25.494
10 1053 46 81.194
11 989 36 39.582
12 1061 3 84.450
13 361 59 89.319
14 1201 7 19.510
15 980 19 94.148
16 37 31 3.547
17 1265 37 45.536
18 783 34 44.996
19 1015 39 17.677
20 907 37 36.968
21 272 16 23.850
22 420 39 66.582
23 1037 21 94.240
24 29 44 30.395
25 993 28 85.976
26 1396 30 9.551
27 27 42 15.037
28 834 11 30.756
29 1428 21 16.136
30 1392 42 16.647
31 1306 17 52.341
32 1339 53 16.260
33 324 16 41.791
34 727 46 74.462
35 1193 10 95.653
36 114 19 45.032
37 214 53 1.389
38 636 31 57.779
39 1158 19 66.905
40 251 19 26.046
41 131 33 99.043
42 1154 25 21.927
43 659 33 90.983
44 542 60 13.729
45 1146 14 34.788
46 511 33 11.054
47 635 12 52.416
48 798 37 5.815
49 955 43 33.259
50 865 20 27.505
51 361 4 70.692
52 494 5 92.420
53 622 28 53.454
54 593 60 64.245
55 131 18 22.311
56 1282 15 34.255
57 805 41 90.400
58 857 26 63.324
59 711 43 30.536
60 389 6 61.401
61 570 6 87.488
62 1026 44 46.374
63 1269 8 7.174
64 126 5 25.589
65 1074 60 55.240
66 915 24 55.883
67 288 30 54.727
68 280 31 67.896
69 217 3 25.055
70 1002 8 2.976
71 1181 57 76.035
72 854 51 68.078
73 741 60 82.333
74 1399 23 76.679
75 1404 1 2.754
76 1305 27 18.490
77 437 7 59.270
78 616 23 31.293
79 329 33 13.787
80 279 41 2.592
81 1434 30 70.188
82 478 22 97.906
83 1042 15 4.631
84 1401 13 42.574
85 770 24 91.432
86 136 17 11.228
87 503 50 22.177
88 336 31 75.440
89 951 38 30.798
90 758 27 81.405
91 1008 35 53.289
92 339 60 74.763
93 1290 51 86.367
94 744 16 58.377
95 821 21 28.325
96 694 55 25.738
97 191 14 84.627
98 333 20 23.990
99 1068 37 58.300
100 907 10 83.419
101 107 38 76.177
102 1288 55 46.678
103 1293 40 30.424
104 503 26 92.040
105 788 20 90.160
106 1265 9 93.131
107 892 43 28.657
108 927 34 65.746
109 730 12 95.474
110 625 37 8.091
111 577 45 6.121
112 640 15 53.967
113 83 33 61.871
114 1213 33 20.832
115 1199 29 91.936
116 919 9 71.157
117 675 25 89.305
118 690 23 35.611
119 396 56 67.635
120 1238 17 99.959
121 1416 54 33.825
122 240 37 48.201
123 1303 24 35.909
124 572 30 96.694
125 611 3 61.529
126 403 30 4.647
127 1151 46 53.698
128 1186 18 79.820
129 788 53 68.187
130 1015 22 85.395
131 1167 6 38.944
132 162 3 74.725
133 843 6 51.989
134 968 5 11.139
135 1201 11 28.398
136 1217 14 92.011
137 1011 16 1.188
138 8 18 7.995
139 1202 12 18.245
140 616 55 43.173
141 1345 40 59.229
142 834 9 7.079
143 1213 17 29.323
144 538 20 34.625
145 764 10 69.537
146 275 4 67.633
147 705 16 37.859
148 1364 26 81.439
149 619 2 92.026
150 246 29 59.413
151 980 23 13.400
152 77 32 63.545
153 901 30 92.844
154 197 37 76.903
155 5 25 26.551
156 1310 15 14.376
157 410 34 55.330
158 1218 27 62.092
159 398 34 83.220
160 971 51 78.072
161 324 40 63.471
162 165 35 64.934
163 713 3 27.294
164 6 16 73.614
165 537 59 53.082
166 1080 8 64.127
167 1387 9 87.257
168 971 2 40.062
169 338 54 43.053
170 711 18 96.347
171 281 51 42.628
172 782 29 23.014
173 786 9 48.915
174 13 34 47.535
175 427 14 63.170
176 1150 1 84.848
177 1043 21 62.327
178 328 47 96.856
179 466 60 94.104
180 85 36 6.023
181 1 11 38.739
182 1072 21 4.229
183 851 30 6.265
184 1377 48 74.923
185 1271 48 36.105
186 611 24 21.390
187 1293 24 62.625
188 715 7 2.546
189 1092 1 48.077
190 631 27 78.627
191 512 58 48.029
192 1136 34 25.293
193 1041 19 24.888
194 1164 5 99.518
195 149 9 10.257
196 454 4 47.461
197 998 55 45.689
198 1072 59 49.280
199 1394 4 95.947
200 259 18 75.242