200
1 1176 40 70.883
2 1235 43 60.154
3 411 6 54.387
4 1310 32 34.395
5 382 35 53.970
6 1160 3 82.790
7 1305 14 58.028
8 190 51 4.333
9 1042 28 72.607
10 81 27 62.834
11 255 45 92.804
12 344 41 47.174
13 1434 56 89.326
14 1221 6 49.712
15 182 31 77.559
16 943 10 71.515
17 247 41 6.388
18 1048 18 82.831
19 221 29 26.759
20 242 42 14.932
21 95 53 97.814
22 963 49 42.194
23 899 7 96.231
24 376 59 25.187
25 829 1 61.330
26 1350 17 88.363
27 621 16 21.367
28 904 41 40.753
29 672 28 30.419
30 756 11 76.712
31 144 28 48.504
32 768 49 23.466
33 767 33 82.663
34 719 16 56.272
35 408 6 18.866
36 1438 13 61.694
37 754 23 71.344
38 1074 22 21.839
39 145 21 24.236
40 564 50 56.352
41 205 26 22.721
42 1121 55 58.545
43 1365 50 41.418
44 1195 13 64.513
45 354 5 39.418
46 592 30 98.353
47 761 59 71.426
48 651 53 72.966
49 744 1 36.586
50 1412 59 73.456
51 1052 19 6.871
52 1018 4 86.015
53 644 53 0.418
54 46 8 33.594
55 642 9 67.296
56 283 50 60.835
57 1236 28 90.942
58 1149 59 77.628
59 1026 48 24.556
60 1136 5 45.688
61 391 50 46.374
62 797 37 89.190
63 895 43 15.588
64 289 26 56.658
65 195 58 2.946
66 934 55 31.588
67 722 30 36.440
68 250 60 18.407
69 1423 28 74.953
70 884 22 54.795
71 289 20 95.900
72 1240 55 85.298
73 843 23 66.019
74 462 14 48.410
75 770 4 26.615
76 32 22 20.740
77 475 53 66.383
78 991 11 81.419
79 568 53 47.774
80 876 21 66.145
81 818 3 39.264
82 330 49 10.776
83 1031 34 50.788
84 1262 46 36.108
85 328 2 5.277
86 902 56 77.665
87 718 3 55.753
88 437 40 49.149
89 186 42 84.539
90 54 32 55.034
91 1162 39 15.165
92 1375 18 88.138
93 1397 36 25.924
94 684 23 37.148
95 856 52 62.649
96 88 15 41.262
97 964 34 90.513
98 805 30 44.366
99 223 54 98.038
100 665 36 16.558
101 1171 32 48.522
102 1286 16 50.131
103 743 36 2.975
104 1051 52 90.236
105 149 43 49.184
106 439 20 0.358
107 355 42 32.147
108 739 49 86.844
109 1221 36 1.972
110 306 54 20.504
111 892 1 75.512
112 578 31 61.718
113 736 12 55.732
114 1283 38 72.001
115 1417 27 94.481
116 1005 27 1.978
117 935 2 28.659
118 55 1 50.929
119 392 38 27.882
120 683 13 65.067
121 62 38 14.318
122 1309 54 61.737
123 45 36 66.790
124 263 27 2.174
125 1355 25 33.413
126 1069 31 81.773
127 703 13 96.265
128 742 15 35.389
129 941 22 52.911
130 596 48 40.688
131 175 39 24.841
132 607 24 38.226
133 1086 2 52.036
134 246 1 78.579
135 28 20 22.402
136 595 17 25.828
137 276 7 10.445
138 282 50 69.158
139 1048 51 48.198
140 339 12 0.444
141 516 4 81.142
142 871 14 39.638
143 800 15 55.917
144 777 56 71.503
145 354 43 51.102
146 1096 1 56.738
147 418 25 95.942
148 760 18 71.897
149 1316 26 43.643
150 506 59 11.987
151 1147 37 67.528
152 361 40 6.537
153 1029 55 53.726
154 308 45 95.661
155 483 59 56.438
156 98 44 93.983
157 1024 40 36.805
158 428 53 66.459
159 1392 28 58.321
160 245 16 49.591
161 775 20 91.088
162 445 47 69.010
163 952 60 49.593
164 1321 27 69.122
165 57 44 18.833
166 1390 5 68.145
167 568 9 19.397
168 12 49 4.671
169 50 52 62.075
170 762 18 38.750
171 1122 26 33.456
172 1305 51 20.578
173 793 46 59.126
174 504 38 33.997
175 1235 27 92.666
176 181 19 98.528
177 1188 56 40.524
178 163 42 36.293
179 85 32 37.075
180 363 52 26.898
181 521 12 15.473
182 181 49 90.901
183 429 48 62.716
184 324 15 56.333
185 1318 7 23.980
186 89 8 71.602
187 1353 9 39.676
188 1348 1 63.827
189 309 11 63.596
190 575 9 8.732
191 1258 21 67.193
192 1147 13 27.564
193 719 44 93.651
194 905 21 14.768
195 468 58 99.165
196 633 9 33.189
197 1016 52 33.759
198 1137 43 62.782
199 948 28 89.652
200 28 16 90.891