200
1 425 21 57.019
2 1272 58 82.148
3 187 17 36.411
4 1341 1 54.432
5 1392 40 73.416
6 299 40 70.308
7 285 32 3.120
8 267 18 64.626
9 394 24 66.079
10 248 30 41.118
11 714 6 33.014
12 97 45 93.845
13 256 33 85.220
14 31 4 71.121
15 799 9 63.026
16 679 53 27.203
17 646 21 29.055
18 852 39 91.659
19 1387 31 50.377
20 28 57 79.968
21 1056 24 63.893
22 226 41 9.755
23 313 12 20.726
24 18 15 95.159
25 1119 35 3.813
26 119 3 74.218
27 1146 58 88.420
28 436 34 43.685
29 527 45 29.657
30 1088 43 29.705
31 382 50 87.273
32 1350 13 57.643
33 9 53 85.849
34 450 19 78.682
35 457 43 9.545
36 1096 51 51.159
37 382 44 40.905
38 589 2 54.450
39 588 41 3.457
40 1 21 89.357
41 765 23 9.343
42 956 18 6.947
43 670 3 11.051
44 258 23 75.387
45 1379 18 15.363
46 758 60 22.276
47 1251 4 16.105
48 1356 10 67.438
49 505 12 10.523
50 395 11 59.039
51 793 26 90.237
52 1359 4 96.248
53 904 12 97.501
54 14 20 8.668
55 491 14 36.321
56 861 39 88.219
57 440 30 9.164
58 578 14 19.798
59 742 15 65.823
60 190 8 20.359
61 1337 2 21.990
62 1085 42 91.929
63 641 56 74.570
64 185 53 21.029
65 492 19 73.094
66 488 59 75.140
67 883 53 83.468
68 1393 7 58.062
69 302 52 48.658
70 856 10 65.135
71 510 25 91.685
72 1334 12 32.795
73 980 22 83.411
74 228 41 38.950
75 1153 17 11.696
76 370 17 44.660
77 780 41 60.904
78 730 5 25.562
79 680 55 29.936
80 1006 18 32.747
81 394 15 43.297
82 80 40 12.452
83 146 7 37.139
84 652 15 16.862
85 245 20 2.052
86 272 19 84.424
87 339 23 74.662
88 1366 10 71.016
89 390 17 21.689
90 706 48 64.505
91 616 29 94.002
92 253 56 20.661
93 1163 43 30.944
94 145 33 60.941
95 578 51 99.295
96 890 31 49.305
97 191 45 61.274
98 125 45 92.985
99 834 34 75.984
100 280 13 59.675
101 122 26 85.976
102 16 40 33.832
103 233 35 87.439
104 207 55 68.650
105 732 4 74.543
106 1331 5 51.071
107 91 51 23.605
108 814 17 33.781
109 824 45 40.860
110 23 14 19.452
111 1170 46 70.606
112 134 56 12.818
113 939 49 5.096
114 197 17 90.677
115 387 50 70.382
116 518 19 74.932
117 690 33 49.697
118 209 4 17.291
119 159 26 13.630
120 80 11 19.107
121 585 6 74.297
122 327 16 11.609
123 278 20 26.398
124 951 51 33.272
125 312 46 48.494
126 494 35 32.951
127 7 54 16.118
128 1421 53 84.493
129 612 40 85.869
130 1040 29 42.948
131 769 35 95.262
132 345 59 32.943
133 852 13 85.610
134 982 47 77.155
135 316 39 51.284
136 1108 6 61.613
137 1279 18 9.583
138 1017 2 86.509
139 1399 18 35.865
140 609 44 81.704
141 66 1 7.529
142 863 14 50.963
143 838 51 87.656
144 1318 12 52.003
145 306 25 68.432
146 455 58 92.491
147 53 47 10.598
148 1353 55 17.181
149 245 53 20.360
150 790 52 25.794
151 1094 50 97.883
152 598 57 87.324
153 382 35 28.744
154 702 22 74.907
155 166 33 0.922
156 1101 21 16.231
157 291 18 66.402
158 371 47 47.460
159 792 11 84.945
160 1278 40 45.493
161 202 48 51.231
162 306 40 35.388
163 1184 58 74.756
164 730 50 50.149
165 604 28 85.375
166 188 36 70.164
167 214 58 91.513
168 1213 3 12.847
169 717 2 0.302
170 54 49 14.499
171 1290 54 28.716
172 949 56 35.267
173 1133 27 59.585
174 525 24 96.622
175 636 52 20.078
176 1380 36 80.469
177 1424 35 34.705
178 564 15 43.824
179 1212 35 64.248
180 49 23 87.968
181 1206 12 1.188
182 884 25 53.568
183 51 33 30.393
184 471 29 46.207
185 833 25 96.669
186 378 10 27.051
187 792 32 60.362
188 778 48 39.746
189 896 54 16.339
190 179 12 57.145
191 91 2 86.868
192 460 28 81.126
193 1123 33 45.160
194 1312 14 1.192
195 344 39 74.086
196 1440 55 91.207
197 1125 50 89.526
198 936 18 45.332
199 681 20 22.052
200 561 15 30.931