200
1 136 13 61.227
2 1294 33 67.085
3 229 14 68.409
4 1373 26 66.515
5 1274 10 52.049
6 742 46 58.761
7 857 10 95.585
8 980 6 7.660
9 1107 29 54.783
10 729 42 17.929
11 704 59 20.159
12 427 47 10.411
13 1161 26 3.273
14 660 48 97.475
15 1261 31 63.966
16 178 17 2.009
17 100 30 51.275
18 897 8 62.022
19 563 6 14.853
20 1151 57 18.857
21 1252 25 3.184
22 861 17 26.619
23 385 7 85.907
24 418 47 54.016
25 875 56 15.687
26 338 29 11.134
27 940 10 30.894
28 222 18 44.687
29 1352 44 37.468
30 557 55 22.061
31 367 56 93.011
32 1227 24 81.590
33 893 17 93.227
34 328 49 95.799
35 1222 49 76.019
36 580 27 96.965
37 410 6 57.084
38 158 24 44.004
39 992 51 45.628
40 219 20 36.105
41 445 10 56.967
42 885 54 18.931
43 284 52 54.781
44 322 16 21.825
45 578 44 59.205
46 277 49 10.865
47 836 19 40.068
48 383 43 90.565
49 1252 38 89.231
50 604 46 7.141
51 622 25 29.737
52 583 27 88.937
53 258 31 95.486
54 444 28 37.911
55 923 34 32.413
56 832 24 62.354
57 594 44 18.723
58 820 31 11.364
59 46 57 19.991
60 500 42 66.916
61 1074 42 7.850
62 1035 45 21.309
63 1440 29 9.892
64 959 40 52.707
65 232 52 56.377
66 307 12 76.026
67 793 25 78.196
68 578 10 24.391
69 172 43 6.443
70 903 8 50.773
71 376 57 49.637
72 1019 41 69.939
73 631 53 19.390
74 324 42 62.518
75 143 56 4.253
76 800 30 31.504
77 529 11 81.773
78 1166 25 94.466
79 43 20 43.994
80 947 9 92.983
81 281 58 45.803
82 1099 17 62.772
83 6 55 35.614
84 806 24 64.666
85 1103 36 81.744
86 1337 57 92.873
87 1076 22 62.685
88 1056 54 20.893
89 142 15 91.815
90 49 57 92.146
91 769 15 37.675
92 426 25 1.193
93 1280 9 16.226
94 352 37 60.327
95 771 55 25.888
96 1271 34 47.454
97 1394 19 93.145
98 108 31 93.450
99 519 20 83.923
100 600 57 96.219
101 984 59 50.281
102 1197 16 86.846
103 196 26 27.207
104 1407 32 47.967
105 861 26 44.192
106 313 14 8.406
107 867 35 72.040
108 480 29 62.213
109 932 29 14.111
110 230 19 88.826
111 658 23 27.827
112 940 30 61.146
113 1216 5 33.284
114 662 30 54.193
115 42 51 81.523
116 771 16 11.120
117 58 21 95.933
118 97 4 71.831
119 1150 16 86.792
120 858 34 61.906
121 343 12 84.376
122 1291 31 89.481
123 312 28 79.708
124 1369 32 48.854
125 912 30 31.745
126 735 54 30.881
127 502 13 83.393
128 1401 9 73.739
129 15 42 76.206
130 458 32 49.719
131 382 26 8.433
132 950 30 0.491
133 462 57 48.046
134 940 15 45.845
135 321 36 55.356
136 1436 24 61.996
137 927 1 88.252
138 1270 44 4.779
139 1302 20 35.993
140 1079 32 66.356
141 674 19 46.247
142 1153 41 5.207
143 433 12 86.194
144 903 23 89.646
145 969 13 26.072
146 659 8 7.600
147 377 36 58.025
148 1336 36 71.864
149 524 7 10.366
150 1048 9 9.234
151 583 23 97.110
152 1162 34 44.417
153 707 29 34.547
154 1051 55 88.343
155 981 8 42.553
156 977 25 56.728
157 181 28 36.748
158 910 47 73.098
159 636 27 26.140
160 1138 44 27.654
161 324 41 38.589
162 240 14 50.239
163 750 23 40.762
164 1393 49 59.199
165 1410 48 72.904
166 1045 24 4.298
167 529 47 5.877
168 319 41 84.141
169 112 51 35.457
170 779 35 95.334
171 1033 30 96.900
172 43 53 48.048
173 201 57 44.431
174 1131 8 49.151
175 524 40 11.359
176 374 26 92.507
177 1393 34 53.685
178 598 40 78.038
179 257 8 5.758
180 992 53 23.342
181 440 46 1.946
182 1264 4 69.151
183 259 23 69.457
184 1433 45 73.243
185 1397 28 4.850
186 724 45 5.543
187 739 27 76.515
188 1361 29 46.295
189 1332 28 64.057
190 1034 29 4.341
191 1004 12 11.631
192 507 1 70.002
193 691 25 70.686
194 23 21 89.324
195 1101 37 64.565
196 1289 44 11.682
197 514 6 75.822
198 862 27 96.209
199 567 26 2.363
200 382 26 41.466