200
1 898 48 10.934
2 1107 40 54.948
3 139 44 82.899
4 637 4 42.931
5 1101 21 82.712
6 1190 8 48.282
7 30 43 66.725
8 830 10 83.829
9 307 52 94.327
10 633 31 81.150
11 1275 60 23.010
12 773 59 38.650
13 409 43 77.415
14 116 25 41.144
15 65 5 65.461
16 734 18 48.549
17 1390 19 46.960
18 171 58 24.576
19 514 56 37.606
20 873 5 20.836
21 825 11 95.100
22 914 1 42.779
23 1207 24 31.750
24 467 23 1.308
25 1125 11 89.919
26 613 55 0.930
27 517 46 19.481
28 1302 14 27.375
29 306 26 4.869
30 3 29 54.405
31 261 22 0.536
32 935 52 67.272
33 165 31 83.824
34 834 18 44.508
35 570 33 9.256
36 1078 28 39.539
37 1255 20 81.509
38 735 17 40.592
39 1001 38 27.302
40 580 39 10.202
41 411 40 14.679
42 569 40 7.217
43 685 37 8.189
44 1138 5 30.484
45 1111 8 91.961
46 991 27 16.937
47 235 20 76.302
48 888 26 54.968
49 378 10 22.204
50 478 32 31.381
51 531 42 79.562
52 193 55 96.050
53 468 48 39.989
54 380 27 69.527
55 410 47 52.647
56 1420 42 76.144
57 390 18 98.523
58 190 58 22.699
59 1189 56 32.673
60 457 50 19.830
61 782 15 77.667
62 772 21 42.390
63 1274 34 99.100
64 1403 14 63.698
65 322 52 77.415
66 712 23 33.029
67 296 23 66.366
68 1408 60 20.832
69 620 43 13.106
70 1161 32 2.564
71 740 37 45.712
72 948 33 18.232
73 1250 42 76.139
74 1314 38 53.583
75 1043 32 12.485
76 348 18 18.536
77 1094 60 70.435
78 671 26 10.004
79 214 24 34.220
80 1152 22 34.230
81 858 53 21.648
82 87 54 91.581
83 647 44 15.378
84 545 30 58.055
85 800 10 29.001
86 1282 43 14.924
87 391 41 56.667
88 115 37 62.741
89 535 20 30.331
90 1327 3 84.638
91 140 30 48.057
92 219 44 67.049
93 461 13 21.508
94 954 37 83.062
95 820 26 16.043
96 868 44 76.015
97 21 18 25.652
98 902 36 76.558
99 775 35 13.493
100 1307 19 34.207
101 379 21 50.871
102 1331 16 67.959
103 1220 58 48.255
104 1165 36 39.348
105 1000 57 72.344
106 318 17 38.914
107 482 17 43.971
108 230 16 64.058
109 562 24 49.015
110 732 32 35.784
111 852 56 43.395
112 908 56 72.332
113 722 8 52.304
114 467 5 3.343
115 398 35 57.313
116 159 8 1.813
117 741 37 47.509
118 1211 25 76.594
119 87 2 84.977
120 40 28 67.733
121 647 17 41.791
122 1414 45 1.331
123 599 42 8.265
124 1094 58 90.474
125 1216 34 34.032
126 1237 32 88.123
127 16 4 22.768
128 48 13 77.475
129 792 9 2.919
130 316 7 36.593
131 1378 4 71.745
132 50 1 17.360
133 1359 52 88.499
134 560 43 49.269
135 1243 15 60.922
136 654 43 2.396
137 941 5 50.600
138 24 5 40.416
139 129 54 10.486
140 663 23 10.210
141 290 10 95.115
142 832 40 77.902
143 918 39 3.505
144 34 21 75.395
145 5 46 57.192
146 95 33 84.363
147 880 18 68.848
148 190 8 82.824
149 1255 38 87.648
150 862 17 46.290
151 418 6 18.453
152 752 30 64.681
153 1379 33 0.218
154 824 29 67.017
155 536 28 74.599
156 113 15 30.184
157 251 58 21.260
158 497 52 81.314
159 860 55 38.317
160 1067 46 87.673
161 936 31 67.493
162 416 34 20.971
163 70 57 70.359
164 415 6 53.287
165 1344 14 81.758
166 1258 57 1.247
167 337 3 91.377
168 1120 5 54.165
169 834 22 71.999
170 1407 18 91.648
171 21 6 46.505
172 483 57 91.860
173 2 37 65.641
174 641 54 55.077
175 3 37 86.698
176 414 19 14.703
177 84 17 18.946
178 1214 47 89.746
179 1087 25 98.399
180 699 56 5.808
181 299 2 40.868
182 971 42 98.730
183 568 37 22.467
184 509 23 78.147
185 725 48 25.417
186 1111 16 26.572
187 180 32 97.544
188 212 32 36.049
189 1293 32 67.523
190 445 23 52.222
191 791 33 96.238
192 476 41 44.433
193 66 31 9.173
194 1197 38 92.643
195 418 42 73.259
196 217 31 66.265
197 86 55 75.870
198 433 9 25.521
199 880 56 2.910
200 1106 34 33.761