200
1 217 16 51.580
2 791 48 43.801
3 331 38 16.166
4 700 46 32.311
5 379 29 68.773
6 281 17 94.381
7 721 29 62.125
8 1345 38 93.414
9 1287 57 59.644
10 553 12 38.764
11 292 7 57.261
12 1074 42 6.371
13 1268 58 43.329
14 1179 55 13.853
15 1215 27 10.831
16 124 50 58.842
17 675 23 87.067
18 480 30 78.366
19 146 32 82.581
20 454 29 71.154
21 952 26 34.227
22 971 60 33.801
23 564 50 89.001
24 1144 46 55.482
25 797 5 94.041
26 695 15 85.728
27 78 50 68.452
28 633 9 37.419
29 431 60 44.619
30 1054 55 31.093
31 764 37 22.581
32 174 48 47.040
33 811 50 41.713
34 1282 60 2.121
35 1139 21 66.271
36 1175 35 25.034
37 325 59 90.750
38 1109 21 13.771
39 940 17 65.905
40 547 59 36.168
41 774 5 27.023
42 777 1 17.364
43 614 32 87.136
44 1105 17 39.692
45 878 30 22.149
46 1183 42 50.703
47 55 48 91.749
48 575 20 98.040
49 1313 38 25.568
50 1383 51 38.397
51 76 24 11.513
52 1322 34 49.675
53 1115 49 9.603
54 1385 11 60.683
55 172 10 76.073
56 77 60 49.788
57 258 51 78.079
58 928 11 95.549
59 839 45 14.884
60 176 26 22.487
61 51 57 40.434
62 667 19 66.902
63 1110 2 71.670
64 1169 12 83.013
65 727 11 92.393
66 199 32 92.397
67 686 42 30.102
68 777 18 1.466
69 755 55 13.952
70 1157 51 53.807
71 385 6 68.412
72 1102 34 84.380
73 935 58 37.803
74 436 13 4.602
75 891 6 31.659
76 437 59 92.661
77 162 36 8.112
78 207 42 40.581
79 148 19 60.563
80 1253 19 63.918
81 1026 28 53.000
82 779 54 45.358
83 1279 18 55.302
84 936 8 12.658
85 485 59 64.362
86 1101 54 11.176
87 304 40 89.099
88 165 51 96.388
89 445 6 13.489
90 1165 2 91.417
91 1382 55 23.568
92 39 23 48.012
93 1432 7 78.697
94 1035 38 40.171
95 375 45 55.594
96 149 27 70.534
97 966 26 40.864
98 462 48 46.406
99 509 39 47.894
100 645 33 12.974
101 1416 5 68.801
102 19 38 61.646
103 1198 20 2.576
104 163 55 32.660
105 1288 38 34.239
106 729 41 85.052
107 693 55 21.711
108 1403 48 78.509
109 1039 20 26.353
110 215 23 70.503
111 1245 1 79.429
112 461 38 87.466
113 1023 16 5.248
114 1021 5 2.658
115 827 45 71.954
116 215 42 20.432
117 741 45 49.969
118 213 27 83.910
119 1321 47 46.703
120 383 42 94.051
121 338 3 63.954
122 1422 12 12.557
123 854 32 8.715
124 1190 41 41.064
125 1344 20 34.922
126 1316 56 39.078
127 1115 17 94.214
128 34 16 51.605
129 467 6 57.298
130 1010 15 33.041
131 844 3 97.141
132 1349 8 9.769
133 199 5 27.658
134 495 36 80.592
135 278 23 5.512
136 339 29 4.920
137 667 56 22.245
138 142 51 56.542
139 233 52 69.346
140 696 21 95.130
141 1118 8 28.116
142 1347 41 15.699
143 1097 15 34.673
144 442 42 51.282
145 248 14 36.944
146 219 59 14.575
147 870 15 29.191
148 153 42 42.316
149 255 14 93.341
150 1438 35 9.562
151 329 13 95.674
152 866 51 69.747
153 850 23 80.342
154 1236 57 55.598
155 338 52 85.892
156 626 26 14.059
157 85 33 57.160
158 223 4 37.959
159 676 27 64.027
160 449 33 89.577
161 62 44 58.140
162 798 30 48.264
163 805 6 37.453
164 818 8 70.603
165 262 41 27.310
166 1316 53 30.774
167 1321 11 47.762
168 1386 31 39.061
169 49 41 72.145
170 816 17 69.411
171 1430 24 55.832
172 909 2 32.576
173 452 35 9.871
174 904 38 25.754
175 912 36 49.450
176 162 8 91.061
177 1071 50 52.564
178 1078 15 90.351
179 61 30 94.546
180 1260 46 52.929
181 1266 32 19.723
182 493 7 38.778
183 1030 58 63.209
184 470 2 34.761
185 965 56 88.401
186 1170 54 30.713
187 850 41 69.892
188 234 27 85.114
189 672 9 13.220
190 818 10 99.441
191 1034 34 13.738
192 737 44 1.206
193 944 19 12.491
194 793 22 88.829
195 924 32 96.761
196 606 51 90.757
197 390 30 96.579
198 1192 6 26.051
199 159 31 74.627
200 193 24 13.439