200
1 792 35 48.169
2 887 60 68.896
3 1295 45 28.569
4 975 49 73.999
5 84 17 79.426
6 65 8 44.839
7 1414 21 20.630
8 1285 1 55.048
9 1137 20 23.157
10 992 27 77.400
11 826 5 59.174
12 1012 42 71.715
13 78 21 58.402
14 640 52 55.572
15 1156 52 75.781
16 117 55 26.703
17 759 30 20.352
18 1059 49 64.300
19 1081 14 80.156
20 1339 7 25.172
21 212 43 35.142
22 1133 23 22.924
23 654 24 24.562
24 125 12 84.321
25 125 20 14.062
26 909 16 77.059
27 175 52 45.262
28 814 29 72.725
29 868 14 5.754
30 826 47 94.593
31 521 34 80.356
32 1250 4 61.126
33 1387 19 48.883
34 274 29 15.663
35 844 60 16.596
36 1222 15 69.725
37 700 52 91.621
38 699 15 24.304
39 113 40 67.172
40 1316 8 70.114
41 638 39 22.282
42 1298 36 47.852
43 583 21 62.026
44 705 59 91.332
45 296 43 65.292
46 1035 5 97.657
47 287 47 72.365
48 1158 31 39.381
49 683 27 91.638
50 1338 22 30.135
51 792 33 30.444
52 1260 47 85.377
53 565 59 10.270
54 944 20 63.345
55 481 16 30.568
56 1335 31 55.897
57 287 58 38.434
58 1038 4 79.250
59 836 18 29.548
60 1238 35 91.008
61 210 5 51.295
62 33 27 17.692
63 212 60 68.572
64 439 15 52.830
65 1305 26 67.464
66 1368 35 57.235
67 1358 50 4.042
68 1435 24 15.635
69 465 15 68.349
70 170 45 72.985
71 261 42 19.290
72 1310 25 59.045
73 73 17 78.974
74 1319 6 65.995
75 284 21 79.263
76 934 26 15.231
77 1034 24 84.442
78 957 26 16.463
79 1328 52 17.334
80 634 5 89.155
81 1316 33 7.048
82 431 50 6.523
83 616 15 93.750
84 966 23 84.028
85 738 19 89.997
86 1267 51 18.621
87 802 16 43.491
88 286 32 50.402
89 1255 6 47.565
90 212 42 77.536
91 7 52 64.999
92 209 22 21.695
93 399 32 57.315
94 671 15 44.285
95 1074 42 26.510
96 738 8 39.352
97 696 43 73.254
98 312 21 22.704
99 1371 48 88.457
100 625 22 68.411
101 918 28 65.030
102 96 12 30.626
103 1000 55 2.609
104 1146 30 38.861
105 250 57 0.862
106 377 34 77.914
107 301 25 68.332
108 403 27 93.065
109 1345 54 77.031
110 1430 44 41.445
111 495 12 88.230
112 1293 26 76.781
113 794 50 90.831
114 1173 23 13.721
115 1297 7 5.138
116 141 39 91.314
117 508 13 10.860
118 1048 55 44.621
119 1201 12 15.830
120 890 19 39.820
121 450 11 9.668
122 232 14 18.658
123 340 27 11.734
124 523 26 35.258
125 1407 7 89.227
126 802 14 84.277
127 11 41 88.428
128 210 6 12.354
129 275 38 2.783
130 963 35 77.251
131 437 26 98.694
132 921 20 91.335
133 1299 19 40.824
134 560 20 76.575
135 324 21 58.757
136 1022 58 23.361
137 899 40 72.605
138 390 45 78.429
139 907 30 65.187
140 241 29 79.763
141 941 33 38.172
142 99 10 99.298
143 55 40 93.426
144 1239 39 11.270
145 791 1 84.377
146 496 10 77.085
147 1069 9 6.595
148 24 10 98.060
149 646 50 34.517
150 991 8 96.214
151 638 57 78.577
152 635 42 95.749
153 1307 31 21.260
154 376 46 9.622
155 688 40 17.662
156 672 40 50.241
157 819 34 38.222
158 144 15 40.387
159 772 53 9.644
160 133 21 45.366
161 1282 29 99.835
162 342 28 74.240
163 358 29 42.248
164 489 25 54.480
165 215 34 61.024
166 605 35 42.519
167 1367 37 72.965
168 664 27 80.331
169 1260 18 0.942
170 550 36 61.070
171 1436 47 81.259
172 75 12 29.270
173 981 58 54.914
174 924 1 77.157
175 122 23 10.429
176 651 45 31.976
177 1430 3 27.777
178 1078 11 37.510
179 878 56 28.848
180 921 23 17.252
181 637 28 54.154
182 1258 45 43.386
183 1091 48 10.653
184 934 37 77.759
185 577 50 3.924
186 326 56 54.194
187 649 50 9.063
188 1166 56 59.338
189 1321 42 86.619
190 755 42 41.581
191 240 35 16.851
192 1157 26 93.607
193 516 28 91.808
194 652 3 65.017
195 1181 52 6.855
196 333 31 84.802
197 1142 1 74.922
198 21 27 26.573
199 1296 47 24.180
200 220 34 78.063