200
1 202 14 32.393
2 384 11 66.482
3 804 14 91.453
4 186 19 33.346
5 474 32 43.499
6 661 7 60.937
7 1368 50 68.375
8 552 57 32.352
9 483 51 49.850
10 293 51 43.232
11 1023 59 72.629
12 551 14 14.939
13 152 43 92.412
14 1054 31 3.757
15 762 53 35.955
16 6 39 88.313
17 1172 54 52.848
18 870 13 6.137
19 747 24 81.531
20 359 44 23.656
21 262 1 48.953
22 1392 36 67.124
23 452 3 83.836
24 876 29 67.794
25 416 1 90.901
26 287 8 21.142
27 1024 48 33.010
28 325 50 4.410
29 1023 58 14.150
30 732 9 30.024
31 774 44 32.434
32 727 41 16.485
33 457 49 13.268
34 890 3 72.164
35 1104 17 96.513
36 6 36 32.230
37 440 14 82.745
38 678 4 46.308
39 507 15 68.655
40 669 56 58.299
41 992 15 33.155
42 737 29 15.000
43 458 44 40.959
44 1276 10 6.811
45 1337 5 64.255
46 357 34 64.568
47 1382 13 99.408
48 870 36 98.350
49 1258 23 88.731
50 1170 51 25.314
51 1160 1 77.968
52 846 54 61.378
53 268 50 29.016
54 118 56 71.428
55 931 3 49.406
56 945 29 98.585
57 1218 56 20.660
58 978 1 11.443
59 1386 27 31.820
60 1047 33 10.678
61 573 31 44.989
62 237 36 30.820
63 93 5 22.930
64 58 58 21.448
65 1035 7 40.915
66 122 49 13.045
67 1120 3 32.713
68 618 42 93.109
69 550 23 64.780
70 632 37 32.154
71 1185 37 32.490
72 930 15 28.315
73 1077 44 61.523
74 778 22 45.394
75 367 41 99.380
76 838 10 48.943
77 192 43 87.321
78 1344 5 24.629
79 916 38 75.628
80 124 25 17.707
81 1235 10 72.283
82 522 19 43.769
83 16 26 85.694
84 762 36 60.239
85 976 10 47.997
86 1183 58 37.328
87 652 20 7.530
88 1349 43 28.487
89 301 30 45.713
90 254 7 59.916
91 368 11 96.407
92 1260 56 8.651
93 146 59 28.595
94 1113 11 17.892
95 283 36 76.753
96 189 33 45.849
97 1004 29 24.973
98 78 50 55.496
99 167 43 27.215
100 481 5 31.336
101 648 36 38.270
102 1242 46 19.140
103 738 4 61.344
104 460 21 91.165
105 296 11 35.168
106 83 19 64.780
107 644 16 12.457
108 629 59 7.913
109 64 19 44.598
110 1374 59 48.006
111 322 17 29.780
112 1325 36 85.348
113 676 55 42.242
114 395 22 83.151
115 864 27 58.520
116 232 59 25.410
117 1394 45 76.618
118 393 4 65.518
119 1297 42 45.920
120 113 14 57.677
121 275 48 67.523
122 507 15 30.757
123 1381 27 84.153
124 823 2 31.798
125 947 58 15.016
126 736 35 3.639
127 443 9 22.498
128 776 5 21.813
129 340 13 29.552
130 485 23 61.654
131 1308 28 25.366
132 667 15 7.704
133 191 49 31.693
134 897 4 75.132
135 25 50 56.942
136 1318 36 32.000
137 1108 3 15.364
138 1171 17 45.404
139 41 10 6.114
140 612 2 20.124
141 1015 38 40.656
142 394 27 55.433
143 393 50 18.212
144 966 55 95.392
145 114 10 98.643
146 1229 17 96.804
147 385 14 99.126
148 461 24 24.223
149 853 57 11.332
150 394 19 47.091
151 284 55 58.135
152 1086 57 58.169
153 510 26 76.495
154 1403 28 95.925
155 696 21 52.445
156 141 52 46.780
157 168 3 98.904
158 1370 18 22.607
159 7 4 66.513
160 154 30 48.527
161 797 35 42.170
162 612 13 95.247
163 426 4 59.510
164 1027 15 68.261
165 1414 3 7.483
166 180 32 32.999
167 1202 11 37.498
168 327 5 96.360
169 1202 51 80.554
170 708 33 19.360
171 985 32 52.894
172 1012 52 54.665
173 661 59 24.398
174 269 58 9.828
175 545 40 26.194
176 28 54 84.212
177 1425 4 81.284
178 524 54 73.602
179 311 23 44.398
180 334 35 34.907
181 522 17 7.274
182 831 41 73.231
183 128 45 67.791
184 465 36 26.104
185 414 22 85.291
186 1054 28 63.273
187 1036 52 8.303
188 159 54 31.817
189 118 17 96.449
190 626 9 70.719
191 1044 50 37.372
192 111 21 95.143
193 1021 33 29.552
194 1396 57 87.893
195 783 26 98.994
196 61 29 55.958
197 498 26 73.498
198 1015 49 97.639
199 445 4 27.736
200 1184 46 2.884