200
1 873 43 28.673
2 1282 44 60.460
3 982 47 22.105
4 936 11 16.324
5 424 20 64.926
6 1366 3 28.185
7 1238 54 9.238
8 213 54 85.797
9 884 5 43.759
10 1438 23 17.126
11 916 52 28.098
12 1207 51 46.951
13 704 10 31.007
14 1172 12 99.335
15 166 12 93.990
16 1149 9 24.377
17 918 35 80.451
18 1309 40 87.372
19 1419 34 89.901
20 288 5 75.405
21 1148 48 64.651
22 1059 57 55.482
23 236 20 20.512
24 659 3 27.791
25 221 14 84.335
26 1161 46 60.023
27 782 8 18.714
28 1297 20 85.683
29 1199 23 26.102
30 1297 40 64.455
31 197 7 46.310
32 1398 52 33.828
33 1041 38 48.343
34 1196 2 58.335
35 1169 46 69.000
36 778 34 75.820
37 1261 9 79.849
38 674 19 21.208
39 590 15 43.766
40 1076 42 4.279
41 854 49 6.384
42 290 29 87.452
43 1321 26 7.996
44 1326 43 50.382
45 119 39 75.560
46 145 30 11.417
47 339 4 23.908
48 1305 45 33.591
49 1432 28 90.928
50 1428 51 0.326
51 241 49 21.822
52 290 56 49.610
53 39 26 98.826
54 879 4 86.281
55 1020 17 46.892
56 1223 22 53.512
57 225 46 96.588
58 1393 41 4.778
59 661 4 75.773
60 505 51 9.155
61 1129 41 22.290
62 137 32 56.009
63 1082 25 66.447
64 909 54 45.539
65 849 46 21.696
66 382 11 54.728
67 79 30 65.673
68 804 57 52.740
69 838 41 36.852
70 1041 52 51.091
71 18 5 52.557
72 385 33 80.198
73 347 27 28.948
74 1248 38 24.109
75 1126 44 11.716
76 432 17 79.129
77 621 43 90.655
78 662 17 70.279
79 1323 39 84.556
80 275 25 10.240
81 1326 50 7.505
82 815 46 33.520
83 549 4 10.106
84 1349 23 28.159
85 379 10 9.792
86 648 36 90.704
87 873 5 88.129
88 1424 45 3.195
89 41 33 23.220
90 346 56 19.237
91 530 60 97.813
92 1216 25 37.361
93 1087 22 79.659
94 1056 37 31.066
95 1080 50 75.046
96 675 45 12.089
97 1305 57 60.568
98 365 16 60.090
99 181 47 87.905
100 247 20 21.993
101 1404 54 17.805
102 703 18 96.264
103 398 39 42.672
104 381 7 93.159
105 821 18 97.938
106 278 6 86.961
107 11 11 27.145
108 1400 29 93.551
109 1413 38 43.149
110 1206 11 18.745
111 145 30 0.780
112 98 59 91.783
113 667 12 28.226
114 537 26 36.170
115 338 3 98.681
116 696 14 60.426
117 46 60 31.623
118 505 48 7.237
119 785 36 74.739
120 686 13 76.580
121 894 11 33.400
122 256 42 96.240
123 1248 59 55.373
124 496 31 88.468
125 231 8 26.696
126 480 23 62.963
127 746 14 56.285
128 926 13 49.165
129 304 58 17.792
130 284 52 22.140
131 280 17 87.023
132 536 55 90.445
133 715 47 81.984
134 587 59 31.632
135 363 33 41.740
136 500 32 90.624
137 1234 44 62.919
138 39 48 53.763
139 736 4 59.954
140 1009 40 54.038
141 333 57 6.455
142 317 31 95.193
143 1295 23 18.218
144 1328 59 50.986
145 348 18 48.763
146 794 46 72.729
147 1157 22 15.239
148 727 35 74.810
149 462 50 72.204
150 331 15 25.375
151 5 41 80.995
152 356 22 65.447
153 1315 21 97.836
154 466 12 99.058
155 1026 13 23.279
156 687 1 59.995
157 415 26 23.268
158 454 60 56.158
159 890 3 98.480
160 826 25 57.755
161 1351 41 28.844
162 180 51 60.502
163 206 43 16.468
164 1008 56 81.308
165 832 21 85.529
166 665 28 58.864
167 135 33 43.040
168 462 40 97.374
169 148 42 83.204
170 12 2 9.304
171 332 54 48.933
172 53 13 27.351
173 350 16 41.862
174 559 17 52.086
175 862 34 75.609
176 1391 11 47.446
177 981 21 32.474
178 1363 16 1.016
179 195 37 89.375
180 148 4 18.921
181 780 16 16.734
182 1338 42 35.698
183 932 7 4.159
184 1240 20 44.829
185 1072 10 79.644
186 239 46 87.419
187 1394 9 70.634
188 986 41 23.043
189 1047 32 55.933
190 381 47 46.735
191 241 37 50.739
192 91 59 60.103
193 1422 34 94.414
194 855 48 35.051
195 998 39 6.297
196 1136 46 69.228
197 133 32 97.207
198 997 11 49.483
199 1166 44 28.501
200 529 2 36.197