200
1 135 51 12.001
2 1106 16 72.413
3 759 56 16.216
4 652 43 78.794
5 245 34 3.977
6 342 9 89.110
7 987 28 31.249
8 971 60 2.621
9 916 47 81.440
10 730 35 52.463
11 192 47 99.486
12 232 24 77.790
13 755 59 33.774
14 371 11 88.385
15 971 10 65.979
16 126 57 12.512
17 653 8 2.834
18 542 38 84.236
19 185 25 96.145
20 881 60 0.529
21 817 8 33.419
22 859 17 80.163
23 688 52 52.670
24 211 59 38.627
25 961 10 10.401
26 1200 6 25.143
27 763 37 93.574
28 1111 20 49.809
29 1404 25 97.128
30 1111 11 8.105
31 1359 19 16.312
32 1327 3 91.961
33 1407 52 20.561
34 1274 19 99.936
35 1206 24 39.598
36 1000 21 82.049
37 1208 19 45.998
38 1042 22 50.776
39 642 59 36.292
40 1296 29 70.266
41 140 34 14.594
42 1134 22 74.378
43 1209 51 12.076
44 708 32 61.197
45 95 57 53.646
46 372 47 46.805
47 1269 6 47.273
48 524 34 45.799
49 682 3 28.612
50 866 56 21.235
51 251 28 28.781
52 1011 9 78.393
53 913 19 73.600
54 332 12 74.364
55 486 53 42.463
56 452 60 63.645
57 174 14 7.335
58 164 59 22.064
59 1012 56 19.683
60 475 23 52.797
61 542 37 65.341
62 1275 41 87.584
63 820 51 91.976
64 1077 22 92.241
65 274 6 2.301
66 302 31 2.690
67 949 27 11.778
68 428 47 28.311
69 603 15 63.350
70 1223 17 93.702
71 26 9 36.042
72 535 3 82.116
73 1213 17 82.474
74 1384 47 32.244
75 26 52 55.106
76 1093 33 81.921
77 280 16 65.548
78 621 33 39.138
79 1015 8 11.391
80 999 32 6.490
81 1095 36 74.312
82 292 37 24.757
83 1258 14 38.343
84 304 1 78.478
85 514 31 27.237
86 356 1 60.910
87 886 37 8.454
88 1273 43 99.430
89 812 2 19.320
90 1295 9 56.188
91 805 12 74.722
92 258 51 52.821
93 815 49 86.881
94 227 54 45.438
95 746 60 18.718
96 1194 49 94.878
97 673 54 20.059
98 327 55 93.576
99 1010 21 84.424
100 596 57 81.177
101 224 59 38.566
102 505 38 84.697
103 297 4 84.872
104 32 20 97.556
105 878 18 41.262
106 1414 15 32.832
107 564 5 64.939
108 385 9 52.967
109 1430 27 24.566
110 1359 57 10.529
111 697 53 34.842
112 1126 41 89.075
113 766 40 42.161
114 409 3 93.809
115 144 26 12.743
116 1359 10 37.954
117 1103 39 1.287
118 177 10 99.059
119 1088 54 78.388
120 1373 10 70.054
121 296 2 18.656
122 917 15 38.237
123 229 38 4.404
124 1041 3 21.724
125 543 6 16.179
126 556 32 52.068
127 873 39 9.784
128 1237 46 2.988
129 773 5 1.996
130 1320 19 95.796
131 1274 31 93.087
132 1282 13 43.624
133 1245 3 8.331
134 1177 27 8.183
135 431 33 76.092
136 903 41 54.388
137 63 34 71.912
138 6 9 4.806
139 586 9 61.368
140 1198 27 73.224
141 677 21 76.249
142 1253 50 19.855
143 283 34 61.534
144 521 52 47.138
145 181 59 57.542
146 420 17 33.567
147 13 40 76.075
148 1151 32 64.312
149 171 42 3.460
150 1439 10 99.695
151 4 31 29.874
152 510 44 23.409
153 536 34 44.123
154 606 42 57.116
155 747 57 96.039
156 698 28 72.523
157 1378 12 91.654
158 1409 59 16.314
159 1365 11 18.811
160 1142 29 72.565
161 842 51 27.466
162 555 42 17.354
163 855 60 26.692
164 482 59 37.107
165 1165 42 55.201
166 197 22 34.976
167 240 47 92.005
168 490 11 8.417
169 654 9 88.132
170 1312 27 42.714
171 786 29 25.864
172 1343 32 61.636
173 651 40 23.132
174 1152 15 50.366
175 787 38 89.604
176 316 20 80.070
177 466 25 47.680
178 574 53 49.011
179 452 42 13.088
180 958 59 65.659
181 1240 23 99.324
182 1035 52 32.733
183 691 1 29.685
184 1100 40 52.302
185 51 39 69.541
186 1135 48 93.305
187 125 10 36.343
188 66 47 7.134
189 961 43 56.914
190 904 18 72.426
191 44 50 78.140
192 21 42 69.158
193 1404 29 62.050
194 186 49 74.574
195 1186 36 60.080
196 1345 39 94.772
197 423 13 83.195
198 1314 17 19.276
199 1319 36 76.759
200 1351 51 78.255