200
1 1280 55 97.482
2 141 41 95.894
3 1042 1 30.220
4 685 29 48.707
5 1286 40 35.357
6 1184 4 66.319
7 686 31 17.089
8 685 20 58.441
9 811 50 73.745
10 1048 24 63.767
11 327 19 12.320
12 409 36 91.564
13 1112 47 51.369
14 983 57 84.471
15 731 53 7.903
16 601 36 94.830
17 693 49 35.597
18 1242 47 97.160
19 1315 31 69.953
20 939 30 74.484
21 611 25 61.948
22 371 1 90.109
23 316 32 74.352
24 1004 27 21.235
25 984 44 5.117
26 136 22 59.434
27 817 54 75.211
28 1034 49 50.720
29 474 30 69.790
30 1243 34 89.474
31 208 32 80.791
32 637 18 23.945
33 729 18 41.747
34 312 14 10.676
35 1302 42 58.136
36 729 6 66.699
37 1351 20 12.926
38 1090 15 67.500
39 830 13 15.621
40 1219 28 94.079
41 565 20 81.382
42 542 27 37.123
43 375 49 59.407
44 457 11 81.098
45 867 15 29.131
46 148 9 29.816
47 1131 7 43.841
48 866 53 99.155
49 274 10 18.062
50 606 38 52.724
51 1391 50 18.871
52 143 43 17.421
53 951 32 3.300
54 238 55 37.848
55 816 12 71.202
56 1137 34 14.050
57 496 27 48.017
58 204 34 67.804
59 296 32 41.686
60 1373 43 71.018
61 984 15 49.842
62 1432 24 80.590
63 568 49 55.174
64 1021 53 87.108
65 680 14 0.059
66 931 16 99.847
67 641 26 37.838
68 1145 36 61.279
69 1120 54 76.585
70 423 55 93.746
71 1214 3 21.195
72 470 6 69.571
73 416 27 73.971
74 844 55 40.372
75 135 31 68.642
76 521 34 35.578
77 1330 40 90.417
78 796 27 20.354
79 694 36 17.181
80 1237 36 51.171
81 753 41 77.998
82 135 32 27.957
83 185 46 44.300
84 873 6 41.804
85 667 48 99.676
86 990 29 72.192
87 683 26 37.142
88 622 32 93.893
89 1211 53 45.134
90 735 44 40.016
91 265 26 37.100
92 1124 60 48.760
93 708 59 56.677
94 733 1 6.866
95 7 46 4.250
96 1375 47 11.775
97 1105 43 20.835
98 1033 55 2.858
99 1021 31 65.485
100 1349 48 18.452
101 540 28 1.276
102 1230 4 93.310
103 1192 42 64.682
104 1005 45 4.179
105 1292 30 35.143
106 803 46 15.504
107 274 38 71.368
108 289 60 89.995
109 1122 27 56.180
110 1025 51 5.137
111 1268 6 82.001
112 1247 7 63.647
113 227 46 28.741
114 457 13 86.521
115 777 20 13.225
116 872 54 46.569
117 1277 29 7.045
118 1037 47 64.468
119 1157 59 24.201
120 865 58 63.063
121 363 32 86.976
122 76 52 18.605
123 751 13 12.795
124 1039 53 50.525
125 138 34 96.589
126 965 4 70.898
127 1435 8 20.023
128 626 58 68.592
129 1100 23 68.094
130 442 12 79.835
131 1371 45 69.281
132 703 50 3.522
133 1009 17 24.779
134 863 52 59.491
135 587 31 55.247
136 82 47 22.483
137 762 53 66.400
138 122 7 0.098
139 597 3 57.181
140 1010 5 85.205
141 714 51 25.440
142 1135 50 19.643
143 164 38 63.555
144 479 21 79.852
145 1219 32 24.699
146 854 9 97.992
147 215 58 16.169
148 992 51 73.346
149 502 43 65.856
150 837 35 44.377
151 1297 28 64.811
152 1334 56 19.151
153 1245 20 81.088
154 991 42 48.658
155 504 23 97.699
156 796 42 46.558
157 652 14 7.753
158 797 30 89.423
159 818 1 37.742
160 796 9 56.923
161 188 54 62.959
162 1047 52 12.803
163 818 1 33.679
164 415 16 65.990
165 402 53 61.761
166 579 50 56.058
167 708 3 35.828
168 1414 30 89.375
169 1156 3 25.433
170 1221 50 71.467
171 217 13 5.075
172 747 58 1.175
173 492 26 73.695
174 501 37 21.566
175 1363 50 36.516
176 806 7 72.612
177 800 29 92.272
178 941 32 25.586
179 635 53 21.552
180 317 59 0.096
181 490 53 93.973
182 775 3 45.383
183 715 38 55.981
184 1305 42 84.795
185 1087 43 18.670
186 1373 60 66.637
187 391 5 68.019
188 1423 16 98.669
189 514 50 2.196
190 1190 58 2.888
191 322 37 29.508
192 39 48 39.831
193 79 4 89.485
194 1333 37 56.172
195 933 29 70.327
196 456 42 55.430
197 79 58 42.471
198 551 46 85.386
199 662 51 54.444
200 422 36 77.265