200
1 743 57 59.910
2 906 57 9.895
3 339 30 87.783
4 1254 54 16.118
5 79 33 6.127
6 1343 44 49.869
7 371 23 36.707
8 1111 26 77.445
9 847 38 76.428
10 1433 29 53.431
11 1128 20 40.333
12 132 52 6.410
13 1078 56 71.107
14 136 27 9.512
15 245 55 65.482
16 459 28 88.387
17 1406 28 55.271
18 1247 32 67.156
19 477 16 0.422
20 1159 34 58.220
21 98 42 87.305
22 1424 34 44.928
23 356 21 36.427
24 816 60 98.259
25 1353 44 59.999
26 54 9 50.525
27 678 18 46.689
28 1087 24 52.839
29 509 7 10.240
30 1193 36 89.793
31 741 7 5.689
32 727 55 86.663
33 1182 37 57.318
34 762 59 78.516
35 672 48 33.411
36 1272 45 40.869
37 191 50 28.474
38 574 39 79.507
39 1058 25 55.352
40 87 2 1.866
41 381 16 16.970
42 1395 6 66.240
43 548 55 5.358
44 43 19 24.526
45 1112 17 74.829
46 1389 56 96.004
47 222 48 76.286
48 660 27 49.912
49 482 44 21.456
50 741 22 28.521
51 437 30 14.986
52 232 59 15.624
53 1282 25 57.457
54 619 30 56.886
55 507 38 38.715
56 55 23 88.301
57 967 45 26.304
58 1143 7 43.657
59 5 28 92.658
60 1056 19 63.180
61 153 31 93.910
62 634 9 89.611
63 1033 3 93.334
64 433 57 49.165
65 108 51 16.217
66 364 11 50.977
67 972 58 51.871
68 870 3 37.532
69 1010 15 26.514
70 1273 48 84.963
71 1102 39 22.703
72 1194 35 56.706
73 390 48 97.297
74 797 18 23.965
75 738 3 52.908
76 309 51 96.198
77 1226 60 32.963
78 1067 25 21.382
79 504 44 40.629
80 677 48 78.773
81 1172 56 56.163
82 1411 55 22.669
83 415 3 36.270
84 625 24 47.419
85 678 12 86.503
86 917 53 82.929
87 609 56 59.735
88 992 31 70.633
89 94 42 13.998
90 872 33 60.839
91 758 57 98.930
92 1100 41 6.633
93 1393 56 84.187
94 808 38 43.966
95 602 35 50.268
96 974 47 48.957
97 392 4 45.358
98 1274 57 56.095
99 1281 36 36.022
100 863 38 35.671
101 1083 14 53.207
102 1427 58 99.546
103 743 23 17.756
104 1297 36 59.000
105 515 26 37.279
106 545 3 82.761
107 230 23 67.382
108 1186 60 13.119
109 1005 34 76.925
110 684 30 13.109
111 1369 24 27.103
112 690 47 82.916
113 287 21 53.008
114 189 39 36.454
115 690 48 53.500
116 1046 2 88.252
117 642 29 31.045
118 887 51 82.851
119 567 28 72.612
120 39 54 83.090
121 1075 47 32.582
122 1227 11 33.697
123 992 43 36.596
124 552 35 1.910
125 330 2 71.613
126 1236 42 3.921
127 637 33 87.174
128 1017 35 96.634
129 392 13 97.094
130 937 54 92.752
131 505 49 10.446
132 862 38 30.644
133 1183 28 78.978
134 1369 43 70.701
135 524 20 49.515
136 554 55 96.550
137 565 47 36.914
138 764 23 35.172
139 1065 39 50.362
140 782 41 47.724
141 730 32 38.178
142 126 33 18.660
143 614 39 80.033
144 302 43 24.969
145 684 29 11.573
146 966 18 16.350
147 1080 43 18.640
148 1204 30 7.841
149 1225 9 31.650
150 219 35 53.508
151 657 16 28.280
152 242 7 42.930
153 1094 53 41.945
154 1223 22 43.358
155 96 31 45.660
156 629 26 88.765
157 53 54 67.371
158 725 11 5.185
159 81 13 50.793
160 1346 58 62.013
161 1002 59 27.964
162 1435 55 72.423
163 598 35 31.296
164 1042 49 14.736
165 583 22 57.042
166 692 15 57.415
167 21 56 98.006
168 477 50 8.779
169 1426 52 83.334
170 1405 59 49.736
171 1269 17 91.909
172 818 4 69.539
173 783 54 79.005
174 1021 27 73.534
175 814 47 9.697
176 352 41 0.079
177 1064 19 95.363
178 1074 57 65.974
179 245 19 76.949
180 1323 49 29.228
181 1103 26 5.017
182 184 37 21.965
183 1418 28 59.049
184 1140 60 35.159
185 889 40 45.495
186 995 8 87.494
187 1179 46 34.214
188 455 12 49.018
189 247 15 79.560
190 1125 46 39.009
191 844 48 41.334
192 935 37 71.748
193 1178 55 8.495
194 1373 18 79.213
195 114 21 93.753
196 1121 42 57.285
197 307 44 28.390
198 1319 10 87.769
199 304 49 16.466
200 1417 33 3.542