200
1 1034 35 71.358
2 971 46 42.972
3 1365 39 8.509
4 309 21 38.440
5 430 5 17.120
6 1396 50 73.889
7 1012 42 21.989
8 778 3 96.026
9 1429 27 30.277
10 745 14 2.670
11 743 6 55.415
12 489 55 22.504
13 860 5 96.506
14 1020 41 95.973
15 1181 42 59.610
16 190 35 64.071
17 120 57 69.709
18 664 4 43.496
19 256 32 73.362
20 804 35 44.164
21 69 25 48.178
22 855 5 30.301
23 1127 34 96.776
24 852 1 69.282
25 876 41 17.848
26 1156 32 61.458
27 1271 17 75.512
28 277 58 46.753
29 577 34 51.725
30 724 33 31.427
31 880 30 21.376
32 1235 28 20.766
33 678 2 42.444
34 901 8 88.229
35 720 2 87.930
36 388 35 51.597
37 747 38 13.545
38 407 44 63.581
39 1422 28 99.931
40 1356 50 36.730
41 622 22 82.451
42 1344 46 44.742
43 1007 53 15.838
44 774 52 92.182
45 1087 28 98.355
46 145 15 34.070
47 1204 34 57.040
48 57 9 64.501
49 330 30 75.908
50 234 34 57.079
51 818 22 24.126
52 355 58 77.619
53 34 53 48.136
54 120 26 74.724
55 12 38 79.209
56 580 24 97.510
57 1123 8 7.446
58 1114 5 62.214
59 1179 23 88.447
60 519 26 3.597
61 12 13 33.596
62 617 27 35.141
63 1280 22 65.116
64 1088 58 82.747
65 1226 27 17.677
66 194 21 80.342
67 556 5 92.870
68 196 17 0.272
69 800 30 63.100
70 264 37 69.388
71 352 46 94.377
72 469 31 93.949
73 380 55 18.074
74 723 34 10.165
75 1196 40 28.549
76 400 44 29.437
77 785 16 31.301
78 1106 51 65.502
79 130 10 86.164
80 90 12 59.624
81 1076 42 36.496
82 1135 38 50.931
83 132 24 96.928
84 1018 52 92.449
85 42 41 11.182
86 566 50 71.461
87 1156 10 0.653
88 800 5 39.803
89 293 3 32.844
90 853 28 46.791
91 602 29 85.708
92 886 33 10.833
93 570 50 54.453
94 622 24 92.455
95 11 16 89.307
96 1247 21 25.682
97 985 14 28.390
98 793 2 99.299
99 1218 4 70.909
100 1429 47 96.379
101 721 39 58.013
102 1330 51 11.621
103 884 33 53.813
104 993 4 54.106
105 481 51 74.432
106 695 24 66.370
107 765 57 44.352
108 1170 54 98.749
109 1064 39 51.864
110 505 5 73.559
111 1097 17 49.713
112 694 60 74.558
113 13 57 19.464
114 1216 49 97.640
115 1217 51 40.150
116 1082 48 14.329
117 497 28 59.932
118 217 2 68.153
119 621 2 67.083
120 21 16 38.441
121 181 32 18.780
122 604 58 93.721
123 836 46 54.894
124 251 31 45.665
125 141 30 16.540
126 617 12 29.888
127 863 27 91.520
128 496 1 42.300
129 328 21 52.448
130 86 33 97.340
131 447 34 64.295
132 344 42 54.928
133 65 56 96.493
134 1306 57 63.262
135 1249 48 60.223
136 575 55 65.808
137 1341 32 90.313
138 762 48 78.989
139 419 10 52.678
140 1149 52 58.633
141 949 34 55.947
142 1188 8 96.481
143 1240 58 35.097
144 546 12 43.243
145 786 48 29.733
146 1233 39 93.410
147 392 55 82.735
148 296 43 51.873
149 1333 48 22.014
150 151 42 36.047
151 1207 55 89.646
152 665 22 23.357
153 1247 47 93.045
154 1278 17 70.457
155 770 54 39.927
156 1408 38 46.632
157 13 49 45.518
158 344 41 55.826
159 655 60 99.375
160 670 60 70.085
161 1290 8 10.664
162 1301 13 91.437
163 1191 17 45.001
164 673 19 43.917
165 212 57 43.540
166 143 43 11.193
167 506 49 60.636
168 637 21 52.103
169 833 60 33.853
170 97 54 36.722
171 1191 42 66.183
172 954 1 45.278
173 1176 51 31.833
174 44 4 87.085
175 454 54 49.943
176 1008 58 89.982
177 1350 8 81.330
178 95 50 55.816
179 819 31 8.755
180 551 25 50.539
181 1184 43 38.553
182 484 14 60.877
183 631 57 5.176
184 412 52 34.382
185 410 56 28.808
186 73 16 96.537
187 1040 13 10.505
188 1144 45 12.765
189 1127 50 16.016
190 71 4 55.322
191 231 52 37.977
192 605 49 14.713
193 1239 43 4.722
194 884 53 9.234
195 93 38 80.442
196 573 20 31.859
197 921 9 74.134
198 805 33 83.099
199 1426 32 51.522
200 261 29 54.501