200
1 1357 23 57.288
2 614 9 27.680
3 157 2 1.320
4 733 2 75.101
5 2 55 95.387
6 901 4 11.913
7 761 55 55.796
8 1162 15 98.224
9 31 34 65.358
10 1413 43 14.404
11 682 35 73.493
12 1371 29 88.047
13 22 16 79.412
14 627 46 21.081
15 383 11 28.736
16 152 27 2.638
17 1056 32 37.204
18 147 45 18.498
19 67 59 14.756
20 256 36 86.406
21 1247 56 12.519
22 1193 3 57.358
23 1307 41 42.083
24 304 34 83.963
25 515 45 90.897
26 485 59 90.189
27 684 25 54.447
28 1397 49 14.295
29 363 42 5.697
30 642 37 69.810
31 1429 41 54.087
32 267 29 49.062
33 399 34 49.873
34 1022 40 60.354
35 868 22 46.575
36 197 26 84.640
37 1142 45 69.727
38 867 41 24.834
39 1026 5 28.745
40 286 29 86.139
41 745 8 39.347
42 777 6 96.298
43 256 11 88.277
44 864 51 78.674
45 249 40 81.142
46 314 43 0.617
47 1221 31 12.160
48 593 5 97.835
49 821 38 69.133
50 897 13 48.094
51 746 54 38.157
52 1018 10 51.546
53 1353 23 30.809
54 131 38 70.790
55 739 35 78.549
56 948 23 48.293
57 917 15 34.416
58 470 3 31.566
59 689 18 68.215
60 1042 44 18.621
61 691 1 66.667
62 1289 19 24.157
63 1270 37 0.986
64 933 41 9.574
65 458 27 88.564
66 1153 9 36.131
67 1438 54 11.964
68 1372 45 86.936
69 1145 38 46.357
70 194 46 56.788
71 92 16 21.154
72 27 8 32.162
73 1165 13 75.886
74 777 40 4.511
75 896 59 10.270
76 957 54 76.938
77 1114 30 95.179
78 306 29 73.173
79 922 10 4.368
80 666 59 14.596
81 387 60 86.906
82 1278 19 96.278
83 817 53 9.647
84 978 50 14.759
85 257 60 83.033
86 965 2 34.329
87 418 14 2.407
88 835 35 41.210
89 1418 51 2.688
90 665 8 74.198
91 1407 41 71.556
92 181 2 47.142
93 867 45 62.836
94 337 24 75.908
95 765 58 81.214
96 825 12 3.211
97 648 50 43.691
98 83 28 28.472
99 769 31 2.669
100 292 44 54.639
101 445 32 77.782
102 1284 33 47.455
103 284 35 46.256
104 954 59 60.520
105 442 20 56.366
106 934 26 63.360
107 795 48 50.888
108 1413 56 26.437
109 139 38 49.855
110 1030 32 33.217
111 1151 53 5.145
112 671 11 90.059
113 1009 33 30.524
114 466 30 78.810
115 1249 1 48.819
116 245 33 53.903
117 379 5 70.352
118 939 4 9.235
119 1257 55 1.244
120 1026 21 7.748
121 851 16 56.769
122 1068 48 60.181
123 385 42 98.978
124 187 11 36.587
125 761 32 78.267
126 1319 5 79.714
127 696 12 27.195
128 980 50 20.835
129 15 40 12.263
130 373 28 76.557
131 103 25 20.078
132 727 17 38.974
133 956 31 71.199
134 691 31 88.264
135 1366 48 51.132
136 751 17 40.195
137 844 55 51.715
138 183 47 9.993
139 499 4 69.636
140 659 47 19.491
141 406 43 57.993
142 712 29 82.304
143 221 18 84.381
144 715 25 5.780
145 532 5 32.779
146 260 50 91.620
147 834 41 6.112
148 1336 23 46.114
149 832 19 54.024
150 180 1 96.101
151 12 3 55.733
152 850 19 88.192
153 1040 30 5.839
154 540 14 13.205
155 1218 23 9.317
156 44 28 79.741
157 1132 5 99.493
158 13 4 56.558
159 549 15 70.780
160 283 56 47.918
161 751 18 38.762
162 1091 54 64.116
163 395 24 79.459
164 619 42 47.672
165 231 42 44.660
166 235 60 53.256
167 864 55 16.270
168 428 39 22.487
169 807 18 19.016
170 953 47 77.370
171 1191 15 5.828
172 52 48 51.351
173 819 7 67.177
174 345 17 66.962
175 193 19 55.424
176 1416 45 63.836
177 489 6 87.246
178 1115 7 81.249
179 90 31 14.312
180 832 60 82.311
181 623 56 59.588
182 671 13 63.950
183 1350 46 50.751
184 814 10 49.550
185 1169 10 64.418
186 902 53 42.046
187 213 28 81.635
188 920 56 51.729
189 1396 37 43.774
190 722 1 38.135
191 1055 19 37.430
192 367 2 54.370
193 238 24 9.535
194 638 52 79.078
195 1173 5 94.553
196 342 37 9.149
197 326 21 52.956
198 938 54 52.773
199 589 54 93.861
200 954 42 1.370