200
1 384 27 85.283
2 349 20 77.328
3 1041 7 58.966
4 204 16 75.477
5 1414 50 77.333
6 491 36 94.833
7 692 7 93.936
8 401 30 38.264
9 135 52 3.204
10 1032 60 90.813
11 416 27 89.145
12 41 34 17.879
13 136 60 95.627
14 248 51 22.411
15 234 59 94.421
16 917 40 2.277
17 989 58 13.097
18 32 28 82.344
19 654 42 27.385
20 939 29 92.600
21 681 43 75.578
22 1144 38 29.294
23 935 18 69.852
24 690 18 41.577
25 123 30 83.906
26 298 20 88.266
27 1436 36 84.062
28 1193 21 79.068
29 1011 12 69.664
30 218 37 26.978
31 646 30 81.571
32 948 55 30.594
33 1420 36 77.477
34 793 42 78.718
35 1304 57 35.614
36 1168 40 55.044
37 739 14 36.925
38 1254 51 30.595
39 72 32 37.232
40 696 38 30.329
41 202 39 54.733
42 455 51 15.299
43 1 10 61.226
44 615 8 7.997
45 192 20 19.229
46 1367 14 0.377
47 698 45 2.806
48 110 32 66.203
49 1242 57 68.277
50 978 4 71.610
51 900 32 35.032
52 192 26 81.580
53 715 33 13.498
54 296 2 81.793
55 1117 20 45.402
56 812 13 54.136
57 1070 45 97.236
58 1266 18 29.922
59 440 8 75.129
60 1337 23 77.793
61 261 32 32.324
62 763 42 19.329
63 927 36 72.681
64 138 16 46.834
65 1116 3 49.465
66 568 13 26.246
67 374 24 1.521
68 232 56 46.906
69 1059 51 12.969
70 716 17 5.427
71 1306 22 75.818
72 1057 5 76.242
73 391 5 20.840
74 749 25 97.909
75 1243 32 49.357
76 380 10 93.319
77 1249 51 13.950
78 528 33 15.806
79 541 31 97.493
80 971 59 52.475
81 717 45 62.852
82 175 51 10.694
83 224 39 71.509
84 533 12 56.995
85 721 10 13.249
86 1044 4 46.565
87 630 32 44.154
88 769 41 31.919
89 362 60 36.382
90 618 9 32.147
91 325 29 67.024
92 1364 24 24.614
93 520 17 74.885
94 735 10 37.965
95 802 44 78.356
96 1148 12 57.374
97 1368 9 72.761
98 842 41 67.948
99 733 56 71.034
100 845 58 50.851
101 420 59 42.853
102 980 31 94.817
103 837 33 37.825
104 1316 42 14.502
105 1033 11 24.930
106 1015 25 93.889
107 1096 55 82.883
108 267 18 81.888
109 758 8 67.821
110 127 35 98.973
111 42 51 74.515
112 935 43 88.847
113 1199 25 60.410
114 1219 47 91.834
115 157 9 69.031
116 874 7 63.015
117 438 51 3.934
118 195 16 51.851
119 910 17 28.350
120 441 39 14.650
121 412 5 86.454
122 770 7 6.605
123 653 50 44.989
124 142 4 98.165
125 624 25 42.341
126 1202 48 49.232
127 29 14 53.264
128 1106 28 77.507
129 1201 26 35.230
130 802 34 0.975
131 655 34 61.965
132 856 51 43.541
133 945 14 41.912
134 757 18 6.561
135 293 5 57.295
136 795 14 75.077
137 590 45 70.830
138 1067 12 7.532
139 501 55 36.284
140 688 10 32.691
141 78 40 89.577
142 760 59 62.430
143 839 49 18.464
144 1024 54 56.904
145 906 4 14.018
146 1072 9 28.303
147 345 39 40.985
148 229 39 57.893
149 1351 23 1.111
150 591 18 92.128
151 629 60 73.819
152 191 46 4.266
153 332 38 28.263
154 1289 60 85.490
155 1088 35 4.457
156 207 29 62.532
157 1425 45 33.247
158 1338 20 53.917
159 64 46 18.709
160 310 45 6.264
161 962 44 95.314
162 1040 35 36.766
163 1117 17 56.652
164 5 39 78.904
165 585 18 84.678
166 687 4 84.489
167 1070 4 11.536
168 712 34 42.756
169 877 31 11.139
170 1408 13 61.732
171 510 8 91.731
172 402 44 98.525
173 514 48 32.448
174 305 26 23.049
175 765 21 31.602
176 116 20 62.735
177 468 41 22.534
178 155 23 2.621
179 942 51 27.205
180 984 30 78.724
181 928 14 27.879
182 334 60 53.495
183 199 23 13.365
184 204 26 17.816
185 1231 46 71.441
186 784 47 58.557
187 811 8 70.055
188 1326 24 73.448
189 303 39 65.461
190 1074 60 49.202
191 1002 5 18.748
192 1300 41 22.295
193 366 36 12.076
194 681 53 4.325
195 909 42 57.502
196 306 54 52.814
197 1067 31 33.280
198 171 42 8.861
199 809 27 74.151
200 660 43 38.241