200
1 461 59 83.686
2 1395 37 95.514
3 996 23 90.211
4 911 34 29.713
5 1219 18 7.542
6 47 54 67.396
7 778 34 69.569
8 818 14 66.831
9 345 38 56.201
10 1257 55 88.161
11 907 27 96.060
12 978 19 45.566
13 1071 19 23.413
14 139 20 70.140
15 327 20 20.835
16 539 55 61.642
17 682 44 4.730
18 1376 8 27.503
19 1117 48 97.788
20 514 36 23.127
21 583 26 42.532
22 645 47 81.208
23 1181 24 83.371
24 1210 3 57.191
25 716 28 56.216
26 1001 3 13.196
27 883 12 88.285
28 637 59 20.368
29 669 9 59.041
30 17 38 85.343
31 545 54 29.178
32 402 3 25.339
33 403 28 86.451
34 1392 60 20.088
35 237 55 45.902
36 98 56 98.359
37 326 60 70.035
38 119 5 78.533
39 688 50 14.718
40 1169 1 61.189
41 809 7 76.634
42 628 24 10.160
43 151 22 53.807
44 1397 41 86.388
45 858 33 95.196
46 1185 35 90.425
47 826 59 65.269
48 552 37 85.209
49 161 46 83.276
50 207 56 72.378
51 258 46 11.729
52 1179 50 45.532
53 459 15 80.620
54 1082 7 63.599
55 1374 12 84.929
56 443 43 33.971
57 925 14 40.487
58 1092 14 18.841
59 1396 12 78.695
60 167 44 66.242
61 829 52 9.315
62 1294 13 63.053
63 496 50 81.144
64 160 17 1.382
65 658 42 77.412
66 457 25 1.217
67 34 21 21.901
68 1040 37 74.833
69 1131 40 97.523
70 1035 29 81.620
71 18 14 69.665
72 863 49 30.006
73 761 23 41.999
74 816 59 93.465
75 443 22 4.926
76 782 23 8.770
77 964 39 87.147
78 324 46 43.543
79 157 41 83.073
80 905 19 99.909
81 148 5 69.930
82 292 45 97.151
83 690 22 82.335
84 1326 39 70.176
85 1007 23 77.584
86 1003 34 76.426
87 455 11 68.545
88 521 34 6.039
89 526 43 22.911
90 185 52 49.734
91 389 43 46.484
92 125 36 5.425
93 935 34 77.959
94 631 4 69.579
95 770 5 40.154
96 1327 52 92.140
97 1318 29 30.901
98 1187 55 81.816
99 739 1 75.263
100 153 21 64.084
101 432 26 31.306
102 354 13 63.216
103 141 50 0.863
104 1015 52 21.051
105 162 39 6.143
106 1158 48 43.401
107 1003 56 69.757
108 253 35 29.935
109 485 13 21.881
110 750 55 40.327
111 615 49 57.831
112 1437 27 78.487
113 275 51 45.675
114 466 49 70.494
115 1279 48 39.052
116 335 54 82.713
117 1098 53 73.448
118 476 3 46.676
119 470 22 27.654
120 1019 54 15.411
121 522 26 28.254
122 1002 33 8.687
123 66 14 55.988
124 862 16 40.652
125 60 16 90.705
126 447 27 50.236
127 1172 45 27.587
128 260 26 10.769
129 247 45 72.339
130 1095 15 98.052
131 469 6 43.077
132 864 46 46.427
133 121 44 79.564
134 730 60 57.500
135 1188 40 72.106
136 523 31 68.219
137 342 2 96.572
138 1241 7 93.123
139 1439 50 80.224
140 1379 25 37.409
141 1346 28 61.682
142 1385 58 45.156
143 811 56 54.805
144 1097 26 2.002
145 711 26 84.031
146 587 52 12.064
147 998 35 20.096
148 1045 28 5.884
149 1325 58 86.791
150 998 35 37.375
151 1208 16 2.492
152 648 42 45.523
153 58 60 94.413
154 1101 15 40.108
155 156 37 84.951
156 611 22 51.794
157 348 34 83.163
158 501 47 50.471
159 1076 26 2.372
160 1330 36 50.259
161 1399 43 94.902
162 497 27 60.842
163 654 2 91.606
164 601 48 53.171
165 211 57 55.851
166 49 28 52.787
167 824 36 63.698
168 1355 52 31.570
169 601 53 92.523
170 765 57 24.713
171 1259 28 35.185
172 169 49 71.981
173 1094 42 60.102
174 276 36 56.246
175 65 20 89.813
176 1147 4 54.456
177 1209 20 95.409
178 766 6 73.794
179 1292 25 2.198
180 604 23 63.294
181 616 17 44.425
182 650 43 99.970
183 741 16 29.821
184 43 3 43.079
185 645 55 7.727
186 517 7 57.373
187 1405 44 47.771
188 1226 42 31.583
189 1218 23 29.035
190 725 18 55.827
191 735 33 21.176
192 1320 8 24.236
193 1083 32 3.198
194 1437 38 64.202
195 598 17 25.740
196 184 41 65.313
197 163 37 11.939
198 1405 26 36.203
199 540 60 36.868
200 1037 18 78.141