200
1 1267 43 18.105
2 16 43 3.262
3 1070 26 89.737
4 274 9 13.185
5 980 14 52.583
6 563 31 22.722
7 52 54 97.130
8 1379 22 5.165
9 102 28 1.857
10 52 12 47.869
11 290 33 27.247
12 267 36 85.130
13 1071 30 35.275
14 71 54 86.176
15 832 2 81.787
16 890 51 96.716
17 1240 46 77.609
18 225 43 70.588
19 922 12 98.850
20 1394 13 28.157
21 1089 51 92.622
22 268 22 32.520
23 486 46 17.234
24 1271 49 92.932
25 324 48 41.872
26 326 11 27.893
27 635 27 23.200
28 46 49 37.580
29 213 2 35.521
30 353 30 48.570
31 1178 49 75.095
32 1102 58 86.839
33 1239 37 92.284
34 792 4 87.768
35 150 45 80.836
36 465 21 34.324
37 1119 37 97.797
38 1254 22 58.805
39 311 19 20.274
40 250 51 83.021
41 1363 42 69.904
42 56 30 84.860
43 468 10 96.275
44 819 57 98.817
45 350 35 43.495
46 424 21 27.919
47 624 36 71.029
48 183 14 58.789
49 1207 47 41.497
50 820 14 9.946
51 814 9 86.861
52 658 18 31.178
53 1398 17 51.608
54 1336 25 31.448
55 991 3 91.881
56 893 22 85.092
57 1084 32 52.320
58 422 18 41.353
59 1422 16 50.962
60 218 1 53.237
61 388 4 95.123
62 340 21 33.463
63 191 41 82.931
64 435 34 48.386
65 899 45 9.926
66 1082 14 48.354
67 346 29 18.325
68 1161 47 66.198
69 32 1 33.985
70 912 46 86.132
71 465 19 88.561
72 816 25 2.288
73 545 4 97.531
74 1126 23 11.918
75 427 8 49.338
76 357 14 90.417
77 32 33 67.245
78 355 14 96.132
79 150 39 78.386
80 1315 58 81.848
81 1139 6 12.309
82 136 4 8.076
83 845 50 32.644
84 288 46 62.385
85 1129 39 60.750
86 1367 36 65.596
87 1271 26 61.973
88 1289 42 6.393
89 29 15 38.176
90 209 16 58.578
91 471 11 4.344
92 652 13 78.716
93 1029 54 35.085
94 1021 13 17.281
95 65 50 0.153
96 799 2 22.815
97 966 48 13.824
98 221 22 79.173
99 694 37 0.050
100 2 41 15.698
101 382 56 38.176
102 554 55 30.773
103 842 36 99.803
104 982 31 0.660
105 650 27 70.156
106 220 12 58.337
107 825 59 95.348
108 37 21 60.476
109 750 51 4.828
110 1342 55 32.488
111 29 16 10.163
112 598 4 62.682
113 511 22 56.441
114 353 54 55.106
115 1311 45 37.269
116 1328 42 67.968
117 1415 54 83.615
118 651 53 8.592
119 1398 1 7.414
120 564 6 60.784
121 272 55 98.279
122 831 33 34.664
123 678 32 66.825
124 560 46 77.280
125 794 16 3.672
126 571 48 89.477
127 51 11 15.229
128 282 46 55.129
129 307 32 36.290
130 53 53 99.661
131 1437 34 52.260
132 176 15 42.811
133 1358 31 54.013
134 1314 31 53.054
135 813 51 0.592
136 1075 45 65.645
137 408 50 85.571
138 481 19 36.247
139 512 32 2.081
140 407 5 74.107
141 186 49 66.838
142 1428 31 64.835
143 939 32 52.302
144 890 43 56.911
145 467 9 95.359
146 901 55 23.315
147 1057 27 77.382
148 1339 1 70.144
149 619 39 34.123
150 972 21 73.414
151 655 54 96.745
152 322 37 80.391
153 135 32 56.899
154 1153 39 74.887
155 958 5 78.976
156 1319 8 53.321
157 100 8 98.410
158 944 4 66.133
159 92 2 44.303
160 496 21 65.414
161 448 45 8.602
162 1410 4 96.113
163 52 39 74.437
164 858 45 99.467
165 1308 55 23.655
166 794 34 72.480
167 1205 40 51.893
168 834 25 25.555
169 809 38 73.581
170 581 58 80.319
171 271 4 50.339
172 480 60 31.714
173 407 49 50.715
174 1174 14 91.788
175 588 41 61.627
176 454 26 36.012
177 85 14 96.123
178 313 50 42.142
179 1004 30 22.085
180 441 5 12.580
181 983 6 24.238
182 1118 24 14.272
183 510 37 68.401
184 1008 24 15.127
185 428 49 48.295
186 757 10 64.458
187 225 36 15.023
188 1168 15 40.649
189 167 1 0.168
190 740 56 94.708
191 1317 33 5.408
192 159 21 34.743
193 932 22 36.208
194 1371 12 18.819
195 774 37 42.964
196 396 12 92.499
197 442 53 11.245
198 1073 27 18.338
199 1378 8 36.085
200 240 23 93.269