200
1 346 7 7.418
2 235 33 20.241
3 922 21 98.194
4 1384 46 10.974
5 494 16 31.049
6 935 9 41.760
7 1098 37 7.192
8 426 60 20.790
9 1388 25 69.938
10 314 11 43.757
11 225 15 65.964
12 348 18 9.140
13 219 13 14.631
14 682 48 6.402
15 12 17 62.346
16 847 11 19.060
17 170 6 77.561
18 324 34 47.681
19 1044 13 35.612
20 671 47 56.542
21 769 58 24.109
22 1385 41 4.391
23 1152 60 43.219
24 739 45 30.364
25 1127 20 88.616
26 72 32 47.648
27 695 44 87.336
28 176 34 95.275
29 251 51 35.442
30 77 48 17.003
31 1174 4 8.243
32 70 58 20.388
33 288 20 81.271
34 634 11 60.928
35 708 52 11.716
36 73 37 56.806
37 791 2 97.773
38 922 14 41.339
39 1253 48 30.278
40 330 22 72.140
41 1288 58 45.494
42 155 12 22.244
43 260 31 2.782
44 930 43 10.374
45 417 19 49.977
46 273 38 40.630
47 748 2 47.027
48 1359 54 16.199
49 211 30 67.213
50 67 26 63.115
51 230 44 90.162
52 589 5 75.838
53 242 6 94.006
54 515 52 35.779
55 629 29 87.569
56 896 33 1.846
57 1243 30 77.970
58 1009 25 61.442
59 809 30 55.138
60 1305 18 87.682
61 1282 26 88.951
62 756 53 0.441
63 164 40 11.210
64 110 49 85.451
65 887 18 23.705
66 561 43 60.965
67 542 11 81.428
68 924 18 11.782
69 382 49 60.840
70 228 29 1.516
71 955 52 30.621
72 833 51 88.671
73 349 52 13.187
74 283 45 86.349
75 1034 10 82.706
76 493 9 38.290
77 660 14 90.040
78 1417 37 52.165
79 610 23 60.302
80 457 20 43.944
81 221 57 1.327
82 663 37 18.479
83 694 6 14.881
84 1339 8 58.988
85 680 2 64.066
86 1363 21 17.393
87 1175 40 33.899
88 75 23 49.760
89 1320 11 72.214
90 429 41 30.261
91 710 28 6.728
92 816 49 99.400
93 1110 4 22.280
94 636 22 11.408
95 788 40 80.645
96 1380 23 35.984
97 932 35 6.002
98 219 18 71.668
99 1040 21 71.281
100 403 29 57.280
101 922 17 34.164
102 211 53 77.654
103 747 26 22.889
104 382 37 10.148
105 655 48 27.978
106 1299 5 8.230
107 1244 60 52.910
108 353 49 89.653
109 521 17 28.361
110 73 51 95.020
111 653 49 70.839
112 675 46 98.876
113 1196 46 2.614
114 626 7 34.678
115 777 4 88.861
116 852 20 47.771
117 232 8 93.724
118 1218 51 54.864
119 981 2 4.130
120 645 12 63.323
121 220 8 91.520
122 1157 39 84.004
123 579 19 68.902
124 1038 34 14.048
125 1168 51 55.729
126 291 12 46.097
127 268 45 9.895
128 836 19 19.896
129 803 20 16.402
130 216 51 11.296
131 748 55 15.993
132 14 16 61.092
133 1409 26 75.483
134 1155 48 95.595
135 415 45 66.923
136 1141 48 92.611
137 1210 14 60.651
138 997 55 74.760
139 251 25 53.309
140 776 39 38.270
141 522 55 31.420
142 274 56 72.491
143 1317 46 78.882
144 1402 45 0.587
145 1204 10 91.468
146 516 23 86.803
147 614 53 19.314
148 729 5 69.471
149 584 31 6.466
150 29 37 28.813
151 498 56 37.607
152 243 60 23.281
153 1267 28 31.671
154 646 54 35.212
155 825 2 52.343
156 710 2 89.774
157 943 38 66.063
158 25 8 37.060
159 1112 55 90.308
160 232 19 5.693
161 341 17 85.808
162 642 13 2.748
163 878 59 0.760
164 195 17 92.119
165 1401 58 64.385
166 723 42 89.642
167 1126 4 13.074
168 1036 42 98.320
169 212 32 97.176
170 1238 26 2.138
171 132 6 57.235
172 1235 13 88.175
173 662 23 0.460
174 790 2 34.192
175 1419 59 43.872
176 48 44 56.022
177 360 38 55.641
178 48 33 15.276
179 137 48 8.152
180 95 31 71.090
181 1316 19 87.149
182 416 14 89.012
183 613 25 81.699
184 1058 49 16.844
185 1206 49 50.148
186 1115 52 57.017
187 709 25 50.818
188 1307 16 63.890
189 1250 26 53.758
190 1429 46 22.494
191 997 2 57.613
192 678 18 58.578
193 455 44 24.740
194 986 51 66.720
195 1165 8 57.361
196 284 45 13.465
197 375 27 37.645
198 1200 24 91.034
199 994 59 1.749
200 1235 36 76.537