200
1 961 56 58.985
2 1357 60 39.477
3 1386 21 94.624
4 264 40 36.222
5 1237 4 37.279
6 568 56 44.955
7 954 4 96.935
8 903 52 40.558
9 1439 49 32.307
10 876 17 9.977
11 349 35 14.499
12 1088 30 96.953
13 56 37 80.962
14 1417 9 55.875
15 914 39 31.660
16 893 34 79.553
17 1149 56 55.554
18 737 28 30.822
19 725 55 6.963
20 765 24 13.268
21 422 16 74.180
22 1026 54 28.923
23 900 58 18.611
24 941 11 41.760
25 1249 39 53.825
26 700 52 62.449
27 948 10 7.446
28 280 6 64.933
29 15 28 63.974
30 1204 38 74.213
31 110 22 58.513
32 298 30 81.348
33 114 59 77.451
34 228 60 15.592
35 111 11 33.107
36 514 52 10.651
37 859 51 36.355
38 633 27 39.647
39 1071 32 80.178
40 566 60 97.893
41 1012 22 91.022
42 963 54 24.513
43 707 52 28.790
44 440 19 32.967
45 1227 3 5.834
46 1364 4 55.664
47 188 59 53.381
48 1224 14 47.705
49 1360 21 12.408
50 1372 17 86.465
51 1406 23 36.737
52 1145 33 24.629
53 737 2 82.132
54 700 8 61.027
55 1068 53 25.409
56 849 40 5.251
57 1205 20 41.982
58 691 51 84.108
59 655 32 97.064
60 240 41 38.268
61 1295 56 41.076
62 1018 8 10.302
63 1056 29 62.778
64 330 51 82.186
65 1431 37 63.903
66 853 21 51.796
67 35 40 88.842
68 900 50 98.436
69 408 55 95.612
70 385 5 24.919
71 617 24 23.770
72 1285 4 14.587
73 291 12 29.349
74 250 32 22.009
75 546 53 72.518
76 983 41 20.295
77 189 40 0.602
78 898 49 76.277
79 77 1 15.527
80 657 18 69.381
81 246 20 33.266
82 1211 35 56.219
83 1286 37 80.641
84 1396 35 10.567
85 556 25 53.874
86 1132 25 66.276
87 646 33 52.872
88 1212 43 99.653
89 1206 41 64.534
90 1004 49 57.378
91 1270 39 0.808
92 964 21 36.738
93 810 41 40.084
94 722 48 82.550
95 236 3 32.040
96 503 53 43.941
97 1054 38 77.208
98 1033 18 89.586
99 390 20 36.063
100 1056 26 57.150
101 763 33 54.696
102 1086 3 51.630
103 94 27 93.954
104 553 54 25.238
105 1089 6 39.042
106 608 1 31.640
107 922 50 26.653
108 1263 7 24.855
109 1421 28 42.672
110 1373 14 68.276
111 1086 22 72.748
112 666 53 16.232
113 451 31 72.736
114 1058 38 47.555
115 545 22 58.516
116 1371 1 18.006
117 134 25 6.737
118 223 16 88.625
119 159 23 59.655
120 863 24 95.699
121 1224 3 36.569
122 1345 59 28.272
123 360 45 15.488
124 847 39 32.481
125 1315 55 9.186
126 1400 2 54.442
127 1052 24 45.994
128 1327 15 38.492
129 60 45 41.869
130 557 33 87.632
131 206 4 60.241
132 716 17 63.659
133 1431 34 17.687
134 503 47 88.234
135 701 53 10.041
136 1157 17 80.526
137 1222 2 20.113
138 901 9 87.918
139 925 54 57.165
140 850 4 1.591
141 1198 19 57.008
142 1052 13 3.886
143 929 48 58.775
144 1295 24 69.640
145 515 22 57.407
146 1104 28 34.686
147 1316 24 47.889
148 1009 58 19.781
149 891 45 10.675
150 803 11 78.495
151 1154 56 52.438
152 1152 60 29.152
153 1365 3 46.588
154 1171 3 35.985
155 475 52 79.669
156 133 29 90.086
157 756 34 83.591
158 1162 28 43.765
159 433 16 34.759
160 1142 53 53.675
161 723 52 48.407
162 622 57 23.714
163 360 44 57.416
164 3 13 46.618
165 1351 40 11.581
166 1162 49 25.589
167 1291 48 52.529
168 1116 9 39.166
169 1115 51 23.611
170 392 60 48.050
171 1276 36 81.078
172 172 1 64.902
173 381 17 71.396
174 51 18 81.770
175 575 19 11.747
176 465 47 84.242
177 900 29 23.842
178 408 52 41.107
179 57 39 54.276
180 937 3 21.229
181 1436 21 14.613
182 910 42 63.123
183 1360 14 8.202
184 388 34 87.647
185 90 17 82.699
186 251 33 5.159
187 991 29 72.411
188 1212 11 69.958
189 912 42 54.112
190 233 2 26.192
191 658 20 95.833
192 634 24 65.814
193 1048 43 34.329
194 1350 46 31.397
195 1023 13 25.854
196 622 42 85.133
197 874 40 64.958
198 325 13 9.679
199 8 50 11.105
200 1119 5 88.505