200
1 1126 38 94.843
2 936 53 82.710
3 1436 45 87.901
4 450 30 74.518
5 1433 9 33.414
6 738 44 93.876
7 436 36 25.341
8 335 48 70.861
9 936 52 22.590
10 160 46 48.044
11 1042 21 51.730
12 1087 57 11.832
13 256 4 40.899
14 861 48 89.294
15 772 56 57.931
16 217 13 57.477
17 350 56 8.564
18 253 29 4.408
19 571 31 78.360
20 922 41 48.003
21 954 38 54.514
22 1193 31 69.769
23 399 39 44.955
24 1374 30 93.382
25 611 59 84.041
26 1127 44 95.853
27 337 2 5.100
28 788 36 74.927
29 381 37 41.222
30 801 4 88.667
31 1391 6 83.765
32 54 26 9.051
33 422 30 33.166
34 842 9 43.888
35 1074 23 13.451
36 1121 58 71.583
37 813 26 6.209
38 411 19 96.522
39 934 51 91.674
40 863 34 97.904
41 1424 20 24.135
42 1431 49 79.260
43 189 21 32.663
44 492 53 40.256
45 1436 1 67.939
46 1242 1 64.728
47 1419 41 63.268
48 1296 6 84.940
49 151 33 32.423
50 369 31 77.272
51 466 30 77.800
52 840 4 66.147
53 463 31 40.451
54 590 53 79.624
55 675 54 80.847
56 725 56 58.021
57 1080 13 54.370
58 460 18 20.127
59 588 29 59.152
60 1187 46 89.189
61 617 12 94.341
62 713 30 74.651
63 1429 34 88.265
64 14 36 15.130
65 1390 42 37.721
66 1310 42 38.543
67 925 11 7.773
68 886 38 96.831
69 88 1 53.651
70 129 55 15.747
71 920 54 16.941
72 247 55 77.450
73 332 5 19.895
74 1126 28 54.187
75 858 6 91.612
76 857 22 2.005
77 483 6 55.973
78 1204 56 80.560
79 353 38 37.372
80 720 33 47.131
81 1319 13 89.390
82 629 43 19.887
83 908 28 57.291
84 619 30 79.165
85 389 37 90.933
86 100 34 29.672
87 319 56 29.191
88 309 20 93.068
89 1002 4 88.425
90 1388 15 22.064
91 228 7 26.049
92 1120 23 64.250
93 481 12 27.131
94 271 35 71.761
95 128 37 63.568
96 646 41 81.865
97 1073 37 58.793
98 1043 41 65.826
99 663 39 16.189
100 402 32 58.996
101 1400 25 7.582
102 526 9 27.287
103 1221 22 88.589
104 134 5 11.273
105 68 32 84.518
106 449 17 3.408
107 119 3 79.213
108 770 3 60.809
109 1216 15 97.050
110 778 42 48.287
111 1159 1 4.278
112 975 56 11.012
113 1200 34 28.717
114 167 31 31.796
115 119 19 77.336
116 1409 9 90.896
117 127 32 80.009
118 211 51 4.612
119 273 39 45.847
120 1162 13 0.440
121 772 28 13.593
122 1345 19 11.542
123 124 27 16.172
124 1195 22 47.439
125 801 23 25.515
126 341 35 76.828
127 1137 46 26.454
128 682 29 73.336
129 12 49 96.037
130 584 26 63.090
131 127 32 78.721
132 853 44 34.437
133 381 5 70.802
134 206 6 99.234
135 1184 55 77.275
136 761 54 54.291
137 98 15 63.240
138 966 13 26.220
139 615 17 96.157
140 627 11 62.272
141 108 37 20.067
142 451 21 38.570
143 966 42 74.477
144 448 31 90.580
145 1257 2 53.873
146 61 37 66.201
147 281 24 11.626
148 416 52 53.345
149 533 43 2.917
150 256 33 59.252
151 1432 48 44.039
152 1102 48 55.782
153 558 44 72.081
154 655 40 60.843
155 209 30 30.727
156 491 54 45.353
157 918 28 80.065
158 320 59 48.229
159 103 58 76.754
160 789 54 54.374
161 1286 56 83.960
162 1215 57 8.344
163 529 4 56.255
164 377 60 79.173
165 31 14 12.904
166 509 55 29.750
167 887 39 77.913
168 829 46 55.850
169 161 34 34.271
170 1233 30 18.602
171 420 57 96.910
172 1427 12 74.701
173 716 39 41.786
174 162 52 90.306
175 606 56 87.310
176 932 45 28.886
177 993 51 16.127
178 1168 2 92.508
179 458 24 3.547
180 720 3 94.913
181 502 34 8.524
182 315 12 54.916
183 857 14 28.465
184 866 47 18.922
185 312 22 36.063
186 416 31 1.175
187 700 59 3.649
188 2 40 48.917
189 36 9 92.606
190 269 2 58.306
191 455 35 83.873
192 941 25 19.838
193 103 41 44.395
194 50 3 56.252
195 1414 24 87.414
196 1058 20 96.618
197 1382 11 50.882
198 811 3 90.712
199 1396 49 77.589
200 421 27 91.445