200
1 415 28 71.398
2 718 1 94.298
3 97 60 50.076
4 478 12 82.287
5 852 38 30.478
6 1279 57 7.167
7 731 25 42.652
8 201 25 60.874
9 563 29 46.071
10 118 46 1.497
11 798 48 2.471
12 1413 40 86.607
13 387 31 43.265
14 592 24 42.935
15 661 4 94.959
16 597 39 20.668
17 1152 16 87.249
18 31 41 46.997
19 524 26 62.934
20 471 48 90.705
21 1087 47 18.896
22 200 13 22.508
23 117 51 59.633
24 456 4 73.412
25 640 6 16.606
26 983 50 63.674
27 910 29 87.699
28 201 7 92.467
29 529 31 62.701
30 628 49 98.962
31 172 25 9.979
32 942 39 11.475
33 952 56 21.492
34 1256 19 80.075
35 11 14 9.946
36 340 11 52.094
37 1314 26 15.553
38 311 47 63.223
39 460 31 81.501
40 205 48 48.888
41 1335 21 89.497
42 24 7 95.683
43 1156 55 89.243
44 908 54 40.730
45 482 32 16.134
46 1191 50 26.786
47 469 17 98.936
48 476 45 55.504
49 1030 27 84.695
50 882 49 31.262
51 550 27 71.731
52 926 2 41.481
53 1054 21 38.798
54 742 42 14.838
55 438 18 2.190
56 1164 57 97.398
57 693 12 16.890
58 1398 5 29.333
59 712 1 92.782
60 774 18 34.334
61 1247 55 86.772
62 753 60 40.202
63 1247 13 40.677
64 759 44 7.030
65 1432 10 55.331
66 1279 20 59.315
67 34 44 25.689
68 364 3 14.485
69 1018 27 33.843
70 679 28 55.731
71 1322 50 60.261
72 566 20 30.629
73 1419 44 39.957
74 742 28 68.054
75 1174 31 39.525
76 1437 51 78.615
77 1073 57 19.217
78 267 55 98.108
79 696 31 47.693
80 925 28 61.603
81 1036 58 36.592
82 1397 35 93.295
83 1004 32 79.195
84 1327 58 76.573
85 112 23 11.277
86 637 14 38.217
87 1013 60 72.411
88 1150 36 15.194
89 88 50 4.196
90 450 55 17.349
91 284 35 7.536
92 102 30 42.716
93 107 3 73.610
94 1224 30 69.334
95 56 7 79.297
96 123 1 16.699
97 51 44 42.793
98 158 13 87.966
99 963 32 17.039
100 1320 33 40.417
101 900 26 46.122
102 241 43 60.614
103 685 28 73.442
104 1106 13 82.999
105 368 10 85.897
106 229 33 59.922
107 1090 45 16.084
108 960 42 26.869
109 137 1 83.238
110 2 31 74.350
111 279 38 88.661
112 166 19 99.408
113 915 56 3.252
114 972 16 6.977
115 160 49 34.227
116 63 48 77.303
117 147 46 61.481
118 16 17 55.292
119 102 17 37.437
120 495 27 43.036
121 477 55 94.375
122 74 50 37.013
123 224 23 16.685
124 233 40 1.278
125 905 3 96.061
126 1053 32 62.385
127 940 51 83.466
128 106 4 10.709
129 187 47 29.896
130 1398 7 66.994
131 1183 12 4.605
132 1075 55 7.747
133 1098 40 20.517
134 309 50 77.108
135 1075 31 88.720
136 534 22 38.885
137 115 24 73.549
138 41 53 37.611
139 906 50 40.788
140 385 36 54.244
141 1180 47 60.247
142 1292 47 56.339
143 837 3 43.721
144 996 51 58.732
145 197 42 20.785
146 736 5 35.862
147 106 44 89.883
148 999 29 7.839
149 184 41 15.425
150 1044 50 97.595
151 549 39 90.375
152 73 41 34.737
153 1040 39 28.231
154 398 18 31.022
155 630 25 44.144
156 850 56 76.184
157 708 36 55.313
158 563 12 72.289
159 1390 50 28.609
160 1092 42 39.000
161 229 48 51.918
162 859 9 80.162
163 621 8 25.241
164 291 35 34.039
165 817 16 77.887
166 16 20 91.014
167 571 15 58.068
168 1233 39 54.377
169 1344 45 33.935
170 1320 12 63.061
171 26 54 7.344
172 674 1 56.916
173 59 57 96.972
174 718 50 74.257
175 771 18 24.780
176 1406 44 50.140
177 1421 35 10.184
178 1281 9 85.039
179 1346 8 26.273
180 1120 24 26.483
181 221 35 59.325
182 631 21 55.633
183 1195 41 65.850
184 753 33 41.522
185 1069 30 69.398
186 518 28 57.226
187 492 54 86.353
188 918 13 70.391
189 111 7 21.976
190 773 12 81.250
191 1029 13 80.016
192 1007 32 27.347
193 584 49 47.571
194 292 53 83.936
195 1122 14 47.652
196 538 2 8.222
197 31 3 31.193
198 1381 3 86.423
199 253 48 57.574
200 270 24 78.734