200
1 498 10 1.807
2 601 55 28.788
3 1274 29 1.398
4 1039 19 54.137
5 22 48 20.985
6 119 22 2.020
7 390 38 66.020
8 405 50 85.750
9 1315 32 81.881
10 435 23 70.106
11 215 57 24.103
12 588 59 5.717
13 1356 45 76.040
14 247 32 58.791
15 401 47 60.329
16 1223 13 36.732
17 114 57 66.454
18 843 7 71.222
19 661 33 94.363
20 438 26 99.411
21 403 3 88.025
22 778 55 50.262
23 670 50 18.102
24 1115 23 26.861
25 815 47 15.871
26 960 59 65.812
27 923 9 72.757
28 938 5 88.669
29 666 56 33.710
30 81 7 24.244
31 109 60 92.270
32 1098 34 64.903
33 1347 18 8.909
34 461 19 2.169
35 1418 26 10.492
36 1426 42 34.356
37 679 53 44.798
38 824 47 36.195
39 1041 21 8.105
40 685 32 60.827
41 48 31 68.832
42 1321 27 41.719
43 399 40 66.258
44 550 10 50.011
45 408 18 10.327
46 1330 56 66.902
47 612 32 75.655
48 1343 54 92.920
49 807 29 88.810
50 717 48 4.551
51 785 49 43.088
52 179 37 44.446
53 844 29 88.419
54 280 28 50.526
55 460 25 45.994
56 753 34 18.655
57 1099 32 10.879
58 1357 16 12.367
59 456 54 27.482
60 601 15 57.867
61 898 59 66.866
62 1198 53 6.194
63 381 47 17.645
64 736 6 25.818
65 901 21 28.649
66 1401 54 57.713
67 657 24 50.163
68 340 46 46.304
69 110 44 38.954
70 906 3 12.168
71 135 20 16.616
72 120 55 4.697
73 299 14 74.989
74 938 50 51.365
75 1313 3 4.203
76 168 30 52.220
77 807 23 2.268
78 888 25 90.298
79 364 31 15.937
80 720 59 5.609
81 1250 35 45.303
82 456 5 99.750
83 1166 8 9.240
84 576 21 27.753
85 295 22 16.753
86 1117 45 97.856
87 1259 14 43.311
88 1431 9 30.245
89 715 42 92.661
90 1098 8 16.023
91 724 1 64.821
92 105 45 30.151
93 378 58 32.457
94 93 47 53.665
95 1246 57 36.444
96 28 11 81.399
97 1077 10 74.351
98 1412 9 53.897
99 1088 3 79.690
100 1030 27 30.795
101 1409 5 66.929
102 53 10 92.273
103 949 30 53.146
104 719 31 77.788
105 1420 42 81.895
106 203 39 89.780
107 956 13 36.375
108 1023 8 98.780
109 80 58 75.672
110 850 9 22.013
111 564 52 17.185
112 844 32 14.153
113 1394 17 62.236
114 1254 15 4.828
115 478 56 72.216
116 191 55 70.664
117 336 38 63.663
118 1108 28 4.258
119 1380 57 37.299
120 814 42 32.791
121 963 54 37.074
122 577 36 97.064
123 353 58 8.494
124 558 21 43.349
125 715 49 11.414
126 210 59 89.753
127 1220 48 16.939
128 648 2 23.145
129 346 27 14.319
130 554 13 38.106
131 484 30 35.083
132 67 29 28.507
133 250 19 85.264
134 1129 31 3.967
135 653 15 25.886
136 251 22 54.403
137 414 42 87.918
138 35 29 6.128
139 505 27 1.006
140 1345 38 91.250
141 189 49 7.253
142 178 7 19.801
143 863 23 65.390
144 56 46 65.839
145 320 30 89.873
146 119 22 29.696
147 743 15 40.474
148 1398 34 57.324
149 185 16 31.230
150 1155 8 1.629
151 486 31 18.240
152 733 25 48.154
153 1091 47 9.487
154 261 18 7.734
155 942 7 48.084
156 733 40 42.706
157 1176 2 36.198
158 318 24 86.603
159 137 43 63.361
160 2 40 88.986
161 641 37 74.892
162 52 28 18.702
163 484 31 77.066
164 462 27 73.523
165 546 53 20.134
166 266 28 48.460
167 352 17 91.714
168 137 22 76.468
169 624 16 24.220
170 1099 17 27.671
171 1419 40 20.343
172 457 26 73.392
173 1325 17 93.460
174 388 33 94.535
175 1426 32 45.536
176 771 11 33.399
177 32 40 48.738
178 484 52 11.348
179 707 51 20.925
180 1278 16 61.626
181 371 37 18.645
182 648 30 64.909
183 757 3 88.048
184 1248 20 17.760
185 1214 40 31.980
186 521 10 33.520
187 633 20 14.910
188 933 57 31.371
189 545 6 65.644
190 666 36 4.557
191 118 21 35.879
192 266 39 50.649
193 1048 41 30.524
194 202 46 69.837
195 847 23 67.873
196 3 34 97.703
197 955 55 12.431
198 116 52 84.537
199 561 9 49.407
200 708 28 68.536