200
1 243 54 37.543
2 1010 27 71.890
3 736 47 64.641
4 1140 41 75.934
5 468 14 7.755
6 389 44 7.367
7 1354 29 0.740
8 566 7 97.021
9 223 31 96.894
10 614 11 85.283
11 530 50 40.165
12 353 44 84.509
13 1324 7 63.339
14 1287 45 66.577
15 280 26 84.646
16 295 20 53.969
17 306 30 86.410
18 1405 31 46.609
19 169 5 91.817
20 243 5 77.662
21 1334 39 61.780
22 1370 16 40.291
23 1432 15 67.343
24 528 3 32.733
25 1010 19 12.288
26 48 45 0.762
27 1317 23 89.231
28 398 57 43.701
29 1267 5 3.052
30 855 34 59.706
31 799 57 18.242
32 345 45 2.530
33 1314 1 62.093
34 714 43 84.970
35 1408 1 60.005
36 1408 25 62.042
37 359 13 50.262
38 290 34 37.691
39 1268 59 9.159
40 760 13 98.744
41 101 21 96.855
42 1095 52 87.186
43 1036 22 55.879
44 1292 24 94.206
45 313 30 27.722
46 177 27 69.858
47 13 18 55.380
48 1012 40 25.403
49 980 17 22.217
50 1324 21 78.045
51 762 43 84.829
52 548 25 40.875
53 552 4 93.519
54 549 11 93.028
55 823 29 99.977
56 111 21 65.906
57 808 21 48.108
58 1108 37 79.545
59 1195 59 66.168
60 1182 15 44.088
61 491 60 66.520
62 75 26 67.513
63 149 53 65.918
64 475 58 42.577
65 261 17 46.763
66 1412 42 45.734
67 369 50 23.697
68 470 40 26.976
69 406 32 18.829
70 1164 5 37.725
71 751 5 32.109
72 708 44 73.453
73 1137 50 2.031
74 968 45 2.497
75 420 28 63.382
76 908 53 79.481
77 478 17 46.733
78 1390 18 40.291
79 454 6 58.297
80 104 41 39.519
81 1031 29 1.808
82 887 32 14.165
83 1398 32 30.473
84 1240 21 33.135
85 891 48 16.213
86 1313 51 6.566
87 972 44 27.577
88 1085 24 17.643
89 475 11 13.124
90 522 8 51.223
91 221 57 87.883
92 1267 53 86.290
93 791 10 62.440
94 940 4 44.736
95 1197 13 25.838
96 995 53 10.714
97 326 34 72.960
98 183 18 8.703
99 1055 26 13.933
100 5 45 48.713
101 463 39 18.053
102 1216 31 97.103
103 115 14 42.025
104 402 10 45.425
105 412 19 55.002
106 1049 4 75.416
107 38 33 75.084
108 638 37 16.791
109 455 18 0.652
110 1353 57 71.639
111 384 57 1.357
112 245 24 39.026
113 616 13 71.152
114 429 5 77.625
115 741 34 96.088
116 590 36 37.315
117 480 45 91.600
118 662 8 34.407
119 1346 57 75.194
120 1114 41 18.403
121 1110 15 33.005
122 915 15 3.101
123 830 6 19.427
124 548 42 16.716
125 1070 13 78.255
126 853 56 89.671
127 306 47 36.089
128 693 23 67.806
129 1381 21 47.890
130 614 58 1.964
131 382 1 8.558
132 324 33 9.141
133 1225 57 37.367
134 1052 50 33.243
135 111 13 18.444
136 380 18 8.938
137 388 6 36.836
138 777 53 70.711
139 1233 7 23.705
140 872 53 65.067
141 468 51 6.575
142 1318 6 33.599
143 982 22 54.454
144 804 11 60.236
145 243 50 98.939
146 1063 44 5.528
147 1362 52 66.686
148 191 14 28.447
149 982 60 97.055
150 1350 45 29.163
151 1327 4 44.028
152 895 13 49.370
153 1081 13 16.364
154 1429 60 96.598
155 182 15 21.479
156 246 49 7.144
157 1307 9 43.480
158 1125 48 74.266
159 470 25 74.729
160 71 11 7.610
161 517 9 95.970
162 192 11 55.979
163 1376 1 88.252
164 1002 48 58.085
165 824 25 65.173
166 963 36 78.653
167 809 46 93.902
168 1353 42 82.280
169 1142 55 81.533
170 338 32 34.439
171 367 4 90.498
172 787 59 45.193
173 1412 56 93.668
174 391 59 92.345
175 1440 22 89.995
176 170 21 79.134
177 1001 49 19.747
178 486 52 21.569
179 28 34 53.337
180 1131 23 59.535
181 116 60 42.114
182 1184 34 53.502
183 180 1 91.600
184 827 50 90.511
185 322 28 0.039
186 638 36 55.519
187 320 29 13.240
188 388 36 32.872
189 41 12 7.475
190 1016 42 79.825
191 681 60 7.307
192 756 13 45.008
193 949 1 97.064
194 845 8 47.821
195 1379 23 29.088
196 102 60 0.327
197 1210 55 95.560
198 774 37 49.662
199 904 20 8.797
200 411 52 74.092