200
1 152 9 70.811
2 1105 48 66.706
3 485 32 22.707
4 777 8 97.759
5 779 55 11.002
6 511 9 70.939
7 874 23 89.301
8 573 3 26.854
9 1244 28 12.216
10 135 7 83.407
11 225 39 32.222
12 574 58 30.556
13 212 45 59.335
14 616 23 83.934
15 440 13 69.414
16 1304 46 40.082
17 601 24 3.954
18 1172 13 71.140
19 176 28 68.167
20 1385 53 0.635
21 481 16 72.335
22 496 47 55.245
23 382 22 54.969
24 388 51 74.936
25 826 9 66.219
26 740 43 85.974
27 1410 38 89.863
28 1132 10 5.305
29 1097 11 21.329
30 1117 5 50.970
31 242 18 65.459
32 392 15 92.458
33 151 54 73.031
34 1154 44 91.880
35 366 2 73.166
36 652 16 3.200
37 121 38 75.048
38 526 30 91.833
39 306 2 33.685
40 92 44 45.529
41 276 54 47.804
42 1255 10 17.212
43 593 45 48.892
44 1082 43 89.449
45 318 52 34.142
46 197 56 81.919
47 1102 45 49.798
48 552 13 11.728
49 1024 54 28.076
50 908 54 98.169
51 1045 27 31.346
52 1388 34 55.017
53 464 2 17.006
54 134 20 72.766
55 1202 16 65.910
56 911 39 40.223
57 437 60 83.324
58 161 21 20.732
59 241 29 91.405
60 1339 32 11.181
61 819 27 11.552
62 410 5 70.454
63 574 58 69.824
64 165 36 52.907
65 44 27 98.540
66 219 42 17.088
67 429 15 89.659
68 290 20 88.381
69 1223 53 44.853
70 884 10 98.932
71 886 3 46.022
72 634 39 77.022
73 804 52 40.321
74 839 19 87.059
75 751 42 70.765
76 1146 6 50.631
77 838 38 17.664
78 1104 18 47.073
79 1150 25 1.745
80 127 46 76.622
81 1111 32 57.182
82 610 3 19.472
83 1216 22 33.607
84 1266 48 32.504
85 1051 48 8.682
86 385 28 54.827
87 453 51 81.577
88 111 31 59.783
89 606 14 87.478
90 1281 28 94.194
91 1041 8 4.266
92 579 53 39.694
93 778 10 75.834
94 1394 9 87.029
95 964 10 20.147
96 677 12 68.638
97 1141 54 10.979
98 517 55 48.692
99 487 19 43.238
100 956 15 69.279
101 564 56 16.978
102 1402 43 74.066
103 652 8 66.686
104 1228 20 83.269
105 1098 31 90.776
106 1275 2 70.915
107 703 59 4.056
108 903 49 39.391
109 615 45 67.387
110 774 55 1.336
111 857 11 15.900
112 1300 19 80.386
113 508 60 38.241
114 44 11 62.397
115 929 49 67.160
116 209 17 48.502
117 814 18 66.604
118 149 46 64.464
119 598 19 56.693
120 943 2 86.641
121 465 30 21.788
122 283 52 90.356
123 1289 12 71.208
124 788 40 28.275
125 1360 13 39.399
126 721 12 40.908
127 1261 16 76.720
128 635 45 64.809
129 840 55 17.826
130 1226 17 31.876
131 1095 24 31.812
132 1222 17 85.408
133 756 37 37.375
134 1419 27 96.365
135 497 55 37.782
136 868 19 54.060
137 339 29 71.173
138 1293 36 14.446
139 803 12 31.540
140 153 13 70.115
141 489 47 22.623
142 1009 21 18.823
143 1082 47 77.143
144 774 34 44.441
145 851 12 40.744
146 1290 20 81.418
147 124 44 94.610
148 1001 59 3.740
149 938 27 82.643
150 1318 59 35.258
151 1076 23 3.747
152 227 8 52.529
153 676 4 40.509
154 1177 11 41.671
155 859 23 98.689
156 1105 41 94.568
157 1068 43 73.391
158 1150 36 81.298
159 1264 9 18.466
160 301 47 38.030
161 940 46 1.831
162 1266 58 39.242
163 1338 9 80.151
164 26 40 92.213
165 384 9 17.014
166 534 4 15.771
167 733 52 47.885
168 3 44 26.519
169 1378 16 88.002
170 566 19 81.739
171 1345 55 72.505
172 515 48 21.368
173 1032 2 42.629
174 357 32 33.182
175 677 32 21.409
176 618 17 11.005
177 1183 43 22.733
178 634 20 74.878
179 731 20 52.490
180 1368 48 82.626
181 711 41 81.369
182 1322 49 10.561
183 1010 28 13.606
184 129 12 64.781
185 389 6 99.148
186 493 20 48.933
187 922 43 44.237
188 405 24 16.123
189 611 11 26.514
190 986 56 40.976
191 1282 31 55.751
192 1013 57 89.409
193 465 41 26.708
194 502 33 50.957
195 478 35 71.318
196 1178 46 58.261
197 992 31 59.801
198 223 59 12.219
199 1166 41 11.000
200 1241 20 73.708