200
1 318 5 48.225
2 515 45 71.232
3 1256 30 27.525
4 88 19 3.378
5 906 30 64.313
6 88 23 70.962
7 450 42 46.616
8 377 22 94.217
9 557 25 90.952
10 1384 4 45.200
11 811 16 73.396
12 540 7 50.925
13 688 43 86.677
14 497 27 51.634
15 863 44 21.685
16 386 46 16.916
17 367 20 96.723
18 695 31 39.262
19 297 32 80.906
20 284 51 60.639
21 1215 5 78.916
22 1023 18 12.589
23 309 57 45.627
24 157 46 42.900
25 834 41 23.946
26 164 22 93.206
27 274 36 94.062
28 1429 6 23.320
29 18 39 85.022
30 1341 7 66.919
31 493 54 57.804
32 357 20 70.231
33 1014 39 57.985
34 1195 7 26.600
35 1035 41 4.602
36 889 31 49.201
37 541 13 17.636
38 544 36 5.110
39 970 1 24.821
40 396 20 11.779
41 946 11 34.697
42 579 46 60.814
43 656 18 31.407
44 183 26 70.908
45 600 7 39.227
46 978 55 75.645
47 791 15 68.326
48 949 52 18.140
49 1170 56 58.150
50 550 26 99.618
51 699 5 87.007
52 1321 32 99.428
53 693 14 95.861
54 1317 30 22.424
55 149 17 98.475
56 927 50 53.397
57 198 9 41.154
58 1027 27 41.185
59 188 49 4.660
60 172 45 72.034
61 648 15 49.523
62 989 54 85.284
63 737 52 83.120
64 989 21 18.290
65 849 49 84.224
66 1164 43 46.926
67 771 55 56.740
68 991 15 21.734
69 524 23 58.377
70 1047 24 52.825
71 53 3 87.990
72 1211 6 64.958
73 1086 25 16.617
74 1025 29 57.985
75 399 50 79.497
76 461 14 56.588
77 492 11 91.289
78 951 6 94.721
79 415 32 10.232
80 440 51 63.335
81 1410 14 99.088
82 316 23 14.518
83 642 59 43.111
84 1180 55 53.323
85 913 4 88.874
86 218 45 26.200
87 1147 16 16.682
88 702 26 44.227
89 455 50 13.223
90 1261 53 72.915
91 1071 43 41.040
92 1197 30 38.263
93 805 3 63.241
94 1037 38 27.743
95 449 9 62.735
96 1085 36 43.007
97 731 37 67.585
98 186 44 20.170
99 1285 13 78.351
100 491 37 12.903
101 1395 47 0.998
102 678 28 89.474
103 1295 34 36.080
104 803 25 6.426
105 1230 37 24.696
106 655 5 53.802
107 932 55 51.958
108 1405 1 30.956
109 862 7 86.943
110 224 18 25.519
111 94 33 54.210
112 1314 10 0.981
113 204 19 95.034
114 724 23 91.611
115 685 19 71.925
116 226 4 34.491
117 951 17 23.191
118 1408 25 45.035
119 1340 36 18.302
120 152 9 34.874
121 1162 4 18.960
122 367 57 6.779
123 372 21 19.795
124 375 2 0.258
125 438 8 83.307
126 1323 34 66.997
127 539 11 55.259
128 1309 29 50.249
129 1368 36 41.314
130 282 8 63.078
131 688 47 0.129
132 917 3 65.575
133 800 22 18.575
134 729 50 10.221
135 1414 8 6.819
136 1012 30 89.451
137 839 18 49.492
138 396 9 62.441
139 777 52 13.300
140 1086 9 24.786
141 44 24 87.565
142 1113 21 56.452
143 1081 2 85.275
144 293 6 59.828
145 525 58 93.362
146 341 54 18.480
147 1398 40 57.340
148 585 35 44.042
149 747 43 59.995
150 267 21 48.036
151 708 9 62.477
152 744 40 51.650
153 542 55 16.728
154 220 53 63.961
155 1424 15 56.024
156 1261 22 47.756
157 140 49 42.940
158 330 6 51.761
159 827 59 86.797
160 180 18 45.563
161 898 18 2.784
162 1249 3 88.561
163 1371 42 43.360
164 451 6 21.333
165 163 57 82.227
166 690 25 23.870
167 321 36 95.761
168 1324 6 55.731
169 965 37 30.592
170 1416 36 96.083
171 870 23 50.235
172 600 19 69.017
173 162 23 12.813
174 541 29 38.516
175 49 48 3.859
176 1036 2 96.731
177 677 43 79.069
178 947 5 93.331
179 635 46 92.424
180 1258 25 94.173
181 22 15 74.382
182 1050 58 81.238
183 1078 57 90.448
184 1405 9 51.478
185 1265 16 3.792
186 521 3 79.777
187 593 50 35.041
188 798 27 99.430
189 93 59 92.363
190 1061 37 62.023
191 631 15 64.012
192 1400 34 67.502
193 1089 50 65.832
194 999 41 86.236
195 237 3 19.829
196 1269 51 49.854
197 307 19 7.024
198 1164 39 42.462
199 357 38 34.124
200 290 21 73.540