200
1 105 20 69.999
2 1011 30 30.258
3 264 12 89.680
4 5 20 55.209
5 807 40 78.448
6 218 30 23.059
7 1116 52 32.068
8 952 21 96.561
9 365 32 19.479
10 1302 40 56.000
11 1207 11 40.392
12 499 59 17.565
13 102 32 18.946
14 535 50 64.705
15 36 27 62.220
16 959 53 61.658
17 824 33 0.255
18 868 9 90.184
19 1302 35 8.893
20 467 26 21.306
21 479 32 44.293
22 1417 48 96.876
23 381 30 95.420
24 1112 54 63.028
25 577 39 0.234
26 1239 28 31.821
27 1049 8 74.593
28 1103 23 73.941
29 1178 12 19.816
30 382 6 69.347
31 512 32 27.106
32 749 5 62.745
33 54 25 66.142
34 1259 33 98.985
35 1419 39 75.334
36 778 50 86.601
37 91 56 57.326
38 284 1 13.234
39 912 36 14.409
40 528 31 53.330
41 249 29 27.132
42 1149 46 36.072
43 21 57 50.715
44 727 44 71.583
45 1295 14 29.725
46 649 22 62.281
47 1004 59 38.853
48 285 43 50.157
49 1272 37 3.552
50 666 3 80.439
51 263 20 84.315
52 571 43 13.879
53 206 31 87.041
54 314 22 76.879
55 685 47 32.774
56 1204 55 36.996
57 1013 34 48.779
58 255 18 36.921
59 583 5 78.004
60 413 48 10.711
61 598 1 35.386
62 101 25 56.770
63 1367 50 54.050
64 1021 32 18.090
65 589 37 62.983
66 1242 16 7.454
67 1114 11 38.263
68 1014 19 15.201
69 1286 5 38.661
70 1163 18 27.207
71 846 9 41.666
72 548 26 39.400
73 365 56 48.264
74 985 1 61.552
75 49 42 13.380
76 762 46 75.116
77 168 13 96.404
78 781 48 53.263
79 930 15 83.873
80 1262 10 88.529
81 1058 8 40.565
82 616 45 90.138
83 1175 4 12.614
84 1344 28 52.215
85 505 20 58.183
86 175 38 40.324
87 915 20 18.570
88 1428 11 11.970
89 553 50 38.962
90 941 11 38.014
91 1170 4 99.725
92 662 13 25.658
93 1254 55 22.795
94 1145 28 76.745
95 323 42 22.292
96 964 43 55.190
97 1327 28 13.645
98 843 3 48.795
99 1145 3 28.963
100 461 60 91.919
101 1225 27 98.396
102 1426 60 53.115
103 890 13 92.120
104 537 30 67.009
105 1081 15 78.793
106 648 42 94.303
107 808 53 87.993
108 1359 60 3.064
109 1287 45 78.220
110 1264 11 27.081
111 902 9 74.391
112 878 49 23.881
113 398 55 78.948
114 299 30 71.666
115 765 15 73.896
116 1299 58 40.253
117 747 16 46.101
118 27 58 13.072
119 184 10 20.760
120 922 9 92.225
121 1290 42 67.799
122 993 26 58.579
123 1291 10 99.767
124 678 8 40.523
125 1363 36 66.696
126 401 30 72.450
127 686 4 58.379
128 319 8 4.249
129 1426 7 24.050
130 627 57 44.372
131 806 11 75.536
132 783 59 28.638
133 1175 39 85.412
134 30 29 96.443
135 663 37 99.466
136 1103 48 85.375
137 1135 37 59.260
138 1209 3 10.190
139 522 21 15.570
140 500 54 0.224
141 478 51 5.171
142 49 21 26.601
143 549 13 97.368
144 1001 35 45.789
145 1316 16 92.496
146 744 44 86.542
147 907 40 78.862
148 811 14 12.520
149 832 14 82.325
150 775 14 97.394
151 557 14 20.018
152 1113 54 92.311
153 821 25 17.723
154 521 30 89.163
155 626 44 64.468
156 540 11 88.776
157 921 46 55.594
158 300 10 5.801
159 1373 42 62.437
160 1284 1 43.473
161 854 28 92.664
162 1275 17 62.355
163 1324 6 75.595
164 1224 39 0.791
165 716 12 32.636
166 1040 55 28.896
167 1387 10 98.928
168 875 47 32.593
169 126 10 82.359
170 637 39 85.408
171 606 1 46.605
172 230 37 8.498
173 432 48 36.533
174 1071 59 50.320
175 934 45 81.413
176 1403 8 20.522
177 632 30 14.110
178 408 41 27.256
179 669 33 72.271
180 815 38 90.007
181 1349 5 34.631
182 676 30 26.107
183 965 14 92.887
184 1357 30 12.843
185 1344 42 92.164
186 219 22 56.000
187 716 31 56.825
188 933 16 38.479
189 962 22 35.041
190 167 32 33.715
191 395 15 27.720
192 1241 2 6.334
193 236 3 68.788
194 38 19 81.807
195 485 8 64.579
196 512 26 20.047
197 691 51 79.488
198 987 4 68.049
199 279 57 19.957
200 344 18 86.581