200
1 1192 8 31.789
2 905 59 84.011
3 265 5 24.478
4 470 47 14.366
5 1327 52 25.578
6 1316 46 90.366
7 1166 55 36.872
8 1146 50 19.738
9 300 44 28.986
10 475 36 71.904
11 1100 30 61.307
12 316 7 97.783
13 1045 23 63.766
14 867 49 5.503
15 916 13 22.318
16 236 24 33.056
17 543 42 56.680
18 389 20 24.383
19 509 44 65.484
20 1180 18 71.308
21 384 8 22.629
22 937 12 58.263
23 37 54 82.268
24 81 25 91.537
25 1356 4 44.927
26 1226 53 28.678
27 487 13 51.608
28 205 30 43.732
29 588 56 77.860
30 393 9 85.432
31 140 11 66.579
32 546 6 71.286
33 388 48 57.904
34 315 22 32.795
35 212 48 20.049
36 341 3 60.579
37 1411 42 65.786
38 1079 3 66.774
39 561 7 43.235
40 820 10 91.907
41 286 28 45.808
42 779 28 79.528
43 113 50 27.741
44 91 38 89.022
45 1249 10 29.895
46 365 12 84.716
47 872 43 51.954
48 1107 22 18.802
49 1264 50 41.248
50 922 40 60.858
51 412 22 11.217
52 863 53 2.766
53 428 10 80.512
54 1135 45 3.224
55 277 2 90.528
56 231 52 24.283
57 271 32 71.197
58 1226 45 77.380
59 811 32 63.291
60 643 31 2.928
61 753 35 13.487
62 1079 16 16.302
63 599 21 49.188
64 54 14 23.787
65 1330 60 86.230
66 674 30 35.960
67 716 12 9.183
68 705 8 61.142
69 181 14 33.120
70 516 50 7.343
71 349 25 15.073
72 5 42 62.077
73 905 17 59.019
74 1101 5 91.066
75 824 23 68.686
76 899 53 31.666
77 1232 25 96.127
78 510 20 97.491
79 275 20 19.572
80 1059 53 33.548
81 1431 20 89.097
82 171 3 41.937
83 456 50 7.231
84 595 5 72.816
85 441 11 32.387
86 1431 20 22.000
87 193 58 84.246
88 179 38 39.949
89 960 54 16.338
90 173 20 5.773
91 548 17 99.452
92 285 17 4.295
93 250 38 6.454
94 402 8 25.463
95 517 29 29.321
96 168 34 17.114
97 179 39 31.491
98 318 1 32.716
99 1276 49 10.812
100 776 56 2.274
101 1151 36 56.386
102 218 46 32.485
103 11 49 74.585
104 1278 47 48.566
105 123 25 31.172
106 86 11 58.561
107 851 41 59.336
108 76 4 32.948
109 451 25 92.293
110 205 33 63.134
111 990 60 31.637
112 275 51 27.065
113 911 57 99.665
114 1405 4 85.521
115 237 24 92.424
116 450 23 64.451
117 914 16 97.865
118 218 1 92.925
119 172 22 29.352
120 1333 52 92.895
121 522 46 28.941
122 610 39 19.972
123 853 39 61.578
124 1278 30 77.726
125 1216 19 3.970
126 1315 19 25.939
127 864 10 79.394
128 1295 8 88.010
129 278 30 37.566
130 71 16 73.401
131 102 4 95.882
132 376 24 85.791
133 74 53 88.905
134 1292 30 66.935
135 765 49 53.972
136 25 3 48.496
137 231 58 92.667
138 14 39 68.247
139 800 56 44.314
140 561 2 93.560
141 529 32 0.636
142 199 6 56.082
143 137 16 41.693
144 239 26 55.765
145 498 1 94.090
146 882 18 82.212
147 88 44 86.882
148 619 58 0.890
149 1037 28 20.279
150 454 42 47.790
151 668 55 88.703
152 1338 38 97.153
153 885 34 49.340
154 495 59 90.879
155 364 24 27.025
156 1173 35 76.412
157 485 39 34.938
158 157 4 65.215
159 866 9 6.147
160 669 44 18.110
161 512 41 79.776
162 541 35 64.928
163 709 42 89.064
164 1193 41 31.172
165 1408 17 42.592
166 950 51 66.808
167 703 60 82.503
168 643 23 36.880
169 17 17 82.482
170 1 31 65.563
171 795 26 61.647
172 1097 34 20.346
173 1287 46 91.262
174 953 29 76.482
175 354 17 45.476
176 465 24 2.726
177 1206 54 12.960
178 630 55 10.579
179 773 27 73.200
180 484 35 52.874
181 263 37 43.332
182 894 7 81.160
183 1273 48 57.054
184 111 47 42.544
185 277 33 98.536
186 516 28 74.545
187 1245 29 64.980
188 664 4 57.599
189 339 14 81.300
190 25 35 46.046
191 1332 57 86.284
192 818 12 75.186
193 492 8 94.841
194 966 41 52.298
195 861 45 85.126
196 466 44 39.058
197 930 31 73.728
198 798 10 80.898
199 177 40 13.586
200 913 14 48.741