200
1 32 54 96.946
2 437 18 74.126
3 860 43 64.616
4 393 5 17.583
5 651 43 87.333
6 163 9 14.849
7 691 17 0.749
8 99 28 98.487
9 905 34 59.425
10 1344 3 54.590
11 546 45 17.182
12 1075 37 81.949
13 494 27 27.380
14 1130 2 55.453
15 1118 56 5.480
16 162 17 75.891
17 196 31 85.251
18 1310 3 23.729
19 115 48 37.347
20 25 6 52.916
21 571 28 34.864
22 869 29 0.360
23 1121 24 33.143
24 1147 39 65.766
25 1251 19 43.420
26 1189 3 93.633
27 1341 27 5.730
28 1222 12 99.641
29 1001 15 70.213
30 705 34 53.156
31 1194 24 81.737
32 458 23 58.052
33 897 40 17.781
34 811 55 68.503
35 77 22 6.496
36 178 48 90.737
37 688 15 10.036
38 67 60 7.935
39 1257 44 71.518
40 889 2 72.294
41 500 23 2.775
42 1343 46 69.789
43 358 21 36.611
44 1172 9 78.214
45 718 22 82.661
46 277 7 25.234
47 398 9 69.283
48 1411 11 60.130
49 306 54 32.849
50 629 44 67.009
51 381 60 97.631
52 1054 52 14.853
53 871 13 12.936
54 1176 47 84.649
55 713 33 37.297
56 985 24 82.594
57 101 25 20.005
58 1159 13 39.095
59 1252 12 33.496
60 1421 44 41.076
61 116 33 93.801
62 1192 19 31.493
63 518 47 21.517
64 1312 6 65.287
65 988 57 54.160
66 803 14 51.789
67 1001 9 75.008
68 1316 48 68.235
69 262 30 64.010
70 883 8 60.599
71 1018 39 94.204
72 552 32 56.035
73 1071 55 2.919
74 930 57 95.027
75 616 32 9.929
76 1172 32 94.889
77 959 32 23.424
78 1116 40 76.819
79 1018 15 63.990
80 888 26 20.091
81 1350 52 11.255
82 574 48 43.898
83 462 28 1.021
84 1375 50 18.072
85 368 11 44.334
86 489 52 45.525
87 1149 55 75.438
88 296 18 0.596
89 566 19 96.881
90 1437 12 14.929
91 693 15 31.895
92 1321 24 13.289
93 447 36 24.648
94 903 27 71.758
95 935 25 68.388
96 274 48 80.985
97 993 47 61.563
98 1262 22 66.755
99 283 30 33.785
100 684 11 84.530
101 425 59 13.020
102 492 57 99.061
103 94 43 9.108
104 640 8 34.870
105 1152 25 95.617
106 1340 19 58.778
107 72 12 13.870
108 807 23 48.793
109 1177 20 15.107
110 834 25 33.390
111 117 25 99.502
112 671 3 3.051
113 103 60 6.992
114 117 32 54.288
115 821 24 73.461
116 611 41 42.155
117 724 29 44.981
118 783 16 39.155
119 763 32 10.495
120 363 37 32.411
121 1056 13 85.853
122 745 26 13.667
123 239 51 88.321
124 522 6 71.378
125 443 4 32.246
126 1203 12 15.808
127 268 45 13.155
128 464 2 41.278
129 1147 48 19.501
130 61 58 32.546
131 999 35 8.351
132 7 17 23.140
133 1364 7 23.658
134 177 3 94.685
135 417 45 76.487
136 1288 42 2.423
137 102 42 14.360
138 1401 60 58.169
139 1101 47 58.352
140 1024 18 9.484
141 624 40 48.616
142 597 53 32.957
143 392 21 39.150
144 244 32 68.528
145 552 15 77.635
146 1350 29 20.276
147 524 26 92.433
148 1150 28 84.500
149 846 54 19.057
150 417 4 45.982
151 1388 5 75.816
152 1378 47 97.753
153 99 39 64.640
154 52 14 18.918
155 215 4 65.255
156 864 7 85.772
157 680 2 53.083
158 1321 27 59.700
159 958 41 51.731
160 974 3 28.458
161 563 13 98.085
162 1077 25 15.099
163 36 40 80.328
164 1033 7 20.728
165 606 7 73.016
166 54 34 16.649
167 466 18 71.673
168 1170 60 14.229
169 1051 28 24.607
170 1067 9 6.572
171 170 52 52.133
172 643 34 82.846
173 1382 22 79.003
174 1237 30 65.499
175 1107 52 73.084
176 1149 27 23.845
177 1348 28 80.476
178 423 48 36.852
179 255 50 74.611
180 541 24 23.270
181 685 16 67.325
182 67 48 9.170
183 432 41 34.347
184 279 14 23.107
185 1371 43 35.106
186 32 2 43.700
187 98 57 37.588
188 848 9 45.282
189 1034 45 19.004
190 1173 34 60.242
191 1143 26 32.482
192 415 33 13.183
193 1049 48 82.181
194 457 38 99.945
195 921 14 32.042
196 316 35 51.589
197 481 58 93.716
198 792 53 57.003
199 521 46 74.437
200 1285 48 82.753