200
1 487 53 76.494
2 793 59 88.895
3 622 57 70.562
4 292 36 4.147
5 1296 8 16.609
6 518 40 19.288
7 687 43 0.672
8 1376 47 23.029
9 1025 37 33.752
10 1309 28 23.452
11 212 11 65.213
12 170 31 88.071
13 604 1 99.110
14 124 23 42.932
15 1354 53 24.114
16 588 53 4.763
17 694 57 20.537
18 924 40 12.163
19 446 22 29.975
20 525 24 8.806
21 1323 25 95.901
22 1314 14 92.863
23 552 35 71.886
24 731 35 2.959
25 938 33 66.615
26 1316 10 15.762
27 322 60 32.539
28 796 48 45.244
29 1323 37 34.514
30 1067 12 46.620
31 702 39 25.555
32 155 34 72.950
33 647 48 44.038
34 897 28 3.644
35 776 12 52.266
36 807 19 32.311
37 1220 7 4.392
38 65 16 36.490
39 1259 37 96.980
40 855 24 71.512
41 1218 59 15.928
42 735 30 87.087
43 421 32 38.892
44 238 30 76.420
45 1307 18 7.863
46 277 19 46.292
47 981 24 19.955
48 952 34 41.505
49 851 15 25.053
50 276 50 87.846
51 1423 19 29.187
52 1104 7 98.830
53 1289 10 73.585
54 52 33 4.046
55 1056 19 42.979
56 777 15 13.010
57 533 42 55.210
58 642 15 61.925
59 526 20 8.858
60 533 48 91.879
61 548 5 25.156
62 221 18 7.406
63 350 30 82.695
64 10 13 97.108
65 818 60 87.252
66 1239 24 21.300
67 911 16 60.681
68 952 51 66.181
69 817 28 94.044
70 951 5 40.361
71 781 30 5.204
72 1267 46 25.066
73 1346 39 44.880
74 1082 57 30.919
75 215 17 34.293
76 1306 15 95.841
77 129 9 12.710
78 92 2 15.323
79 1126 52 72.834
80 388 13 52.626
81 63 20 45.159
82 800 16 81.123
83 485 10 98.433
84 1267 14 29.603
85 1356 36 81.632
86 722 43 99.753
87 264 49 27.877
88 922 26 57.987
89 296 22 52.215
90 726 26 80.228
91 1181 11 35.611
92 392 26 37.645
93 515 20 47.457
94 1146 19 3.590
95 11 16 44.479
96 287 58 17.830
97 704 46 40.234
98 450 44 42.503
99 104 47 69.512
100 309 15 80.508
101 34 43 98.036
102 715 14 32.477
103 1058 3 12.382
104 222 42 20.899
105 345 9 24.943
106 918 21 95.687
107 1339 12 29.002
108 81 55 98.941
109 379 37 27.420
110 769 9 78.079
111 94 42 47.673
112 476 24 51.086
113 509 39 5.211
114 1113 5 16.053
115 1383 35 3.358
116 983 55 9.923
117 1184 58 27.033
118 1258 55 38.042
119 460 10 74.411
120 1256 60 75.384
121 277 3 95.194
122 72 36 48.014
123 211 29 99.938
124 707 18 60.319
125 1201 35 76.449
126 1139 25 98.096
127 164 25 14.376
128 69 44 38.623
129 40 26 32.440
130 988 9 89.534
131 415 12 32.979
132 427 5 70.021
133 1273 14 31.479
134 57 12 59.309
135 744 47 90.650
136 1089 2 58.220
137 1034 11 70.348
138 1190 56 22.014
139 296 55 96.908
140 440 53 48.162
141 1301 44 91.081
142 437 36 14.027
143 1203 17 28.601
144 911 50 12.187
145 231 17 9.453
146 717 52 62.255
147 876 46 9.716
148 1204 31 72.571
149 363 47 63.651
150 1134 44 28.388
151 69 17 43.528
152 809 54 7.367
153 1018 48 94.564
154 26 56 91.855
155 694 36 44.243
156 1045 34 32.221
157 116 49 8.770
158 213 46 6.819
159 228 59 7.281
160 1325 41 75.684
161 1244 5 52.635
162 912 43 22.998
163 847 43 78.834
164 800 20 82.613
165 436 38 54.466
166 654 31 76.071
167 281 19 62.416
168 519 16 53.581
169 384 7 52.359
170 1414 52 26.146
171 1019 1 94.649
172 493 31 40.264
173 115 5 70.245
174 781 52 76.573
175 69 8 46.683
176 1147 17 51.987
177 1348 38 76.652
178 1211 55 18.786
179 1288 14 73.892
180 244 11 34.348
181 799 14 20.267
182 852 42 72.705
183 1204 30 44.779
184 825 22 45.496
185 1159 35 43.087
186 38 43 49.445
187 258 9 5.944
188 1140 20 4.657
189 1376 40 90.108
190 1426 52 16.430
191 25 42 93.953
192 1374 27 64.687
193 613 1 71.802
194 1172 48 10.898
195 931 45 74.017
196 867 40 97.049
197 1061 7 70.017
198 456 24 13.264
199 572 2 22.071
200 107 13 30.393