200
1 1110 52 22.419
2 85 35 57.764
3 1150 49 94.049
4 1358 48 67.056
5 1 31 93.428
6 325 38 89.417
7 302 53 83.118
8 229 44 19.572
9 121 13 1.657
10 1210 47 85.477
11 1040 17 60.311
12 713 12 76.192
13 656 7 70.651
14 79 56 35.006
15 214 44 58.771
16 351 44 28.282
17 1275 60 44.744
18 1114 41 8.343
19 379 21 1.126
20 784 43 14.295
21 1392 53 87.878
22 70 37 29.758
23 1183 38 86.816
24 284 27 77.005
25 863 12 84.694
26 126 38 18.684
27 99 50 91.666
28 819 4 84.674
29 1407 42 57.049
30 536 1 59.774
31 1261 50 37.307
32 44 2 78.393
33 983 20 94.564
34 562 27 96.193
35 447 3 16.037
36 564 45 61.429
37 909 13 4.286
38 381 52 23.667
39 1114 6 11.980
40 863 36 59.407
41 1072 54 21.498
42 1005 11 96.630
43 459 15 6.133
44 372 10 42.676
45 1432 8 62.884
46 74 19 6.331
47 553 23 10.582
48 111 59 58.965
49 556 47 41.638
50 874 58 15.659
51 461 10 33.945
52 1404 24 40.382
53 335 36 51.266
54 603 26 80.339
55 1348 44 45.179
56 943 17 96.003
57 1258 38 59.374
58 618 32 52.765
59 1098 44 51.302
60 571 40 40.696
61 576 19 49.289
62 626 47 54.639
63 1354 40 41.219
64 1 53 57.356
65 834 8 41.300
66 837 17 44.918
67 528 30 42.293
68 1291 28 71.625
69 1036 38 85.500
70 698 36 37.294
71 1382 42 74.639
72 703 4 39.844
73 740 50 33.802
74 1175 10 95.083
75 876 50 42.687
76 23 60 1.725
77 163 22 77.649
78 1051 55 7.201
79 956 23 66.911
80 438 27 22.513
81 1240 22 26.403
82 635 51 90.192
83 930 54 3.672
84 295 55 21.112
85 148 13 47.372
86 469 33 88.270
87 1254 11 13.829
88 170 59 16.239
89 1439 33 94.896
90 578 22 77.587
91 265 54 86.925
92 178 54 71.834
93 439 22 51.824
94 679 48 36.236
95 264 28 54.885
96 798 27 1.225
97 1183 13 63.438
98 1172 21 91.135
99 1196 33 61.939
100 482 36 45.634
101 931 43 95.139
102 911 25 42.979
103 575 38 67.993
104 756 47 1.370
105 779 48 33.100
106 971 44 47.707
107 1239 33 87.583
108 1026 53 37.357
109 1238 27 34.463
110 676 43 9.286
111 911 39 41.992
112 223 47 7.448
113 1322 46 51.002
114 966 54 99.425
115 402 20 80.892
116 1031 4 95.434
117 839 2 78.368
118 695 35 0.698
119 617 11 56.779
120 165 51 89.499
121 516 22 5.609
122 322 21 15.434
123 1064 25 72.856
124 1295 40 92.242
125 1183 15 81.728
126 1065 30 49.148
127 33 19 59.603
128 1231 3 65.884
129 714 10 81.336
130 973 13 70.331
131 351 25 32.306
132 355 4 88.393
133 428 21 70.464
134 552 19 28.922
135 1244 11 43.617
136 407 56 10.000
137 898 21 64.720
138 81 50 23.050
139 362 35 81.550
140 899 55 4.959
141 707 18 56.487
142 24 38 10.879
143 1090 30 60.515
144 1410 22 57.689
145 331 34 17.452
146 807 41 0.632
147 636 41 13.526
148 1013 57 49.030
149 888 23 87.974
150 792 40 12.974
151 63 28 96.194
152 1296 42 11.406
153 867 22 96.277
154 332 11 33.694
155 1264 32 2.259
156 259 17 36.407
157 1022 9 69.917
158 664 22 50.627
159 359 44 83.900
160 963 3 40.873
161 549 22 21.890
162 1183 39 48.103
163 1381 25 32.000
164 351 47 50.283
165 50 43 34.790
166 612 45 74.528
167 849 42 7.280
168 1 28 47.443
169 145 3 53.420
170 1058 24 12.116
171 1241 54 96.007
172 630 32 78.730
173 182 5 66.649
174 494 25 89.311
175 1103 2 67.725
176 1239 37 42.848
177 245 53 64.602
178 1020 2 96.340
179 537 43 8.240
180 270 35 44.250
181 278 23 94.689
182 662 7 38.752
183 296 1 18.464
184 950 40 55.527
185 1421 44 86.267
186 1435 11 53.797
187 768 12 78.607
188 1389 54 38.627
189 653 31 63.777
190 1018 9 47.927
191 797 47 43.992
192 145 4 0.215
193 1113 6 71.431
194 878 39 75.106
195 393 13 29.478
196 852 33 66.965
197 1030 26 74.005
198 1330 27 66.653
199 169 56 65.052
200 12 22 48.570