200
1 557 53 20.440
2 479 2 12.373
3 512 53 9.672
4 710 46 70.195
5 233 8 48.497
6 1107 41 6.060
7 10 1 11.835
8 38 8 60.203
9 764 2 18.807
10 460 33 76.170
11 962 13 7.243
12 485 16 14.374
13 1031 36 96.282
14 911 22 92.235
15 1295 4 5.863
16 770 33 36.466
17 738 9 11.247
18 1074 39 94.500
19 291 56 5.931
20 455 5 46.393
21 162 3 85.379
22 503 6 96.988
23 1091 60 83.319
24 691 54 20.762
25 531 34 2.986
26 506 47 52.474
27 265 1 63.748
28 1165 25 86.328
29 1401 31 56.396
30 1154 41 6.874
31 714 51 63.482
32 762 52 21.168
33 911 29 69.640
34 1134 6 66.500
35 608 54 25.065
36 842 43 80.103
37 229 21 35.809
38 506 19 11.722
39 118 31 52.828
40 1371 17 65.259
41 11 28 78.521
42 734 11 90.969
43 581 43 84.332
44 450 34 97.271
45 1102 10 95.355
46 1163 2 19.292
47 134 54 72.441
48 424 50 72.354
49 692 36 79.889
50 564 36 56.560
51 1241 53 35.991
52 416 59 82.452
53 833 18 48.915
54 1194 1 4.581
55 404 45 53.117
56 1069 14 96.727
57 174 34 0.639
58 996 36 13.665
59 662 37 58.433
60 747 32 37.037
61 1079 28 12.972
62 571 13 66.257
63 248 34 53.246
64 343 15 46.121
65 1279 54 8.124
66 92 59 94.762
67 710 27 54.756
68 1051 57 96.381
69 371 39 60.561
70 852 52 59.404
71 1362 55 56.904
72 1122 40 90.841
73 581 42 87.414
74 321 32 65.148
75 1182 47 70.369
76 680 9 56.407
77 315 60 11.706
78 385 32 24.129
79 402 47 22.264
80 498 55 99.028
81 400 8 98.338
82 923 17 41.346
83 785 34 72.432
84 1091 49 49.704
85 977 44 50.125
86 754 34 15.708
87 1253 20 2.685
88 1076 11 83.817
89 712 53 1.602
90 230 31 33.654
91 306 5 8.055
92 1129 29 57.178
93 1329 14 15.356
94 1281 7 13.829
95 1397 51 62.581
96 1390 43 74.051
97 212 44 72.715
98 413 43 78.487
99 685 37 15.886
100 1206 43 76.618
101 333 52 0.864
102 1290 13 95.020
103 470 29 75.564
104 1135 57 54.949
105 1012 12 23.167
106 188 54 17.266
107 1218 37 19.222
108 354 28 90.402
109 454 49 86.622
110 90 13 3.960
111 162 16 70.600
112 406 55 82.009
113 949 13 22.251
114 1345 17 99.576
115 15 51 61.058
116 321 21 45.841
117 345 13 36.372
118 354 54 23.395
119 418 46 4.147
120 148 56 94.586
121 94 51 93.250
122 968 43 15.954
123 402 33 23.628
124 1073 13 52.250
125 1083 47 3.630
126 878 29 70.935
127 1081 9 9.786
128 1063 38 57.351
129 33 35 39.638
130 1240 13 92.115
131 553 47 2.719
132 717 21 22.462
133 1227 6 96.190
134 813 54 92.624
135 584 31 56.294
136 840 35 40.942
137 1190 31 85.367
138 605 28 78.085
139 643 26 41.205
140 1369 22 50.550
141 960 10 84.717
142 675 40 14.344
143 936 38 97.122
144 1364 7 16.063
145 685 49 66.342
146 1403 24 38.868
147 1363 34 17.810
148 691 33 17.051
149 568 3 95.827
150 352 46 24.915
151 545 46 1.792
152 980 14 8.324
153 903 22 63.693
154 849 24 36.104
155 12 45 74.622
156 1180 48 91.589
157 410 19 26.236
158 877 15 73.462
159 1110 18 37.480
160 1268 3 94.360
161 292 42 75.323
162 534 36 63.387
163 572 10 86.707
164 501 36 32.846
165 437 22 75.092
166 221 48 20.355
167 262 57 57.725
168 786 1 27.130
169 1237 12 81.027
170 1100 1 60.983
171 400 49 47.165
172 987 7 87.186
173 455 59 36.623
174 1288 3 63.375
175 500 23 60.636
176 925 2 89.000
177 941 21 72.020
178 570 25 51.891
179 1353 43 0.019
180 452 22 80.976
181 1349 32 0.286
182 756 16 87.545
183 1403 18 68.666
184 1296 5 21.711
185 1310 34 56.250
186 729 58 93.483
187 468 15 19.308
188 860 37 44.329
189 765 13 86.506
190 622 18 97.733
191 1353 27 94.400
192 584 31 72.468
193 1116 7 1.734
194 548 50 26.035
195 358 52 60.432
196 1260 50 15.520
197 279 25 72.828
198 279 29 28.454
199 1046 36 51.329
200 678 3 30.938