200
1 575 24 23.981
2 442 44 28.708
3 1423 41 52.461
4 964 30 9.520
5 927 26 5.034
6 660 5 97.257
7 367 5 78.144
8 587 38 62.811
9 297 45 69.730
10 282 12 40.997
11 1425 59 73.730
12 1069 34 31.654
13 1222 12 83.794
14 865 42 15.213
15 1007 7 33.734
16 760 42 84.745
17 795 6 0.473
18 561 32 94.478
19 497 56 7.354
20 969 52 80.030
21 287 11 90.236
22 1311 27 12.524
23 1114 35 44.727
24 502 14 53.827
25 659 14 82.161
26 875 33 61.641
27 1206 6 42.098
28 60 50 76.015
29 322 38 64.897
30 526 51 89.774
31 829 23 48.555
32 386 59 29.601
33 1408 20 24.830
34 241 19 64.248
35 1390 50 25.079
36 1415 21 7.116
37 1054 17 4.711
38 755 47 69.168
39 902 24 61.612
40 850 16 14.073
41 374 26 0.847
42 165 19 76.357
43 629 49 23.762
44 476 14 51.626
45 647 51 27.499
46 237 58 94.954
47 436 3 9.531
48 447 26 70.904
49 1308 12 17.638
50 337 47 7.646
51 1147 2 45.307
52 224 17 64.545
53 632 57 51.618
54 893 22 17.502
55 1343 20 70.754
56 1219 5 5.309
57 393 11 88.782
58 675 7 84.686
59 1000 19 51.437
60 36 46 4.176
61 736 25 79.786
62 957 33 46.974
63 75 33 21.289
64 218 49 78.710
65 748 45 54.654
66 1277 16 10.267
67 920 22 37.522
68 370 10 89.697
69 575 23 98.891
70 1015 26 25.211
71 194 1 60.910
72 337 54 94.669
73 586 6 34.597
74 446 26 83.738
75 30 53 48.891
76 124 20 24.432
77 179 55 19.125
78 1379 54 59.841
79 225 9 80.153
80 1114 48 39.150
81 255 3 19.564
82 1412 2 73.448
83 721 53 39.699
84 717 29 39.024
85 799 27 28.089
86 147 58 42.243
87 962 32 72.387
88 745 51 50.653
89 1265 19 41.346
90 143 23 83.179
91 736 10 28.314
92 809 42 41.494
93 942 58 34.679
94 812 21 15.273
95 1327 1 33.255
96 322 34 80.676
97 1342 32 92.306
98 602 29 67.104
99 80 5 10.414
100 517 28 28.777
101 660 24 13.830
102 1309 33 64.399
103 21 12 75.265
104 81 58 2.514
105 579 20 81.312
106 350 16 47.290
107 73 21 36.040
108 1359 53 84.215
109 378 47 37.274
110 179 39 99.894
111 1366 25 65.182
112 890 49 75.403
113 778 12 4.187
114 1009 3 23.808
115 698 54 1.812
116 189 10 54.710
117 698 43 98.528
118 754 46 97.244
119 414 51 43.009
120 260 5 64.026
121 241 14 20.723
122 552 16 53.767
123 400 48 72.868
124 1058 25 87.087
125 824 58 34.431
126 275 15 95.587
127 123 48 17.852
128 618 41 38.797
129 111 15 99.208
130 846 52 59.261
131 1020 26 53.365
132 1380 15 55.174
133 1117 18 2.696
134 609 21 94.523
135 299 22 56.380
136 964 10 19.880
137 1070 34 90.595
138 1213 56 38.061
139 147 14 94.603
140 558 28 49.676
141 655 23 91.952
142 228 55 70.816
143 41 22 7.300
144 57 3 50.696
145 1107 24 58.881
146 338 23 29.976
147 255 33 22.690
148 298 5 1.568
149 593 49 15.308
150 207 31 75.935
151 1201 48 75.547
152 744 21 36.919
153 686 15 0.417
154 613 21 93.066
155 10 60 21.355
156 991 3 8.758
157 280 27 93.257
158 140 38 99.931
159 941 12 38.712
160 1171 2 22.556
161 622 24 49.143
162 145 15 79.088
163 375 5 67.906
164 540 32 30.844
165 760 37 45.586
166 608 40 14.447
167 25 15 22.965
168 1226 59 21.516
169 1260 54 28.008
170 71 40 96.187
171 1289 19 48.753
172 1095 50 73.459
173 412 56 26.455
174 957 42 45.510
175 1068 30 24.872
176 367 25 28.197
177 697 25 9.304
178 881 52 1.294
179 958 23 80.589
180 249 26 23.937
181 521 58 86.699
182 678 52 18.034
183 1025 31 73.807
184 886 38 2.129
185 1272 19 47.289
186 419 18 79.811
187 133 31 98.060
188 803 28 55.380
189 35 25 68.557
190 1023 20 71.183
191 1078 31 83.880
192 912 48 42.993
193 1069 3 86.077
194 401 49 3.843
195 1335 48 49.573
196 1395 43 68.568
197 167 46 35.059
198 25 16 67.304
199 1092 33 63.958
200 912 7 74.601