200
1 572 21 98.168
2 95 49 62.092
3 436 47 19.859
4 1270 19 90.308
5 1298 12 23.491
6 494 51 35.527
7 1039 51 69.761
8 1310 43 58.186
9 231 26 11.157
10 738 60 33.744
11 1050 33 37.864
12 1105 10 29.703
13 67 21 32.271
14 84 37 52.606
15 601 36 61.739
16 1241 16 75.541
17 424 52 43.456
18 531 42 75.457
19 1357 53 75.633
20 812 37 41.006
21 958 3 33.024
22 1339 52 62.282
23 1358 10 91.800
24 1340 19 4.958
25 1252 24 62.195
26 793 2 71.710
27 404 58 38.632
28 144 14 73.640
29 1187 48 76.528
30 1292 31 34.207
31 96 52 55.678
32 1302 52 69.927
33 427 57 12.728
34 1176 53 27.460
35 1164 45 53.354
36 1383 55 17.413
37 359 59 40.876
38 1039 51 86.383
39 732 48 6.663
40 599 23 96.162
41 1108 30 52.210
42 885 16 16.597
43 93 34 53.428
44 1370 50 87.019
45 1356 33 4.870
46 1207 25 18.438
47 1409 7 15.386
48 580 22 81.452
49 841 59 71.014
50 579 51 94.599
51 473 39 87.063
52 1041 25 45.859
53 388 10 69.828
54 997 56 9.085
55 1060 59 70.766
56 593 17 33.262
57 860 35 45.223
58 492 11 96.063
59 100 53 81.435
60 926 13 33.181
61 400 6 86.264
62 1414 45 22.762
63 1262 53 13.231
64 1242 41 22.826
65 961 39 46.495
66 430 34 41.048
67 154 34 36.402
68 181 49 90.574
69 643 10 40.405
70 689 22 37.490
71 1148 27 42.906
72 1225 43 99.967
73 706 27 24.088
74 876 30 96.935
75 962 9 46.387
76 950 25 69.000
77 474 58 71.839
78 29 15 30.257
79 730 17 66.660
80 768 20 55.370
81 620 10 2.226
82 1100 28 78.001
83 226 48 92.041
84 1008 39 87.175
85 157 28 86.151
86 455 45 20.847
87 27 24 73.246
88 662 29 79.158
89 904 10 97.595
90 821 8 34.964
91 753 30 15.648
92 180 35 38.348
93 555 6 73.539
94 1211 46 19.795
95 313 58 40.351
96 311 2 72.973
97 776 21 28.926
98 925 42 70.424
99 1005 35 8.657
100 150 30 40.573
101 1438 38 46.503
102 780 29 25.779
103 503 50 66.592
104 1424 30 71.874
105 27 22 76.861
106 168 11 15.692
107 939 57 73.991
108 1155 5 29.510
109 811 53 38.666
110 1369 10 97.283
111 695 41 28.873
112 389 35 58.490
113 1404 37 44.305
114 1318 47 3.932
115 1293 52 12.318
116 567 17 38.776
117 1110 10 8.319
118 1247 49 60.235
119 503 53 30.976
120 750 35 34.050
121 909 18 71.355
122 1237 35 89.555
123 1324 59 87.692
124 440 23 70.101
125 801 31 11.285
126 593 53 4.401
127 1254 41 94.552
128 227 53 12.286
129 222 6 28.574
130 354 33 59.746
131 543 10 53.070
132 1330 23 54.853
133 56 10 54.122
134 388 24 92.031
135 641 57 11.543
136 361 3 66.052
137 133 51 78.807
138 313 20 53.507
139 589 41 7.670
140 518 25 52.041
141 1326 41 59.891
142 635 37 46.060
143 1330 42 99.825
144 599 7 0.174
145 657 9 21.880
146 1420 44 64.701
147 176 2 76.372
148 85 56 48.337
149 983 6 97.207
150 96 43 92.450
151 428 7 27.614
152 517 33 54.425
153 692 17 45.280
154 314 32 14.569
155 649 4 69.698
156 39 4 86.213
157 672 31 12.985
158 154 50 23.511
159 1061 19 66.113
160 404 55 19.989
161 67 51 93.501
162 466 1 79.331
163 956 1 94.347
164 192 47 42.631
165 329 19 63.022
166 651 43 69.904
167 785 11 44.068
168 1130 41 45.929
169 919 12 49.656
170 911 52 19.980
171 205 13 19.970
172 521 56 75.753
173 1047 23 36.272
174 947 40 87.410
175 1362 52 71.053
176 581 21 56.005
177 647 15 93.772
178 709 44 41.901
179 287 3 18.883
180 1207 11 48.425
181 589 24 39.295
182 1197 47 13.810
183 660 34 13.344
184 1039 51 34.634
185 61 20 79.515
186 1046 40 46.299
187 1121 18 56.014
188 911 20 43.192
189 377 19 40.349
190 1382 40 90.508
191 1275 32 37.589
192 87 30 3.889
193 300 33 53.105
194 263 46 73.859
195 1097 41 68.545
196 384 11 96.817
197 497 31 11.778
198 486 53 29.233
199 926 29 17.178
200 1327 41 49.635