200
1 968 53 71.383
2 1078 8 20.075
3 666 47 89.875
4 1237 26 70.952
5 1207 44 44.555
6 798 41 43.796
7 75 50 18.420
8 643 48 3.680
9 985 30 6.793
10 514 39 76.641
11 728 43 47.430
12 666 35 13.898
13 1426 4 91.004
14 1356 12 0.889
15 580 57 39.925
16 1394 49 19.659
17 1331 15 61.012
18 463 15 83.741
19 1237 19 9.320
20 1138 27 50.030
21 89 20 78.312
22 906 59 69.822
23 1198 16 64.514
24 452 25 7.741
25 1021 36 26.464
26 1161 31 5.906
27 829 53 44.906
28 1042 28 46.889
29 78 45 1.634
30 1127 54 60.047
31 195 6 31.150
32 726 32 67.157
33 1171 18 45.850
34 1189 7 46.796
35 657 1 21.182
36 1203 40 53.008
37 328 9 32.263
38 136 59 44.261
39 612 51 96.191
40 1239 28 60.729
41 1201 8 22.923
42 407 34 85.098
43 1308 1 13.437
44 937 51 80.233
45 332 60 34.163
46 434 6 56.994
47 237 30 56.566
48 341 11 12.320
49 283 57 67.508
50 1034 22 77.500
51 172 47 13.224
52 1303 44 3.799
53 420 51 98.335
54 1161 38 3.843
55 934 28 11.580
56 692 49 51.517
57 1064 56 9.481
58 530 33 17.679
59 1151 10 3.942
60 936 47 70.546
61 500 3 1.563
62 1149 31 78.298
63 734 35 94.102
64 1438 22 13.465
65 1107 29 2.035
66 192 50 23.271
67 1360 17 20.969
68 1031 14 86.555
69 57 32 1.611
70 292 49 5.051
71 1160 4 47.192
72 659 27 77.838
73 1208 28 67.456
74 1009 17 24.426
75 320 42 23.737
76 960 55 13.937
77 550 21 7.573
78 772 29 38.192
79 244 29 70.672
80 1282 48 58.213
81 1279 24 96.020
82 1322 16 78.218
83 167 49 51.932
84 207 38 50.914
85 833 21 36.639
86 457 25 11.296
87 77 3 29.769
88 1392 42 60.968
89 1179 58 57.125
90 820 36 30.794
91 71 3 62.045
92 991 7 84.619
93 1351 29 2.707
94 949 60 14.563
95 541 39 55.120
96 163 17 64.921
97 1250 30 27.213
98 362 1 38.392
99 1316 25 10.151
100 239 12 80.687
101 829 43 86.771
102 352 21 51.329
103 611 30 82.469
104 1012 37 85.532
105 444 15 2.854
106 73 53 71.778
107 998 16 25.524
108 1373 43 29.323
109 537 5 36.784
110 913 16 37.756
111 624 33 49.252
112 1244 27 25.125
113 400 57 50.994
114 328 22 89.028
115 882 1 16.724
116 155 57 60.991
117 1377 45 42.718
118 1021 7 77.480
119 1407 25 94.073
120 443 29 42.728
121 1109 1 8.489
122 340 22 11.250
123 101 28 3.843
124 1012 11 94.913
125 856 17 64.663
126 171 14 38.340
127 351 43 51.683
128 325 22 7.855
129 814 60 69.172
130 864 13 75.544
131 702 27 95.523
132 1090 6 45.068
133 91 24 8.262
134 565 34 17.411
135 1189 28 38.797
136 909 29 40.548
137 1069 19 9.151
138 463 26 50.578
139 537 44 31.732
140 356 29 15.910
141 1244 44 40.795
142 543 16 97.939
143 926 31 2.214
144 100 24 37.488
145 455 21 97.336
146 47 59 90.058
147 691 46 93.024
148 290 44 79.996
149 351 50 96.406
150 868 48 50.738
151 1202 42 7.214
152 89 60 59.843
153 996 25 71.182
154 1242 13 99.209
155 107 1 21.154
156 1021 56 75.282
157 850 2 32.589
158 494 5 22.697
159 278 27 84.816
160 1167 54 10.425
161 1393 2 1.987
162 279 16 29.568
163 1316 53 39.616
164 977 55 38.006
165 1357 11 7.305
166 1 55 62.926
167 1277 31 23.180
168 21 46 58.160
169 995 50 2.499
170 772 24 54.858
171 281 29 51.016
172 383 49 2.831
173 173 57 87.090
174 490 56 16.710
175 356 34 28.124
176 880 54 36.551
177 292 57 4.815
178 239 13 10.665
179 656 52 45.245
180 1103 49 89.421
181 774 60 51.813
182 370 5 4.000
183 459 11 1.269
184 335 53 50.060
185 793 17 91.316
186 495 36 29.712
187 8 17 30.949
188 883 17 86.503
189 112 26 93.503
190 265 20 45.879
191 784 32 37.862
192 513 54 10.877
193 1143 30 61.440
194 934 59 32.657
195 1387 13 72.050
196 1106 33 77.482
197 1143 27 58.215
198 831 4 81.505
199 282 52 48.169
200 740 38 7.863