200
1 1224 50 69.689
2 535 56 53.628
3 86 48 82.610
4 1229 55 38.291
5 208 32 28.035
6 198 16 20.477
7 543 23 87.577
8 1026 32 1.861
9 978 42 74.503
10 981 35 37.091
11 293 55 51.739
12 908 54 62.995
13 193 29 62.216
14 1020 59 43.483
15 280 58 95.398
16 458 54 76.187
17 381 42 20.729
18 1336 38 9.953
19 41 43 8.347
20 763 51 76.749
21 631 5 78.198
22 1197 25 17.227
23 785 54 98.881
24 771 13 82.328
25 1230 29 15.255
26 942 14 55.767
27 611 33 87.393
28 226 7 62.843
29 908 16 70.015
30 1296 27 36.269
31 814 2 17.553
32 794 60 12.875
33 1324 20 89.462
34 257 17 95.312
35 306 48 18.401
36 1085 47 0.708
37 518 2 75.340
38 669 4 55.379
39 997 52 61.084
40 8 60 34.915
41 465 21 74.149
42 1082 5 72.111
43 50 31 53.702
44 941 52 77.604
45 155 42 1.893
46 541 27 56.838
47 1050 29 74.929
48 1199 43 45.789
49 1360 55 59.425
50 948 28 58.508
51 162 4 74.959
52 497 4 48.681
53 828 17 53.580
54 1440 39 84.673
55 1127 56 96.575
56 1428 52 45.636
57 1229 8 14.990
58 106 41 55.331
59 115 35 68.273
60 1301 29 79.291
61 576 11 57.240
62 978 37 69.417
63 1138 15 75.948
64 1293 39 8.871
65 1172 20 82.211
66 1003 21 54.799
67 739 14 42.300
68 369 41 32.976
69 1218 35 32.877
70 1286 20 22.073
71 994 44 84.402
72 713 18 23.911
73 31 53 1.521
74 928 39 90.464
75 757 16 51.902
76 302 39 33.752
77 477 60 12.972
78 412 57 79.459
79 369 26 29.273
80 239 52 14.165
81 939 13 9.653
82 176 8 52.088
83 1088 32 67.698
84 1426 27 86.774
85 122 12 74.978
86 686 45 71.072
87 1160 36 75.532
88 358 52 70.302
89 935 30 91.987
90 1121 14 2.886
91 444 5 37.661
92 960 46 59.046
93 288 10 25.702
94 935 52 24.931
95 1377 44 28.777
96 304 33 95.643
97 339 29 99.252
98 1094 29 30.784
99 794 10 49.804
100 893 6 72.850
101 94 20 84.460
102 654 3 74.987
103 217 16 12.632
104 842 47 25.826
105 277 21 52.854
106 168 32 73.734
107 116 39 71.831
108 1061 32 84.610
109 1159 42 59.692
110 84 13 91.823
111 1137 46 5.151
112 179 54 18.415
113 275 17 42.771
114 307 15 90.618
115 1287 33 23.696
116 20 43 73.687
117 763 52 6.279
118 807 34 31.739
119 392 47 93.390
120 277 44 8.793
121 118 11 50.595
122 1213 10 82.526
123 812 9 44.636
124 1133 50 83.432
125 1202 21 49.274
126 693 16 99.833
127 652 58 50.608
128 211 51 97.653
129 952 1 26.771
130 1232 41 84.025
131 589 51 73.911
132 727 45 21.348
133 1223 33 5.326
134 854 37 54.715
135 274 59 28.237
136 593 23 11.996
137 815 41 38.009
138 791 29 92.118
139 108 4 91.448
140 1323 45 39.044
141 735 13 47.739
142 1116 46 89.293
143 68 44 87.345
144 627 11 4.090
145 1415 37 25.573
146 1177 20 0.164
147 367 49 61.802
148 38 4 64.484
149 338 50 93.825
150 57 27 65.608
151 683 33 49.234
152 1322 9 17.370
153 527 52 84.240
154 194 5 47.754
155 805 57 42.491
156 1373 44 85.497
157 425 14 78.616
158 185 19 77.749
159 231 23 98.046
160 460 47 93.778
161 88 37 44.453
162 1158 57 58.156
163 83 21 27.336
164 398 55 39.337
165 489 59 6.751
166 1310 24 75.202
167 561 39 54.699
168 1314 59 37.091
169 57 15 83.984
170 1410 18 79.181
171 1432 10 28.139
172 105 12 34.730
173 263 5 44.019
174 519 39 33.901
175 1107 33 53.603
176 682 12 91.647
177 912 50 3.186
178 466 15 2.029
179 943 20 59.022
180 556 42 63.279
181 149 12 60.080
182 1247 43 25.933
183 418 47 21.446
184 1288 48 72.840
185 1268 43 45.892
186 991 32 67.616
187 1379 14 30.308
188 963 47 79.574
189 705 26 84.591
190 1385 2 15.202
191 931 10 57.727
192 1316 57 12.087
193 1354 10 93.802
194 703 31 3.600
195 818 42 65.832
196 1240 4 92.722
197 142 52 76.506
198 392 32 74.967
199 22 44 84.393
200 783 45 40.814