200
1 347 6 84.402
2 685 32 5.594
3 1409 54 62.391
4 1028 37 47.437
5 646 44 14.938
6 82 1 97.119
7 1254 53 52.754
8 277 59 66.075
9 956 17 16.085
10 980 31 68.665
11 114 50 75.672
12 443 9 17.913
13 1173 24 48.313
14 660 21 38.170
15 934 51 23.870
16 104 49 80.821
17 121 5 3.825
18 1296 6 3.781
19 854 33 91.200
20 1205 4 77.956
21 1244 39 94.075
22 118 39 99.502
23 450 21 86.618
24 151 44 17.681
25 683 28 26.586
26 71 31 32.936
27 397 17 98.878
28 1304 13 41.610
29 1026 26 79.128
30 48 7 11.888
31 545 51 75.422
32 875 29 55.777
33 787 58 26.225
34 1236 25 17.510
35 808 39 10.351
36 863 10 66.225
37 866 34 13.658
38 433 5 44.504
39 3 14 8.732
40 1259 16 36.443
41 353 18 76.442
42 789 31 95.846
43 960 24 95.127
44 892 16 27.476
45 49 30 73.288
46 657 24 59.273
47 981 50 59.607
48 1220 19 81.768
49 742 10 83.643
50 81 21 74.412
51 1278 44 55.893
52 641 20 39.269
53 1257 26 66.354
54 1401 36 33.923
55 485 58 98.665
56 859 35 60.655
57 362 32 8.513
58 1128 17 9.217
59 498 36 35.224
60 230 56 3.914
61 1115 4 23.682
62 937 53 16.889
63 1033 54 38.555
64 195 13 96.293
65 257 10 89.075
66 984 59 52.443
67 906 43 73.725
68 658 40 61.381
69 191 55 67.606
70 305 44 5.047
71 278 54 11.648
72 1382 19 86.341
73 559 26 30.481
74 1071 53 7.675
75 397 42 52.113
76 1063 33 62.353
77 476 34 12.422
78 1026 52 33.877
79 1144 29 26.204
80 520 23 78.514
81 53 23 8.211
82 1214 34 84.829
83 1354 49 46.914
84 702 31 90.355
85 632 10 86.061
86 733 49 35.862
87 411 40 47.893
88 354 32 25.631
89 357 51 98.479
90 584 56 42.239
91 1138 31 80.325
92 1365 13 74.403
93 1135 7 5.058
94 1013 54 12.218
95 412 59 83.664
96 978 31 21.648
97 1421 4 41.068
98 1306 48 23.308
99 1213 5 3.642
100 720 48 38.164
101 877 23 33.783
102 219 57 65.653
103 47 32 96.358
104 1201 23 61.664
105 1383 7 98.860
106 955 54 11.064
107 118 57 5.519
108 214 31 3.007
109 1387 18 91.300
110 301 33 15.882
111 1156 25 50.953
112 1244 34 26.400
113 1263 32 70.080
114 1420 56 71.349
115 1177 43 35.547
116 543 56 45.829
117 947 44 44.808
118 1192 60 51.863
119 369 23 67.857
120 1005 31 29.370
121 843 8 45.598
122 192 58 66.684
123 293 10 20.343
124 1017 25 93.177
125 520 39 13.380
126 1424 59 27.791
127 885 30 87.806
128 1261 7 32.024
129 564 3 10.362
130 428 35 29.551
131 1293 53 56.591
132 934 33 37.835
133 1404 58 84.447
134 1259 39 94.815
135 43 32 37.189
136 1282 26 95.193
137 392 2 3.696
138 912 45 68.125
139 521 27 87.728
140 1369 6 96.155
141 1291 35 8.250
142 644 15 72.048
143 821 12 78.328
144 1108 16 30.577
145 278 30 20.626
146 430 7 61.461
147 1253 23 26.664
148 1336 19 14.768
149 311 2 34.572
150 337 10 37.526
151 101 30 57.705
152 1128 12 92.726
153 443 31 47.508
154 234 48 76.134
155 782 30 97.388
156 586 4 91.421
157 465 42 33.560
158 960 41 83.505
159 305 42 25.345
160 1282 18 50.155
161 807 57 98.040
162 601 2 52.216
163 1194 4 22.203
164 878 44 22.524
165 102 27 0.410
166 317 16 51.903
167 887 26 69.455
168 428 40 65.476
169 505 32 74.999
170 763 39 0.625
171 917 26 31.886
172 1061 43 54.978
173 351 47 74.199
174 230 15 82.910
175 250 7 95.961
176 1110 14 6.330
177 1031 35 59.421
178 225 1 80.455
179 814 53 63.560
180 75 34 66.201
181 783 31 44.583
182 736 10 19.663
183 227 41 65.681
184 962 52 59.937
185 1037 12 35.848
186 957 26 10.794
187 88 19 20.820
188 1032 49 45.097
189 523 45 39.820
190 528 5 80.869
191 1310 52 24.139
192 1323 9 88.739
193 1131 39 10.966
194 914 23 19.706
195 1087 6 19.207
196 1032 27 96.304
197 265 8 97.202
198 19 12 65.730
199 675 49 88.728
200 34 56 99.598