200
1 32 15 40.925
2 177 50 27.420
3 1218 16 97.274
4 24 35 45.385
5 610 13 9.240
6 214 39 52.361
7 224 2 60.459
8 641 58 55.633
9 566 58 8.401
10 1343 58 25.882
11 749 32 42.621
12 1370 25 35.129
13 1348 6 86.552
14 1207 3 26.089
15 59 26 78.433
16 824 13 24.757
17 641 36 27.878
18 353 2 73.339
19 148 6 3.165
20 1295 1 18.272
21 406 29 9.244
22 182 37 5.629
23 1237 7 4.690
24 805 48 86.092
25 224 34 68.076
26 27 46 99.573
27 677 56 79.386
28 429 25 33.382
29 808 5 25.148
30 1065 34 18.001
31 1326 10 21.823
32 67 21 6.982
33 433 49 77.914
34 1173 37 20.724
35 564 47 94.049
36 1086 31 53.836
37 1385 49 82.760
38 545 38 95.837
39 505 20 48.535
40 211 7 36.701
41 1398 44 22.012
42 1053 50 21.696
43 466 26 42.035
44 313 19 95.757
45 367 36 77.006
46 278 6 42.335
47 372 58 83.582
48 723 27 34.767
49 359 28 15.028
50 870 23 66.365
51 442 40 81.389
52 828 37 99.911
53 719 58 48.643
54 505 44 77.105
55 865 47 48.311
56 489 11 50.545
57 581 58 25.181
58 1074 40 6.038
59 995 35 30.484
60 842 10 4.237
61 862 2 6.191
62 135 16 29.124
63 1058 3 73.162
64 1124 49 79.740
65 462 42 24.556
66 970 59 3.744
67 1088 12 63.069
68 711 53 31.748
69 153 10 30.385
70 687 32 23.207
71 423 5 47.002
72 162 12 35.902
73 140 1 39.423
74 810 22 16.526
75 192 15 18.750
76 672 21 53.708
77 1055 38 37.483
78 1426 25 5.252
79 1324 46 37.310
80 1417 20 79.373
81 512 39 91.318
82 447 20 94.115
83 598 38 4.060
84 1304 14 91.447
85 293 35 77.876
86 626 60 18.204
87 768 37 43.023
88 910 6 21.440
89 1410 47 35.105
90 1307 10 83.422
91 366 22 62.974
92 1168 37 66.895
93 1380 11 35.024
94 340 30 90.114
95 822 48 59.023
96 11 38 16.162
97 568 23 8.252
98 400 37 42.824
99 906 9 71.814
100 813 38 49.640
101 74 30 31.763
102 37 57 24.489
103 1398 30 31.211
104 1262 46 66.359
105 854 34 49.396
106 336 56 1.837
107 1065 29 89.606
108 1301 14 37.093
109 1375 36 74.437
110 473 10 54.353
111 645 7 55.698
112 1236 23 27.329
113 688 12 47.864
114 656 40 37.669
115 912 4 18.176
116 867 4 32.409
117 902 19 22.566
118 1004 10 41.374
119 1107 37 23.521
120 847 57 99.940
121 474 58 9.625
122 59 2 30.420
123 950 26 57.318
124 949 54 96.990
125 571 45 91.708
126 1386 59 52.710
127 819 21 56.162
128 1155 23 16.453
129 556 32 77.869
130 1230 60 20.225
131 498 50 2.689
132 230 60 17.425
133 266 11 93.422
134 474 57 91.844
135 741 31 47.448
136 965 28 40.047
137 56 17 44.200
138 547 27 61.907
139 138 55 9.623
140 1387 18 28.606
141 132 5 26.575
142 380 47 27.609
143 1026 2 79.781
144 1045 6 82.026
145 469 38 38.122
146 1069 32 90.299
147 684 25 44.784
148 149 7 77.969
149 1197 52 98.267
150 1067 38 38.580
151 396 55 32.756
152 480 17 51.220
153 851 25 19.283
154 94 19 75.097
155 841 40 69.914
156 175 41 16.979
157 864 30 71.706
158 785 32 84.641
159 108 50 66.319
160 154 2 52.918
161 1385 46 9.828
162 93 32 62.714
163 498 57 69.552
164 838 59 45.249
165 1217 18 82.864
166 1069 25 64.601
167 184 46 80.295
168 1191 53 85.037
169 1075 51 10.944
170 167 15 18.685
171 168 42 35.740
172 651 19 83.447
173 176 8 22.496
174 213 60 39.318
175 397 33 26.967
176 389 47 62.438
177 1309 53 91.743
178 1110 43 49.895
179 781 11 68.562
180 1236 8 47.817
181 791 13 1.348
182 595 19 11.804
183 1439 4 50.641
184 383 26 19.774
185 675 1 61.582
186 252 13 96.959
187 981 2 25.925
188 309 2 41.186
189 115 53 83.834
190 883 50 48.312
191 1428 39 58.344
192 1279 13 15.239
193 1068 26 73.984
194 1229 29 51.178
195 817 33 24.786
196 309 45 69.030
197 364 36 67.851
198 660 44 4.347
199 1104 27 3.450
200 653 17 72.482