200
1 563 39 63.730
2 395 31 15.501
3 117 54 26.625
4 1030 5 7.236
5 919 51 26.570
6 1180 46 21.965
7 799 18 21.391
8 723 2 39.645
9 1246 6 34.652
10 50 2 60.570
11 1342 11 83.848
12 171 54 64.345
13 1421 50 47.844
14 1411 35 1.507
15 970 12 59.501
16 46 55 51.149
17 506 50 85.545
18 416 2 15.808
19 927 53 13.958
20 455 24 22.362
21 834 26 29.182
22 904 45 3.777
23 696 5 91.065
24 356 1 28.425
25 796 2 28.752
26 1200 42 4.249
27 1006 23 26.376
28 353 60 97.735
29 976 4 43.853
30 425 34 97.969
31 1253 57 1.541
32 586 44 36.320
33 1030 4 43.660
34 465 55 85.539
35 680 28 35.815
36 100 15 52.597
37 222 58 84.972
38 607 18 63.974
39 24 54 19.549
40 645 30 56.619
41 984 7 94.349
42 27 54 32.530
43 409 22 33.261
44 1403 5 99.529
45 182 12 25.342
46 277 15 88.626
47 835 27 91.162
48 1413 39 46.828
49 1403 6 8.583
50 916 31 23.455
51 578 12 52.348
52 1344 60 0.689
53 511 52 42.062
54 1024 58 53.922
55 621 11 48.950
56 1137 30 77.323
57 1220 11 99.538
58 832 48 10.450
59 733 28 14.099
60 640 30 58.123
61 985 39 14.364
62 1113 52 67.809
63 1081 13 71.807
64 913 9 55.309
65 296 43 19.820
66 308 23 81.874
67 689 40 36.855
68 812 39 60.776
69 937 6 73.861
70 191 49 76.954
71 574 49 15.514
72 882 36 19.226
73 1186 46 54.465
74 794 8 3.202
75 1300 42 35.886
76 1033 40 75.342
77 920 26 52.435
78 185 37 13.060
79 1263 33 81.827
80 607 12 44.871
81 151 50 7.813
82 1123 12 19.276
83 1 20 72.994
84 1250 5 30.548
85 4 58 83.623
86 469 14 68.384
87 985 29 80.224
88 929 22 90.815
89 606 41 91.359
90 712 11 29.270
91 916 55 60.093
92 1123 51 29.619
93 742 20 6.769
94 163 8 67.389
95 853 20 10.110
96 483 13 44.513
97 68 31 67.858
98 231 22 66.556
99 317 38 95.505
100 1125 34 60.802
101 1192 27 51.766
102 1100 35 38.542
103 879 38 18.565
104 774 10 25.330
105 608 56 73.385
106 412 19 92.599
107 97 33 3.959
108 1390 19 7.041
109 233 6 49.958
110 784 27 14.022
111 853 39 97.285
112 115 15 2.632
113 562 14 11.649
114 1005 56 57.888
115 1178 15 29.450
116 431 40 48.379
117 522 40 9.607
118 607 39 0.787
119 1292 6 67.957
120 906 55 78.663
121 25 28 57.391
122 341 41 81.437
123 1109 16 63.803
124 866 20 13.965
125 166 7 70.159
126 1383 57 98.612
127 1249 31 17.544
128 1189 1 1.358
129 938 60 50.257
130 659 59 13.977
131 1121 41 52.228
132 445 54 74.941
133 808 20 24.666
134 973 28 86.879
135 1129 26 54.538
136 171 50 85.172
137 738 21 69.024
138 1353 32 42.776
139 1050 43 88.652
140 1327 52 22.584
141 1078 53 68.700
142 1134 4 31.284
143 955 59 28.565
144 677 11 10.622
145 1289 16 49.796
146 995 27 77.917
147 424 35 77.794
148 1424 20 64.534
149 1128 39 41.381
150 213 43 57.454
151 1256 29 40.887
152 1412 36 34.866
153 1362 57 55.320
154 228 16 56.544
155 1417 9 88.647
156 1152 60 53.745
157 1318 7 72.647
158 600 3 41.379
159 95 18 84.757
160 1389 42 97.329
161 1092 51 27.467
162 745 43 36.564
163 1265 58 64.213
164 414 18 11.591
165 601 53 60.523
166 1083 3 96.870
167 593 30 89.812
168 452 22 51.377
169 1136 42 16.495
170 602 19 17.894
171 377 24 96.309
172 686 56 65.147
173 1401 25 32.141
174 689 12 47.508
175 244 45 41.240
176 211 60 53.284
177 236 50 64.238
178 352 38 86.651
179 213 54 57.499
180 158 1 66.752
181 447 45 73.890
182 807 44 35.694
183 576 3 4.317
184 642 8 87.328
185 204 39 24.751
186 862 42 40.219
187 1055 59 13.051
188 578 13 9.295
189 990 10 30.280
190 52 3 46.032
191 146 35 79.517
192 768 21 85.455
193 526 23 84.246
194 692 46 77.174
195 527 28 14.943
196 1341 1 50.428
197 1117 43 54.037
198 1115 23 15.322
199 863 49 13.873
200 1085 18 44.898