200
1 1008 7 55.633
2 942 59 15.674
3 736 16 41.394
4 317 47 32.012
5 1120 54 21.214
6 321 36 23.700
7 1284 13 72.249
8 1325 11 60.357
9 672 28 14.061
10 296 54 12.270
11 23 21 85.803
12 998 8 96.665
13 1305 37 29.317
14 1034 1 74.151
15 725 24 16.539
16 1254 12 6.785
17 598 15 29.137
18 1293 34 77.253
19 930 43 85.334
20 770 36 86.364
21 829 42 39.698
22 203 7 69.039
23 73 48 62.789
24 519 11 73.878
25 423 56 29.176
26 930 60 61.896
27 1167 3 52.728
28 22 9 16.092
29 984 34 81.388
30 662 17 15.315
31 785 60 27.689
32 330 38 22.553
33 769 3 54.904
34 1276 14 27.123
35 85 9 76.508
36 692 41 53.478
37 803 26 64.266
38 563 28 52.122
39 165 31 18.277
40 167 48 29.048
41 740 58 80.082
42 192 6 18.583
43 1074 46 31.924
44 728 20 84.903
45 773 53 84.345
46 1360 42 64.800
47 1048 51 42.559
48 729 22 77.408
49 793 39 23.933
50 935 38 24.680
51 571 12 6.318
52 201 1 69.407
53 1231 55 6.519
54 918 53 3.635
55 535 20 8.831
56 795 8 49.748
57 680 24 43.787
58 7 7 57.505
59 504 31 32.421
60 357 28 35.168
61 792 7 47.235
62 470 15 38.964
63 1402 11 28.324
64 1295 12 24.429
65 273 28 17.842
66 1298 1 58.422
67 1097 1 33.702
68 155 12 89.257
69 1196 41 25.520
70 147 6 19.082
71 1263 9 43.996
72 1377 2 51.857
73 993 49 79.984
74 836 46 34.421
75 219 28 55.338
76 102 3 22.070
77 906 42 72.353
78 23 6 29.559
79 848 26 54.346
80 1260 25 15.787
81 834 44 0.687
82 72 50 2.546
83 1431 33 97.687
84 1089 5 54.113
85 37 43 45.420
86 89 48 35.794
87 1310 16 0.602
88 1196 52 56.183
89 523 33 43.561
90 1307 52 5.149
91 366 11 95.632
92 1309 17 33.014
93 13 34 88.602
94 207 2 19.350
95 87 34 93.017
96 222 35 60.042
97 48 16 74.193
98 1400 60 0.846
99 1400 46 99.672
100 2 2 85.748
101 10 31 85.027
102 336 60 84.847
103 1101 13 96.867
104 861 9 34.071
105 1095 34 96.640
106 525 42 28.790
107 1131 28 61.908
108 673 19 38.920
109 770 32 31.059
110 746 23 71.253
111 1189 30 99.374
112 546 48 79.773
113 932 13 94.787
114 1409 56 61.836
115 1247 4 96.669
116 390 5 32.119
117 408 25 96.896
118 801 20 87.540
119 507 46 16.413
120 1423 58 99.710
121 85 1 98.493
122 402 7 63.499
123 821 26 59.592
124 466 36 13.959
125 588 7 47.687
126 752 38 12.751
127 968 40 64.379
128 1158 43 62.963
129 476 7 31.087
130 358 59 81.826
131 315 34 97.682
132 1424 9 38.230
133 774 43 21.964
134 851 20 61.622
135 666 12 96.085
136 984 4 9.976
137 447 34 84.113
138 1056 7 27.327
139 1189 8 83.175
140 703 12 32.725
141 751 40 47.356
142 1341 30 83.404
143 1344 55 66.144
144 370 35 68.333
145 1230 47 60.848
146 927 14 68.054
147 858 16 23.283
148 1404 48 69.092
149 437 44 37.223
150 1117 6 28.866
151 727 24 63.592
152 740 2 12.298
153 1119 52 59.744
154 1311 23 41.979
155 600 39 14.758
156 471 26 17.702
157 1103 27 16.658
158 233 11 59.150
159 406 14 52.209
160 158 39 48.557
161 1283 40 65.030
162 1266 50 48.781
163 636 49 23.042
164 306 4 33.949
165 1242 7 79.758
166 125 54 75.000
167 383 56 53.857
168 388 58 48.563
169 1135 21 78.162
170 171 47 20.490
171 188 51 85.303
172 765 43 58.004
173 1145 33 88.239
174 29 41 94.777
175 1314 26 51.260
176 1365 21 93.560
177 1004 23 89.551
178 844 34 0.027
179 646 8 67.806
180 46 30 94.511
181 148 9 39.383
182 1297 7 86.247
183 1245 1 6.009
184 248 42 39.014
185 889 52 2.071
186 1302 4 57.642
187 504 23 87.300
188 673 4 78.729
189 592 15 3.377
190 1284 9 46.832
191 1421 35 33.714
192 92 40 83.387
193 535 32 21.783
194 1335 8 81.421
195 1323 12 40.430
196 127 41 85.481
197 257 26 64.053
198 238 12 48.972
199 1370 22 19.649
200 719 41 62.277