200
1 934 27 14.945
2 528 8 55.330
3 207 30 17.124
4 776 58 68.134
5 827 8 31.079
6 184 54 34.613
7 988 1 77.238
8 658 7 13.481
9 1374 47 7.045
10 1041 19 56.452
11 113 29 0.206
12 632 7 26.301
13 1241 48 86.183
14 419 9 27.636
15 147 52 45.660
16 1347 13 2.641
17 1290 10 71.891
18 1264 37 69.270
19 1341 37 76.446
20 1337 24 20.010
21 1400 28 60.613
22 985 22 43.447
23 701 15 47.200
24 271 57 60.553
25 1041 24 1.196
26 339 10 34.492
27 367 27 88.459
28 1283 2 57.009
29 1216 49 34.216
30 449 36 53.604
31 363 19 10.763
32 959 33 40.570
33 446 45 30.653
34 1335 37 72.336
35 442 57 29.176
36 867 18 51.963
37 751 4 54.718
38 1354 42 79.761
39 1104 54 45.727
40 286 54 72.115
41 697 30 30.668
42 859 17 95.220
43 243 38 72.571
44 1269 54 54.256
45 419 38 11.234
46 763 21 41.469
47 800 7 13.343
48 1180 18 52.412
49 846 41 64.037
50 1069 37 7.243
51 690 38 26.587
52 1177 27 28.191
53 875 24 9.630
54 414 21 23.185
55 1426 21 18.734
56 1124 12 84.328
57 196 11 83.286
58 128 36 20.407
59 1294 55 44.140
60 325 6 98.192
61 861 28 21.145
62 732 52 21.848
63 1371 57 30.360
64 601 8 9.272
65 389 21 76.460
66 884 23 44.853
67 383 37 3.219
68 410 52 16.127
69 709 48 37.625
70 389 30 61.726
71 714 14 40.195
72 1211 16 4.636
73 309 8 28.548
74 920 47 40.898
75 1212 45 33.860
76 656 38 57.088
77 1325 43 53.515
78 406 2 44.714
79 1412 50 59.287
80 1171 55 20.234
81 1300 25 32.806
82 612 23 11.230
83 296 28 25.484
84 817 4 60.519
85 144 10 15.265
86 1101 3 6.537
87 1320 36 55.681
88 1348 60 61.425
89 1035 34 44.212
90 937 25 14.063
91 1176 44 51.523
92 1375 58 60.460
93 385 51 48.169
94 611 42 13.090
95 1153 43 92.583
96 43 22 93.661
97 817 42 14.359
98 31 10 28.748
99 998 32 76.953
100 388 9 75.924
101 556 3 56.873
102 932 21 56.080
103 221 12 3.620
104 999 16 54.014
105 319 4 68.698
106 396 38 21.406
107 111 33 18.536
108 1385 43 20.965
109 977 43 15.180
110 256 6 88.009
111 700 43 30.555
112 1160 50 58.000
113 1433 26 17.822
114 910 55 39.710
115 297 12 1.049
116 1380 5 35.606
117 345 44 36.566
118 1225 16 47.183
119 851 39 17.488
120 1045 18 61.040
121 1142 59 29.314
122 167 20 42.193
123 167 55 70.368
124 541 34 0.170
125 1087 9 30.455
126 1299 51 96.621
127 649 16 20.965
128 222 12 96.483
129 1249 59 90.859
130 121 26 42.470
131 57 11 23.601
132 470 40 0.379
133 290 44 40.526
134 369 46 21.096
135 551 49 70.385
136 1323 24 7.249
137 276 17 5.336
138 464 58 13.752
139 928 17 44.585
140 1364 28 1.623
141 1159 23 12.917
142 477 9 63.366
143 719 40 61.922
144 891 22 4.597
145 1421 19 44.538
146 1363 55 99.469
147 967 56 44.167
148 1270 18 2.767
149 476 1 33.768
150 1177 21 85.423
151 1287 27 53.246
152 927 25 33.578
153 1137 30 91.520
154 326 6 72.871
155 1372 5 91.295
156 464 7 81.118
157 1139 57 92.253
158 658 46 85.366
159 1024 8 31.715
160 855 52 19.129
161 248 38 78.050
162 1098 3 54.399
163 1337 22 9.887
164 1031 27 82.364
165 1124 23 91.843
166 1268 52 74.279
167 860 14 79.899
168 147 2 86.356
169 610 60 33.811
170 269 18 58.758
171 1108 4 87.260
172 356 45 29.306
173 700 30 88.222
174 386 14 95.216
175 812 47 11.007
176 628 39 29.162
177 197 54 98.870
178 1136 31 37.432
179 189 38 49.025
180 509 21 82.156
181 48 46 5.955
182 1107 46 73.875
183 878 35 65.763
184 1362 28 70.122
185 505 4 85.355
186 793 47 47.506
187 333 9 25.023
188 119 45 78.752
189 943 50 21.221
190 1047 5 64.365
191 554 1 32.908
192 1130 15 34.386
193 912 57 12.271
194 568 43 14.271
195 1042 14 12.437
196 145 51 23.610
197 1131 37 87.437
198 1251 52 47.073
199 73 47 23.388
200 394 6 46.119