200
1 428 41 18.934
2 1308 54 71.797
3 1192 50 16.404
4 1071 54 39.423
5 453 29 53.582
6 679 2 73.946
7 896 60 90.494
8 606 26 59.195
9 801 59 21.100
10 564 40 25.677
11 204 26 69.351
12 1336 58 78.446
13 1283 54 40.973
14 618 32 7.534
15 895 30 59.032
16 439 18 87.360
17 784 1 10.294
18 1235 48 41.677
19 942 32 6.633
20 979 54 75.584
21 675 54 16.364
22 825 12 92.822
23 130 44 44.692
24 1226 6 57.938
25 309 49 42.926
26 1338 31 90.400
27 558 32 72.171
28 1078 24 6.934
29 1252 52 83.769
30 851 52 40.313
31 1272 60 0.828
32 1105 38 90.513
33 1283 16 53.252
34 484 1 12.476
35 895 29 13.435
36 880 35 50.143
37 361 1 94.546
38 603 8 5.455
39 1401 15 36.074
40 483 44 78.429
41 507 23 0.936
42 107 6 62.917
43 1279 2 29.891
44 652 53 26.633
45 1203 41 26.412
46 1273 8 59.212
47 1194 21 81.230
48 1409 37 37.299
49 1411 15 22.293
50 412 55 52.659
51 31 41 16.531
52 888 52 50.802
53 27 29 80.374
54 754 4 26.963
55 1357 21 87.584
56 1187 43 20.033
57 1101 18 92.575
58 1151 27 68.379
59 1188 5 8.783
60 194 59 31.596
61 480 29 4.628
62 1017 33 91.902
63 1258 19 84.190
64 520 13 44.672
65 552 4 18.147
66 859 30 72.472
67 811 55 61.479
68 548 52 26.449
69 919 17 44.933
70 925 4 82.406
71 846 24 67.513
72 1025 38 21.779
73 258 51 14.006
74 1343 16 92.254
75 910 30 71.557
76 59 4 60.847
77 126 59 66.068
78 66 6 97.565
79 198 8 88.289
80 368 27 26.731
81 1051 15 83.012
82 1435 55 6.929
83 505 30 99.877
84 1314 39 83.903
85 1065 12 20.873
86 1101 45 14.291
87 392 36 61.217
88 491 1 26.779
89 189 53 56.023
90 1215 37 39.979
91 860 47 71.245
92 125 56 26.820
93 1094 23 3.845
94 1000 57 71.040
95 787 42 52.151
96 1358 16 63.143
97 425 35 73.466
98 1381 24 83.567
99 1172 12 59.229
100 655 56 57.516
101 1005 60 88.102
102 917 24 23.985
103 467 53 41.831
104 1364 7 82.473
105 811 42 80.676
106 1390 39 78.238
107 492 22 99.518
108 311 42 98.640
109 914 20 30.475
110 1084 36 55.218
111 1076 55 24.904
112 1201 14 66.722
113 538 11 50.317
114 649 29 23.701
115 62 7 64.845
116 259 7 84.860
117 1383 37 20.565
118 1416 52 87.884
119 721 23 1.681
120 1008 5 31.930
121 198 38 99.932
122 222 21 19.422
123 730 50 48.449
124 580 45 20.245
125 621 56 47.047
126 1249 27 30.562
127 188 53 63.692
128 430 54 7.084
129 1233 30 88.567
130 773 8 13.304
131 555 38 77.376
132 1321 35 89.092
133 62 19 42.565
134 997 26 87.917
135 79 48 92.227
136 461 36 23.461
137 1132 32 7.264
138 897 58 31.453
139 441 1 17.750
140 206 59 41.148
141 1223 7 70.830
142 227 5 5.449
143 93 1 74.354
144 1054 44 50.757
145 196 60 74.511
146 550 9 12.859
147 543 27 6.526
148 930 7 99.425
149 899 48 40.792
150 644 45 8.534
151 449 7 10.798
152 710 48 20.436
153 1384 39 59.125
154 803 35 0.437
155 997 27 91.091
156 1376 9 61.315
157 739 42 61.391
158 681 9 24.144
159 1377 2 68.462
160 270 35 63.738
161 371 28 32.991
162 386 28 93.028
163 1035 55 78.886
164 384 37 34.189
165 486 4 25.058
166 18 28 5.155
167 1075 9 41.685
168 390 18 34.094
169 857 27 88.117
170 1429 45 67.293
171 396 33 78.688
172 907 48 36.379
173 686 19 85.801
174 185 44 68.289
175 437 2 72.774
176 1282 1 63.708
177 472 4 0.226
178 1423 5 72.163
179 386 58 77.019
180 1307 48 7.964
181 144 30 95.828
182 1218 12 83.238
183 369 19 41.236
184 1238 24 42.080
185 166 27 55.001
186 1042 39 74.690
187 1058 40 79.928
188 569 10 54.991
189 668 58 99.518
190 236 17 26.426
191 1291 2 77.021
192 984 49 62.406
193 1252 2 48.169
194 438 48 36.420
195 308 5 47.523
196 1263 22 73.773
197 420 13 37.555
198 797 2 87.983
199 924 12 7.617
200 768 48 6.599