200
1 901 19 78.147
2 740 35 11.448
3 590 44 24.868
4 86 44 64.778
5 283 47 9.543
6 102 46 97.496
7 778 26 34.049
8 400 23 42.497
9 1253 30 7.688
10 1336 8 90.729
11 1272 38 18.591
12 443 23 77.214
13 342 1 67.676
14 1264 44 62.294
15 750 2 15.075
16 1315 15 89.695
17 1398 18 90.515
18 994 20 97.806
19 486 34 22.666
20 915 45 10.075
21 1135 56 73.800
22 672 53 41.052
23 650 19 49.207
24 355 53 69.791
25 105 28 70.467
26 1266 16 18.350
27 1224 19 79.265
28 947 20 56.955
29 1422 7 15.845
30 850 34 86.559
31 858 50 87.816
32 616 52 38.814
33 1296 34 99.455
34 163 60 75.189
35 1259 34 82.490
36 28 16 25.849
37 108 14 87.365
38 956 20 0.688
39 1425 33 58.657
40 714 16 1.857
41 385 30 26.758
42 803 53 64.951
43 1128 8 10.178
44 462 12 99.402
45 674 7 82.528
46 1439 54 24.452
47 125 48 96.451
48 154 39 90.046
49 18 33 13.953
50 325 39 23.515
51 451 40 21.645
52 926 36 74.734
53 725 39 81.579
54 744 7 52.665
55 214 31 79.158
56 1220 60 80.260
57 822 50 41.615
58 343 54 88.765
59 731 47 75.742
60 1335 14 89.199
61 408 35 64.846
62 1060 42 41.724
63 857 31 76.934
64 1197 17 91.284
65 465 16 16.053
66 150 46 61.696
67 1108 45 37.258
68 1412 38 91.375
69 865 29 89.780
70 349 6 72.780
71 53 53 41.972
72 1222 54 13.893
73 513 55 8.861
74 1355 2 75.904
75 1037 15 77.923
76 88 48 64.651
77 666 36 86.594
78 1070 5 25.624
79 628 32 34.460
80 1077 6 64.535
81 1020 26 17.772
82 1001 38 74.219
83 427 6 84.356
84 1429 21 0.206
85 739 8 43.029
86 929 21 51.346
87 501 21 31.698
88 891 35 29.591
89 984 23 49.261
90 1058 40 5.333
91 213 38 83.780
92 200 7 87.453
93 1160 54 19.560
94 162 54 58.948
95 219 39 38.583
96 191 47 37.147
97 325 23 15.632
98 1136 27 12.261
99 120 39 30.326
100 1128 56 9.614
101 442 19 1.132
102 1105 45 73.420
103 969 12 81.343
104 1439 35 19.056
105 367 6 62.192
106 780 57 64.907
107 688 21 98.712
108 1314 42 11.531
109 467 47 38.471
110 288 50 24.644
111 645 56 50.622
112 379 36 65.654
113 1360 55 11.439
114 995 51 63.123
115 1231 22 38.451
116 402 33 80.577
117 571 27 85.952
118 950 2 88.244
119 371 11 54.097
120 855 26 51.335
121 965 23 58.079
122 1384 43 77.476
123 196 12 30.964
124 482 10 1.060
125 220 55 28.166
126 856 53 4.432
127 442 38 19.322
128 790 46 32.271
129 765 23 3.381
130 222 46 49.599
131 1063 41 34.256
132 1434 54 81.235
133 274 5 33.427
134 1380 48 7.756
135 96 43 6.576
136 1218 55 66.671
137 21 21 75.839
138 250 44 60.447
139 1069 47 6.715
140 90 31 94.879
141 448 42 35.999
142 1348 57 21.141
143 623 15 1.457
144 1380 29 91.277
145 600 54 68.351
146 1129 44 97.597
147 1177 9 70.740
148 954 23 96.798
149 972 24 33.885
150 1175 60 27.775
151 759 27 12.084
152 1177 41 14.142
153 945 23 16.324
154 1193 16 57.578
155 171 55 20.383
156 1316 26 3.456
157 416 37 46.496
158 1174 13 52.669
159 52 5 69.417
160 938 53 86.925
161 516 29 93.399
162 300 36 97.230
163 197 2 26.826
164 1391 36 90.389
165 741 47 65.216
166 1215 19 90.088
167 1269 48 40.457
168 271 51 32.826
169 227 17 67.401
170 430 53 48.684
171 1357 45 27.964
172 996 21 18.677
173 267 58 99.461
174 193 14 77.920
175 16 45 48.013
176 1128 32 73.713
177 509 9 82.743
178 378 38 69.935
179 792 59 27.330
180 333 2 47.760
181 79 2 8.250
182 479 38 1.692
183 236 13 88.912
184 997 33 96.020
185 1413 53 22.663
186 1041 33 93.611
187 409 15 99.009
188 989 18 66.597
189 185 4 60.320
190 854 25 0.937
191 913 21 75.647
192 1068 39 48.330
193 587 22 31.494
194 864 9 55.812
195 964 18 6.223
196 941 56 76.071
197 110 46 77.259
198 191 32 78.003
199 209 20 51.961
200 1117 45 1.369