200
1 936 44 47.147
2 699 57 28.738
3 928 55 41.313
4 898 14 84.399
5 68 36 73.712
6 95 51 15.848
7 439 23 12.327
8 658 52 84.975
9 305 43 11.549
10 77 7 71.428
11 11 28 52.118
12 1029 19 1.837
13 74 12 16.857
14 269 11 18.884
15 512 52 8.720
16 189 18 49.727
17 319 8 18.482
18 1220 4 47.318
19 206 28 15.927
20 1333 42 20.821
21 1203 47 39.449
22 580 37 15.300
23 230 51 1.922
24 1155 2 41.966
25 618 18 11.932
26 1377 19 16.213
27 279 30 42.172
28 699 37 75.332
29 730 52 77.928
30 357 21 58.086
31 338 14 87.232
32 194 47 71.792
33 727 32 35.989
34 207 36 53.267
35 933 2 74.810
36 223 51 63.005
37 1429 29 96.188
38 262 15 56.914
39 1233 45 90.010
40 538 51 2.555
41 70 43 67.931
42 459 60 68.183
43 500 34 22.257
44 1358 3 10.640
45 801 14 64.164
46 654 42 98.666
47 858 51 97.419
48 90 56 98.886
49 1019 38 32.456
50 42 34 10.141
51 487 56 81.859
52 1264 45 10.061
53 1211 45 50.130
54 1310 53 54.050
55 470 60 39.734
56 623 52 4.034
57 1303 45 98.781
58 540 60 85.578
59 904 14 75.930
60 1430 47 88.059
61 1286 3 31.206
62 1325 53 93.596
63 559 41 28.646
64 874 11 19.343
65 499 30 35.297
66 1007 47 89.238
67 345 22 76.968
68 387 36 30.956
69 1280 58 76.741
70 801 60 74.962
71 826 55 37.342
72 172 22 75.912
73 523 60 62.774
74 493 43 24.638
75 938 29 3.412
76 460 12 41.017
77 776 1 77.573
78 850 28 41.957
79 1108 18 64.522
80 656 54 4.620
81 470 59 32.977
82 708 52 23.958
83 915 40 26.043
84 653 28 14.277
85 964 42 72.781
86 362 11 42.342
87 210 53 48.230
88 1247 41 6.907
89 648 13 79.206
90 483 27 95.121
91 984 41 25.867
92 1162 41 80.856
93 736 23 40.874
94 396 20 48.781
95 751 1 11.490
96 1202 36 40.042
97 1096 41 21.262
98 709 31 9.768
99 571 13 33.231
100 105 10 95.395
101 1102 8 44.480
102 1032 56 52.922
103 120 25 7.310
104 972 60 48.976
105 1338 27 15.231
106 52 1 85.188
107 822 51 86.235
108 1078 3 44.413
109 335 26 67.046
110 1419 50 4.834
111 232 53 33.618
112 772 43 76.909
113 967 58 3.403
114 1340 18 77.185
115 558 28 0.616
116 844 22 82.651
117 1283 35 21.222
118 950 24 66.418
119 1283 51 57.508
120 453 60 34.058
121 1203 43 10.382
122 1096 49 2.397
123 904 3 62.758
124 905 43 75.563
125 624 41 2.978
126 1311 7 66.523
127 519 58 57.484
128 1148 54 39.383
129 1159 10 97.650
130 895 12 31.826
131 1153 48 40.051
132 1062 26 55.695
133 608 4 65.181
134 1385 57 48.428
135 1417 23 48.709
136 742 43 57.006
137 1207 56 56.458
138 1197 52 25.561
139 903 39 36.563
140 602 18 99.479
141 1410 30 65.600
142 77 39 91.640
143 473 31 28.133
144 720 23 1.442
145 1268 2 12.290
146 345 47 59.283
147 238 59 35.159
148 1006 29 41.822
149 242 47 7.619
150 345 41 25.555
151 851 11 11.418
152 779 44 98.616
153 1123 39 89.686
154 610 47 23.063
155 161 23 72.019
156 654 22 23.564
157 827 30 8.338
158 469 59 25.978
159 682 52 43.984
160 1054 56 24.296
161 867 33 0.497
162 1303 3 7.491
163 1223 49 27.282
164 564 11 31.766
165 1267 51 46.953
166 1440 16 99.449
167 279 5 80.648
168 576 57 16.772
169 532 31 11.429
170 832 37 56.228
171 135 17 2.610
172 1325 5 59.726
173 1399 7 85.480
174 1316 60 18.233
175 1145 25 48.594
176 364 41 90.889
177 1348 18 45.131
178 803 56 58.262
179 1013 59 8.448
180 789 13 77.547
181 723 20 43.853
182 938 48 80.337
183 574 13 11.298
184 128 21 11.491
185 539 40 37.209
186 733 13 32.946
187 1414 9 51.014
188 1122 19 10.398
189 1366 49 75.875
190 454 18 31.452
191 1300 19 6.984
192 754 31 2.123
193 416 40 39.413
194 911 57 94.709
195 341 9 28.519
196 568 24 51.680
197 708 35 48.937
198 92 39 68.869
199 699 40 40.674
200 188 48 34.421