200
1 167 4 34.648
2 708 24 37.541
3 220 27 63.177
4 1188 13 53.948
5 1116 42 62.090
6 840 5 11.009
7 1203 29 44.211
8 1147 21 29.949
9 667 51 54.160
10 1250 47 55.280
11 772 43 33.271
12 620 36 18.131
13 604 20 65.668
14 561 50 17.123
15 319 9 27.427
16 1395 42 41.780
17 414 10 49.608
18 1340 45 68.721
19 1396 34 9.636
20 1028 36 16.841
21 561 21 47.796
22 1223 42 66.520
23 839 14 96.467
24 1000 24 84.065
25 1100 19 51.634
26 755 37 68.751
27 1174 41 83.487
28 1351 45 44.421
29 808 9 83.909
30 171 47 63.136
31 629 21 74.737
32 762 10 6.511
33 1301 14 57.240
34 302 25 57.330
35 915 9 78.329
36 1401 51 29.953
37 606 57 60.707
38 635 40 26.888
39 925 24 0.903
40 252 58 43.112
41 1078 60 16.316
42 423 29 74.141
43 246 31 91.556
44 1113 4 65.504
45 72 25 26.288
46 1283 34 86.887
47 100 15 54.262
48 933 46 8.892
49 894 26 17.721
50 177 7 10.780
51 317 47 29.347
52 597 12 42.212
53 978 7 26.407
54 1116 21 48.494
55 1117 1 83.215
56 85 55 68.615
57 1183 39 7.707
58 651 4 51.875
59 1343 60 30.087
60 102 31 57.367
61 507 39 56.539
62 789 1 87.838
63 497 56 92.287
64 891 1 98.087
65 293 11 3.020
66 1133 47 79.030
67 735 11 89.823
68 1052 26 11.168
69 343 25 45.029
70 893 53 4.547
71 695 19 12.421
72 89 43 0.733
73 446 36 67.782
74 158 16 17.309
75 671 27 62.425
76 455 8 80.854
77 783 11 72.580
78 216 56 21.234
79 313 6 38.886
80 663 39 58.247
81 125 39 41.908
82 369 33 31.005
83 1246 45 10.992
84 1190 40 9.485
85 1412 37 23.110
86 223 20 14.199
87 699 53 5.339
88 125 41 32.480
89 1099 2 91.689
90 263 27 18.462
91 915 55 38.011
92 84 58 92.720
93 919 19 30.737
94 524 3 65.316
95 1152 43 59.381
96 200 33 70.406
97 1052 11 60.188
98 24 26 97.960
99 1115 37 14.154
100 1264 11 39.839
101 338 22 9.901
102 617 54 96.110
103 1149 32 96.062
104 533 39 15.495
105 1031 12 49.913
106 1103 44 91.671
107 1419 50 28.496
108 679 55 51.287
109 1303 37 77.923
110 38 49 55.961
111 205 36 8.791
112 788 23 24.492
113 308 20 95.642
114 248 30 15.657
115 624 49 33.005
116 903 10 17.202
117 953 19 52.902
118 124 28 94.547
119 492 40 64.808
120 1383 23 41.145
121 543 42 80.785
122 1196 9 45.475
123 1298 13 90.615
124 251 45 23.514
125 330 22 91.418
126 316 25 85.475
127 887 49 9.882
128 1412 56 95.456
129 364 29 23.139
130 201 22 17.279
131 448 49 84.520
132 231 19 44.580
133 768 29 94.008
134 57 2 13.696
135 681 52 92.797
136 1251 16 80.924
137 115 12 70.280
138 34 23 54.190
139 985 59 46.768
140 268 6 93.606
141 1200 29 86.304
142 735 29 22.551
143 949 39 78.224
144 1322 34 36.982
145 515 41 13.610
146 1060 43 31.938
147 129 54 52.410
148 367 59 29.421
149 1101 2 23.063
150 253 6 96.922
151 780 43 2.698
152 109 56 93.343
153 1408 15 35.686
154 47 60 30.461
155 580 46 41.485
156 1089 48 41.318
157 1146 57 83.243
158 1383 40 25.987
159 716 3 97.296
160 720 47 44.001
161 1422 2 71.012
162 583 59 64.768
163 821 23 17.927
164 888 58 93.737
165 698 60 2.712
166 965 19 46.787
167 181 2 59.342
168 551 37 86.915
169 718 42 83.211
170 103 23 89.120
171 1251 29 50.839
172 1049 31 3.481
173 1126 14 96.227
174 496 42 99.612
175 1154 3 37.803
176 898 8 91.763
177 722 53 47.556
178 989 38 91.328
179 700 7 78.740
180 168 49 86.662
181 878 10 12.052
182 602 35 20.907
183 1351 12 71.694
184 808 21 98.012
185 1012 13 11.399
186 129 5 41.715
187 293 22 39.098
188 1319 47 13.424
189 840 38 42.391
190 487 41 91.499
191 28 26 12.458
192 465 15 67.906
193 573 20 64.429
194 1056 42 73.615
195 1117 25 47.778
196 912 17 79.958
197 623 56 86.537
198 916 34 95.559
199 643 12 79.118
200 1352 38 68.957