200
1 226 15 79.339
2 616 41 34.639
3 297 12 27.698
4 694 4 61.334
5 1432 37 77.311
6 1089 5 47.925
7 351 32 7.528
8 515 14 51.918
9 658 24 36.081
10 684 41 89.925
11 499 26 57.323
12 1299 58 0.722
13 1027 39 63.849
14 127 46 75.573
15 558 24 57.090
16 453 33 0.465
17 768 42 44.297
18 376 31 32.882
19 976 33 64.090
20 221 9 77.999
21 1018 10 36.241
22 949 52 65.856
23 769 16 65.932
24 147 41 36.198
25 340 1 7.703
26 437 42 50.058
27 475 59 22.286
28 1326 54 88.554
29 1054 51 24.387
30 1356 48 84.862
31 1098 10 77.272
32 370 44 77.642
33 722 44 23.304
34 321 58 21.405
35 1417 37 38.278
36 12 5 56.393
37 487 13 33.503
38 878 19 64.262
39 304 50 34.752
40 160 6 68.500
41 247 28 48.307
42 1319 46 71.322
43 306 33 38.512
44 708 2 85.194
45 1335 9 44.877
46 131 33 84.103
47 910 6 53.260
48 413 11 72.658
49 1134 14 37.352
50 270 54 36.951
51 728 50 22.763
52 1015 7 95.759
53 212 6 86.742
54 1199 23 85.360
55 1357 10 82.338
56 429 26 39.498
57 764 32 45.372
58 367 39 77.826
59 990 38 38.860
60 1137 8 2.111
61 706 55 0.383
62 1261 20 35.689
63 582 25 27.543
64 1288 4 78.983
65 606 26 69.573
66 316 4 22.407
67 342 51 69.299
68 488 59 66.227
69 1390 55 1.153
70 444 35 13.050
71 1330 54 34.388
72 1172 44 42.293
73 1379 1 5.563
74 1419 44 45.696
75 155 59 56.669
76 969 50 44.987
77 698 23 9.814
78 1233 52 3.278
79 810 22 24.634
80 1438 47 93.229
81 447 6 22.421
82 915 41 81.067
83 1371 4 53.871
84 673 7 76.836
85 821 8 76.229
86 524 53 52.708
87 655 13 43.075
88 872 39 90.236
89 61 1 69.353
90 90 59 30.796
91 1202 6 24.795
92 1296 49 17.276
93 1099 18 24.267
94 658 32 83.077
95 280 7 18.443
96 1236 48 92.017
97 1305 33 62.826
98 176 40 68.317
99 1360 30 73.460
100 622 38 60.407
101 296 9 83.015
102 587 47 27.319
103 1113 48 64.638
104 296 38 14.531
105 976 19 90.220
106 1144 27 30.379
107 933 25 22.204
108 75 19 37.527
109 1160 7 50.960
110 1146 37 92.318
111 566 39 61.735
112 224 34 21.695
113 650 48 54.046
114 1014 28 83.418
115 566 3 50.058
116 302 24 24.951
117 1289 14 90.039
118 302 13 27.126
119 261 38 52.741
120 478 25 14.602
121 229 28 69.018
122 884 22 32.279
123 223 51 80.588
124 1030 2 58.770
125 562 24 19.913
126 279 32 22.277
127 1437 45 24.807
128 525 25 79.502
129 275 34 10.344
130 398 48 20.916
131 315 15 15.361
132 1168 3 43.541
133 752 46 40.606
134 1175 42 39.872
135 744 55 77.007
136 1042 44 54.489
137 325 39 14.655
138 511 56 17.532
139 1335 15 45.615
140 722 35 59.670
141 195 18 63.041
142 799 57 79.469
143 194 29 49.016
144 1103 48 42.088
145 1003 16 23.235
146 156 5 68.044
147 462 11 48.639
148 359 54 67.796
149 1063 16 52.299
150 1119 58 88.550
151 602 32 53.289
152 345 55 7.787
153 727 43 22.050
154 266 59 28.996
155 1127 28 78.201
156 500 22 61.722
157 1052 16 46.863
158 636 8 32.864
159 787 17 0.796
160 172 38 20.172
161 417 3 17.673
162 1216 4 3.833
163 774 36 45.181
164 1387 44 8.040
165 1218 1 53.782
166 1042 34 59.665
167 750 59 39.082
168 473 46 47.120
169 1167 11 13.963
170 875 47 46.713
171 87 13 15.090
172 1239 39 52.070
173 170 25 29.172
174 947 9 90.154
175 1288 18 88.588
176 493 22 32.379
177 815 48 25.807
178 1214 23 80.851
179 382 57 45.061
180 821 44 28.950
181 650 33 41.771
182 811 49 79.563
183 1094 58 33.338
184 1133 42 4.468
185 851 35 39.686
186 111 2 29.755
187 273 10 43.937
188 1135 32 1.997
189 243 6 96.374
190 673 21 1.896
191 1121 6 93.221
192 1350 44 29.498
193 1183 12 36.469
194 144 25 52.926
195 731 36 95.295
196 1226 31 19.579
197 293 12 84.075
198 1046 15 30.891
199 911 52 99.901
200 868 32 65.582