200
1 218 53 35.957
2 197 31 44.837
3 1189 59 80.870
4 765 34 89.746
5 622 18 63.212
6 358 54 35.222
7 824 57 93.928
8 404 43 82.184
9 692 27 68.736
10 27 51 82.320
11 65 4 9.150
12 876 18 29.596
13 936 45 36.044
14 1358 20 13.706
15 517 34 43.072
16 464 45 56.921
17 974 14 84.088
18 869 9 74.423
19 685 33 63.260
20 1387 51 77.641
21 1371 4 17.269
22 907 30 0.043
23 1374 57 0.320
24 57 36 22.355
25 1326 44 91.883
26 807 17 74.396
27 1054 22 40.826
28 885 4 26.715
29 175 14 60.013
30 893 38 79.324
31 996 35 78.518
32 1311 43 48.139
33 1072 46 56.549
34 740 37 82.711
35 1187 60 64.004
36 622 29 79.486
37 288 29 56.508
38 270 43 98.013
39 372 3 4.262
40 1207 38 62.228
41 665 6 92.468
42 1432 6 84.369
43 1376 38 25.229
44 1312 43 24.557
45 983 15 11.165
46 1050 55 79.655
47 480 9 53.098
48 466 20 23.284
49 380 47 70.544
50 929 37 66.164
51 581 8 68.014
52 156 58 96.872
53 304 18 54.725
54 567 13 23.631
55 1369 44 9.674
56 974 44 3.881
57 889 10 13.915
58 561 13 1.212
59 1022 37 80.111
60 305 11 4.233
61 821 35 26.488
62 1261 48 15.981
63 112 16 53.883
64 1382 47 9.808
65 8 4 16.710
66 127 18 53.719
67 147 45 88.847
68 1094 42 0.230
69 893 13 2.991
70 1225 25 70.936
71 363 41 7.553
72 394 53 39.219
73 228 52 35.777
74 1090 59 2.029
75 1047 52 83.913
76 339 60 13.907
77 838 1 60.425
78 518 14 74.720
79 1128 46 78.297
80 1062 45 99.686
81 248 58 36.592
82 1394 14 23.758
83 1266 28 26.639
84 110 12 97.625
85 465 4 52.508
86 955 36 30.352
87 300 30 99.554
88 1428 10 36.951
89 362 14 86.385
90 410 13 71.188
91 1317 30 61.179
92 63 27 47.758
93 847 15 64.175
94 444 44 5.006
95 1210 46 70.321
96 1247 54 73.701
97 1341 8 90.022
98 1174 26 74.144
99 233 10 58.786
100 963 17 78.517
101 654 37 86.668
102 870 15 42.052
103 951 16 83.458
104 816 13 46.163
105 282 31 84.355
106 1224 35 71.067
107 524 41 22.852
108 403 60 4.328
109 527 13 46.108
110 1428 1 7.318
111 1343 39 22.227
112 1362 23 58.907
113 732 49 1.641
114 875 36 37.237
115 399 14 25.091
116 725 36 40.953
117 803 58 78.520
118 339 35 86.005
119 704 40 50.377
120 1336 24 52.301
121 1415 57 42.234
122 1412 30 88.783
123 909 20 75.716
124 657 13 40.596
125 596 57 80.666
126 89 31 61.528
127 849 16 44.573
128 1246 44 67.477
129 1318 56 76.025
130 211 12 15.874
131 272 7 69.150
132 715 24 65.866
133 495 21 44.913
134 1360 23 56.814
135 508 27 94.593
136 872 29 74.174
137 18 55 23.478
138 895 30 12.299
139 423 21 5.617
140 169 2 81.325
141 1092 31 69.887
142 1336 16 92.162
143 520 25 87.948
144 508 55 34.772
145 453 13 16.641
146 771 11 70.784
147 982 58 97.424
148 1052 19 11.547
149 462 37 27.935
150 4 3 34.847
151 1072 56 73.634
152 769 49 13.441
153 1197 29 82.688
154 11 60 17.548
155 1085 20 7.935
156 255 55 53.846
157 1423 47 36.475
158 1016 39 58.391
159 1382 34 66.391
160 195 37 43.981
161 1171 15 70.293
162 1250 28 25.001
163 957 48 67.881
164 594 22 39.747
165 337 46 34.470
166 138 28 88.587
167 1218 1 98.302
168 124 16 67.642
169 951 9 30.189
170 829 52 84.401
171 673 56 33.626
172 1319 59 21.671
173 596 43 26.740
174 1113 33 69.959
175 948 55 44.794
176 750 53 40.983
177 1349 35 28.728
178 201 23 50.183
179 1296 7 80.180
180 692 32 6.461
181 823 32 61.758
182 1121 17 22.815
183 129 57 45.249
184 762 8 40.482
185 556 42 79.037
186 697 29 14.958
187 291 46 50.466
188 723 17 40.793
189 172 29 79.981
190 1356 2 80.995
191 247 59 71.299
192 491 12 67.204
193 574 1 84.308
194 1179 17 76.068
195 664 6 57.349
196 394 39 58.594
197 224 39 59.537
198 1214 52 97.154
199 594 30 25.937
200 1127 60 41.766