200
1 865 56 15.709
2 571 25 63.685
3 681 45 60.989
4 1155 14 67.216
5 487 18 93.558
6 396 5 42.380
7 645 2 45.120
8 440 28 68.836
9 332 50 91.365
10 1206 26 65.513
11 684 34 29.331
12 857 14 81.197
13 366 32 44.989
14 83 15 5.683
15 397 22 69.285
16 988 7 83.654
17 178 48 46.712
18 232 29 96.677
19 52 24 8.233
20 464 53 7.188
21 489 45 4.876
22 393 7 63.749
23 234 39 42.724
24 1303 18 97.494
25 199 47 62.075
26 1435 36 97.864
27 1095 22 59.891
28 133 18 96.609
29 1253 60 71.496
30 1118 48 40.495
31 606 12 76.586
32 951 3 48.861
33 540 23 79.128
34 609 59 25.827
35 1439 52 11.203
36 809 46 38.615
37 807 30 21.467
38 471 18 49.478
39 1258 41 40.058
40 864 43 80.645
41 1350 49 14.614
42 776 18 73.008
43 1169 5 80.968
44 372 51 30.889
45 827 31 85.287
46 72 46 0.607
47 1360 31 92.882
48 1370 8 7.978
49 580 26 95.784
50 848 16 88.134
51 720 21 6.013
52 1119 18 25.623
53 363 38 81.230
54 202 44 86.155
55 307 29 57.712
56 636 12 2.251
57 109 3 96.022
58 213 25 76.834
59 514 23 23.274
60 464 42 99.292
61 1384 30 31.638
62 1396 49 94.136
63 207 55 31.918
64 1061 6 89.066
65 393 40 51.017
66 1156 30 35.683
67 1033 5 2.432
68 701 16 48.579
69 699 7 89.682
70 524 34 96.223
71 618 27 17.575
72 923 48 34.910
73 205 21 72.692
74 1005 28 86.631
75 442 24 55.034
76 1173 44 83.231
77 129 4 83.639
78 1210 10 65.248
79 940 26 13.425
80 526 48 21.794
81 153 50 62.839
82 809 9 65.098
83 817 57 98.461
84 96 42 76.934
85 1053 46 80.578
86 301 8 11.360
87 45 18 5.243
88 781 35 51.555
89 923 10 27.921
90 1156 26 4.810
91 1057 31 97.928
92 389 13 20.807
93 1139 33 57.388
94 1196 14 54.821
95 1390 2 90.427
96 733 18 15.562
97 409 18 55.070
98 53 15 80.495
99 20 40 35.901
100 728 16 8.890
101 523 45 41.433
102 94 59 98.579
103 1339 41 50.648
104 471 26 75.857
105 788 32 61.831
106 1157 2 89.732
107 1190 21 34.607
108 1234 50 47.461
109 1376 9 79.111
110 890 26 50.790
111 137 22 45.570
112 422 19 31.023
113 1315 56 33.800
114 185 46 64.631
115 35 15 46.921
116 1195 12 36.601
117 170 4 10.201
118 127 32 37.026
119 305 21 85.247
120 880 44 0.979
121 329 40 63.376
122 1386 1 44.477
123 829 5 71.841
124 982 44 76.476
125 1134 4 11.790
126 1065 14 84.762
127 974 20 44.621
128 1014 26 80.180
129 597 46 72.744
130 489 40 49.987
131 254 45 31.319
132 758 1 88.394
133 258 31 19.391
134 222 2 45.887
135 47 41 17.784
136 1036 2 81.371
137 1037 51 6.253
138 405 35 67.053
139 1079 26 4.960
140 31 29 50.414
141 14 15 88.378
142 1392 32 61.881
143 53 16 47.663
144 177 50 93.302
145 351 21 70.334
146 179 57 38.397
147 102 30 34.634
148 50 36 83.418
149 117 42 9.661
150 1169 33 24.542
151 1401 24 30.906
152 966 3 1.735
153 947 56 61.450
154 85 28 83.589
155 1007 44 45.955
156 283 42 40.049
157 1165 53 89.094
158 1126 57 37.912
159 158 31 81.865
160 418 26 34.076
161 606 36 85.550
162 1406 60 54.749
163 242 52 70.589
164 1399 58 50.873
165 781 26 74.462
166 795 9 37.998
167 530 48 92.987
168 744 21 8.469
169 662 10 50.865
170 55 59 48.943
171 459 3 98.918
172 414 27 56.452
173 725 58 40.051
174 1099 14 10.597
175 387 22 12.985
176 484 18 5.139
177 1361 30 31.288
178 901 5 51.454
179 37 16 69.799
180 154 49 13.480
181 249 16 0.232
182 1324 3 64.861
183 1426 40 43.745
184 186 35 74.737
185 791 26 34.964
186 556 44 80.235
187 1285 53 82.689
188 389 10 2.106
189 27 9 94.199
190 1362 54 60.678
191 803 2 22.860
192 10 38 61.714
193 8 53 72.947
194 992 9 58.067
195 468 21 48.670
196 55 46 52.123
197 137 31 73.439
198 172 5 19.902
199 250 1 19.729
200 301 51 34.459