200
1 567 30 10.044
2 72 25 28.658
3 580 58 63.389
4 1078 40 60.304
5 494 44 80.502
6 706 28 90.308
7 542 29 97.521
8 1292 7 57.282
9 523 9 56.562
10 963 18 13.071
11 1169 54 21.544
12 1430 31 62.726
13 1220 42 59.692
14 1223 49 23.026
15 848 36 12.456
16 1095 16 0.854
17 232 39 50.963
18 1282 8 57.798
19 1106 59 42.954
20 567 2 5.800
21 408 4 61.453
22 868 29 50.973
23 13 39 12.390
24 274 32 83.386
25 115 45 85.079
26 428 38 56.612
27 1396 38 22.365
28 878 3 55.845
29 1336 26 90.163
30 754 37 32.594
31 33 9 69.565
32 881 19 45.870
33 1139 57 68.710
34 1019 42 4.144
35 314 13 59.641
36 1169 8 36.232
37 1072 39 86.990
38 869 51 52.240
39 1432 46 22.876
40 1440 33 32.007
41 1296 48 45.430
42 1360 35 17.246
43 369 17 98.420
44 760 34 58.005
45 82 7 85.643
46 1141 28 34.418
47 148 35 77.169
48 608 31 80.242
49 472 4 54.024
50 95 56 67.460
51 449 38 7.231
52 388 29 23.156
53 1426 12 47.434
54 917 37 28.723
55 111 5 16.024
56 1306 56 82.674
57 1380 33 63.260
58 79 60 17.349
59 127 15 4.860
60 1360 1 45.509
61 228 35 69.083
62 1039 38 97.563
63 816 5 72.057
64 258 29 11.896
65 68 11 98.442
66 190 26 12.334
67 1400 47 80.199
68 1272 16 42.682
69 1155 29 70.756
70 1240 32 34.486
71 867 55 77.442
72 1185 46 39.983
73 402 59 0.566
74 92 27 27.441
75 544 25 97.791
76 986 42 57.484
77 452 35 93.292
78 612 45 71.173
79 338 34 32.620
80 699 59 36.691
81 689 19 38.432
82 1363 40 69.847
83 179 8 12.566
84 1357 37 67.121
85 1104 38 5.185
86 912 4 37.037
87 1018 4 68.770
88 359 42 5.024
89 668 23 71.579
90 1134 28 42.361
91 322 32 10.348
92 1275 2 69.117
93 733 43 48.531
94 369 57 64.175
95 27 30 26.708
96 630 51 3.855
97 694 47 77.992
98 267 47 28.382
99 1423 32 88.087
100 129 52 84.962
101 479 5 17.718
102 924 57 62.593
103 1116 9 7.987
104 1135 14 21.499
105 396 59 10.431
106 310 48 19.596
107 371 24 81.089
108 1228 11 92.254
109 278 25 20.432
110 59 24 11.083
111 606 60 10.437
112 453 3 56.243
113 1391 11 81.059
114 359 36 21.008
115 1030 22 20.885
116 820 1 26.690
117 837 20 61.378
118 1348 49 88.690
119 1140 50 36.152
120 910 39 25.428
121 67 46 63.737
122 50 26 41.704
123 750 25 66.633
124 1416 33 82.772
125 1350 27 88.190
126 275 31 71.290
127 1335 28 83.838
128 1320 8 3.881
129 954 44 25.905
130 1092 43 78.339
131 1360 18 45.530
132 591 12 66.810
133 523 5 30.409
134 71 15 71.372
135 736 15 19.842
136 290 35 45.171
137 492 51 43.678
138 1317 29 26.203
139 1211 45 9.411
140 210 33 92.087
141 274 32 24.683
142 971 2 75.652
143 791 32 95.392
144 581 42 68.594
145 440 56 13.680
146 953 6 80.458
147 560 14 31.445
148 878 34 8.417
149 1192 19 85.720
150 1406 32 54.117
151 514 7 6.058
152 1114 47 50.117
153 867 4 21.537
154 709 50 39.760
155 736 16 63.780
156 340 9 3.819
157 1211 46 5.355
158 1337 3 20.416
159 31 36 27.307
160 1356 51 89.808
161 795 29 54.555
162 951 34 94.324
163 669 23 12.543
164 821 46 26.066
165 559 15 36.061
166 273 26 25.712
167 80 54 37.436
168 814 30 68.292
169 541 57 82.312
170 393 17 44.924
171 1343 23 43.767
172 760 6 3.242
173 716 57 66.660
174 1411 4 56.318
175 888 53 78.432
176 159 50 51.298
177 422 50 82.595
178 1195 1 69.803
179 207 50 31.233
180 1270 22 30.282
181 649 18 42.982
182 677 48 8.318
183 1109 48 78.250
184 770 26 59.564
185 555 50 37.327
186 1206 51 56.646
187 793 35 52.430
188 203 2 95.989
189 713 8 87.330
190 682 2 77.201
191 87 20 34.068
192 1328 16 13.561
193 26 5 40.862
194 1376 50 42.170
195 1399 27 15.196
196 656 6 39.963
197 1323 18 13.004
198 1369 22 71.368
199 68 34 74.135
200 1159 26 65.997