200
1 722 51 46.778
2 608 41 17.666
3 1416 55 92.343
4 909 9 71.941
5 1217 50 2.108
6 1136 37 29.058
7 1110 31 82.226
8 920 48 98.000
9 1258 3 23.111
10 345 59 9.755
11 1275 39 17.038
12 412 2 59.271
13 254 24 46.287
14 1144 10 89.760
15 526 55 32.674
16 626 2 23.429
17 1281 4 23.097
18 64 10 26.920
19 280 40 87.219
20 471 42 63.338
21 1138 41 98.515
22 795 25 26.753
23 586 1 23.483
24 581 4 18.319
25 800 32 12.189
26 671 28 52.591
27 443 50 32.872
28 643 35 66.004
29 560 35 57.831
30 70 24 82.888
31 646 44 49.934
32 241 31 46.372
33 1216 33 89.943
34 947 23 97.773
35 1299 6 8.994
36 29 38 97.531
37 436 42 55.901
38 968 20 22.481
39 86 32 66.207
40 335 19 10.830
41 1152 53 14.864
42 1115 48 62.732
43 878 18 99.013
44 238 40 13.059
45 1402 29 7.716
46 890 45 99.275
47 134 59 44.294
48 1065 49 48.610
49 881 12 50.908
50 878 5 30.608
51 27 49 40.544
52 702 10 88.609
53 430 23 57.624
54 1374 14 92.741
55 1070 14 7.924
56 621 26 10.388
57 506 8 72.652
58 225 27 66.960
59 67 39 18.581
60 766 51 62.866
61 354 53 89.941
62 212 27 72.549
63 618 48 36.563
64 546 54 73.846
65 61 11 69.792
66 335 16 19.386
67 1395 8 31.604
68 127 52 85.583
69 528 4 18.411
70 794 30 11.703
71 1266 1 76.867
72 246 45 94.162
73 344 21 84.716
74 667 58 47.225
75 59 54 19.422
76 803 12 21.803
77 632 26 87.483
78 1139 41 38.207
79 403 46 18.597
80 657 58 79.739
81 718 57 75.253
82 679 29 62.062
83 192 3 57.255
84 895 19 19.932
85 209 12 60.825
86 1432 11 1.753
87 1245 39 35.974
88 839 33 1.924
89 195 2 43.105
90 1124 54 85.229
91 906 26 16.248
92 617 21 74.026
93 71 45 20.095
94 1214 33 77.688
95 676 5 93.538
96 1206 28 18.264
97 415 24 21.855
98 1149 44 59.524
99 844 34 54.374
100 433 51 82.560
101 972 10 15.524
102 74 14 70.476
103 301 22 33.476
104 1059 35 60.732
105 502 47 9.960
106 352 58 72.834
107 1348 59 30.045
108 1119 46 15.584
109 1110 16 37.965
110 891 22 32.441
111 1201 29 64.790
112 1253 6 36.283
113 503 8 28.611
114 1030 26 0.060
115 638 17 29.574
116 1366 10 36.825
117 1218 43 79.984
118 563 50 4.143
119 835 29 9.394
120 1208 56 52.310
121 1082 28 93.834
122 1281 5 8.827
123 1237 29 3.320
124 327 42 90.030
125 573 18 20.824
126 783 34 0.966
127 178 26 30.854
128 1124 32 27.884
129 194 26 32.633
130 841 7 78.955
131 227 38 3.535
132 937 31 95.782
133 815 47 52.486
134 355 36 36.352
135 1432 45 90.301
136 322 50 82.539
137 1170 48 23.211
138 875 5 58.261
139 89 57 27.834
140 126 25 91.564
141 368 13 63.199
142 639 17 61.757
143 135 31 97.415
144 1179 23 70.824
145 390 18 83.907
146 503 17 43.437
147 731 43 96.342
148 1304 7 61.047
149 763 44 48.688
150 810 10 57.316
151 1275 57 89.557
152 1022 13 86.090
153 850 52 19.488
154 776 56 35.441
155 1348 9 92.877
156 144 29 15.971
157 511 17 78.505
158 1094 15 64.188
159 635 38 51.010
160 1376 60 65.677
161 696 26 11.562
162 775 59 86.307
163 1116 47 44.225
164 1102 37 35.499
165 595 12 0.523
166 536 35 94.472
167 9 58 58.764
168 851 37 33.460
169 258 36 14.493
170 605 16 98.772
171 1234 28 36.740
172 1052 6 71.179
173 1044 45 38.814
174 484 60 84.685
175 749 55 79.470
176 916 58 66.364
177 262 32 57.885
178 1132 18 14.212
179 1064 20 23.700
180 969 58 62.995
181 1369 29 91.294
182 1359 31 43.213
183 913 36 29.483
184 1144 48 68.049
185 566 27 20.810
186 1249 55 10.403
187 1232 46 74.396
188 1097 3 53.623
189 1293 11 53.847
190 74 46 24.442
191 556 54 76.389
192 206 9 76.184
193 849 51 82.683
194 191 14 27.467
195 824 7 73.409
196 1097 50 96.303
197 887 51 60.219
198 1427 43 51.199
199 382 24 12.077
200 1130 29 2.157