200
1 1244 48 22.734
2 221 28 48.727
3 1101 43 96.556
4 1367 9 67.703
5 980 44 8.972
6 422 53 74.007
7 634 57 80.719
8 1355 14 39.789
9 632 25 19.955
10 608 53 10.184
11 171 6 83.687
12 1084 52 0.630
13 1152 5 97.877
14 642 39 58.812
15 515 37 10.227
16 865 51 85.060
17 1351 49 96.804
18 681 49 21.562
19 1109 38 32.049
20 650 20 32.580
21 1300 20 56.560
22 662 4 53.554
23 306 14 75.856
24 357 49 25.325
25 1170 46 18.056
26 1328 17 65.279
27 570 25 56.035
28 662 17 68.040
29 1335 13 84.607
30 972 15 67.078
31 978 54 47.877
32 1405 2 22.092
33 189 49 53.361
34 775 52 38.522
35 285 7 5.636
36 806 18 69.047
37 1047 11 70.399
38 593 16 93.947
39 850 5 82.304
40 136 25 52.112
41 269 41 91.202
42 931 18 79.561
43 237 32 49.665
44 643 32 99.394
45 1023 5 63.936
46 998 29 20.090
47 289 11 32.317
48 832 49 90.011
49 182 34 35.061
50 235 23 89.584
51 199 60 94.682
52 635 56 89.579
53 426 46 51.454
54 1035 57 94.732
55 1063 60 52.408
56 362 22 56.863
57 481 51 73.895
58 51 47 7.026
59 396 10 24.764
60 1247 9 12.068
61 535 36 8.853
62 739 39 69.539
63 45 27 93.545
64 618 42 31.147
65 1170 3 31.570
66 548 30 18.353
67 577 28 34.794
68 205 59 66.467
69 649 13 91.836
70 1412 53 25.921
71 327 47 51.183
72 1359 14 49.444
73 659 37 80.465
74 492 9 53.662
75 1371 43 55.648
76 972 16 21.296
77 1217 29 44.724
78 181 39 5.830
79 760 56 50.112
80 1228 34 74.347
81 1169 3 35.374
82 870 29 24.163
83 1224 27 7.970
84 741 14 49.074
85 110 50 64.900
86 1144 33 25.198
87 60 49 69.549
88 683 5 89.733
89 692 12 1.185
90 226 9 27.684
91 598 42 33.663
92 115 38 40.995
93 160 35 41.476
94 1048 28 10.330
95 917 39 22.785
96 1432 13 42.775
97 243 3 83.298
98 497 52 22.161
99 302 24 7.546
100 37 12 19.261
101 210 47 56.681
102 524 52 35.704
103 50 43 13.335
104 1062 42 89.959
105 1093 9 79.631
106 865 2 87.755
107 514 1 36.040
108 650 4 5.921
109 608 35 92.291
110 540 45 45.064
111 1132 45 49.866
112 854 45 60.079
113 506 3 18.995
114 752 31 36.301
115 85 31 95.245
116 606 15 81.978
117 891 18 54.712
118 336 46 55.563
119 52 31 70.035
120 101 7 45.336
121 19 33 67.841
122 58 55 58.138
123 1119 22 69.903
124 447 51 49.103
125 746 15 70.145
126 1253 17 17.993
127 134 49 77.101
128 1261 39 45.766
129 1077 44 8.317
130 709 25 27.122
131 188 59 87.615
132 35 14 75.419
133 96 33 51.547
134 1354 40 64.973
135 305 35 50.123
136 340 59 12.967
137 1357 60 10.633
138 612 24 96.403
139 1183 60 52.148
140 1018 28 6.447
141 561 44 25.737
142 377 14 45.920
143 513 43 39.417
144 329 8 86.020
145 402 20 65.062
146 685 11 81.462
147 71 21 84.657
148 748 44 80.238
149 329 2 9.619
150 130 4 75.971
151 1177 35 63.330
152 271 58 42.020
153 1217 53 77.179
154 1343 13 61.844
155 556 39 60.300
156 99 56 66.336
157 927 51 64.877
158 777 48 72.308
159 173 60 0.505
160 887 21 37.172
161 834 1 98.756
162 1299 15 69.034
163 5 51 60.668
164 995 58 57.835
165 296 59 17.754
166 479 51 39.570
167 1415 51 90.593
168 127 6 13.103
169 1337 9 68.154
170 429 28 35.890
171 697 19 45.191
172 552 47 96.040
173 476 47 37.563
174 1257 47 65.324
175 276 35 21.525
176 571 31 42.660
177 1094 31 1.902
178 1079 41 16.731
179 131 41 17.405
180 506 8 88.675
181 1265 2 33.391
182 173 52 34.477
183 800 57 45.149
184 982 56 59.197
185 280 26 71.548
186 625 27 41.898
187 646 42 14.295
188 991 32 85.943
189 1218 60 99.661
190 951 8 50.339
191 223 51 14.636
192 526 26 93.993
193 466 19 80.855
194 1081 33 18.451
195 154 55 19.228
196 709 35 46.264
197 921 52 54.531
198 1020 24 61.124
199 399 2 40.719
200 18 57 25.291