200
1 1020 22 28.442
2 342 60 11.531
3 280 46 87.793
4 56 13 41.377
5 287 2 29.362
6 718 58 62.451
7 322 50 3.403
8 1307 7 26.283
9 803 34 25.420
10 1196 37 69.305
11 1033 28 98.899
12 889 40 8.162
13 1341 14 0.870
14 246 57 85.751
15 1332 7 82.561
16 239 11 25.953
17 571 45 82.895
18 66 38 93.590
19 906 47 27.104
20 417 13 9.650
21 1411 40 41.836
22 749 39 74.580
23 424 28 49.532
24 984 2 48.568
25 578 59 1.575
26 1365 20 69.339
27 844 27 57.532
28 1094 17 40.003
29 200 44 93.647
30 256 2 33.969
31 557 37 68.522
32 547 47 91.051
33 765 25 79.657
34 334 25 6.518
35 292 17 80.084
36 13 46 55.051
37 1106 19 21.675
38 1332 55 27.488
39 1361 59 93.135
40 905 44 13.228
41 1080 54 93.988
42 113 48 37.794
43 814 13 31.949
44 348 36 45.893
45 555 25 75.283
46 671 18 48.406
47 1295 55 65.928
48 365 4 60.390
49 423 27 19.169
50 823 23 49.358
51 768 47 97.145
52 1115 58 37.129
53 1411 7 78.488
54 28 20 21.118
55 882 12 24.976
56 551 19 23.880
57 215 8 27.961
58 93 38 88.442
59 1327 35 76.908
60 1222 2 99.061
61 952 47 92.466
62 82 43 16.810
63 402 32 89.609
64 570 57 26.189
65 275 33 95.581
66 984 5 55.394
67 920 29 11.420
68 208 27 39.637
69 339 36 66.585
70 533 60 92.273
71 958 19 75.755
72 1044 34 35.189
73 1029 34 5.073
74 1390 44 75.176
75 654 38 81.042
76 444 16 89.776
77 835 38 2.379
78 178 59 65.833
79 696 49 82.029
80 1033 3 83.625
81 850 52 48.748
82 1164 7 82.482
83 1164 26 60.628
84 1181 5 10.058
85 361 34 10.569
86 44 49 11.955
87 312 2 78.729
88 131 43 8.586
89 1298 25 75.716
90 71 9 32.942
91 865 18 91.689
92 728 13 88.847
93 631 58 47.421
94 993 60 13.988
95 962 5 23.761
96 64 30 71.584
97 810 58 57.139
98 1300 13 77.989
99 424 14 27.810
100 193 43 35.183
101 656 5 55.276
102 1072 5 35.463
103 1035 5 24.088
104 107 27 44.836
105 578 7 18.327
106 77 21 97.823
107 1254 8 57.748
108 1203 41 47.963
109 1208 33 17.636
110 635 41 40.518
111 770 27 26.392
112 354 32 90.577
113 485 50 78.687
114 929 48 64.842
115 995 45 62.449
116 1428 19 99.830
117 1240 13 9.106
118 545 42 97.296
119 728 22 29.891
120 292 15 6.695
121 1136 44 35.956
122 926 7 7.974
123 1330 17 85.931
124 128 20 0.954
125 999 34 83.751
126 1065 19 72.841
127 462 53 4.310
128 13 37 43.600
129 452 9 92.813
130 1284 5 9.107
131 1232 54 70.499
132 46 41 84.454
133 997 7 21.058
134 1159 57 74.194
135 1309 60 95.006
136 579 35 35.399
137 133 19 42.861
138 1261 5 38.327
139 1275 58 45.179
140 1303 58 60.095
141 321 16 41.762
142 528 48 55.831
143 150 32 7.410
144 728 46 62.187
145 1338 15 97.990
146 943 31 77.569
147 196 37 72.771
148 909 59 83.488
149 933 16 30.026
150 849 1 41.110
151 552 49 94.192
152 1271 29 36.525
153 1375 15 80.030
154 862 45 88.884
155 372 41 37.690
156 91 43 14.148
157 651 21 4.907
158 1229 10 24.862
159 1189 51 61.508
160 273 24 27.824
161 733 45 23.658
162 1162 55 94.890
163 842 14 20.767
164 392 60 63.896
165 682 51 7.732
166 56 11 97.460
167 744 60 37.583
168 668 19 60.926
169 861 60 55.361
170 308 17 50.521
171 613 28 32.371
172 219 57 0.141
173 1180 41 74.426
174 1394 22 86.364
175 412 13 47.150
176 607 25 49.398
177 1032 8 61.253
178 75 30 97.429
179 653 59 2.902
180 1074 60 95.337
181 45 56 10.761
182 980 15 42.836
183 697 34 66.934
184 843 44 23.743
185 251 47 4.002
186 324 31 60.512
187 941 23 10.686
188 904 8 55.755
189 232 9 75.044
190 862 47 15.913
191 235 24 83.830
192 1028 59 95.730
193 898 36 25.300
194 1227 58 21.390
195 755 59 74.697
196 735 3 12.922
197 970 48 78.618
198 593 30 15.722
199 659 21 27.174
200 239 51 34.283