200
1 1134 39 91.308
2 22 18 68.112
3 853 53 38.221
4 1328 35 55.880
5 395 51 23.350
6 691 18 91.578
7 732 59 63.722
8 995 40 63.374
9 1030 15 64.953
10 734 6 59.419
11 75 10 58.329
12 161 26 15.456
13 276 19 49.144
14 56 43 95.872
15 1420 12 1.667
16 958 2 92.647
17 666 35 42.723
18 51 34 96.198
19 354 7 20.246
20 304 45 69.628
21 523 38 13.904
22 674 37 46.260
23 1114 21 11.047
24 253 58 19.563
25 1014 8 36.892
26 1091 30 10.097
27 1006 18 19.635
28 23 26 88.636
29 1352 36 48.668
30 215 58 81.072
31 615 53 80.576
32 783 58 32.640
33 1424 60 48.564
34 455 34 2.015
35 542 39 66.039
36 907 59 20.058
37 141 8 31.147
38 904 46 98.225
39 1221 29 88.944
40 821 24 2.923
41 382 2 57.091
42 406 9 30.734
43 425 59 98.100
44 1207 10 37.640
45 871 5 28.227
46 668 41 76.609
47 138 9 3.029
48 1311 35 50.055
49 69 36 3.196
50 188 30 8.801
51 805 5 30.938
52 895 13 36.949
53 1136 2 49.093
54 604 28 87.937
55 145 42 86.141
56 476 57 94.456
57 434 57 20.042
58 568 57 94.545
59 430 27 58.461
60 372 16 79.156
61 1389 20 39.619
62 1169 16 30.704
63 746 8 75.442
64 971 8 52.304
65 1172 14 88.321
66 179 36 77.891
67 1347 22 2.853
68 149 43 52.594
69 965 18 74.194
70 699 50 37.635
71 462 19 2.820
72 1155 13 37.461
73 554 40 13.305
74 97 35 7.028
75 1419 11 91.103
76 1124 16 89.823
77 108 59 99.935
78 1330 26 60.908
79 1427 57 99.529
80 1098 57 37.334
81 1305 55 62.784
82 1087 53 61.828
83 1437 26 73.119
84 1349 37 4.278
85 1071 51 23.221
86 1183 28 11.397
87 1086 29 57.011
88 254 23 97.996
89 610 59 80.387
90 948 14 5.857
91 653 32 99.848
92 185 16 92.113
93 854 60 70.655
94 82 55 74.649
95 1173 14 13.900
96 481 48 91.869
97 1393 21 19.618
98 731 10 30.425
99 722 26 38.472
100 450 33 41.578
101 1399 49 95.663
102 673 12 76.394
103 20 35 57.679
104 221 18 19.897
105 531 52 11.576
106 130 38 50.785
107 765 44 16.189
108 1039 33 64.253
109 776 59 89.027
110 393 23 60.389
111 792 2 56.622
112 120 11 92.525
113 463 36 94.183
114 304 59 46.314
115 194 7 80.288
116 1333 13 12.943
117 424 4 24.922
118 563 3 38.042
119 817 10 18.952
120 71 48 71.741
121 602 2 65.563
122 177 32 82.701
123 1011 54 79.432
124 415 32 75.793
125 1255 14 18.082
126 615 43 1.635
127 785 46 62.103
128 1170 28 2.535
129 827 60 33.101
130 1332 42 66.251
131 243 13 2.471
132 824 58 21.765
133 497 50 6.105
134 625 58 75.469
135 70 22 34.064
136 1090 8 40.006
137 7 59 34.291
138 1406 11 64.473
139 482 44 51.691
140 168 37 20.266
141 715 56 10.906
142 71 46 43.601
143 820 55 44.103
144 1256 19 33.051
145 207 25 31.468
146 1102 54 53.502
147 1005 57 41.892
148 573 60 50.663
149 963 34 57.241
150 1398 60 55.820
151 1216 35 41.111
152 472 48 32.128
153 907 16 84.057
154 202 39 96.225
155 1381 38 58.681
156 519 43 51.545
157 812 33 82.366
158 938 1 89.838
159 643 6 7.391
160 332 33 31.056
161 1090 12 47.998
162 544 9 51.847
163 1425 8 95.905
164 943 13 93.137
165 130 22 66.307
166 1195 45 88.367
167 357 60 5.092
168 843 17 77.253
169 508 9 70.326
170 333 28 52.380
171 356 41 7.307
172 1220 18 74.152
173 400 14 8.263
174 859 33 45.168
175 244 13 96.137
176 469 28 94.140
177 778 35 46.256
178 857 11 93.672
179 515 54 50.034
180 632 7 62.128
181 409 25 98.543
182 298 5 58.577
183 486 53 27.415
184 233 4 34.687
185 38 24 73.573
186 1131 17 87.669
187 1249 35 19.763
188 584 15 23.183
189 1404 18 61.583
190 268 12 27.897
191 1102 54 46.414
192 341 53 18.457
193 1090 22 49.993
194 624 33 6.593
195 299 56 20.137
196 275 12 57.787
197 744 16 75.865
198 923 53 75.715
199 88 7 28.824
200 864 31 13.626