200
1 1082 5 20.428
2 465 39 35.438
3 332 21 53.071
4 379 28 20.936
5 1314 33 28.559
6 314 6 79.097
7 356 13 9.209
8 875 17 36.052
9 169 7 48.704
10 855 48 81.906
11 1297 18 45.362
12 1141 27 62.440
13 944 31 54.119
14 167 22 7.602
15 67 47 9.411
16 58 4 90.045
17 493 51 21.334
18 577 45 27.526
19 510 33 13.726
20 693 45 43.391
21 1023 22 77.278
22 1350 24 13.457
23 1211 42 2.113
24 1398 12 82.237
25 692 36 2.672
26 1190 8 93.069
27 1237 21 83.415
28 126 5 46.228
29 1231 46 40.726
30 118 36 38.923
31 1424 1 25.626
32 636 22 95.740
33 740 24 3.871
34 1069 45 51.263
35 658 26 50.482
36 1142 6 11.184
37 27 16 55.688
38 1251 32 5.862
39 1135 44 90.777
40 60 17 15.503
41 293 13 88.763
42 199 2 7.346
43 1341 17 1.402
44 854 14 87.886
45 867 28 34.010
46 1004 55 45.748
47 1243 13 57.473
48 847 8 13.026
49 33 44 31.992
50 1002 16 16.526
51 131 44 32.784
52 1196 18 81.604
53 276 16 10.152
54 377 8 97.361
55 727 33 5.039
56 100 40 35.599
57 734 24 29.742
58 696 4 19.020
59 696 30 69.632
60 467 39 97.698
61 953 17 28.809
62 592 13 36.058
63 1296 47 73.082
64 1229 19 68.608
65 1256 14 19.241
66 1001 58 16.190
67 388 31 99.299
68 256 8 80.971
69 1405 12 12.924
70 412 44 53.463
71 82 7 49.226
72 977 52 68.524
73 728 33 42.695
74 906 59 86.329
75 1239 18 9.559
76 1140 33 16.929
77 242 52 89.767
78 1303 48 88.304
79 440 31 49.364
80 1416 35 30.864
81 676 11 18.317
82 431 20 55.253
83 450 43 75.951
84 1272 50 57.700
85 254 55 2.668
86 1113 7 5.157
87 84 56 38.711
88 1353 27 44.018
89 744 57 23.047
90 269 54 99.296
91 193 14 17.612
92 139 23 15.115
93 717 52 17.170
94 838 2 12.661
95 1310 12 65.689
96 1086 2 54.140
97 1159 49 25.621
98 488 21 54.359
99 1382 37 46.740
100 557 38 37.073
101 1297 22 78.206
102 354 25 69.073
103 441 16 74.070
104 721 45 27.042
105 1282 32 45.548
106 348 26 97.218
107 277 35 85.291
108 1377 46 63.714
109 271 3 76.769
110 684 10 10.241
111 873 30 31.393
112 1296 60 60.821
113 809 55 20.311
114 723 40 40.245
115 1209 20 71.512
116 372 58 86.972
117 678 6 11.147
118 174 35 39.381
119 1394 5 2.107
120 658 24 32.905
121 1152 28 71.807
122 679 52 88.707
123 599 14 76.976
124 726 39 87.082
125 1350 1 42.681
126 881 14 92.714
127 188 2 30.144
128 1000 30 50.635
129 1080 51 22.860
130 764 16 42.939
131 469 8 91.867
132 1330 40 82.286
133 579 44 58.760
134 758 60 38.120
135 750 32 4.610
136 491 27 78.455
137 171 57 78.297
138 947 51 69.105
139 1044 36 33.127
140 719 29 26.900
141 306 37 17.318
142 350 36 44.820
143 792 55 62.656
144 1161 1 38.406
145 102 40 84.354
146 396 36 73.838
147 137 26 26.169
148 367 45 63.369
149 1128 23 71.443
150 1148 32 43.924
151 560 9 37.239
152 331 19 90.843
153 1192 20 16.789
154 1207 29 41.263
155 1219 24 10.829
156 79 23 88.513
157 842 28 34.612
158 765 35 47.449
159 365 2 62.475
160 216 5 24.667
161 311 60 86.914
162 1031 60 70.020
163 1412 38 50.592
164 782 26 91.662
165 894 24 26.935
166 1128 31 70.590
167 353 14 11.573
168 510 7 20.105
169 556 45 23.704
170 665 21 33.892
171 1225 45 4.285
172 117 19 58.048
173 1207 22 93.372
174 1242 39 95.324
175 877 43 55.572
176 1369 37 84.513
177 48 52 82.584
178 31 46 25.589
179 952 20 11.838
180 233 25 60.201
181 13 6 91.150
182 491 40 69.884
183 1014 60 89.008
184 471 36 39.597
185 1380 14 32.575
186 461 26 95.643
187 1241 7 68.118
188 436 56 4.721
189 74 13 41.988
190 306 56 41.605
191 466 24 39.293
192 290 51 60.464
193 36 37 74.981
194 1365 55 70.483
195 1121 6 60.256
196 182 24 32.038
197 1346 29 44.684
198 609 25 83.649
199 161 22 71.606
200 108 60 37.758