200
1 430 55 19.322
2 1271 54 23.718
3 589 36 69.917
4 878 42 19.003
5 952 50 43.256
6 1420 18 75.011
7 1115 14 83.807
8 49 4 55.484
9 374 29 48.780
10 1391 21 93.811
11 803 4 94.661
12 226 36 28.184
13 851 38 36.857
14 1360 18 89.363
15 587 26 16.458
16 88 13 33.696
17 1437 33 10.706
18 1041 37 8.717
19 1036 27 93.408
20 1183 15 83.010
21 187 47 67.276
22 1162 57 52.427
23 1294 35 65.451
24 625 7 57.210
25 848 9 49.219
26 359 54 82.009
27 788 11 65.020
28 123 31 16.133
29 1303 22 72.581
30 515 35 39.236
31 897 37 42.732
32 145 29 15.061
33 202 54 47.504
34 456 57 55.571
35 1127 56 33.050
36 97 43 89.584
37 1129 32 19.109
38 191 29 63.474
39 1436 50 79.701
40 558 24 28.575
41 642 9 40.919
42 994 49 79.141
43 1028 18 9.342
44 525 54 64.618
45 473 49 5.416
46 527 34 66.614
47 150 24 77.606
48 26 12 79.025
49 445 9 22.085
50 1191 11 36.534
51 316 57 37.927
52 861 14 88.003
53 107 30 76.967
54 202 15 86.496
55 52 9 78.998
56 494 47 66.559
57 894 12 64.010
58 1245 57 85.216
59 1309 29 63.102
60 1361 53 27.728
61 184 4 22.959
62 307 46 76.459
63 940 29 64.470
64 1370 1 14.921
65 683 15 20.268
66 289 35 97.125
67 832 36 33.515
68 348 8 88.433
69 792 3 51.849
70 62 23 55.496
71 526 19 17.816
72 1216 17 36.529
73 1302 60 79.732
74 479 17 73.572
75 285 53 17.708
76 495 25 96.138
77 1136 19 76.893
78 666 53 92.535
79 1239 14 4.861
80 406 57 73.077
81 1318 17 52.075
82 21 39 43.635
83 853 38 1.362
84 89 45 33.687
85 600 31 95.040
86 96 23 66.401
87 175 29 54.072
88 468 39 88.905
89 76 34 57.023
90 266 45 8.315
91 68 50 50.138
92 337 48 10.113
93 45 45 63.013
94 155 41 94.898
95 422 28 77.024
96 680 48 41.814
97 864 26 83.579
98 1004 1 40.544
99 487 27 46.052
100 739 43 0.412
101 928 17 12.335
102 423 19 13.665
103 1429 33 46.603
104 1099 5 18.239
105 204 41 39.868
106 1309 5 1.525
107 8 39 61.412
108 920 31 60.480
109 840 34 64.110
110 159 53 91.928
111 884 7 60.292
112 484 1 73.351
113 48 9 28.645
114 44 28 15.639
115 849 6 29.726
116 443 31 73.094
117 848 26 73.423
118 433 30 64.366
119 1037 56 10.462
120 677 5 97.301
121 1192 43 31.421
122 479 35 9.687
123 1240 24 82.241
124 580 3 13.219
125 826 60 92.412
126 822 54 8.473
127 893 21 71.030
128 201 6 37.825
129 1173 27 34.862
130 1161 10 86.532
131 835 10 2.000
132 939 49 40.268
133 357 46 35.998
134 1182 3 43.528
135 796 35 28.603
136 404 2 0.445
137 572 46 26.952
138 122 41 26.103
139 114 18 31.027
140 508 54 54.276
141 1248 59 8.936
142 668 56 26.796
143 1426 40 21.571
144 107 2 79.396
145 1067 42 66.982
146 332 46 73.940
147 165 13 34.161
148 93 12 80.054
149 910 44 36.705
150 646 22 45.524
151 1133 13 8.724
152 1369 41 98.333
153 521 27 35.027
154 679 26 28.044
155 895 37 30.427
156 310 53 41.378
157 1060 12 22.552
158 563 35 80.419
159 16 15 11.232
160 1042 55 88.621
161 1178 55 30.766
162 112 28 27.397
163 1358 1 91.097
164 804 42 48.771
165 1270 52 16.874
166 113 17 1.484
167 900 60 36.130
168 1292 3 87.035
169 794 45 66.007
170 484 31 97.597
171 1208 30 24.662
172 525 49 84.893
173 987 29 29.119
174 443 57 59.384
175 786 30 67.241
176 810 3 73.451
177 694 57 18.825
178 862 60 86.757
179 1049 44 49.742
180 140 26 68.200
181 1064 33 83.066
182 506 12 64.062
183 1236 5 41.969
184 792 27 85.279
185 547 14 99.187
186 78 47 44.982
187 78 55 74.466
188 760 3 29.962
189 867 55 76.558
190 1308 60 64.639
191 1411 43 29.823
192 1048 43 34.858
193 970 39 75.738
194 1146 52 13.667
195 655 52 11.658
196 6 55 95.185
197 844 25 81.468
198 1298 35 30.246
199 1036 33 48.722
200 1003 20 63.608