200
1 1109 38 60.193
2 1256 49 30.692
3 974 2 22.843
4 601 56 67.488
5 488 12 53.366
6 795 42 68.702
7 325 3 17.306
8 748 21 15.929
9 377 2 39.671
10 918 28 21.891
11 690 49 9.633
12 287 9 47.023
13 969 50 55.179
14 692 5 91.558
15 1019 56 60.043
16 912 20 78.528
17 1090 40 47.251
18 1074 58 52.134
19 259 26 0.872
20 998 14 15.239
21 722 50 44.692
22 359 35 45.535
23 1040 10 47.063
24 842 3 31.920
25 691 23 72.147
26 514 8 85.679
27 388 33 54.135
28 82 35 52.541
29 993 9 72.349
30 22 46 3.710
31 1137 39 23.104
32 866 44 51.690
33 718 5 21.972
34 883 24 48.002
35 1097 31 99.714
36 470 55 97.731
37 353 23 0.174
38 124 17 82.156
39 1347 23 38.432
40 489 53 25.002
41 1132 47 31.872
42 1225 21 45.149
43 504 4 84.196
44 538 6 69.754
45 360 50 7.984
46 962 36 34.324
47 189 5 62.326
48 263 1 17.853
49 997 24 24.702
50 186 1 35.719
51 1259 37 4.797
52 482 4 97.370
53 899 23 45.550
54 656 42 44.878
55 494 59 65.204
56 1253 46 21.548
57 868 5 60.345
58 650 37 10.119
59 1387 46 35.025
60 557 10 14.991
61 920 58 81.432
62 79 17 26.449
63 177 31 41.778
64 179 22 54.847
65 484 51 31.736
66 162 54 22.238
67 734 45 21.975
68 879 4 24.744
69 1273 19 5.951
70 717 48 53.966
71 799 54 90.407
72 1055 15 27.444
73 1156 43 39.024
74 924 27 0.382
75 894 14 55.279
76 1174 17 81.385
77 1068 45 61.495
78 1226 4 94.370
79 940 59 54.645
80 147 5 0.429
81 1382 58 29.699
82 359 50 45.403
83 249 28 88.920
84 364 8 9.385
85 1032 31 88.609
86 1106 26 21.620
87 661 47 74.130
88 853 52 12.969
89 1412 22 2.550
90 266 15 51.350
91 276 56 58.967
92 1316 14 48.386
93 263 39 38.257
94 870 41 61.691
95 588 8 51.089
96 1389 25 28.168
97 1117 3 83.199
98 562 34 42.820
99 550 14 58.721
100 927 5 69.062
101 1320 42 66.678
102 1203 57 21.409
103 791 38 38.828
104 1065 6 47.081
105 261 47 13.672
106 162 28 4.424
107 1243 17 31.821
108 1070 48 76.546
109 79 14 88.842
110 1297 51 2.085
111 232 18 58.710
112 249 25 56.025
113 540 15 19.274
114 1191 16 55.971
115 137 12 2.614
116 593 47 10.935
117 210 41 1.140
118 417 13 22.843
119 1272 49 68.702
120 858 36 29.461
121 152 40 53.187
122 363 6 36.516
123 646 11 90.284
124 1213 9 73.441
125 632 30 9.971
126 309 45 95.624
127 322 40 60.233
128 1222 36 73.755
129 824 15 89.236
130 467 55 75.407
131 951 16 54.910
132 332 15 40.600
133 1030 54 5.820
134 1024 9 67.207
135 284 58 5.415
136 1380 3 95.135
137 1347 23 74.649
138 607 43 84.799
139 214 15 3.969
140 1239 54 12.370
141 312 6 72.999
142 900 26 57.845
143 873 57 94.299
144 1149 34 82.140
145 955 17 26.336
146 40 17 61.903
147 218 35 1.445
148 271 23 37.030
149 1039 40 69.570
150 389 17 30.650
151 792 19 74.609
152 290 9 51.869
153 66 18 40.619
154 951 60 84.537
155 10 5 64.161
156 1324 40 6.094
157 1096 9 74.012
158 653 44 84.904
159 141 17 17.340
160 1224 13 65.106
161 251 19 68.649
162 387 21 24.906
163 1294 26 32.790
164 378 21 11.716
165 1306 17 46.437
166 1271 16 98.607
167 870 27 6.498
168 1368 41 59.786
169 1263 51 91.804
170 288 29 69.534
171 772 16 53.361
172 541 2 27.215
173 1088 50 29.158
174 190 20 6.921
175 106 51 5.780
176 485 38 97.477
177 670 16 80.293
178 1234 7 18.037
179 963 28 50.150
180 630 39 54.592
181 1144 7 2.672
182 1171 21 43.413
183 280 43 42.487
184 647 43 98.628
185 537 12 92.747
186 1145 10 82.338
187 1401 37 39.165
188 426 55 73.880
189 1233 40 93.229
190 902 27 49.160
191 1267 22 94.434
192 736 18 13.143
193 405 1 66.046
194 132 20 60.705
195 1131 28 15.461
196 410 9 85.777
197 422 52 29.567
198 422 21 6.230
199 941 1 88.160
200 1059 34 76.730