200
1 1036 37 98.395
2 751 10 62.964
3 905 7 95.884
4 1142 12 51.469
5 397 8 77.057
6 947 15 72.144
7 432 32 45.200
8 716 57 92.307
9 708 9 92.239
10 1057 49 35.639
11 1301 49 4.362
12 173 36 39.930
13 815 23 17.272
14 87 27 74.753
15 1034 34 54.458
16 1422 49 99.483
17 1264 47 21.993
18 992 34 19.528
19 379 10 47.665
20 872 26 14.889
21 1147 20 74.562
22 1215 8 63.948
23 1240 20 54.918
24 73 2 50.497
25 1292 43 29.522
26 1351 20 17.277
27 537 22 18.834
28 1074 22 79.500
29 466 38 14.586
30 556 58 4.417
31 1173 31 56.842
32 422 43 58.265
33 284 13 49.635
34 825 32 18.646
35 290 60 12.141
36 968 14 70.083
37 1321 33 68.401
38 798 6 45.151
39 651 46 5.217
40 1009 53 80.244
41 706 55 68.739
42 1330 55 11.678
43 1384 6 54.133
44 526 10 57.483
45 657 52 70.048
46 781 10 92.266
47 195 21 26.638
48 420 25 62.978
49 205 10 51.895
50 61 7 8.138
51 1156 35 20.037
52 1382 4 98.171
53 589 31 24.000
54 575 58 29.046
55 478 30 96.140
56 226 30 20.979
57 840 53 40.869
58 721 15 3.623
59 759 52 79.556
60 1330 2 66.349
61 836 27 51.810
62 485 35 69.118
63 200 7 41.074
64 61 37 52.910
65 214 34 23.254
66 260 29 6.354
67 218 2 66.562
68 1229 33 38.876
69 332 34 10.466
70 893 57 33.286
71 588 41 64.224
72 305 9 93.132
73 427 42 38.636
74 96 14 35.439
75 773 30 29.930
76 687 37 96.966
77 1215 15 59.201
78 261 1 92.938
79 438 32 64.287
80 834 60 34.831
81 1306 3 72.311
82 1064 46 61.724
83 953 39 60.866
84 1301 1 50.867
85 1287 50 59.247
86 423 54 37.656
87 123 29 23.397
88 143 25 4.827
89 960 21 41.393
90 1183 49 20.000
91 38 41 71.550
92 92 37 30.786
93 960 14 4.261
94 196 38 88.556
95 292 46 39.975
96 1143 53 86.027
97 1165 58 80.406
98 571 42 44.858
99 1113 38 59.114
100 451 29 45.656
101 166 26 32.597
102 678 15 82.740
103 469 52 10.419
104 139 18 91.017
105 394 37 87.635
106 714 33 88.082
107 233 1 69.499
108 1124 21 3.697
109 199 45 70.250
110 313 52 42.364
111 111 58 8.531
112 757 34 18.449
113 1292 18 63.254
114 1433 10 86.459
115 380 20 12.576
116 170 21 28.210
117 71 52 52.319
118 434 38 93.815
119 484 37 65.464
120 352 41 44.341
121 110 6 46.523
122 886 18 60.456
123 971 35 62.947
124 651 42 12.958
125 31 49 88.292
126 1000 56 7.161
127 524 20 67.692
128 823 45 36.209
129 197 59 14.365
130 243 52 39.315
131 45 31 66.325
132 643 19 94.870
133 664 6 48.015
134 386 9 49.171
135 614 44 55.247
136 1368 48 88.746
137 622 29 10.512
138 1247 41 83.170
139 1105 55 48.694
140 439 26 27.926
141 227 5 90.260
142 238 1 57.917
143 748 50 40.373
144 1010 14 96.122
145 108 59 20.911
146 1121 13 99.174
147 882 26 21.275
148 261 46 59.077
149 1330 17 87.166
150 131 37 28.276
151 611 53 27.925
152 106 55 16.113
153 1168 41 32.240
154 450 6 55.340
155 426 36 17.133
156 1395 24 32.624
157 743 49 29.035
158 1289 9 4.610
159 1176 48 96.160
160 387 20 26.444
161 735 10 22.167
162 280 31 26.522
163 1061 36 36.577
164 1164 19 56.767
165 715 42 8.414
166 625 48 12.372
167 634 50 44.842
168 782 13 52.424
169 1148 14 44.358
170 756 32 55.472
171 991 40 54.377
172 1281 46 94.924
173 626 30 35.298
174 758 6 45.756
175 703 16 49.222
176 1323 31 16.053
177 723 13 98.739
178 548 10 48.923
179 1258 58 22.763
180 378 48 30.005
181 105 50 45.074
182 543 11 89.574
183 550 9 33.244
184 722 41 79.358
185 154 34 73.860
186 365 34 23.141
187 635 42 90.899
188 871 2 67.569
189 977 51 2.401
190 547 30 34.644
191 444 10 48.849
192 310 14 24.777
193 431 18 39.267
194 147 55 54.254
195 236 20 57.075
196 298 13 4.567
197 1149 18 52.177
198 778 55 50.162
199 1104 24 32.116
200 356 46 71.122