200
1 1109 18 97.024
2 1105 46 73.490
3 538 33 24.008
4 470 3 6.193
5 434 20 6.213
6 37 51 32.798
7 1217 27 13.005
8 279 45 62.701
9 344 15 42.211
10 762 55 77.266
11 228 48 42.858
12 809 25 37.493
13 1212 19 85.653
14 296 23 36.284
15 1157 46 92.146
16 510 26 35.886
17 827 44 92.799
18 752 9 4.970
19 1313 53 39.758
20 1009 28 64.524
21 28 28 28.532
22 164 59 14.156
23 1158 59 88.486
24 741 48 81.991
25 244 7 62.147
26 200 43 90.612
27 1079 19 8.788
28 1310 14 43.878
29 877 20 87.996
30 689 22 48.699
31 1120 55 28.945
32 394 47 74.068
33 558 51 75.839
34 6 21 30.651
35 777 35 54.985
36 200 23 72.106
37 56 50 98.533
38 946 54 90.733
39 309 25 3.316
40 1328 51 58.734
41 196 28 70.026
42 177 44 33.211
43 102 1 62.980
44 221 31 40.261
45 211 36 61.452
46 1371 50 50.989
47 1 26 50.129
48 31 32 13.575
49 1300 33 77.330
50 466 21 2.253
51 374 52 38.796
52 1412 3 74.535
53 1154 54 49.134
54 1215 32 2.644
55 217 6 54.383
56 918 35 38.782
57 632 46 91.886
58 1015 16 35.206
59 604 49 38.527
60 952 12 94.401
61 1379 22 9.170
62 996 38 23.304
63 549 20 80.855
64 290 4 18.632
65 1284 37 60.151
66 978 46 86.730
67 547 5 49.361
68 936 14 38.148
69 808 15 58.358
70 301 34 81.472
71 877 53 11.342
72 313 9 14.555
73 889 22 95.713
74 354 17 0.687
75 507 11 28.951
76 1019 39 3.298
77 1344 35 34.792
78 736 51 99.381
79 572 1 20.836
80 919 32 12.253
81 17 23 3.837
82 882 26 35.356
83 1078 32 18.573
84 126 40 18.154
85 1175 12 9.032
86 203 44 80.049
87 445 25 43.010
88 384 5 58.799
89 1253 2 73.204
90 575 35 89.241
91 858 44 31.241
92 193 37 99.309
93 941 10 33.319
94 570 58 94.033
95 1327 5 14.714
96 81 33 19.576
97 503 41 52.340
98 213 29 6.576
99 1437 57 7.378
100 1097 48 80.197
101 911 48 10.858
102 1306 9 31.900
103 221 25 31.606
104 578 4 45.551
105 81 38 82.922
106 301 41 69.703
107 437 37 70.066
108 298 24 7.704
109 642 3 37.814
110 622 19 90.858
111 1266 7 66.543
112 1279 21 26.397
113 424 30 47.959
114 407 7 97.785
115 496 55 9.996
116 1319 4 71.514
117 798 49 74.119
118 812 57 45.648
119 1151 53 43.545
120 409 3 55.042
121 248 24 65.392
122 1136 3 49.411
123 1090 50 84.899
124 1381 1 51.102
125 159 41 67.556
126 346 42 50.142
127 918 23 1.816
128 906 1 11.909
129 703 37 22.315
130 952 43 45.005
131 700 18 57.768
132 1167 35 38.080
133 678 43 10.046
134 1159 29 72.929
135 671 53 39.058
136 1171 5 43.775
137 368 1 53.603
138 772 58 25.330
139 47 6 57.189
140 1340 41 54.036
141 407 11 38.916
142 29 36 53.121
143 68 10 86.310
144 396 46 57.657
145 289 13 53.576
146 1230 51 66.609
147 868 11 92.131
148 1125 4 0.290
149 436 47 94.478
150 667 43 25.068
151 199 60 66.072
152 517 17 60.295
153 676 46 37.826
154 1040 59 8.920
155 1057 35 12.555
156 1374 20 32.608
157 1042 59 87.375
158 1053 9 44.108
159 1374 17 5.187
160 962 58 73.294
161 32 40 72.349
162 66 23 84.715
163 1126 7 80.272
164 1433 6 17.306
165 259 51 71.133
166 671 34 97.060
167 237 29 31.271
168 110 7 49.693
169 595 25 32.091
170 457 11 55.888
171 165 24 16.964
172 356 2 87.083
173 1402 25 6.092
174 245 38 13.865
175 1095 39 15.738
176 124 30 15.613
177 1056 7 12.758
178 202 19 70.564
179 695 49 43.203
180 583 22 55.053
181 1050 29 58.415
182 33 17 23.600
183 1355 56 59.325
184 543 6 92.543
185 143 45 22.422
186 572 19 20.161
187 988 16 6.542
188 964 49 82.810
189 975 25 46.463
190 5 29 32.151
191 32 34 57.051
192 241 28 56.324
193 396 36 55.952
194 1003 57 13.127
195 1144 18 32.965
196 1109 36 63.201
197 891 21 28.137
198 1404 23 23.918
199 202 55 35.877
200 1225 59 41.864