200
1 1048 46 54.525
2 427 46 13.760
3 258 48 39.060
4 427 10 38.555
5 1161 9 57.652
6 1159 25 27.298
7 1391 11 82.412
8 1137 55 4.754
9 955 11 86.885
10 637 10 96.521
11 1098 14 7.440
12 1320 26 27.611
13 788 44 24.879
14 321 53 42.629
15 1068 50 66.438
16 988 39 81.181
17 214 4 29.511
18 1409 8 4.361
19 803 42 29.054
20 96 43 6.950
21 752 24 40.055
22 702 27 67.736
23 1250 57 20.771
24 1370 56 81.547
25 1216 10 83.341
26 847 31 91.660
27 123 44 75.057
28 1354 32 87.652
29 139 18 99.026
30 1055 46 9.929
31 560 6 23.609
32 436 39 86.973
33 545 59 77.156
34 1040 23 18.268
35 977 59 63.920
36 452 47 87.084
37 1425 5 61.172
38 1099 42 70.168
39 1342 36 40.780
40 110 42 45.630
41 557 37 73.702
42 717 12 16.317
43 693 26 58.445
44 262 52 57.398
45 1110 37 9.739
46 1241 38 83.761
47 115 13 90.823
48 163 54 44.379
49 668 38 53.524
50 778 3 43.293
51 47 42 90.844
52 307 34 58.886
53 651 50 12.837
54 288 18 48.638
55 519 20 35.373
56 1006 13 3.729
57 229 11 47.286
58 1092 40 11.428
59 1091 18 80.486
60 752 5 89.274
61 1388 56 87.014
62 938 26 31.360
63 328 21 27.152
64 255 46 33.498
65 772 50 82.488
66 1165 44 94.907
67 300 20 17.953
68 94 39 7.484
69 211 47 31.463
70 964 14 60.274
71 743 7 95.244
72 1216 6 32.395
73 980 58 46.590
74 1170 17 32.175
75 854 44 41.016
76 827 39 59.941
77 411 1 88.884
78 705 52 98.765
79 1062 29 37.788
80 609 7 60.031
81 1204 22 42.045
82 1348 20 55.589
83 387 33 37.833
84 353 24 28.378
85 442 31 15.747
86 169 43 14.828
87 959 42 58.175
88 647 34 85.827
89 1313 17 0.936
90 1421 52 95.964
91 265 59 82.940
92 1141 23 22.692
93 224 56 29.786
94 390 53 50.354
95 1040 29 65.715
96 834 50 21.768
97 786 13 64.469
98 11 17 1.687
99 382 10 99.501
100 1125 33 64.552
101 591 23 35.995
102 267 10 87.901
103 1400 50 61.311
104 1337 56 85.296
105 285 57 15.092
106 417 18 96.569
107 282 48 59.551
108 1429 19 2.460
109 1210 14 99.868
110 535 31 67.124
111 1066 40 66.182
112 811 16 27.139
113 780 29 29.408
114 1096 38 5.806
115 1050 30 65.248
116 246 53 76.176
117 1280 33 83.352
118 1093 46 3.554
119 1337 32 28.226
120 1355 15 47.876
121 701 46 17.008
122 671 39 53.714
123 334 28 3.125
124 155 46 34.676
125 773 12 77.010
126 55 40 37.206
127 700 33 39.661
128 977 38 46.030
129 1198 15 7.039
130 1426 21 30.074
131 958 40 89.429
132 671 11 77.777
133 719 6 99.276
134 574 59 96.788
135 1291 30 75.206
136 327 55 87.264
137 1198 49 72.372
138 803 57 39.860
139 1167 32 52.855
140 390 34 95.815
141 486 28 64.444
142 1156 10 28.087
143 658 10 81.034
144 153 46 50.930
145 1151 45 84.675
146 1345 34 54.304
147 1090 32 53.694
148 785 59 15.633
149 556 48 99.907
150 615 54 48.518
151 1375 28 27.789
152 1350 43 83.846
153 470 4 83.440
154 116 54 43.657
155 21 42 93.650
156 245 37 95.600
157 1424 4 54.676
158 787 1 50.752
159 408 25 88.827
160 857 38 71.365
161 1375 37 80.549
162 540 59 88.761
163 967 49 79.408
164 942 42 69.321
165 1386 42 35.427
166 1187 37 50.410
167 331 8 2.257
168 485 22 68.557
169 619 25 53.416
170 1199 54 14.639
171 1412 15 86.222
172 961 14 58.702
173 1159 13 85.113
174 408 32 29.012
175 1149 46 98.363
176 1010 31 82.311
177 139 27 88.773
178 1282 1 55.487
179 760 58 87.406
180 225 13 65.016
181 705 43 53.799
182 59 13 20.934
183 240 1 96.108
184 1133 47 84.672
185 471 13 58.031
186 589 11 55.134
187 940 36 98.102
188 885 22 59.692
189 54 20 20.735
190 717 42 31.084
191 1028 16 33.047
192 383 40 30.908
193 172 42 5.541
194 1239 43 32.409
195 1322 55 72.483
196 788 14 56.533
197 1102 10 41.996
198 283 34 48.839
199 1187 47 71.670
200 1196 6 53.883