200
1 1430 50 2.817
2 752 34 15.673
3 1173 38 5.101
4 911 43 25.766
5 877 46 48.943
6 474 46 60.561
7 825 33 16.887
8 1302 51 2.222
9 1111 16 32.859
10 576 46 17.621
11 550 52 66.898
12 719 22 63.124
13 777 28 26.365
14 527 12 22.637
15 1174 53 66.597
16 102 52 64.796
17 260 42 29.027
18 246 47 65.600
19 890 60 72.396
20 106 27 10.501
21 9 26 19.313
22 642 33 61.610
23 601 13 98.174
24 726 7 92.601
25 1061 1 29.995
26 1406 49 40.281
27 614 50 62.097
28 1058 52 70.696
29 917 53 76.368
30 941 21 22.547
31 1003 53 26.680
32 1346 15 38.343
33 123 8 31.133
34 375 9 22.137
35 332 3 99.248
36 1411 36 5.543
37 355 25 22.081
38 1050 3 15.713
39 833 33 85.629
40 1339 57 89.950
41 1213 20 20.487
42 304 4 49.489
43 672 46 45.596
44 1305 36 64.161
45 281 36 68.067
46 423 21 77.840
47 1277 15 82.632
48 277 15 43.230
49 321 13 53.673
50 1241 24 65.425
51 932 35 4.735
52 297 51 9.998
53 1011 32 3.447
54 283 40 79.714
55 1073 38 48.202
56 1062 59 30.294
57 1152 55 37.768
58 1330 11 4.764
59 808 28 66.921
60 980 39 72.531
61 729 52 60.068
62 977 26 51.767
63 59 9 44.559
64 239 51 72.893
65 668 39 9.413
66 335 3 72.622
67 132 25 82.551
68 415 38 91.877
69 452 11 54.200
70 775 41 89.031
71 375 25 85.532
72 1070 13 64.687
73 945 11 97.468
74 1338 23 18.814
75 503 59 56.747
76 1120 3 89.707
77 791 47 96.159
78 632 47 73.362
79 919 32 53.207
80 865 15 90.450
81 671 35 38.661
82 1268 12 51.256
83 131 26 71.868
84 471 27 41.845
85 839 18 50.736
86 25 13 15.382
87 222 49 15.748
88 778 24 71.229
89 820 18 16.865
90 1246 44 18.094
91 158 57 95.215
92 813 15 28.492
93 1267 17 31.400
94 739 45 77.494
95 1161 31 4.622
96 85 30 41.648
97 793 53 61.010
98 981 46 34.488
99 627 11 62.495
100 1039 37 48.939
101 575 23 63.725
102 268 23 1.190
103 376 54 90.116
104 834 49 59.880
105 55 34 41.757
106 1216 44 78.455
107 1145 30 46.388
108 226 45 39.643
109 748 13 17.681
110 787 13 69.092
111 973 26 58.366
112 384 23 67.586
113 828 4 93.436
114 1066 30 23.364
115 1280 35 93.342
116 836 4 28.822
117 299 28 39.484
118 407 54 93.408
119 1395 29 48.762
120 903 20 74.762
121 558 26 1.154
122 142 20 78.748
123 97 12 65.365
124 782 21 63.078
125 1071 48 82.591
126 147 12 91.231
127 1197 47 0.925
128 317 46 14.959
129 55 27 75.856
130 71 27 45.339
131 1106 40 30.152
132 189 60 40.358
133 448 47 25.533
134 1414 21 23.239
135 1069 41 9.768
136 617 20 2.456
137 478 48 60.068
138 959 41 31.309
139 1056 28 85.169
140 859 14 13.838
141 529 27 57.779
142 1079 58 91.511
143 88 28 67.744
144 87 45 76.030
145 133 21 68.215
146 1291 42 99.783
147 463 11 24.554
148 1000 12 19.475
149 500 2 85.851
150 400 49 24.860
151 994 28 97.525
152 777 8 8.842
153 1054 8 80.162
154 1118 30 41.875
155 77 10 27.063
156 348 12 50.157
157 727 49 78.689
158 922 19 69.999
159 653 42 50.912
160 1206 11 31.867
161 357 40 50.944
162 358 54 89.895
163 926 33 35.447
164 20 22 12.225
165 577 25 92.467
166 589 11 79.709
167 1014 14 87.748
168 894 3 37.210
169 1035 50 66.912
170 270 59 75.623
171 496 29 1.824
172 352 13 91.486
173 760 34 93.630
174 1014 17 24.800
175 670 39 53.983
176 191 23 34.960
177 1124 56 10.000
178 67 20 37.130
179 649 15 36.334
180 332 33 74.124
181 1390 5 29.495
182 1035 50 22.302
183 201 22 68.323
184 1407 55 58.289
185 24 31 83.797
186 517 56 58.901
187 1021 52 62.259
188 339 5 90.719
189 1218 25 73.245
190 789 22 22.675
191 192 17 88.614
192 521 51 65.667
193 1320 53 70.279
194 1139 17 18.600
195 925 58 94.244
196 434 7 52.941
197 1255 56 37.755
198 605 40 37.921
199 596 57 8.854
200 981 54 46.845