200
1 506 43 24.352
2 972 13 40.985
3 809 48 21.517
4 212 59 71.845
5 965 40 86.060
6 276 47 81.239
7 1016 46 83.608
8 633 3 34.204
9 1013 48 39.215
10 1123 42 42.476
11 539 21 76.748
12 1075 6 52.800
13 783 29 49.887
14 1110 58 32.858
15 372 27 11.046
16 204 19 92.165
17 29 19 86.143
18 1119 30 53.913
19 1338 47 24.644
20 39 44 26.207
21 238 56 45.668
22 738 4 93.239
23 240 45 7.864
24 577 27 79.944
25 557 9 54.348
26 495 16 44.413
27 997 56 32.504
28 1298 34 23.844
29 542 21 83.825
30 152 46 17.018
31 768 10 89.803
32 1143 24 19.793
33 1140 49 90.144
34 651 20 62.872
35 781 4 76.609
36 1294 48 49.732
37 786 21 14.660
38 748 21 78.395
39 619 29 17.885
40 839 3 21.054
41 204 4 25.041
42 481 43 54.423
43 800 24 9.132
44 413 23 13.194
45 77 16 21.328
46 639 8 25.045
47 426 54 86.955
48 883 51 38.177
49 1211 50 97.897
50 195 41 66.584
51 1417 33 99.353
52 1039 16 53.453
53 729 2 35.985
54 280 17 39.156
55 416 59 38.510
56 600 49 91.412
57 205 2 76.237
58 9 35 47.940
59 330 9 13.938
60 1413 9 56.487
61 779 20 33.171
62 680 4 60.810
63 1086 21 57.624
64 253 26 7.983
65 1328 29 56.984
66 38 29 31.712
67 138 20 86.616
68 1190 30 39.603
69 364 41 95.947
70 746 50 44.093
71 395 9 19.705
72 630 53 62.363
73 323 18 63.454
74 1378 42 60.095
75 757 11 67.625
76 37 19 9.800
77 829 6 27.306
78 922 24 68.871
79 278 40 40.430
80 823 3 85.993
81 314 43 27.857
82 1161 47 51.232
83 897 29 26.318
84 505 58 26.285
85 565 52 7.177
86 308 35 98.788
87 924 8 19.399
88 535 23 67.712
89 1202 22 32.236
90 499 50 11.147
91 1087 51 40.910
92 354 29 73.475
93 1352 35 27.287
94 221 28 59.224
95 566 29 6.674
96 999 12 31.100
97 688 23 43.043
98 767 7 21.684
99 307 41 33.690
100 602 19 52.280
101 929 20 0.136
102 577 43 87.077
103 794 2 22.071
104 337 51 59.486
105 657 19 5.522
106 113 35 4.861
107 1362 30 87.667
108 838 28 64.495
109 558 31 49.781
110 1213 60 90.556
111 626 9 33.950
112 22 59 57.558
113 1355 24 23.364
114 662 10 86.291
115 708 29 61.420
116 964 56 15.830
117 1417 23 54.213
118 471 8 4.338
119 398 2 41.967
120 1066 51 23.259
121 812 46 81.317
122 552 28 29.255
123 146 41 5.055
124 587 16 49.565
125 910 32 33.455
126 522 44 7.089
127 349 19 89.550
128 160 26 9.218
129 1374 37 76.544
130 473 50 58.126
131 1328 28 39.569
132 1039 7 44.857
133 679 35 75.984
134 1165 30 16.948
135 1404 3 21.067
136 241 53 81.345
137 571 44 55.157
138 1352 22 82.459
139 1045 57 32.768
140 665 28 91.491
141 242 50 34.056
142 1407 56 6.694
143 1069 20 89.843
144 754 18 12.716
145 271 48 45.937
146 667 25 93.568
147 468 40 88.826
148 312 39 75.484
149 1298 12 48.266
150 224 53 26.569
151 217 11 56.544
152 28 60 3.705
153 874 7 52.717
154 1129 30 13.574
155 213 11 24.841
156 55 58 27.418
157 873 11 82.923
158 439 12 61.043
159 969 49 93.727
160 563 40 40.763
161 1048 22 48.252
162 396 23 36.716
163 956 19 18.991
164 139 38 30.001
165 939 25 10.321
166 673 44 89.934
167 413 32 46.718
168 337 42 46.218
169 978 19 6.172
170 37 7 97.361
171 811 38 64.328
172 948 19 61.857
173 775 1 24.513
174 953 8 26.887
175 780 5 11.521
176 451 34 52.189
177 551 53 34.962
178 1261 27 57.718
179 1063 19 39.319
180 833 42 76.164
181 940 11 57.660
182 138 53 74.212
183 43 20 66.674
184 409 58 48.885
185 1097 48 36.649
186 1321 31 12.143
187 837 13 95.689
188 1153 3 80.635
189 1085 29 90.720
190 1277 25 52.582
191 31 52 57.596
192 1422 23 8.311
193 309 53 44.202
194 360 13 59.356
195 743 43 57.707
196 242 42 4.534
197 183 39 91.540
198 1041 21 87.312
199 1032 3 56.064
200 1327 5 54.269