200
1 1024 44 69.823
2 565 29 91.929
3 968 52 53.223
4 333 46 23.900
5 841 34 45.483
6 590 9 60.326
7 1034 50 48.934
8 705 43 60.273
9 1231 41 47.791
10 788 3 24.153
11 691 6 82.870
12 1033 48 93.379
13 674 59 62.252
14 929 42 50.073
15 1356 60 3.541
16 894 26 28.723
17 1073 51 96.703
18 732 53 91.453
19 936 38 55.723
20 479 55 58.445
21 430 8 79.583
22 659 43 82.404
23 341 19 91.288
24 1386 42 2.540
25 183 54 54.749
26 98 28 80.810
27 1362 19 30.899
28 63 29 81.557
29 549 13 37.199
30 553 5 9.325
31 351 47 87.924
32 670 52 34.211
33 730 55 32.616
34 513 42 36.792
35 576 49 16.495
36 871 19 71.332
37 923 4 90.499
38 1239 53 10.075
39 1317 32 29.064
40 1345 2 47.837
41 1076 12 53.392
42 479 57 79.553
43 1330 2 18.380
44 1035 1 93.065
45 1240 53 40.850
46 733 40 3.771
47 950 10 83.670
48 1371 29 56.035
49 284 44 53.481
50 204 60 7.931
51 1324 45 55.147
52 1002 47 43.207
53 477 47 53.288
54 689 45 49.836
55 1135 39 60.910
56 363 4 33.352
57 1212 11 16.398
58 1304 32 43.761
59 641 48 21.885
60 49 26 97.686
61 904 11 50.041
62 1127 48 13.796
63 983 19 35.854
64 1189 20 29.151
65 834 19 8.293
66 105 9 14.524
67 405 42 0.164
68 1041 4 67.494
69 1042 38 96.494
70 353 47 50.626
71 685 44 61.195
72 166 51 34.837
73 1301 60 7.483
74 610 45 6.955
75 808 30 36.818
76 1345 52 6.436
77 481 31 25.275
78 853 58 20.354
79 464 34 77.712
80 285 41 34.821
81 918 20 47.746
82 709 57 21.442
83 1088 1 35.306
84 1406 46 53.826
85 1100 23 15.926
86 352 43 87.183
87 1404 43 42.677
88 835 48 53.850
89 406 42 10.266
90 228 31 77.460
91 340 14 98.932
92 1168 58 22.043
93 371 36 84.288
94 983 38 96.680
95 46 56 11.233
96 1283 19 42.435
97 281 21 21.948
98 576 20 28.541
99 838 18 83.151
100 1048 7 24.442
101 1332 8 42.961
102 1119 3 68.801
103 258 54 0.026
104 1250 55 89.656
105 388 55 97.894
106 972 23 1.937
107 437 13 17.711
108 83 53 66.057
109 904 42 44.300
110 1267 35 80.977
111 375 42 39.966
112 893 34 21.024
113 228 35 52.507
114 1023 16 91.905
115 404 34 7.792
116 911 36 19.743
117 998 14 79.963
118 139 30 49.660
119 1357 3 35.933
120 1019 50 56.818
121 1281 38 67.209
122 1269 52 48.934
123 56 5 36.921
124 1074 27 17.384
125 325 30 83.539
126 367 8 59.845
127 291 54 79.823
128 1382 17 57.041
129 789 56 96.867
130 185 39 8.197
131 647 46 83.159
132 735 25 92.494
133 97 1 53.862
134 876 34 57.967
135 1167 16 70.181
136 734 57 91.706
137 453 50 58.729
138 1433 42 3.438
139 325 56 10.017
140 143 58 39.091
141 1051 29 77.115
142 341 14 23.849
143 375 30 31.957
144 757 1 32.728
145 525 21 60.697
146 39 36 43.097
147 776 44 15.483
148 776 50 18.258
149 84 38 78.012
150 554 43 14.271
151 967 22 79.481
152 1193 6 35.799
153 616 27 77.364
154 1240 47 76.493
155 771 19 71.427
156 369 30 68.687
157 1308 14 49.144
158 1264 12 97.806
159 1384 54 57.346
160 875 59 36.918
161 1391 15 96.117
162 806 4 2.038
163 756 50 45.978
164 442 49 65.611
165 1432 22 79.747
166 315 34 32.105
167 1242 45 7.286
168 1031 29 1.885
169 141 44 18.933
170 528 54 81.576
171 353 24 34.991
172 303 18 49.858
173 553 59 81.518
174 288 17 83.660
175 83 42 31.112
176 438 54 60.999
177 1078 30 33.812
178 553 49 94.091
179 669 50 94.946
180 709 43 64.760
181 961 38 9.413
182 1332 18 33.640
183 591 57 76.628
184 1159 60 94.379
185 1439 1 89.217
186 1102 26 97.367
187 556 55 3.935
188 288 14 48.342
189 1168 12 72.616
190 920 27 30.292
191 948 38 35.473
192 985 3 37.988
193 1249 54 34.686
194 451 55 63.476
195 1282 58 64.366
196 95 44 53.041
197 11 44 66.480
198 581 45 6.346
199 527 21 66.441
200 994 34 71.490