200
1 571 57 47.090
2 1044 10 81.585
3 1314 20 98.448
4 1404 48 11.202
5 1193 32 75.846
6 499 34 64.602
7 174 34 29.237
8 222 32 77.650
9 878 15 84.543
10 777 25 56.461
11 311 15 65.755
12 1193 10 86.956
13 1028 1 48.976
14 103 48 8.855
15 657 44 98.211
16 1086 45 71.921
17 1111 49 95.988
18 598 8 99.790
19 445 26 18.303
20 480 29 34.306
21 1066 45 68.669
22 576 55 1.644
23 497 58 39.299
24 1369 60 72.922
25 909 60 19.905
26 894 44 89.244
27 1409 21 32.837
28 1047 11 62.030
29 575 39 19.955
30 634 37 62.401
31 555 54 91.964
32 661 20 85.125
33 247 43 38.754
34 599 37 42.043
35 679 15 18.346
36 411 43 92.758
37 910 8 24.461
38 536 13 28.213
39 1438 34 24.964
40 474 50 38.538
41 966 26 54.316
42 99 6 31.148
43 1298 28 47.850
44 359 45 15.153
45 1213 31 94.913
46 516 31 21.358
47 1035 22 73.339
48 321 37 50.668
49 829 40 42.495
50 392 56 62.985
51 944 27 99.687
52 704 55 74.757
53 2 10 43.388
54 47 55 46.446
55 787 41 73.462
56 795 42 54.358
57 889 8 65.900
58 269 59 3.040
59 230 14 83.901
60 867 42 21.592
61 566 48 97.223
62 347 16 92.955
63 712 27 12.671
64 423 58 63.553
65 894 23 57.095
66 50 59 30.935
67 68 60 24.229
68 1235 8 31.793
69 83 21 69.551
70 822 12 87.630
71 1185 15 22.051
72 718 15 29.828
73 1428 14 68.637
74 672 25 91.783
75 655 28 17.061
76 946 10 56.929
77 1003 27 63.537
78 504 47 39.806
79 10 11 79.776
80 1325 23 73.539
81 969 51 46.726
82 986 4 45.112
83 199 51 67.514
84 389 1 23.542
85 231 32 68.992
86 379 10 17.204
87 1343 3 79.895
88 598 13 36.835
89 37 60 8.524
90 1169 43 27.794
91 425 55 79.190
92 1122 12 41.865
93 35 12 93.252
94 686 17 65.803
95 102 51 71.539
96 195 10 23.038
97 691 7 45.223
98 876 59 99.058
99 1056 31 16.540
100 416 60 35.832
101 858 32 23.379
102 1073 44 84.400
103 1253 20 3.050
104 66 10 81.865
105 503 23 40.211
106 1339 13 76.312
107 1395 29 53.952
108 93 32 54.232
109 163 52 2.310
110 839 39 7.759
111 333 51 23.384
112 93 54 76.614
113 1190 9 0.129
114 359 44 65.644
115 939 32 32.990
116 958 24 56.295
117 1270 20 47.777
118 964 58 43.295
119 863 31 82.140
120 1119 42 60.363
121 505 49 69.734
122 140 42 92.416
123 1235 3 86.262
124 974 32 38.241
125 344 41 47.202
126 837 41 0.786
127 797 45 55.360
128 54 19 28.643
129 34 30 84.456
130 863 52 17.756
131 806 42 68.841
132 1350 4 93.928
133 171 48 62.850
134 534 37 86.133
135 372 25 50.168
136 862 14 47.351
137 138 33 11.110
138 4 4 39.410
139 419 35 12.790
140 583 14 75.849
141 391 5 24.046
142 124 34 68.709
143 151 7 16.568
144 1059 26 34.290
145 387 12 55.197
146 1395 52 0.393
147 314 7 45.374
148 570 27 43.759
149 989 9 37.248
150 1081 6 7.023
151 239 13 93.356
152 118 17 48.712
153 555 12 15.112
154 659 9 66.686
155 491 27 58.139
156 37 56 21.729
157 54 3 81.736
158 757 46 52.699
159 1293 46 14.469
160 606 54 76.019
161 482 27 20.604
162 1014 22 91.023
163 121 12 15.753
164 1085 37 88.895
165 696 35 78.784
166 1184 59 40.367
167 968 16 84.313
168 152 52 37.356
169 144 20 47.971
170 1001 26 30.872
171 63 20 75.763
172 721 49 74.910
173 537 35 37.863
174 294 59 74.975
175 1223 26 31.241
176 1334 3 53.731
177 1143 60 20.063
178 847 6 95.771
179 1203 3 13.484
180 385 34 17.437
181 84 46 42.518
182 792 46 42.632
183 1360 48 19.317
184 1189 36 68.113
185 425 10 70.295
186 1319 13 41.410
187 1212 49 81.979
188 84 22 89.147
189 1030 30 21.738
190 965 29 51.394
191 1263 1 22.077
192 1211 3 25.797
193 304 39 34.342
194 668 48 27.231
195 317 8 4.214
196 330 2 9.468
197 21 12 66.669
198 212 36 3.621
199 992 15 73.671
200 200 41 60.538