200
1 817 28 7.440
2 1140 37 10.595
3 481 37 16.326
4 538 1 98.879
5 1149 19 54.324
6 952 11 57.932
7 316 47 31.630
8 98 13 89.359
9 378 19 80.241
10 248 27 33.006
11 12 33 51.198
12 1167 43 78.205
13 977 17 49.782
14 1207 15 2.485
15 1047 38 11.926
16 1014 50 68.009
17 489 27 90.323
18 14 60 0.791
19 1394 53 64.171
20 615 40 35.197
21 1345 36 24.518
22 950 40 59.435
23 1069 50 34.408
24 626 52 8.318
25 890 55 30.120
26 1000 36 42.866
27 891 56 53.829
28 1335 14 98.079
29 166 23 42.999
30 1096 33 8.335
31 142 59 70.044
32 1277 23 39.445
33 868 30 13.004
34 211 46 75.233
35 839 20 1.466
36 416 34 68.153
37 49 51 36.064
38 383 23 35.793
39 1187 41 0.160
40 297 23 63.862
41 824 12 94.696
42 287 42 68.906
43 866 47 22.098
44 1379 39 1.615
45 1240 4 85.454
46 764 25 71.908
47 1428 49 23.351
48 870 13 7.192
49 649 22 23.498
50 693 20 81.942
51 135 46 91.536
52 829 48 47.752
53 148 37 61.128
54 4 27 21.899
55 117 13 52.724
56 579 40 19.369
57 668 17 7.589
58 292 35 89.590
59 1202 22 9.994
60 239 33 37.273
61 22 2 8.385
62 105 54 83.064
63 1229 2 45.766
64 537 49 92.052
65 83 41 33.374
66 140 22 37.141
67 955 9 59.044
68 132 12 94.104
69 375 10 19.526
70 1337 24 14.775
71 950 8 77.597
72 784 43 7.783
73 33 1 7.699
74 322 33 70.845
75 1133 49 84.694
76 289 30 99.981
77 1396 22 89.739
78 395 29 55.038
79 1343 37 78.860
80 1016 37 10.594
81 571 1 60.471
82 1311 57 83.354
83 865 59 66.362
84 564 24 74.697
85 983 18 27.537
86 1156 11 21.447
87 828 29 78.260
88 691 21 3.915
89 250 21 82.353
90 265 4 6.228
91 1426 10 34.107
92 317 43 89.040
93 1287 7 18.451
94 1153 5 65.547
95 1307 57 55.975
96 244 7 33.018
97 1347 38 8.183
98 448 31 5.007
99 241 40 67.147
100 93 12 96.711
101 309 7 67.372
102 866 58 23.649
103 454 6 64.660
104 17 5 51.966
105 1350 17 57.161
106 1248 51 9.563
107 439 37 21.674
108 684 19 92.334
109 60 53 95.495
110 1188 4 13.896
111 533 29 23.198
112 1294 40 12.538
113 649 15 71.734
114 713 56 80.191
115 800 35 6.034
116 1221 15 59.456
117 1046 14 80.067
118 1335 36 66.276
119 577 21 82.866
120 1252 31 39.958
121 241 12 46.438
122 205 30 77.972
123 1387 31 35.368
124 295 57 73.307
125 1258 37 64.560
126 992 22 8.306
127 481 60 83.479
128 389 35 22.966
129 895 52 68.219
130 566 40 1.580
131 1063 52 32.269
132 780 26 27.188
133 1422 30 77.704
134 1083 4 19.425
135 512 29 59.185
136 671 53 81.972
137 566 55 6.727
138 1213 15 70.939
139 853 12 91.306
140 1332 31 27.589
141 1429 58 90.339
142 818 3 16.171
143 36 5 59.009
144 476 31 44.472
145 1284 58 50.103
146 755 50 38.932
147 1287 32 62.304
148 74 30 13.993
149 1195 5 28.583
150 1367 13 31.370
151 1115 37 78.026
152 1228 48 8.088
153 51 54 80.246
154 1028 19 16.129
155 1127 46 29.017
156 831 12 17.064
157 149 45 71.830
158 769 49 39.623
159 855 44 30.468
160 1080 9 7.606
161 30 47 44.528
162 489 25 56.619
163 292 22 69.795
164 182 34 96.329
165 109 48 28.497
166 1226 26 23.973
167 1345 45 62.890
168 677 36 92.575
169 1326 18 65.941
170 734 19 35.574
171 630 5 81.264
172 743 31 40.550
173 851 45 63.772
174 648 6 46.177
175 837 26 21.793
176 155 30 7.421
177 1101 13 29.309
178 226 49 96.122
179 1378 31 51.631
180 450 58 62.592
181 211 36 0.581
182 1367 58 62.640
183 41 46 17.457
184 335 17 26.703
185 1092 45 16.100
186 141 51 4.694
187 380 41 45.147
188 807 44 63.072
189 1286 20 97.062
190 656 33 8.990
191 1052 12 84.086
192 464 38 18.663
193 403 56 58.249
194 212 14 42.573
195 1435 44 71.622
196 251 42 98.843
197 349 60 92.389
198 1349 46 29.110
199 834 17 3.935
200 656 14 27.919