100
1 653 29 22.234
2 857 13 72.042
3 1345 20 15.022
4 151 7 35.218
5 506 42 2.297
6 1431 50 75.697
7 294 9 31.316
8 1282 35 69.904
9 872 14 31.546
10 1253 16 37.391
11 971 37 59.751
12 159 51 42.548
13 476 11 93.510
14 1160 50 56.193
15 812 34 71.590
16 1356 56 44.878
17 894 30 80.245
18 3 23 27.791
19 96 18 58.316
20 1202 15 9.528
21 1412 45 27.613
22 1437 58 14.223
23 1083 40 76.159
24 127 15 40.307
25 1176 13 49.218
26 1202 24 62.794
27 429 43 78.518
28 1063 49 47.358
29 1359 50 90.715
30 747 19 67.150
31 192 59 36.772
32 888 21 25.990
33 1001 47 2.326
34 1390 19 38.486
35 1002 38 11.546
36 1099 2 39.762
37 1276 43 35.091
38 1267 6 60.431
39 914 18 57.193
40 1171 55 47.486
41 823 18 93.099
42 1280 43 68.476
43 147 14 85.489
44 396 59 5.768
45 17 18 58.980
46 1097 43 53.723
47 1166 38 61.118
48 446 50 91.301
49 613 60 12.854
50 703 12 35.439
51 491 57 57.145
52 1029 10 51.397
53 1192 45 18.553
54 443 11 82.224
55 202 17 31.907
56 970 24 4.794
57 1070 44 17.234
58 1185 33 39.469
59 1440 26 39.327
60 1384 29 79.782
61 242 37 10.365
62 695 19 28.066
63 65 32 37.926
64 1080 34 87.468
65 1320 29 59.716
66 705 8 96.680
67 957 50 78.248
68 564 29 9.479
69 103 15 32.358
70 355 58 63.647
71 485 18 5.312
72 1324 8 29.431
73 397 11 42.995
74 170 38 27.061
75 1165 12 28.228
76 1394 40 15.658
77 581 43 84.066
78 1185 32 68.376
79 1096 48 68.411
80 479 9 43.965
81 696 17 96.004
82 152 28 70.096
83 697 4 53.275
84 665 53 19.092
85 338 26 81.479
86 87 29 43.927
87 891 15 53.448
88 1033 34 9.373
89 480 12 21.569
90 1262 38 2.066
91 1430 23 32.809
92 1116 9 31.377
93 81 44 91.831
94 513 30 95.849
95 804 39 64.717
96 584 54 41.042
97 255 60 51.965
98 1133 51 13.016
99 1328 21 89.959
100 589 7 8.546