100
1 113 60 42.818
2 687 48 16.160
3 1345 18 82.560
4 267 10 49.672
5 189 44 93.119
6 1154 30 2.656
7 1313 36 54.782
8 773 28 23.883
9 1371 59 35.760
10 21 2 29.040
11 1194 29 76.329
12 1105 30 20.206
13 1030 10 53.035
14 891 52 38.758
15 180 30 21.153
16 457 53 3.534
17 52 16 85.018
18 936 39 78.197
19 1332 2 21.247
20 164 57 56.356
21 654 19 3.898
22 1255 6 15.067
23 867 47 79.172
24 286 47 16.695
25 985 3 49.773
26 1038 33 42.782
27 1127 45 81.290
28 856 32 73.790
29 309 20 17.196
30 1035 24 78.277
31 15 12 35.902
32 1342 2 49.502
33 943 21 48.617
34 1127 45 64.409
35 1156 36 91.941
36 858 40 25.286
37 416 48 60.927
38 479 16 72.949
39 1385 23 99.654
40 76 4 69.182
41 92 32 32.028
42 511 1 54.438
43 1202 3 21.069
44 1180 60 12.089
45 841 40 69.074
46 658 41 88.692
47 1177 51 0.475
48 644 13 34.233
49 1173 42 5.256
50 954 57 17.805
51 500 8 47.851
52 425 29 26.005
53 574 20 33.870
54 744 15 42.843
55 1291 25 39.668
56 1091 23 77.154
57 1155 58 65.296
58 781 24 35.388
59 729 43 49.277
60 305 37 77.105
61 549 54 29.522
62 954 24 30.194
63 1264 29 86.712
64 1046 51 10.738
65 903 5 22.405
66 893 6 71.524
67 1423 10 74.025
68 853 31 78.612
69 643 17 93.223
70 743 44 16.165
71 660 49 54.069
72 191 23 31.853
73 1353 21 33.553
74 504 34 59.669
75 30 3 15.664
76 131 45 54.527
77 339 8 98.089
78 24 48 37.347
79 689 36 52.564
80 668 58 84.997
81 1265 47 25.279
82 391 52 1.579
83 1367 53 53.946
84 86 8 85.162
85 1150 20 69.197
86 644 33 2.493
87 226 36 69.275
88 168 23 34.119
89 847 11 16.400
90 1177 5 94.256
91 36 25 33.061
92 736 41 91.275
93 1088 59 3.249
94 16 1 92.558
95 1336 36 20.516
96 718 28 83.151
97 424 19 8.733
98 23 1 99.778
99 1305 23 29.999
100 1102 37 1.796