100
1 1243 1 56.857
2 1139 18 69.221
3 353 8 49.221
4 916 15 17.995
5 784 28 90.972
6 204 42 84.408
7 8 12 98.006
8 339 49 21.212
9 1007 10 71.587
10 520 52 21.421
11 63 4 45.628
12 906 36 4.313
13 699 22 63.054
14 548 40 88.459
15 1317 4 54.845
16 614 3 51.021
17 1271 57 35.097
18 810 20 83.408
19 217 55 18.706
20 633 15 39.967
21 131 21 60.698
22 507 47 60.189
23 1394 2 59.225
24 617 22 48.234
25 1383 6 83.856
26 808 26 66.038
27 153 17 88.363
28 1031 46 89.501
29 1094 5 9.735
30 1332 13 0.424
31 290 31 2.391
32 465 37 91.114
33 47 29 52.374
34 50 19 18.488
35 518 8 19.407
36 1073 37 66.063
37 58 19 22.634
38 352 50 82.144
39 802 52 46.838
40 1162 5 91.929
41 1250 7 87.051
42 214 7 19.011
43 1130 23 80.496
44 967 30 79.298
45 1147 44 34.419
46 65 6 87.933
47 1424 43 0.963
48 1198 55 40.873
49 68 52 76.520
50 1060 20 33.830
51 865 44 15.231
52 901 17 48.215
53 1435 14 39.526
54 245 15 50.611
55 92 33 64.816
56 681 40 73.784
57 1033 19 62.824
58 386 28 29.407
59 1168 20 38.490
60 1213 20 39.511
61 1225 29 12.196
62 894 34 89.978
63 749 18 20.970
64 1095 33 39.745
65 879 32 83.455
66 1097 17 64.204
67 188 43 83.575
68 1115 13 34.227
69 502 39 62.455
70 965 45 82.525
71 916 25 73.311
72 196 17 46.636
73 524 31 23.041
74 789 18 13.642
75 436 23 98.177
76 1219 21 79.912
77 384 4 73.848
78 1103 47 67.583
79 788 50 93.786
80 864 8 11.917
81 611 40 44.443
82 843 9 97.067
83 1112 23 99.348
84 1269 59 49.336
85 441 35 90.928
86 844 28 40.656
87 1228 37 29.695
88 121 40 85.717
89 59 54 24.602
90 1259 33 90.009
91 782 19 47.977
92 907 5 87.176
93 333 8 96.155
94 72 41 9.082
95 211 50 17.565
96 322 43 75.167
97 933 54 91.295
98 163 5 52.030
99 1036 42 96.322
100 1220 2 84.802