100
1 128 21 77.855
2 698 28 43.795
3 170 31 97.853
4 951 47 56.894
5 368 19 77.288
6 883 15 39.197
7 1118 13 33.577
8 1226 40 59.754
9 77 42 73.984
10 424 36 55.294
11 1246 3 41.674
12 920 34 60.334
13 1430 33 3.222
14 130 34 26.123
15 85 5 86.077
16 584 11 62.498
17 1420 5 28.498
18 785 25 13.149
19 1370 38 77.058
20 54 14 18.161
21 691 19 29.905
22 312 11 43.442
23 1006 15 98.073
24 925 34 67.750
25 1172 34 85.008
26 1157 50 24.229
27 1262 20 10.040
28 214 32 38.315
29 67 6 25.170
30 212 38 26.667
31 58 42 28.066
32 1054 35 91.201
33 442 17 29.766
34 364 40 69.938
35 800 11 10.128
36 37 54 14.794
37 212 4 19.447
38 936 54 0.876
39 1229 28 0.470
40 1035 18 35.705
41 1399 57 54.159
42 1272 36 88.872
43 616 60 30.188
44 757 55 62.039
45 495 49 36.675
46 1118 60 37.832
47 723 2 88.960
48 1177 43 48.822
49 811 19 44.813
50 111 17 19.476
51 1133 27 68.638
52 271 24 6.814
53 1108 2 60.933
54 1358 41 30.594
55 378 12 50.628
56 862 51 30.297
57 489 8 29.556
58 892 1 56.262
59 174 36 80.332
60 1139 11 94.202
61 493 25 10.869
62 678 16 26.394
63 1080 27 80.357
64 739 15 61.941
65 171 12 1.364
66 1373 56 61.522
67 828 36 85.364
68 604 24 32.729
69 602 27 10.832
70 623 54 97.526
71 215 36 94.414
72 1248 1 90.452
73 1370 8 75.684
74 199 36 73.029
75 716 27 37.805
76 288 26 19.886
77 895 53 69.351
78 1289 31 87.868
79 809 26 71.580
80 190 33 40.243
81 650 37 8.846
82 291 32 86.518
83 1335 8 63.120
84 844 48 0.691
85 141 27 71.253
86 853 20 89.426
87 325 41 35.150
88 967 23 1.332
89 269 8 11.161
90 611 48 32.665
91 1099 37 60.694
92 842 50 77.472
93 1108 53 51.993
94 528 43 99.767
95 209 32 44.034
96 287 60 57.936
97 788 23 26.751
98 818 5 69.623
99 585 21 71.537
100 247 44 85.887