100
1 770 12 8.978
2 198 59 89.203
3 46 47 44.693
4 1287 57 92.424
5 157 31 13.720
6 811 26 37.603
7 1087 12 28.712
8 1089 55 4.741
9 602 60 58.703
10 479 49 37.934
11 1273 54 47.627
12 1190 36 57.490
13 160 13 8.146
14 533 28 2.133
15 23 10 98.633
16 1154 12 17.847
17 486 39 98.511
18 483 16 16.399
19 423 32 29.644
20 839 15 57.520
21 1121 33 65.129
22 686 4 51.339
23 1275 57 41.446
24 159 54 94.826
25 243 28 91.962
26 841 49 58.996
27 186 14 13.652
28 266 16 43.485
29 558 12 88.720
30 721 35 31.681
31 945 33 64.628
32 31 50 66.701
33 1348 13 47.933
34 1205 11 69.916
35 375 13 99.196
36 1049 20 15.632
37 337 56 72.709
38 654 41 0.875
39 82 5 77.685
40 297 48 55.517
41 775 14 48.664
42 642 31 41.025
43 1154 50 56.561
44 609 59 70.542
45 1298 47 72.522
46 653 39 63.586
47 337 42 12.531
48 1248 30 27.061
49 1323 45 82.862
50 763 18 58.601
51 951 51 17.735
52 1392 24 63.238
53 416 4 43.009
54 1371 2 63.900
55 227 39 3.662
56 542 23 25.301
57 353 27 60.511
58 289 59 70.909
59 1002 46 26.716
60 490 10 42.047
61 310 12 30.949
62 599 24 72.083
63 712 13 4.910
64 1414 30 26.092
65 665 47 50.394
66 976 49 53.930
67 240 18 10.145
68 877 30 49.433
69 1175 51 72.088
70 553 3 6.200
71 117 10 35.974
72 864 30 30.147
73 1118 26 66.011
74 862 57 38.819
75 1433 21 65.902
76 283 19 64.014
77 997 24 96.572
78 185 13 11.016
79 356 30 79.477
80 731 52 79.278
81 1249 27 91.196
82 366 35 71.023
83 698 18 93.984
84 710 14 94.749
85 1217 9 63.070
86 898 43 18.051
87 295 39 56.250
88 701 44 92.346
89 806 57 18.266
90 911 35 83.588
91 1019 7 22.341
92 829 8 77.874
93 789 15 80.113
94 913 21 61.815
95 903 14 51.730
96 246 6 25.542
97 911 19 9.097
98 668 16 23.250
99 1171 56 4.005
100 1163 48 1.145