100
1 800 9 24.927
2 21 10 61.705
3 196 35 13.753
4 1012 57 15.845
5 310 21 31.615
6 225 41 16.819
7 842 51 69.589
8 1351 1 50.246
9 254 38 60.742
10 22 55 77.010
11 715 19 23.451
12 1313 49 86.037
13 1400 51 55.654
14 818 1 46.309
15 944 41 65.353
16 332 17 19.252
17 677 52 15.600
18 728 41 64.188
19 1422 8 25.857
20 816 3 68.679
21 1418 33 0.876
22 465 26 98.352
23 843 19 12.346
24 182 33 50.483
25 458 27 18.843
26 608 27 92.156
27 796 3 64.189
28 1430 35 88.061
29 614 5 59.580
30 577 52 35.278
31 1359 7 58.777
32 260 49 4.271
33 55 15 19.751
34 791 58 59.669
35 21 59 83.140
36 1382 31 55.965
37 1176 22 84.004
38 262 48 33.994
39 1049 38 91.987
40 1064 36 18.442
41 538 20 37.162
42 598 51 22.132
43 793 8 44.567
44 1439 42 40.860
45 713 32 82.434
46 270 39 56.376
47 355 19 15.274
48 419 55 0.875
49 670 51 69.360
50 630 8 21.646
51 464 33 72.080
52 1235 28 10.299
53 1219 45 5.631
54 438 12 44.829
55 640 6 75.920
56 1095 24 26.752
57 1180 24 87.949
58 102 25 21.909
59 190 41 9.182
60 1305 23 86.271
61 759 33 98.497
62 608 50 22.147
63 1268 9 6.714
64 335 47 14.959
65 1374 16 21.853
66 67 58 37.485
67 763 41 1.467
68 315 58 83.348
69 496 50 78.016
70 864 35 24.773
71 1212 29 34.920
72 1163 28 53.941
73 1411 22 35.335
74 1182 11 50.624
75 350 9 22.706
76 426 30 14.887
77 13 25 64.609
78 44 36 26.912
79 70 1 71.317
80 54 34 61.604
81 960 6 34.467
82 420 28 12.855
83 1417 57 30.044
84 1011 50 51.326
85 1165 51 30.893
86 89 35 28.136
87 665 27 88.108
88 1175 31 10.848
89 1051 30 62.554
90 1153 19 0.845
91 738 7 20.187
92 698 36 32.146
93 399 60 80.320
94 557 11 63.164
95 293 47 69.403
96 40 20 16.236
97 972 53 46.542
98 348 38 88.224
99 1062 21 51.940
100 187 43 47.842