100
1 558 3 37.351
2 1047 53 53.735
3 758 30 2.066
4 843 28 45.824
5 402 7 73.030
6 119 22 19.490
7 985 1 72.048
8 202 7 83.010
9 383 27 8.278
10 1178 39 12.921
11 969 2 48.807
12 526 36 11.114
13 571 50 25.723
14 1407 47 71.482
15 932 41 31.723
16 698 49 21.299
17 1024 45 30.618
18 655 17 76.179
19 1098 44 37.396
20 934 58 98.945
21 148 46 95.271
22 1295 60 20.979
23 236 55 11.487
24 480 45 49.193
25 128 20 28.941
26 173 5 82.350
27 308 23 59.814
28 1396 28 66.661
29 376 36 82.456
30 567 47 12.691
31 670 57 40.876
32 1407 58 79.220
33 167 26 83.947
34 182 28 82.659
35 243 48 50.176
36 134 44 26.837
37 1232 19 79.373
38 967 45 20.166
39 1386 26 0.837
40 164 46 11.091
41 614 56 60.184
42 377 40 51.370
43 80 40 45.926
44 1404 40 0.634
45 105 41 75.430
46 422 45 30.639
47 1047 23 25.726
48 1288 1 50.493
49 785 32 15.927
50 212 38 13.426
51 1237 51 0.498
52 1118 35 68.957
53 78 37 43.375
54 1412 51 43.532
55 443 51 39.373
56 1274 21 74.843
57 918 20 54.981
58 656 52 18.409
59 238 51 9.487
60 1178 24 61.897
61 186 20 25.543
62 147 48 29.993
63 52 51 46.344
64 644 23 22.852
65 1143 46 95.561
66 986 59 69.522
67 1403 23 11.949
68 214 13 20.379
69 380 4 11.449
70 1084 44 60.559
71 8 20 91.662
72 789 33 64.779
73 1242 12 83.603
74 1320 14 44.954
75 623 5 24.872
76 1092 13 36.042
77 584 15 51.399
78 1204 53 7.921
79 1366 26 35.535
80 1234 22 81.953
81 182 54 69.760
82 1316 1 53.956
83 1137 29 16.409
84 1136 49 42.946
85 873 26 91.996
86 909 7 69.494
87 502 31 67.998
88 531 47 53.869
89 36 9 97.517
90 1327 20 35.828
91 765 42 30.133
92 1326 32 88.943
93 231 60 42.690
94 398 13 25.762
95 1251 24 17.523
96 435 15 53.595
97 192 43 1.554
98 1410 1 9.669
99 35 20 71.557
100 984 2 74.534