100
1 1349 47 4.373
2 123 13 40.800
3 209 16 65.193
4 997 44 91.665
5 634 19 31.962
6 578 44 69.198
7 107 52 19.795
8 679 17 57.069
9 322 21 35.673
10 430 45 53.360
11 1266 59 31.609
12 320 3 79.230
13 1369 7 80.901
14 542 41 17.923
15 1145 52 18.429
16 1199 5 81.115
17 1392 2 3.418
18 1008 60 74.694
19 718 37 13.022
20 1262 38 11.127
21 873 33 89.287
22 1065 38 54.964
23 977 19 93.367
24 866 21 66.438
25 988 11 89.826
26 495 16 5.775
27 514 11 7.660
28 924 35 15.120
29 101 40 70.962
30 1296 38 16.791
31 159 37 54.854
32 1037 8 1.934
33 293 3 90.374
34 421 16 34.598
35 1221 59 72.536
36 1251 4 94.537
37 353 1 36.450
38 699 13 19.802
39 390 12 93.242
40 1183 2 76.766
41 1324 49 9.180
42 1352 49 93.331
43 1149 23 63.725
44 527 28 32.138
45 1386 9 17.013
46 1393 57 23.565
47 808 46 45.598
48 1284 28 64.633
49 921 31 69.758
50 1377 31 95.976
51 348 9 85.147
52 471 7 59.918
53 380 26 10.283
54 414 31 65.711
55 576 12 90.314
56 358 20 54.509
57 248 31 74.157
58 877 60 46.500
59 51 39 48.219
60 419 51 6.735
61 941 59 12.012
62 1266 28 37.954
63 159 41 44.980
64 971 23 27.824
65 227 25 84.015
66 470 26 62.050
67 1062 1 23.302
68 1140 13 50.127
69 1038 56 8.122
70 842 15 63.881
71 1432 23 40.369
72 143 8 30.535
73 531 41 87.124
74 225 48 40.015
75 659 40 10.646
76 928 21 12.979
77 1119 22 9.424
78 1260 16 37.315
79 577 40 94.323
80 929 10 4.758
81 1319 49 27.833
82 1301 53 6.110
83 532 17 44.125
84 210 42 46.459
85 875 46 86.209
86 83 39 98.784
87 271 50 98.221
88 549 17 78.714
89 700 13 68.536
90 1308 21 18.359
91 904 43 78.825
92 509 23 12.689
93 1438 17 90.515
94 963 8 42.613
95 1071 53 89.108
96 1295 33 8.616
97 1068 44 46.852
98 341 56 80.051
99 67 16 55.128
100 187 52 87.255