100
1 1044 4 82.365
2 608 12 9.626
3 1357 30 5.763
4 1055 8 44.858
5 356 5 45.931
6 601 31 78.852
7 474 17 25.897
8 69 4 71.120
9 1363 36 17.722
10 76 46 97.412
11 1396 46 83.152
12 298 28 56.778
13 1329 32 74.440
14 432 29 89.073
15 379 12 97.335
16 56 60 22.868
17 1347 49 51.724
18 321 44 63.700
19 638 4 41.396
20 1246 13 33.248
21 933 60 84.868
22 1293 36 70.845
23 802 48 6.045
24 554 25 12.920
25 666 43 64.996
26 562 57 69.814
27 728 5 45.136
28 74 21 85.264
29 169 59 2.608
30 1108 15 29.902
31 438 18 65.781
32 354 4 0.457
33 995 21 13.416
34 208 33 18.192
35 809 3 80.291
36 90 40 14.808
37 603 16 77.257
38 645 10 72.381
39 1196 45 27.664
40 218 43 20.645
41 121 29 89.571
42 611 42 19.240
43 333 13 48.786
44 1419 8 43.519
45 1330 10 92.062
46 783 25 47.706
47 304 47 95.853
48 494 21 32.158
49 174 51 74.895
50 469 40 27.814
51 19 42 9.223
52 560 21 34.275
53 869 4 97.235
54 1171 9 79.471
55 737 28 99.437
56 154 59 99.466
57 363 57 50.418
58 522 40 62.861
59 1272 54 82.886
60 134 60 40.163
61 1184 30 24.851
62 574 31 37.465
63 440 26 53.019
64 226 46 61.386
65 1312 1 91.801
66 600 55 53.184
67 1073 17 86.736
68 1358 6 96.083
69 383 30 50.270
70 1243 45 84.969
71 810 53 45.489
72 377 4 68.582
73 253 56 64.012
74 284 27 48.263
75 952 57 19.424
76 573 40 69.295
77 1330 38 91.600
78 157 6 31.814
79 84 15 76.519
80 667 24 87.218
81 342 5 42.178
82 1229 49 56.476
83 242 54 81.004
84 235 7 44.538
85 952 49 98.259
86 1148 32 93.596
87 1271 5 94.410
88 580 54 6.975
89 871 19 10.238
90 1436 16 63.085
91 316 41 1.525
92 747 1 1.657
93 1040 24 12.015
94 1197 9 21.602
95 1191 38 25.181
96 968 9 80.548
97 1174 13 10.898
98 1119 22 87.876
99 1358 50 11.236
100 1061 58 74.746