100
1 171 20 62.262
2 925 13 43.157
3 1231 25 95.399
4 865 58 32.186
5 439 57 55.849
6 974 52 51.150
7 870 3 2.936
8 594 13 42.712
9 367 40 84.065
10 342 17 54.238
11 797 12 72.951
12 664 10 28.391
13 1159 52 21.058
14 990 24 14.792
15 675 29 3.879
16 184 46 10.168
17 93 45 68.251
18 488 3 17.860
19 478 2 65.974
20 1046 11 33.526
21 1071 11 35.016
22 1399 2 44.603
23 1013 32 40.497
24 477 48 97.762
25 177 53 95.210
26 1200 33 46.824
27 869 37 22.540
28 253 25 98.940
29 22 12 81.122
30 702 34 63.791
31 753 60 48.574
32 859 42 20.319
33 1385 21 95.900
34 359 13 91.374
35 1136 10 21.673
36 531 24 21.328
37 449 32 69.759
38 491 20 57.758
39 833 33 16.535
40 1220 59 38.550
41 617 57 59.489
42 784 9 53.333
43 782 46 12.869
44 207 27 93.458
45 759 34 7.385
46 214 33 0.134
47 1256 56 45.453
48 949 60 85.210
49 921 48 43.507
50 687 34 69.314
51 848 10 96.182
52 378 4 35.095
53 83 27 71.658
54 2 49 56.516
55 1144 47 77.034
56 1023 60 94.956
57 613 7 32.556
58 957 30 76.443
59 335 8 64.901
60 1107 56 36.146
61 1184 1 84.049
62 1114 33 43.034
63 259 60 71.343
64 1210 3 70.271
65 97 35 36.543
66 400 22 50.903
67 317 33 10.725
68 1420 11 5.955
69 861 48 22.345
70 824 10 51.524
71 732 11 18.311
72 1169 38 98.419
73 1219 57 12.394
74 256 43 98.734
75 745 30 6.526
76 1380 40 30.003
77 1298 11 39.093
78 1144 12 53.699
79 118 10 49.060
80 535 38 71.084
81 1162 2 16.436
82 599 17 38.691
83 903 8 71.828
84 468 20 86.393
85 789 39 43.485
86 802 2 25.498
87 621 59 66.389
88 1406 38 46.952
89 1223 11 0.110
90 192 50 92.940
91 1318 41 46.314
92 125 48 30.278
93 599 25 0.447
94 634 40 24.964
95 308 47 21.166
96 823 21 68.718
97 746 48 88.428
98 226 14 18.014
99 1104 3 56.447
100 635 41 50.678