100
1 752 45 55.971
2 401 30 59.823
3 764 1 96.403
4 1190 13 2.047
5 707 3 99.050
6 627 38 37.831
7 399 1 60.981
8 635 56 76.387
9 323 60 3.100
10 165 55 88.489
11 170 7 70.662
12 975 23 37.215
13 320 7 44.464
14 1167 35 99.379
15 1014 19 33.198
16 734 19 24.363
17 1310 9 22.220
18 753 1 86.646
19 80 42 15.307
20 510 40 95.706
21 1062 38 28.610
22 731 27 95.089
23 180 44 44.253
24 912 40 27.148
25 1310 10 96.567
26 223 41 51.825
27 992 38 33.910
28 942 36 13.492
29 243 15 32.368
30 543 40 59.415
31 235 51 85.610
32 573 34 25.006
33 200 50 6.712
34 74 15 63.392
35 793 50 73.200
36 526 3 24.909
37 167 31 3.749
38 1156 48 72.507
39 187 12 69.091
40 836 33 84.647
41 27 15 19.842
42 877 42 63.091
43 842 37 65.377
44 280 40 60.373
45 139 42 17.267
46 1283 48 5.604
47 121 49 1.164
48 1206 46 80.306
49 187 49 38.813
50 149 26 58.062
51 208 20 4.777
52 1394 43 81.316
53 1269 44 44.582
54 744 36 43.611
55 1000 42 31.568
56 52 25 42.369
57 1144 43 30.356
58 1255 26 62.813
59 392 7 69.100
60 593 19 24.293
61 615 33 43.194
62 440 34 27.145
63 874 14 17.859
64 719 14 61.670
65 848 36 11.542
66 168 56 2.393
67 412 31 85.787
68 289 9 44.308
69 777 49 51.414
70 863 53 25.854
71 800 39 33.475
72 1299 17 19.117
73 1042 12 22.434
74 1157 55 93.372
75 417 10 38.558
76 778 29 35.512
77 111 25 24.203
78 976 23 73.926
79 320 21 39.989
80 924 47 70.111
81 244 18 92.387
82 61 36 45.364
83 935 4 71.138
84 752 18 22.263
85 461 2 52.802
86 291 5 59.685
87 1139 8 32.176
88 1114 47 94.037
89 1101 60 34.938
90 38 59 53.612
91 382 2 25.095
92 468 42 13.062
93 233 43 5.240
94 407 24 99.897
95 1378 22 77.046
96 900 47 83.917
97 1101 17 26.580
98 397 37 89.561
99 634 30 70.109
100 586 58 96.001