100
1 1116 5 49.994
2 1193 11 40.202
3 1333 36 15.566
4 1349 36 25.511
5 1196 24 9.908
6 1281 38 2.352
7 355 41 96.054
8 463 60 82.935
9 491 10 25.069
10 1093 43 40.836
11 758 21 34.196
12 1067 35 29.988
13 477 53 30.390
14 1396 13 95.523
15 749 21 59.591
16 1322 54 42.726
17 646 8 12.098
18 364 25 47.721
19 660 29 17.557
20 220 12 34.928
21 1171 29 51.968
22 1229 3 50.742
23 253 52 42.770
24 479 25 82.307
25 330 25 63.593
26 1098 55 99.799
27 523 56 58.092
28 1106 45 26.385
29 812 58 42.144
30 644 14 70.401
31 1077 3 30.922
32 260 9 59.851
33 825 9 93.718
34 1076 33 77.216
35 302 59 53.650
36 220 34 71.143
37 375 27 40.406
38 447 55 16.726
39 787 12 71.013
40 564 17 35.952
41 939 55 98.881
42 1158 42 49.217
43 742 44 32.878
44 421 19 25.841
45 822 26 45.552
46 255 6 25.680
47 704 12 60.196
48 1162 26 90.065
49 1150 23 10.981
50 811 47 0.845
51 507 24 82.712
52 1367 44 63.433
53 641 51 30.655
54 924 6 45.247
55 314 13 16.789
56 310 18 68.039
57 419 26 95.780
58 1270 30 1.981
59 886 55 80.426
60 1067 46 49.218
61 914 59 51.491
62 365 13 8.922
63 728 14 5.267
64 740 13 16.449
65 970 8 3.316
66 1259 55 95.476
67 200 46 37.918
68 675 59 67.841
69 913 60 7.313
70 1338 36 2.289
71 841 59 89.270
72 1241 50 5.717
73 149 41 15.546
74 606 4 83.764
75 274 12 34.772
76 197 53 40.233
77 763 32 90.290
78 346 13 83.050
79 439 7 36.126
80 979 44 48.555
81 771 15 0.122
82 950 8 52.677
83 772 32 67.069
84 232 37 16.016
85 820 28 90.702
86 197 49 64.670
87 524 48 58.506
88 1029 43 18.679
89 497 19 93.029
90 1392 24 96.943
91 631 55 76.134
92 680 16 50.060
93 440 53 49.715
94 288 37 87.542
95 717 18 86.690
96 1293 39 90.914
97 718 52 73.425
98 282 19 40.924
99 714 58 16.065
100 869 29 53.642