100
1 283 13 88.853
2 845 54 0.371
3 119 10 0.902
4 836 3 20.496
5 40 17 28.260
6 1363 14 52.246
7 586 40 92.247
8 116 12 13.882
9 1153 2 48.182
10 419 20 96.110
11 1187 46 99.006
12 1044 49 1.664
13 914 36 76.640
14 1030 29 30.791
15 1159 13 80.528
16 1042 59 17.563
17 1001 43 98.638
18 730 55 85.448
19 1038 47 40.938
20 380 46 64.625
21 480 30 23.095
22 370 11 76.463
23 258 24 90.329
24 1260 28 91.888
25 296 43 6.051
26 445 17 45.988
27 56 9 35.632
28 501 32 58.962
29 1085 25 98.179
30 618 28 87.285
31 487 50 57.180
32 1315 2 96.196
33 1200 33 46.316
34 1117 44 48.393
35 1380 9 7.974
36 822 56 94.127
37 241 35 76.315
38 781 2 20.507
39 901 9 3.078
40 223 16 79.225
41 893 20 96.888
42 1139 21 11.787
43 291 23 60.884
44 1197 41 20.827
45 1037 24 73.081
46 277 14 86.997
47 694 3 38.532
48 938 39 24.129
49 627 53 9.847
50 893 35 19.080
51 793 21 82.106
52 128 15 49.473
53 1330 37 18.027
54 1281 43 15.028
55 1433 4 4.781
56 14 42 98.972
57 962 30 47.254
58 1031 27 27.063
59 1327 57 69.687
60 164 9 1.941
61 311 56 96.336
62 1334 38 12.545
63 548 28 30.019
64 117 2 61.301
65 1231 22 93.145
66 1400 51 18.302
67 992 44 23.876
68 526 59 67.671
69 196 22 24.201
70 666 32 48.034
71 118 51 0.741
72 1169 45 70.159
73 1251 51 0.471
74 75 31 24.612
75 1345 21 44.923
76 851 18 87.010
77 1022 41 34.238
78 1021 49 23.681
79 694 43 73.046
80 227 9 12.157
81 860 8 74.988
82 1233 43 32.049
83 628 48 98.081
84 437 28 12.807
85 1393 13 38.947
86 689 30 5.304
87 1401 54 81.821
88 495 58 31.097
89 665 60 23.635
90 29 52 50.292
91 1428 40 81.774
92 423 58 46.217
93 130 47 14.640
94 873 14 72.971
95 838 45 19.534
96 425 10 45.532
97 26 55 92.724
98 1262 41 37.632
99 757 59 68.062
100 176 18 23.672