100
1 188 18 55.047
2 563 34 33.664
3 1004 28 6.535
4 1251 24 96.787
5 507 40 83.791
6 751 6 13.399
7 850 20 83.793
8 294 17 44.210
9 911 48 18.955
10 1088 1 43.839
11 950 25 54.891
12 669 59 81.675
13 752 41 7.001
14 1218 10 29.431
15 667 8 11.365
16 727 38 74.037
17 1293 22 46.255
18 1289 60 78.544
19 1377 12 14.033
20 500 3 54.078
21 427 29 96.271
22 829 50 94.402
23 210 1 16.208
24 1220 56 3.855
25 674 6 24.941
26 418 30 89.059
27 651 8 69.451
28 1128 41 75.650
29 892 15 90.559
30 588 3 97.485
31 79 44 52.514
32 1206 7 77.006
33 175 40 51.210
34 320 6 77.592
35 211 20 95.570
36 711 44 4.278
37 898 45 46.013
38 620 15 6.728
39 668 43 34.155
40 484 52 97.718
41 64 26 84.030
42 1057 2 66.353
43 731 47 5.118
44 369 46 34.096
45 977 22 99.641
46 1014 8 80.669
47 767 52 90.458
48 1366 35 12.691
49 137 36 43.107
50 134 25 0.345
51 1048 8 58.405
52 1140 48 5.866
53 1437 38 23.881
54 425 25 95.361
55 951 21 54.983
56 814 45 32.957
57 889 7 81.704
58 27 21 68.917
59 1125 60 31.639
60 724 50 35.599
61 709 25 32.133
62 1167 57 13.496
63 349 28 69.610
64 172 45 84.729
65 942 7 26.186
66 529 21 51.114
67 1428 37 70.847
68 462 39 24.352
69 1199 26 69.776
70 1342 20 37.202
71 801 23 25.807
72 383 39 71.242
73 604 46 92.411
74 24 29 45.484
75 454 8 5.098
76 853 21 85.475
77 1337 1 98.659
78 1162 20 50.059
79 1081 32 67.994
80 861 18 79.480
81 291 10 72.973
82 1180 25 37.277
83 932 23 25.831
84 1012 27 52.594
85 144 30 15.256
86 630 28 28.507
87 1414 28 0.993
88 1217 25 23.868
89 1221 49 25.188
90 1036 1 10.826
91 1101 33 7.207
92 43 13 98.266
93 786 36 89.542
94 1258 40 64.317
95 10 29 3.567
96 1019 55 47.316
97 212 55 77.976
98 970 46 77.150
99 998 36 79.308
100 102 9 50.134