100
1 1295 24 3.230
2 1153 59 66.397
3 1253 17 53.973
4 601 6 77.020
5 162 8 4.056
6 224 35 55.374
7 194 41 27.567
8 769 12 63.707
9 1436 25 30.692
10 1117 59 78.660
11 863 54 43.691
12 150 10 23.294
13 55 16 30.442
14 970 45 6.996
15 148 20 71.684
16 1217 48 40.813
17 188 2 67.615
18 442 35 92.874
19 150 43 30.517
20 954 55 2.528
21 205 2 84.358
22 755 19 66.679
23 617 14 23.478
24 818 39 90.059
25 1009 41 86.953
26 756 12 22.521
27 62 4 49.378
28 722 36 40.222
29 305 12 15.468
30 845 60 74.817
31 395 28 37.469
32 89 2 71.841
33 1422 39 0.913
34 510 19 68.634
35 1094 57 63.244
36 450 8 10.277
37 542 32 98.348
38 769 49 86.316
39 806 31 89.916
40 1050 35 80.619
41 1272 48 14.378
42 150 30 74.798
43 349 32 81.615
44 1378 39 24.399
45 214 4 34.057
46 1415 24 52.829
47 978 2 56.464
48 918 26 13.583
49 1432 31 30.935
50 1036 27 25.450
51 1238 8 87.362
52 1244 44 84.680
53 232 25 57.585
54 24 49 32.158
55 230 56 81.804
56 404 47 48.433
57 1004 54 92.089
58 205 57 36.298
59 284 40 63.472
60 191 40 64.398
61 531 2 25.185
62 1007 42 15.969
63 592 2 32.680
64 286 5 98.180
65 382 4 56.047
66 484 1 37.294
67 108 24 41.772
68 399 23 76.452
69 1076 33 8.135
70 821 14 43.251
71 342 43 66.240
72 105 11 98.455
73 245 44 29.889
74 378 15 57.660
75 1271 12 2.799
76 815 37 21.459
77 590 23 38.305
78 771 37 35.162
79 537 31 59.212
80 1428 45 99.824
81 1134 9 65.412
82 1323 30 62.989
83 708 7 40.186
84 1433 43 64.443
85 41 2 89.570
86 1271 40 44.700
87 772 30 22.840
88 103 27 97.548
89 26 3 62.931
90 265 33 26.916
91 8 31 28.139
92 862 54 32.895
93 920 39 29.228
94 640 16 36.915
95 580 58 42.597
96 925 53 8.914
97 646 23 50.216
98 222 25 30.462
99 1317 4 72.181
100 385 4 34.647