100
1 648 30 82.954
2 1110 57 82.025
3 934 56 97.498
4 1284 24 52.615
5 1211 10 10.289
6 239 13 68.985
7 7 45 12.800
8 314 45 51.702
9 1227 50 25.749
10 1342 5 37.510
11 1432 38 76.798
12 49 22 69.243
13 68 16 71.280
14 860 23 59.232
15 1404 10 50.800
16 211 10 1.557
17 1160 39 61.027
18 171 13 83.065
19 932 1 5.377
20 1128 34 89.436
21 1121 57 36.600
22 135 44 37.209
23 619 1 77.042
24 529 54 46.844
25 931 8 13.811
26 1409 29 68.945
27 19 44 70.588
28 905 5 19.560
29 854 45 15.528
30 417 16 48.711
31 695 13 58.993
32 1367 16 64.904
33 1309 50 19.188
34 1083 36 59.914
35 538 35 23.488
36 689 12 83.869
37 1198 34 80.075
38 793 56 11.382
39 690 7 42.960
40 233 60 78.016
41 1425 24 41.688
42 342 34 79.751
43 864 4 85.633
44 72 58 12.132
45 536 60 80.879
46 1398 26 18.828
47 221 57 12.727
48 406 8 9.863
49 874 35 52.966
50 598 47 10.306
51 814 26 88.920
52 487 20 78.090
53 483 17 78.001
54 137 52 14.133
55 1100 21 57.649
56 41 2 65.496
57 665 52 54.066
58 229 28 77.042
59 67 6 94.392
60 621 59 45.250
61 191 43 91.421
62 679 46 78.997
63 438 50 1.190
64 499 10 76.343
65 388 38 92.924
66 719 26 6.285
67 925 46 19.579
68 144 51 45.235
69 1436 46 21.534
70 444 44 42.021
71 28 11 14.013
72 269 1 31.799
73 171 34 85.763
74 469 49 0.518
75 274 30 82.484
76 806 14 93.446
77 1341 23 71.134
78 239 16 66.661
79 510 36 66.275
80 472 14 3.297
81 810 41 88.360
82 300 37 95.559
83 1013 3 17.646
84 646 2 66.100
85 910 22 57.730
86 70 7 16.927
87 171 5 76.253
88 783 41 42.131
89 147 19 34.063
90 424 55 31.852
91 409 48 52.520
92 866 46 53.019
93 633 7 67.262
94 994 39 92.574
95 543 52 57.463
96 527 24 68.264
97 220 24 42.585
98 721 47 86.610
99 675 11 54.081
100 539 56 72.228