100
1 411 40 66.980
2 273 49 13.489
3 1327 32 58.609
4 993 2 49.875
5 942 34 5.976
6 163 59 38.994
7 533 12 21.365
8 1405 50 76.680
9 1287 29 88.842
10 360 49 68.641
11 1206 22 61.931
12 1338 28 69.271
13 600 14 29.927
14 936 8 6.150
15 681 53 21.633
16 1385 9 41.350
17 1191 31 95.521
18 513 1 4.313
19 94 31 94.354
20 1179 53 56.670
21 190 17 6.471
22 1413 49 8.342
23 81 17 81.234
24 466 6 51.020
25 1080 19 55.883
26 834 17 47.014
27 1408 55 49.268
28 511 5 2.986
29 231 50 4.085
30 1064 16 76.353
31 412 27 14.159
32 901 37 49.173
33 313 12 84.498
34 18 8 11.484
35 1172 23 57.764
36 1055 16 49.090
37 62 53 60.465
38 219 17 20.775
39 28 20 66.849
40 108 51 14.353
41 457 13 50.083
42 301 53 44.947
43 986 39 1.185
44 986 5 94.868
45 596 19 42.864
46 1152 4 9.625
47 910 43 33.335
48 878 4 47.679
49 706 23 45.258
50 547 47 11.595
51 333 8 73.899
52 651 41 66.564
53 1108 30 26.434
54 880 20 38.181
55 845 15 88.713
56 1437 51 68.069
57 836 54 25.363
58 986 60 16.005
59 1432 12 5.043
60 509 25 28.451
61 35 1 47.512
62 752 26 49.458
63 1297 14 93.530
64 374 11 29.517
65 831 53 4.798
66 1438 53 99.752
67 997 48 96.019
68 1085 16 94.960
69 1090 45 70.493
70 1428 48 73.614
71 353 38 16.071
72 1004 44 14.433
73 279 45 90.886
74 392 36 28.006
75 1096 6 10.555
76 996 20 39.731
77 557 35 7.913
78 419 23 72.307
79 951 2 6.508
80 44 12 91.562
81 481 50 64.436
82 868 8 29.569
83 1334 37 90.300
84 269 54 81.727
85 1208 9 15.298
86 912 31 1.396
87 145 43 69.319
88 273 4 19.956
89 1116 44 47.602
90 238 34 17.591
91 196 8 67.130
92 367 34 71.148
93 184 1 92.610
94 1140 44 78.551
95 1160 32 4.559
96 1262 37 4.295
97 1356 19 75.618
98 409 16 96.435
99 63 27 61.700
100 588 29 33.896