100
1 1329 12 90.081
2 942 48 30.119
3 991 54 88.978
4 90 47 37.645
5 220 26 10.219
6 73 31 99.771
7 427 5 5.308
8 918 31 82.471
9 1306 30 0.911
10 988 53 69.053
11 49 30 24.568
12 157 47 40.595
13 133 11 90.734
14 1106 28 22.097
15 451 20 39.253
16 776 8 20.690
17 623 16 91.523
18 250 56 22.165
19 283 4 20.659
20 912 15 18.344
21 251 55 29.822
22 1331 44 53.764
23 756 3 87.852
24 151 26 41.560
25 1162 13 76.967
26 1141 28 70.153
27 1434 45 2.658
28 859 1 0.922
29 755 9 2.566
30 916 56 3.779
31 384 17 38.519
32 1287 41 5.660
33 124 29 73.148
34 430 55 85.256
35 1328 33 64.956
36 217 18 14.578
37 670 32 90.735
38 68 58 41.254
39 900 51 50.671
40 411 2 20.034
41 1413 3 0.042
42 276 46 5.789
43 1154 4 40.967
44 806 37 28.026
45 596 59 55.288
46 453 30 6.911
47 1027 8 32.817
48 334 36 22.860
49 274 45 63.773
50 701 37 18.059
51 912 29 37.991
52 688 51 99.894
53 420 55 36.623
54 1173 35 71.309
55 63 2 34.591
56 493 12 76.155
57 878 13 42.964
58 995 12 96.847
59 203 10 25.433
60 993 11 85.975
61 1065 38 22.045
62 1390 31 80.291
63 157 2 70.561
64 251 28 98.078
65 346 36 22.855
66 374 25 63.180
67 581 47 36.073
68 339 23 74.343
69 923 60 52.893
70 405 54 98.448
71 668 2 56.651
72 611 13 24.489
73 1407 27 65.027
74 265 30 29.263
75 478 20 81.572
76 1003 13 41.476
77 1191 56 20.476
78 382 26 42.137
79 94 55 20.357
80 625 22 74.089
81 605 35 96.168
82 741 50 41.073
83 261 38 93.901
84 661 60 31.746
85 483 17 99.189
86 1284 12 99.050
87 1041 21 67.908
88 1417 13 49.963
89 294 60 61.133
90 797 27 92.063
91 1118 40 2.531
92 800 4 31.151
93 33 17 69.858
94 43 27 79.413
95 1349 3 61.711
96 1157 41 44.572
97 252 26 32.979
98 674 54 42.346
99 971 51 41.915
100 680 19 14.977