100
1 1315 31 19.512
2 1120 8 14.503
3 1283 52 22.696
4 554 15 86.713
5 398 25 41.831
6 912 41 85.463
7 590 25 11.351
8 1416 50 22.382
9 1324 49 26.563
10 196 29 50.707
11 49 39 69.067
12 1412 55 12.252
13 460 42 6.091
14 688 41 54.025
15 504 52 58.946
16 952 26 19.914
17 59 39 17.239
18 1207 23 44.893
19 1233 52 56.563
20 1340 35 59.906
21 593 57 73.764
22 251 26 79.331
23 250 26 51.497
24 271 41 78.801
25 409 43 54.739
26 196 53 98.846
27 535 58 85.664
28 982 52 52.405
29 529 38 44.968
30 982 38 78.952
31 828 59 68.370
32 799 52 46.297
33 162 35 45.028
34 660 28 87.039
35 161 53 82.259
36 1117 31 1.064
37 176 29 38.001
38 36 32 95.994
39 877 2 31.067
40 27 7 42.494
41 897 19 38.131
42 637 23 81.645
43 1155 46 90.858
44 286 47 46.992
45 971 51 45.669
46 55 46 79.004
47 1404 34 82.281
48 289 42 53.764
49 805 39 76.634
50 608 12 90.502
51 375 7 52.138
52 855 26 60.411
53 459 28 52.942
54 195 24 51.906
55 610 58 58.340
56 454 9 13.955
57 474 35 8.383
58 941 55 56.516
59 1198 59 37.042
60 415 48 66.217
61 688 48 59.534
62 1186 23 83.818
63 998 57 40.375
64 649 59 77.481
65 925 47 5.704
66 17 58 71.304
67 952 15 2.384
68 639 57 48.377
69 1356 8 46.700
70 1043 29 84.734
71 429 60 61.209
72 1330 43 19.653
73 1221 17 61.646
74 1245 1 61.713
75 367 36 60.537
76 1035 51 98.286
77 1292 12 32.132
78 399 2 8.540
79 165 46 7.214
80 630 22 85.342
81 159 29 93.186
82 222 45 69.042
83 536 11 62.859
84 838 20 48.840
85 545 17 69.469
86 1350 43 7.585
87 757 38 71.977
88 319 47 72.161
89 627 36 69.724
90 160 51 4.982
91 321 24 29.974
92 1050 23 56.144
93 837 24 85.530
94 927 35 39.022
95 650 15 66.949
96 1116 55 75.798
97 127 29 28.168
98 282 38 60.764
99 58 5 54.845
100 255 22 24.047