100
1 1178 50 41.661
2 768 26 6.689
3 176 29 92.710
4 76 54 17.861
5 1359 54 50.000
6 945 42 0.741
7 343 37 27.525
8 504 3 88.927
9 607 49 59.015
10 514 27 60.579
11 252 41 8.973
12 873 9 98.312
13 848 42 80.306
14 375 49 66.355
15 139 11 12.965
16 476 30 16.996
17 943 31 46.590
18 628 21 51.059
19 1293 22 98.572
20 605 3 39.341
21 126 39 22.421
22 546 25 77.589
23 449 56 92.499
24 130 7 85.917
25 751 32 25.556
26 543 58 52.797
27 679 44 48.678
28 1310 8 55.404
29 726 2 33.226
30 958 55 18.608
31 1409 27 54.189
32 1072 35 15.211
33 1042 7 72.121
34 167 5 90.332
35 20 20 79.607
36 55 46 68.470
37 578 44 82.335
38 106 60 2.494
39 1342 32 12.613
40 60 44 82.509
41 343 10 84.345
42 20 30 75.107
43 563 29 58.605
44 943 42 25.819
45 894 33 87.974
46 1387 4 9.668
47 1203 31 6.263
48 1398 44 72.297
49 239 58 42.984
50 285 4 39.811
51 1339 32 33.274
52 1242 34 55.294
53 859 45 2.055
54 586 22 1.937
55 1348 42 16.281
56 447 24 73.765
57 36 1 82.752
58 1300 22 92.401
59 495 39 93.788
60 1284 29 70.301
61 972 58 41.414
62 458 29 14.243
63 1054 3 64.684
64 1216 50 17.348
65 740 22 94.837
66 1157 12 75.910
67 233 1 66.234
68 1225 41 38.918
69 71 30 18.159
70 1114 30 49.702
71 150 8 40.043
72 1170 37 82.348
73 402 47 88.945
74 366 54 66.988
75 138 10 88.041
76 1279 50 21.679
77 1347 28 73.561
78 1257 34 67.522
79 15 25 2.407
80 1291 3 47.879
81 679 53 97.764
82 1351 32 44.960
83 98 13 43.527
84 1344 55 56.474
85 1240 24 52.773
86 415 51 58.043
87 1434 29 48.400
88 211 8 6.754
89 492 22 79.668
90 379 11 39.983
91 1348 55 65.621
92 1369 17 97.077
93 782 51 11.476
94 828 24 9.924
95 51 43 10.290
96 1044 37 31.600
97 1015 29 14.739
98 933 50 4.282
99 387 35 2.894
100 719 29 66.804