100
1 544 10 27.245
2 703 37 42.537
3 1358 28 11.598
4 628 38 30.332
5 1273 50 40.499
6 1388 4 7.042
7 256 35 58.981
8 77 10 43.221
9 538 47 91.812
10 1383 21 88.075
11 87 22 98.426
12 48 6 33.320
13 497 4 76.227
14 537 60 61.506
15 633 36 29.200
16 716 17 93.820
17 156 4 79.535
18 1301 23 42.659
19 101 10 71.914
20 152 5 70.228
21 1332 57 38.077
22 1424 19 22.208
23 924 35 28.677
24 1068 46 41.397
25 51 34 20.005
26 1029 25 62.829
27 28 5 14.559
28 1366 32 5.305
29 38 50 95.510
30 744 54 66.610
31 895 46 73.739
32 146 52 55.417
33 1033 58 19.991
34 851 50 93.009
35 653 31 10.010
36 1081 57 85.078
37 292 6 39.217
38 1233 36 23.204
39 471 38 16.519
40 720 60 35.338
41 173 11 7.168
42 307 10 90.938
43 966 33 8.880
44 612 31 14.061
45 1381 21 35.411
46 222 46 75.565
47 1177 17 13.070
48 915 46 1.918
49 827 13 15.795
50 401 5 49.375
51 528 51 13.877
52 897 35 6.453
53 500 2 45.973
54 782 14 47.253
55 883 60 83.534
56 681 28 74.461
57 5 23 94.254
58 203 3 62.282
59 118 60 32.196
60 1348 58 60.017
61 1121 58 96.294
62 496 35 27.611
63 831 43 10.124
64 1263 47 10.402
65 447 25 78.220
66 320 26 6.063
67 944 8 70.038
68 454 45 82.792
69 270 2 28.466
70 745 60 9.618
71 879 2 91.505
72 1297 6 43.321
73 321 27 80.129
74 833 22 71.095
75 551 46 8.276
76 527 31 35.652
77 877 11 39.243
78 602 33 12.975
79 73 52 0.221
80 1118 23 53.554
81 452 36 63.712
82 914 26 81.003
83 516 49 90.083
84 844 33 1.228
85 758 42 38.981
86 723 42 96.543
87 163 42 89.556
88 1064 55 96.643
89 1057 12 10.386
90 269 59 35.856
91 58 6 39.882
92 298 33 81.857
93 871 19 55.660
94 1089 29 46.632
95 1224 27 93.995
96 56 30 55.920
97 89 26 76.182
98 450 51 12.941
99 1048 14 57.456
100 133 7 7.224