100
1 136 14 37.796
2 9 8 10.450
3 847 60 84.916
4 521 7 93.925
5 167 50 36.576
6 544 10 0.231
7 1232 40 98.044
8 1000 24 12.976
9 697 22 89.212
10 652 29 30.931
11 1070 32 38.211
12 229 42 22.608
13 306 23 51.381
14 865 59 57.912
15 25 34 56.288
16 747 38 19.430
17 143 12 56.517
18 441 20 2.972
19 512 27 64.958
20 214 33 41.740
21 1396 10 22.877
22 4 13 65.341
23 428 14 66.086
24 515 33 77.339
25 1411 6 18.618
26 687 3 50.397
27 1063 37 43.214
28 955 57 60.807
29 862 40 2.912
30 83 48 67.129
31 1159 21 36.182
32 1372 23 72.213
33 1161 57 77.125
34 1385 27 24.055
35 396 43 33.005
36 1137 30 67.092
37 311 32 76.813
38 884 22 73.767
39 962 2 56.415
40 832 37 0.359
41 752 28 95.362
42 845 6 48.654
43 156 13 25.859
44 1375 59 94.900
45 621 16 17.049
46 945 29 79.065
47 617 43 97.090
48 1045 1 28.385
49 183 12 99.877
50 802 22 47.439
51 1341 37 41.731
52 27 49 59.580
53 82 39 4.673
54 1340 60 70.691
55 825 35 89.004
56 1113 32 2.636
57 548 15 87.533
58 484 36 76.436
59 788 41 34.602
60 997 27 70.557
61 623 23 47.129
62 1223 27 84.386
63 41 17 51.478
64 262 9 79.410
65 64 56 2.051
66 1413 59 10.173
67 1347 11 92.904
68 558 27 44.978
69 432 38 22.859
70 73 56 33.154
71 673 11 31.102
72 120 9 21.602
73 222 15 53.824
74 1359 40 0.444
75 1404 39 36.923
76 1201 19 19.806
77 812 14 9.816
78 246 34 37.762
79 1152 35 94.223
80 237 44 86.499
81 1091 5 1.011
82 1061 42 44.833
83 234 40 70.928
84 779 6 41.818
85 1096 20 26.517
86 605 8 69.441
87 285 17 17.717
88 123 27 10.790
89 790 5 34.729
90 1191 25 41.553
91 778 27 99.560
92 963 40 89.200
93 1036 4 38.817
94 205 39 37.758
95 975 45 49.686
96 220 44 58.001
97 356 23 10.675
98 474 52 63.674
99 1358 16 24.334
100 645 6 74.565