100
1 707 14 78.460
2 1290 21 5.870
3 377 36 95.640
4 364 24 80.008
5 260 21 97.423
6 867 35 88.132
7 1111 24 43.543
8 674 49 32.771
9 222 53 47.641
10 641 60 92.600
11 954 26 21.611
12 1199 10 94.270
13 949 44 58.669
14 130 49 93.611
15 1392 18 23.475
16 645 15 18.472
17 1057 36 12.411
18 1358 29 58.663
19 515 49 74.866
20 124 7 78.724
21 1001 42 66.566
22 1281 52 37.456
23 1271 12 6.035
24 1372 12 40.812
25 1266 9 46.911
26 911 28 85.187
27 1439 9 99.004
28 957 47 43.539
29 1320 12 74.416
30 828 22 60.929
31 215 50 53.700
32 41 52 70.384
33 1098 18 60.497
34 218 20 10.664
35 1173 30 11.905
36 1130 25 23.459
37 225 21 73.512
38 1165 5 87.110
39 310 40 76.288
40 1397 22 98.167
41 388 20 83.007
42 1425 57 74.178
43 916 59 18.720
44 405 32 20.302
45 1222 10 18.061
46 504 23 56.130
47 184 51 1.183
48 188 15 28.952
49 358 44 84.289
50 1270 8 22.424
51 1187 15 43.634
52 327 15 58.753
53 1370 56 64.574
54 1140 53 26.075
55 1220 52 53.347
56 763 52 10.335
57 1201 58 14.447
58 888 26 10.112
59 640 27 38.866
60 545 2 0.390
61 180 10 16.610
62 1218 10 79.023
63 1278 51 84.849
64 1340 54 98.218
65 574 32 63.357
66 1120 47 5.515
67 826 59 89.844
68 475 50 64.776
69 1124 44 73.111
70 207 52 73.519
71 46 1 41.650
72 1419 60 87.271
73 37 17 11.967
74 892 60 64.241
75 149 28 77.345
76 765 22 48.654
77 705 53 23.078
78 23 8 0.454
79 840 25 83.699
80 1194 31 39.445
81 776 33 97.745
82 127 57 51.005
83 525 55 81.187
84 304 51 28.038
85 1163 35 84.233
86 237 21 64.992
87 1219 14 56.214
88 735 16 82.288
89 945 22 87.091
90 728 20 38.968
91 1126 30 42.293
92 440 46 25.721
93 1387 17 31.498
94 1233 31 84.503
95 135 5 93.148
96 369 24 50.818
97 634 17 90.279
98 7 23 88.207
99 1362 57 54.036
100 53 40 84.675