100
1 845 59 22.003
2 1353 40 83.628
3 117 19 24.777
4 70 46 85.020
5 1010 27 76.662
6 1292 25 25.903
7 215 23 27.224
8 250 19 71.737
9 662 12 31.264
10 1340 55 45.333
11 1411 49 59.102
12 599 55 17.031
13 1419 33 34.922
14 723 52 16.864
15 1306 10 72.661
16 251 33 3.943
17 1253 15 91.760
18 764 46 54.414
19 285 6 60.542
20 48 55 97.781
21 1258 53 38.228
22 1255 20 28.042
23 666 57 40.844
24 766 2 3.798
25 34 42 25.038
26 426 19 59.544
27 231 7 89.234
28 792 33 83.042
29 543 41 0.167
30 459 41 80.539
31 708 21 71.814
32 726 42 62.389
33 411 59 70.952
34 453 5 9.881
35 1082 48 73.763
36 1357 41 89.288
37 1051 28 98.884
38 340 31 96.895
39 796 1 14.307
40 281 19 88.524
41 121 43 37.351
42 854 28 33.177
43 1399 54 80.989
44 265 41 55.398
45 11 15 65.030
46 1350 56 43.132
47 1217 35 77.608
48 752 1 12.907
49 89 46 14.118
50 914 49 81.006
51 754 19 23.701
52 280 13 87.264
53 908 36 14.665
54 208 30 47.033
55 1036 8 83.132
56 300 31 32.526
57 310 56 51.913
58 275 32 85.674
59 531 31 27.668
60 798 29 69.693
61 489 39 45.468
62 135 53 29.489
63 857 46 55.558
64 791 48 27.602
65 421 21 44.901
66 1267 26 69.837
67 639 46 73.596
68 963 9 79.937
69 191 41 55.305
70 1017 35 28.032
71 1402 46 46.111
72 1027 23 91.955
73 597 60 41.890
74 226 11 24.252
75 1091 54 88.389
76 880 56 95.713
77 442 45 26.016
78 276 44 37.051
79 1407 49 25.775
80 486 19 97.383
81 1341 16 32.717
82 167 14 76.485
83 1139 51 63.661
84 442 6 5.596
85 1384 12 61.785
86 1291 51 71.169
87 1094 57 91.495
88 133 57 79.419
89 508 58 36.714
90 1079 38 88.764
91 1159 3 91.139
92 420 5 87.948
93 832 27 74.820
94 1321 10 54.016
95 1271 57 6.563
96 1095 15 69.884
97 658 16 8.323
98 658 29 60.608
99 492 40 69.730
100 1197 24 52.872