100
1 113 16 28.462
2 479 50 43.036
3 196 57 68.745
4 1163 22 59.669
5 706 6 40.422
6 708 24 89.863
7 1237 40 65.500
8 1389 59 28.762
9 13 23 0.932
10 219 46 55.469
11 105 59 11.919
12 1063 7 96.483
13 1392 3 72.849
14 1101 2 38.852
15 1080 36 3.032
16 1380 58 61.642
17 1113 38 26.600
18 221 22 4.980
19 297 14 77.503
20 439 35 58.788
21 123 38 10.988
22 1325 34 9.433
23 918 16 22.230
24 1440 35 16.730
25 1367 28 36.689
26 989 41 15.342
27 174 36 63.025
28 636 49 98.039
29 647 40 2.869
30 251 42 0.963
31 388 49 32.807
32 275 29 70.753
33 1006 20 40.948
34 1306 2 98.168
35 602 34 46.031
36 1171 17 98.837
37 1025 1 51.501
38 94 43 94.799
39 568 6 36.130
40 722 4 6.738
41 936 10 23.657
42 677 25 80.523
43 116 50 84.882
44 610 57 1.835
45 786 33 67.800
46 1399 55 22.145
47 749 42 94.772
48 80 50 75.672
49 1411 40 24.420
50 341 1 87.073
51 562 49 33.280
52 323 24 69.095
53 417 44 64.809
54 837 3 4.547
55 1139 40 47.400
56 894 57 2.226
57 667 11 14.437
58 1077 56 5.499
59 1193 60 73.767
60 845 13 4.742
61 1101 11 35.482
62 533 8 15.006
63 217 51 27.079
64 173 15 45.947
65 416 34 72.303
66 1156 26 92.146
67 1159 43 48.400
68 962 54 71.313
69 774 51 18.421
70 1186 43 19.832
71 1408 47 11.875
72 1141 25 4.815
73 879 14 90.242
74 756 30 55.349
75 287 10 16.065
76 218 27 94.662
77 208 32 68.049
78 1046 50 77.503
79 472 21 0.466
80 757 49 20.220
81 612 56 23.283
82 879 35 41.800
83 830 48 57.291
84 226 25 95.288
85 758 3 29.224
86 736 49 63.979
87 1380 51 4.947
88 944 9 25.917
89 668 23 84.866
90 189 42 49.763
91 43 1 19.348
92 51 41 50.335
93 387 5 8.825
94 113 37 39.733
95 249 31 9.584
96 186 60 73.055
97 1137 8 74.150
98 588 32 23.417
99 53 11 59.744
100 19 19 20.865