100
1 1216 36 38.631
2 569 33 60.452
3 671 19 31.133
4 493 43 78.713
5 180 5 89.585
6 428 59 79.955
7 1084 56 0.490
8 614 40 18.361
9 151 33 59.973
10 933 12 75.260
11 1332 7 59.017
12 728 42 86.933
13 784 55 54.126
14 617 24 93.014
15 1097 41 93.380
16 1362 48 78.373
17 397 11 67.319
18 1333 22 4.535
19 425 10 57.301
20 1203 39 19.989
21 853 40 3.259
22 940 7 88.221
23 56 9 70.250
24 1105 41 38.458
25 999 7 4.026
26 1041 35 45.806
27 119 42 2.613
28 211 40 97.615
29 1295 9 27.829
30 165 2 22.389
31 521 22 9.391
32 1413 32 6.159
33 510 17 13.018
34 1323 41 22.667
35 837 6 11.141
36 490 7 46.508
37 449 7 31.238
38 574 5 33.280
39 1196 22 33.709
40 1069 40 85.870
41 1110 43 11.531
42 383 7 75.904
43 325 25 15.863
44 247 7 8.107
45 382 6 99.790
46 1252 35 21.893
47 1296 16 61.030
48 521 41 44.023
49 255 24 13.875
50 958 24 74.569
51 1419 1 66.963
52 232 26 63.847
53 898 24 52.192
54 141 9 60.950
55 108 21 4.306
56 1277 37 82.170
57 227 19 27.273
58 383 1 85.387
59 1104 26 15.925
60 543 44 81.912
61 658 34 5.014
62 215 31 6.787
63 1241 38 98.999
64 1327 13 43.015
65 329 46 27.262
66 1239 52 78.265
67 307 49 55.110
68 775 32 33.924
69 342 16 60.537
70 1296 21 16.012
71 1436 54 85.914
72 871 42 27.574
73 1274 21 23.690
74 1295 20 50.670
75 917 1 97.368
76 659 31 60.376
77 146 10 22.921
78 128 18 32.527
79 1215 28 90.654
80 1305 18 29.718
81 1091 8 88.921
82 74 21 75.098
83 238 13 51.638
84 664 13 52.371
85 1393 32 42.210
86 925 42 61.669
87 156 52 34.408
88 137 4 86.975
89 720 51 11.794
90 1046 24 45.533
91 363 54 69.778
92 1429 1 46.419
93 1405 2 59.427
94 816 32 71.527
95 351 1 99.629
96 409 28 35.561
97 745 24 34.498
98 258 7 89.457
99 1095 4 67.741
100 727 5 34.695