100
1 1101 42 26.837
2 99 12 41.656
3 786 21 16.320
4 438 27 86.786
5 305 53 46.103
6 510 41 74.986
7 63 55 38.962
8 673 1 87.636
9 218 40 45.816
10 1110 17 31.663
11 1250 38 72.129
12 476 2 99.190
13 489 8 83.228
14 982 38 52.752
15 905 32 65.367
16 257 22 6.893
17 1129 9 38.883
18 187 52 64.570
19 1234 30 65.672
20 709 44 93.824
21 436 27 53.196
22 856 51 19.424
23 147 18 81.234
24 242 50 50.379
25 757 58 74.070
26 1330 50 78.745
27 1240 49 13.732
28 1159 33 41.108
29 596 27 13.713
30 1347 51 60.878
31 1085 40 75.382
32 716 48 37.030
33 865 11 51.414
34 507 7 78.960
35 1257 8 20.452
36 1382 52 66.838
37 1249 51 46.695
38 1080 59 6.365
39 517 55 77.326
40 1043 55 81.457
41 760 55 2.533
42 305 48 9.974
43 854 35 92.151
44 1413 37 92.183
45 487 5 81.305
46 966 21 85.604
47 563 35 9.978
48 907 35 97.795
49 1403 42 93.980
50 1014 35 0.338
51 388 53 47.933
52 302 53 93.625
53 680 20 10.051
54 1045 49 64.488
55 480 14 54.761
56 309 54 13.923
57 679 54 24.596
58 64 32 28.802
59 513 38 43.366
60 842 56 43.714
61 49 17 39.477
62 252 26 30.720
63 823 27 73.131
64 1321 31 63.350
65 486 33 75.698
66 925 42 4.123
67 157 38 20.664
68 1159 59 93.866
69 826 16 69.034
70 750 59 40.001
71 1090 48 83.189
72 237 35 37.928
73 1157 25 9.822
74 403 38 38.425
75 1056 31 18.097
76 1070 40 34.321
77 251 40 38.852
78 275 14 72.769
79 1223 38 97.266
80 1272 11 32.880
81 948 34 50.674
82 1054 31 19.009
83 1398 24 92.701
84 548 53 53.455
85 190 53 25.415
86 479 59 35.265
87 3 26 96.515
88 665 31 7.553
89 802 20 20.461
90 1178 52 72.185
91 165 20 43.117
92 135 15 53.116
93 170 29 53.320
94 214 8 23.536
95 967 30 18.072
96 1004 28 12.520
97 393 1 20.999
98 827 30 46.701
99 1421 51 39.356
100 353 57 33.297