100
1 1346 9 89.270
2 146 54 23.971
3 1261 16 11.155
4 858 29 36.292
5 656 39 9.129
6 1281 6 73.437
7 421 8 18.379
8 429 6 76.917
9 1137 10 4.782
10 825 57 73.257
11 310 29 69.001
12 1119 1 75.940
13 138 49 42.748
14 960 30 80.085
15 670 13 68.620
16 237 25 69.846
17 1311 21 25.246
18 777 5 66.301
19 228 27 15.108
20 1242 18 18.441
21 930 8 23.038
22 141 9 26.222
23 750 26 21.853
24 336 37 68.168
25 340 9 92.645
26 307 4 12.889
27 1003 37 39.471
28 798 22 45.556
29 930 36 64.478
30 568 16 51.006
31 522 14 45.935
32 472 52 89.153
33 493 49 55.692
34 1154 4 80.610
35 499 23 4.436
36 1313 33 23.957
37 1105 43 34.458
38 1044 41 99.036
39 743 2 19.318
40 31 26 35.110
41 1022 18 71.334
42 816 46 51.624
43 124 45 8.767
44 104 52 13.404
45 615 18 0.491
46 222 59 31.688
47 27 14 50.572
48 777 57 73.500
49 520 22 33.125
50 527 44 59.361
51 522 51 25.383
52 1275 6 12.712
53 1298 7 86.685
54 290 58 71.128
55 1265 23 92.923
56 74 25 38.558
57 355 22 13.425
58 365 24 48.942
59 888 5 50.128
60 1067 4 21.857
61 750 49 63.547
62 1168 1 16.771
63 188 29 35.079
64 1237 37 50.253
65 756 51 68.858
66 711 4 34.173
67 13 39 43.218
68 1232 17 29.762
69 1413 41 59.406
70 807 39 86.018
71 1333 59 42.110
72 306 8 43.695
73 254 56 30.015
74 921 34 97.868
75 451 39 38.182
76 516 29 50.744
77 25 35 99.237
78 522 10 59.338
79 1424 18 16.793
80 784 54 8.004
81 1392 41 98.007
82 1438 40 53.177
83 400 11 89.946
84 1368 2 91.292
85 392 7 53.463
86 610 59 90.257
87 761 22 83.521
88 1020 43 87.107
89 1354 26 22.314
90 878 60 98.795
91 395 59 20.945
92 59 58 84.058
93 801 34 77.431
94 111 22 64.941
95 1014 2 98.266
96 958 10 87.224
97 1226 10 90.882
98 905 50 14.712
99 1139 12 41.873
100 1189 28 69.692