100
1 297 53 6.420
2 1379 59 63.664
3 658 6 77.875
4 1189 35 44.962
5 1177 49 21.721
6 186 42 7.664
7 1104 9 59.459
8 527 2 54.336
9 1067 3 27.323
10 1107 30 49.849
11 1002 2 11.096
12 306 33 64.790
13 1179 55 63.878
14 837 60 70.619
15 1160 25 41.510
16 552 22 95.928
17 1137 35 19.706
18 487 1 18.107
19 1296 42 25.733
20 63 44 65.751
21 49 25 21.604
22 963 52 87.845
23 552 16 74.522
24 1368 12 7.594
25 1069 30 68.874
26 1191 23 75.063
27 1118 35 38.615
28 163 2 78.125
29 1183 59 71.527
30 1173 29 31.045
31 575 36 36.094
32 682 9 14.960
33 184 36 94.992
34 523 49 80.409
35 524 56 31.610
36 812 57 7.146
37 261 11 16.320
38 1094 39 72.758
39 904 56 36.999
40 976 43 57.967
41 229 7 88.776
42 131 54 25.829
43 825 36 70.724
44 809 28 36.157
45 552 12 86.980
46 849 6 75.781
47 159 26 32.461
48 1112 1 8.508
49 610 2 62.999
50 390 41 66.056
51 78 21 73.667
52 691 39 6.098
53 467 39 15.302
54 1415 30 90.337
55 189 8 19.339
56 410 4 13.719
57 102 28 6.725
58 988 32 76.627
59 1421 26 89.193
60 1346 12 52.461
61 466 35 33.577
62 1202 55 44.795
63 810 36 46.419
64 1250 3 6.020
65 129 57 8.618
66 726 13 7.473
67 296 35 57.140
68 1291 26 18.101
69 774 39 15.949
70 403 52 91.405
71 1214 47 52.954
72 592 6 61.258
73 826 38 6.261
74 241 35 38.492
75 77 56 53.752
76 504 46 75.909
77 288 30 4.057
78 1216 7 78.077
79 1195 34 75.745
80 1307 18 45.168
81 899 55 54.204
82 585 13 21.349
83 506 29 41.697
84 108 18 16.241
85 330 3 15.820
86 467 11 60.039
87 969 29 79.606
88 131 60 34.310
89 26 28 72.746
90 157 57 86.974
91 1104 49 94.105
92 73 8 26.177
93 1022 14 15.951
94 1328 11 78.698
95 1318 2 42.286
96 972 45 4.953
97 834 9 18.510
98 1181 41 12.450
99 358 50 68.067
100 469 39 71.522