100
1 93 55 64.792
2 665 5 41.759
3 1082 33 64.012
4 617 9 92.650
5 822 4 16.328
6 838 58 84.877
7 443 19 99.024
8 1160 58 7.413
9 341 55 46.984
10 1299 58 56.643
11 79 44 95.640
12 199 23 59.756
13 1421 55 13.486
14 1269 26 1.535
15 674 53 75.137
16 1103 57 89.555
17 635 49 94.038
18 456 3 90.981
19 910 59 79.245
20 879 42 9.128
21 639 14 7.946
22 707 29 6.338
23 1116 17 91.522
24 326 29 55.047
25 413 10 57.418
26 245 4 53.068
27 1389 34 45.898
28 786 30 61.946
29 1243 24 62.808
30 143 31 47.732
31 674 51 53.142
32 115 43 53.604
33 145 45 67.859
34 554 24 9.257
35 599 19 93.698
36 161 52 34.380
37 1261 15 91.031
38 101 26 19.992
39 1193 10 28.093
40 132 54 40.620
41 640 33 60.903
42 246 41 14.712
43 738 23 97.979
44 938 2 23.733
45 363 58 68.324
46 587 47 74.331
47 972 30 59.475
48 1404 11 67.334
49 846 6 24.587
50 1155 6 70.380
51 489 18 18.211
52 154 6 48.533
53 1322 42 5.055
54 1300 8 20.446
55 678 57 72.400
56 1310 53 44.062
57 536 18 96.037
58 1044 55 98.587
59 83 29 20.704
60 496 13 37.327
61 1135 36 15.610
62 360 28 48.954
63 843 25 63.043
64 922 42 97.572
65 593 2 60.017
66 213 26 0.705
67 365 11 9.881
68 392 51 79.180
69 397 46 89.385
70 832 21 63.080
71 12 53 11.080
72 304 54 37.579
73 585 32 96.051
74 203 20 12.929
75 20 8 53.511
76 1230 54 39.282
77 683 15 86.422
78 1 19 41.598
79 365 1 0.839
80 1046 60 91.912
81 1414 50 25.417
82 4 60 99.543
83 402 26 11.677
84 806 59 17.294
85 633 3 85.706
86 464 43 9.567
87 1193 9 49.461
88 838 31 81.103
89 137 24 44.065
90 1035 27 20.225
91 1180 22 99.995
92 1035 7 11.867
93 679 26 15.355
94 1 30 81.219
95 1395 28 22.428
96 701 27 84.782
97 1360 38 14.227
98 527 25 76.071
99 1306 4 56.031
100 621 10 59.847