100
1 182 15 20.519
2 1137 39 32.199
3 320 29 43.162
4 69 31 40.277
5 1240 54 74.670
6 968 32 32.128
7 1027 53 30.596
8 122 44 82.080
9 723 49 72.878
10 991 24 9.878
11 851 33 40.635
12 204 20 83.512
13 1397 34 12.082
14 1131 25 7.693
15 1217 23 67.102
16 1403 9 35.028
17 1133 56 5.493
18 255 57 53.715
19 472 28 77.139
20 926 48 66.978
21 338 4 20.510
22 1307 56 78.104
23 1025 57 18.690
24 593 51 93.570
25 271 42 59.994
26 757 48 57.495
27 392 13 62.917
28 762 8 62.431
29 844 27 88.351
30 317 42 85.232
31 179 45 35.715
32 344 31 81.531
33 439 52 10.936
34 397 52 9.658
35 503 30 99.833
36 490 8 45.623
37 296 20 41.413
38 214 43 35.545
39 414 43 16.825
40 787 30 30.392
41 860 29 56.080
42 66 20 82.685
43 965 34 13.746
44 1136 9 28.182
45 82 45 11.781
46 35 33 81.332
47 770 22 3.836
48 1160 20 9.325
49 316 26 18.147
50 1389 59 85.690
51 777 1 48.880
52 1060 1 71.262
53 1326 38 15.035
54 1070 24 79.989
55 1326 5 30.011
56 526 42 0.823
57 1279 24 59.111
58 831 57 72.403
59 1435 23 27.226
60 830 42 57.559
61 872 21 88.363
62 1172 53 74.062
63 1255 57 85.395
64 1269 43 85.017
65 1280 35 15.411
66 1346 48 7.159
67 1383 24 54.745
68 653 60 83.537
69 452 53 13.929
70 1435 4 75.089
71 1020 36 60.138
72 882 15 45.762
73 1356 31 23.773
74 1126 6 7.887
75 802 42 47.281
76 1429 59 56.355
77 26 53 66.530
78 8 20 62.533
79 365 1 27.727
80 106 28 92.448
81 1200 15 71.515
82 256 39 28.296
83 21 38 82.095
84 179 37 97.883
85 923 41 75.015
86 491 58 87.697
87 41 15 75.829
88 1053 3 17.375
89 84 5 88.847
90 76 25 25.010
91 1347 52 62.006
92 566 44 62.913
93 408 49 15.688
94 1046 26 75.417
95 474 9 73.232
96 1144 34 34.286
97 1222 31 34.386
98 1402 38 46.528
99 882 46 25.996
100 706 7 99.035