100
1 415 11 22.215
2 73 57 87.220
3 280 22 82.013
4 1367 42 10.050
5 219 21 21.908
6 870 54 31.400
7 879 24 13.926
8 1055 38 59.607
9 1057 18 90.157
10 312 43 73.706
11 92 21 9.864
12 1219 59 97.105
13 1039 57 15.969
14 723 43 76.359
15 361 27 33.569
16 1132 19 72.543
17 1146 16 6.220
18 1216 44 92.350
19 660 55 62.480
20 954 54 56.475
21 1404 22 11.539
22 1282 28 72.448
23 630 11 71.671
24 1376 41 76.401
25 1097 29 1.350
26 87 34 8.403
27 387 14 18.031
28 337 5 91.907
29 1306 44 63.287
30 1069 51 50.010
31 8 6 8.598
32 565 30 6.000
33 441 8 70.839
34 390 50 36.541
35 378 7 22.189
36 948 3 36.985
37 1360 17 38.767
38 552 54 34.023
39 1425 11 23.131
40 567 57 65.424
41 380 59 27.750
42 1396 25 19.391
43 753 16 18.853
44 1213 4 80.232
45 907 20 23.103
46 177 29 11.376
47 281 35 43.435
48 643 35 88.134
49 733 45 66.982
50 142 13 11.750
51 1291 21 79.286
52 359 42 32.522
53 1071 25 38.969
54 460 46 70.105
55 1070 20 70.957
56 515 17 54.884
57 611 16 24.911
58 631 53 99.603
59 659 28 94.943
60 673 34 24.656
61 1037 5 72.457
62 496 19 34.755
63 772 44 9.183
64 1085 31 41.513
65 1347 58 33.978
66 566 3 55.993
67 210 30 69.553
68 1350 49 41.023
69 952 22 98.364
70 547 31 35.241
71 357 41 13.791
72 250 27 81.264
73 1254 24 19.881
74 288 9 6.528
75 71 4 34.637
76 481 38 39.579
77 717 25 35.984
78 1234 3 22.765
79 954 15 4.755
80 760 3 88.582
81 1379 11 55.618
82 6 22 31.078
83 536 48 24.996
84 800 20 83.941
85 991 54 43.079
86 1057 14 99.683
87 1419 44 36.506
88 438 35 82.747
89 1024 40 84.904
90 408 12 3.207
91 260 54 39.393
92 1192 45 27.181
93 158 26 42.467
94 1030 58 87.184
95 499 30 35.311
96 1145 44 13.848
97 1358 28 86.100
98 359 36 75.626
99 202 58 35.185
100 1314 32 66.983