100
1 1438 18 52.613
2 1179 18 96.959
3 496 16 91.509
4 302 46 54.715
5 1320 45 59.139
6 1414 37 99.568
7 1260 19 30.798
8 953 35 34.584
9 966 46 2.366
10 967 7 90.519
11 470 14 95.526
12 573 56 7.852
13 868 22 18.682
14 1220 37 12.879
15 1181 2 18.892
16 1143 53 35.443
17 96 8 45.548
18 43 53 44.189
19 273 30 20.532
20 228 55 51.989
21 191 1 58.389
22 1222 24 45.534
23 1018 7 72.131
24 248 56 51.026
25 1222 58 57.702
26 1021 27 55.558
27 1274 26 72.359
28 16 51 20.642
29 678 35 2.828
30 1207 24 55.648
31 187 3 87.700
32 801 8 11.924
33 1282 53 20.098
34 1220 54 91.561
35 108 3 44.656
36 569 34 84.992
37 239 13 63.740
38 80 35 29.894
39 877 36 95.570
40 792 6 43.285
41 599 55 90.481
42 497 30 40.958
43 1240 50 8.033
44 1181 4 29.016
45 774 31 51.917
46 1344 39 99.991
47 69 19 8.100
48 72 52 30.955
49 989 18 33.928
50 1135 28 10.539
51 695 3 76.216
52 743 21 85.076
53 345 32 29.293
54 866 20 93.962
55 304 37 17.035
56 46 40 8.421
57 59 6 66.892
58 783 40 39.328
59 1196 40 52.817
60 653 6 4.501
61 294 35 78.252
62 864 42 66.981
63 538 12 86.856
64 1073 36 9.207
65 1129 59 29.725
66 70 42 79.839
67 393 34 57.793
68 975 2 78.766
69 563 18 0.480
70 805 59 1.565
71 1179 36 75.802
72 726 53 18.988
73 1357 23 63.429
74 1406 16 76.027
75 1167 28 21.137
76 1306 39 31.283
77 1440 15 58.888
78 545 14 66.094
79 403 39 3.669
80 620 14 77.332
81 908 11 27.652
82 1142 34 24.599
83 522 35 18.846
84 759 58 8.659
85 635 10 69.899
86 287 23 1.430
87 1204 30 73.744
88 19 13 5.416
89 1041 16 53.401
90 735 33 58.768
91 841 59 13.824
92 465 44 43.627
93 269 38 34.233
94 627 48 17.364
95 829 37 25.064
96 387 41 82.971
97 620 56 89.115
98 466 11 52.379
99 470 12 21.865
100 388 36 6.926