100
1 450 50 73.909
2 632 33 72.756
3 318 54 90.406
4 289 46 88.935
5 360 45 89.417
6 350 51 68.420
7 566 14 91.070
8 491 39 29.488
9 386 7 58.922
10 298 34 41.909
11 248 31 0.951
12 1161 50 7.583
13 430 20 8.787
14 310 10 61.818
15 1161 45 79.806
16 522 35 19.571
17 338 12 37.445
18 1389 20 8.918
19 22 23 22.043
20 1091 52 73.172
21 333 38 90.600
22 450 49 30.285
23 327 23 54.169
24 614 11 13.804
25 1293 42 54.243
26 1203 52 79.830
27 659 10 31.070
28 637 31 28.356
29 165 59 85.243
30 1004 15 26.407
31 454 39 25.038
32 280 39 25.068
33 1345 23 1.051
34 189 16 97.517
35 861 20 81.019
36 1011 18 46.560
37 1104 46 62.432
38 1050 54 33.712
39 743 21 73.348
40 465 29 4.977
41 652 10 29.150
42 426 22 55.147
43 1349 29 53.841
44 1396 3 18.853
45 300 7 66.941
46 864 38 83.912
47 1179 47 43.892
48 621 30 51.378
49 730 36 18.020
50 608 1 81.720
51 1137 14 70.958
52 508 44 78.216
53 72 31 8.252
54 898 41 30.000
55 1030 47 5.748
56 1421 43 5.590
57 1313 49 28.200
58 774 40 45.647
59 1040 57 48.653
60 461 58 94.383
61 1095 40 7.596
62 184 40 89.961
63 639 25 46.795
64 412 18 45.756
65 929 15 26.423
66 986 44 60.013
67 1126 2 10.224
68 761 22 35.717
69 1319 60 95.545
70 897 28 12.337
71 1169 13 85.901
72 1122 53 1.891
73 297 59 63.610
74 1005 21 74.461
75 760 41 11.820
76 72 27 77.157
77 1425 12 69.489
78 648 40 63.888
79 1176 43 93.004
80 573 50 60.396
81 83 17 74.242
82 828 51 51.761
83 953 5 35.801
84 406 31 64.341
85 779 15 62.673
86 253 18 5.491
87 1152 4 29.813
88 1182 3 40.419
89 122 4 49.283
90 1146 59 91.831
91 910 25 5.912
92 544 10 65.580
93 209 26 91.691
94 195 20 3.849
95 693 11 96.790
96 297 33 96.283
97 294 59 58.640
98 459 27 33.872
99 1362 40 28.767
100 138 5 62.295