100
1 325 20 9.867
2 1311 53 95.232
3 1110 3 27.000
4 1066 28 9.249
5 39 24 96.617
6 1150 33 28.544
7 776 23 10.842
8 8 49 38.538
9 1110 7 68.675
10 401 23 35.427
11 1013 14 70.672
12 1127 11 1.273
13 168 15 49.173
14 950 14 23.266
15 466 17 69.159
16 14 27 35.218
17 734 2 44.743
18 711 46 82.785
19 1214 26 38.581
20 518 24 41.453
21 1160 46 54.782
22 1365 40 11.771
23 1358 18 19.431
24 510 46 59.632
25 529 6 8.763
26 108 2 31.516
27 1401 39 13.576
28 973 13 3.533
29 690 45 59.052
30 479 10 42.107
31 1009 39 26.676
32 459 27 61.627
33 914 8 39.707
34 423 14 58.466
35 67 31 63.530
36 1273 16 67.531
37 989 33 44.736
38 573 13 98.151
39 150 24 82.032
40 403 44 97.452
41 805 20 21.997
42 614 22 83.017
43 271 19 64.596
44 1250 26 70.313
45 823 51 39.075
46 893 1 31.619
47 703 32 87.877
48 1031 24 80.773
49 928 12 5.783
50 604 53 85.763
51 808 20 41.280
52 609 56 52.569
53 1305 38 54.432
54 970 3 35.155
55 38 37 60.524
56 1200 53 65.775
57 514 40 59.224
58 807 42 32.270
59 1232 13 48.867
60 1424 50 93.201
61 106 6 45.511
62 974 58 21.381
63 635 49 28.321
64 1154 1 26.480
65 850 14 40.126
66 1279 37 52.379
67 570 1 88.308
68 164 14 84.515
69 961 46 43.473
70 625 42 40.411
71 837 55 57.543
72 1259 9 93.889
73 244 57 42.620
74 47 10 5.529
75 236 58 77.802
76 953 60 25.081
77 1101 46 72.242
78 1422 11 29.745
79 163 24 14.096
80 96 23 69.492
81 1186 4 75.073
82 41 6 57.064
83 293 51 88.114
84 511 20 47.360
85 1267 18 78.324
86 918 59 17.888
87 584 51 15.004
88 861 45 47.185
89 306 23 34.242
90 1061 32 84.115
91 885 20 33.530
92 1279 44 73.522
93 856 45 20.325
94 140 41 10.761
95 1126 17 17.982
96 794 55 46.477
97 260 47 81.286
98 814 20 30.322
99 967 7 52.118
100 1394 34 43.053