100
1 359 3 68.478
2 893 57 15.378
3 445 4 13.281
4 1257 11 12.798
5 977 25 24.199
6 144 58 73.112
7 265 31 94.229
8 560 8 4.727
9 1370 41 93.839
10 27 22 10.845
11 1244 39 6.920
12 1353 18 46.168
13 896 36 49.718
14 349 8 51.619
15 921 17 89.694
16 379 21 69.125
17 834 27 96.651
18 1392 53 87.300
19 176 38 18.483
20 1425 14 92.564
21 610 39 67.904
22 630 45 6.443
23 458 47 55.831
24 694 12 47.978
25 1022 2 68.392
26 400 33 91.937
27 680 2 41.181
28 968 2 7.352
29 737 9 9.832
30 1210 58 44.107
31 1012 20 44.031
32 624 19 30.880
33 467 36 51.089
34 647 11 2.909
35 1271 3 58.371
36 1000 8 22.693
37 1317 53 55.952
38 1432 15 73.732
39 1426 53 91.641
40 562 24 88.549
41 207 28 14.377
42 762 20 53.299
43 252 32 96.738
44 1109 55 38.317
45 19 14 24.426
46 814 3 85.241
47 366 11 3.735
48 526 34 78.291
49 23 23 62.587
50 1098 33 5.018
51 1302 1 56.718
52 291 16 79.057
53 894 18 90.111
54 289 47 3.436
55 1418 16 80.395
56 681 28 81.078
57 1420 28 26.657
58 1001 47 99.739
59 1382 23 18.020
60 981 34 67.219
61 1355 28 59.582
62 225 16 38.254
63 637 19 32.045
64 217 1 41.718
65 139 41 74.310
66 618 28 84.344
67 744 43 52.587
68 466 53 91.439
69 554 33 41.112
70 606 24 96.133
71 933 2 8.793
72 405 27 77.727
73 987 41 39.893
74 786 38 90.349
75 196 53 37.218
76 922 39 24.969
77 568 1 8.553
78 1359 8 15.937
79 379 52 88.731
80 739 47 72.939
81 211 15 54.305
82 468 52 85.959
83 970 17 7.581
84 1300 31 13.143
85 1248 14 44.248
86 143 53 87.182
87 1364 12 28.203
88 475 43 97.226
89 307 5 52.031
90 760 17 75.391
91 802 39 37.248
92 647 9 86.709
93 537 25 60.335
94 1117 26 20.192
95 1144 14 30.424
96 1439 16 73.325
97 820 47 75.745
98 240 59 66.247
99 196 2 63.767
100 44 16 14.185