100
1 112 38 71.207
2 841 38 23.049
3 980 5 7.787
4 1252 22 78.083
5 511 42 85.441
6 1074 27 8.598
7 1315 37 63.961
8 590 47 12.544
9 1078 17 48.153
10 853 34 17.179
11 566 57 14.648
12 1170 10 35.367
13 607 24 79.394
14 681 19 55.239
15 66 15 89.021
16 300 32 24.276
17 821 30 73.529
18 636 1 52.807
19 110 4 12.488
20 366 27 85.338
21 1215 7 36.150
22 551 18 11.322
23 1081 54 1.087
24 1138 39 73.159
25 1143 14 74.148
26 565 52 87.582
27 1265 37 27.991
28 3 21 21.719
29 1249 11 13.932
30 369 33 86.437
31 531 11 71.140
32 989 33 91.814
33 1251 40 19.688
34 141 31 54.710
35 930 57 60.478
36 315 29 96.119
37 1088 32 82.582
38 644 28 0.825
39 1204 28 60.823
40 666 35 35.348
41 969 25 73.773
42 1275 50 94.336
43 940 31 84.912
44 137 27 4.305
45 1061 49 13.975
46 723 45 16.122
47 920 43 84.375
48 1202 10 82.978
49 516 14 36.174
50 301 44 43.844
51 848 57 33.093
52 68 5 0.812
53 382 48 36.117
54 297 58 79.125
55 5 5 47.398
56 503 26 80.409
57 986 2 26.145
58 131 19 3.445
59 1070 25 58.851
60 257 1 19.707
61 410 29 19.054
62 129 59 13.169
63 842 22 36.966
64 520 58 20.451
65 1152 17 73.241
66 696 47 36.484
67 776 55 85.550
68 392 58 60.214
69 1185 38 43.636
70 1304 14 86.166
71 10 19 6.332
72 765 20 99.817
73 1267 37 91.213
74 1160 42 13.445
75 594 54 61.339
76 1246 16 69.041
77 621 16 44.593
78 16 59 9.710
79 230 28 26.465
80 765 60 83.711
81 700 52 41.931
82 497 32 57.018
83 1416 5 74.311
84 71 28 29.066
85 329 27 77.111
86 1269 4 21.814
87 1087 15 22.417
88 412 3 9.259
89 872 21 8.703
90 17 49 99.434
91 1349 32 7.034
92 772 24 77.544
93 1224 51 28.032
94 1427 28 17.666
95 1377 29 31.350
96 1243 3 37.070
97 265 17 21.649
98 1197 49 32.045
99 1282 4 6.084
100 591 22 61.818