100
1 1400 38 2.009
2 750 14 8.321
3 548 50 4.767
4 653 21 42.832
5 580 56 72.123
6 824 44 28.098
7 632 2 33.159
8 766 23 37.842
9 833 27 99.764
10 647 48 8.501
11 665 57 3.859
12 316 43 33.853
13 515 28 79.435
14 1367 29 83.373
15 1371 44 61.346
16 572 60 68.738
17 897 33 80.501
18 673 54 23.113
19 167 15 6.210
20 76 6 97.667
21 1354 47 60.644
22 556 54 91.624
23 178 29 11.810
24 648 25 10.309
25 868 24 8.811
26 709 3 71.246
27 1229 17 94.769
28 486 12 60.585
29 452 6 29.924
30 1359 12 29.021
31 129 59 51.465
32 689 53 84.074
33 367 51 22.468
34 1325 55 27.823
35 1196 37 40.300
36 664 34 40.294
37 1408 33 24.376
38 369 52 2.352
39 60 21 7.072
40 603 8 51.861
41 312 39 13.723
42 1373 20 22.644
43 914 36 67.278
44 172 1 74.108
45 884 38 4.885
46 1350 5 58.736
47 1365 13 40.248
48 22 51 70.563
49 537 33 76.317
50 248 37 8.505
51 674 26 43.376
52 1421 5 81.737
53 238 46 9.424
54 951 8 98.030
55 332 28 3.594
56 1111 51 85.997
57 976 45 77.987
58 433 52 1.754
59 1411 25 60.012
60 1354 35 55.036
61 1271 6 19.758
62 1269 50 76.554
63 444 7 67.049
64 362 53 35.111
65 1364 1 33.817
66 749 46 47.555
67 773 53 76.971
68 127 18 74.117
69 1273 8 3.944
70 1146 49 1.654
71 366 54 43.251
72 605 49 42.586
73 8 9 43.008
74 1097 43 18.410
75 158 31 8.251
76 570 53 53.597
77 1158 20 64.451
78 1065 15 2.483
79 327 2 25.616
80 1085 45 6.662
81 578 35 78.571
82 1200 7 41.661
83 904 32 50.443
84 472 35 48.012
85 86 15 20.682
86 328 55 22.580
87 884 34 14.984
88 1295 32 36.546
89 710 12 95.362
90 831 17 84.440
91 63 56 85.690
92 700 49 3.414
93 1362 15 64.284
94 667 53 90.541
95 200 19 63.606
96 1105 7 20.627
97 1088 55 27.702
98 572 59 25.696
99 1300 5 80.719
100 1120 17 65.323