100
1 523 45 94.053
2 749 24 50.921
3 701 13 34.798
4 124 2 95.202
5 20 27 94.132
6 812 52 16.217
7 72 6 32.247
8 1081 21 33.504
9 1266 13 49.296
10 691 10 25.729
11 1101 32 76.503
12 181 44 53.436
13 718 49 97.130
14 1205 1 48.076
15 297 30 56.746
16 865 1 48.192
17 988 30 55.908
18 27 39 52.890
19 196 28 29.255
20 810 51 2.661
21 1293 28 9.693
22 666 25 13.437
23 230 59 69.858
24 358 40 86.089
25 424 51 35.172
26 1049 1 54.448
27 674 22 12.253
28 868 43 68.844
29 593 51 82.643
30 686 45 93.858
31 280 33 34.170
32 1133 37 96.744
33 61 26 65.130
34 80 52 82.182
35 1078 3 46.308
36 554 50 49.054
37 484 34 77.918
38 1050 3 1.684
39 845 53 21.023
40 764 16 3.942
41 1233 12 80.148
42 360 49 69.713
43 1051 39 85.512
44 510 41 7.024
45 1365 47 57.065
46 1134 21 9.214
47 11 24 55.392
48 1141 20 96.453
49 880 38 27.570
50 227 19 70.501
51 1065 33 97.480
52 808 23 1.408
53 659 60 24.462
54 1305 44 33.003
55 182 20 39.302
56 719 12 67.572
57 638 41 56.981
58 1088 49 24.865
59 1130 26 76.840
60 529 49 19.915
61 736 39 92.247
62 437 23 14.370
63 1422 13 0.130
64 1331 47 52.243
65 1039 16 91.002
66 1031 46 0.864
67 1346 25 66.886
68 7 59 10.215
69 1127 20 96.986
70 946 54 86.362
71 895 46 37.752
72 1303 39 42.596
73 201 55 70.273
74 75 49 41.040
75 1407 44 70.131
76 33 57 35.350
77 130 5 6.112
78 1313 14 26.883
79 946 29 60.307
80 293 48 29.629
81 307 51 35.513
82 253 33 57.942
83 485 7 10.608
84 1215 18 57.044
85 1130 8 42.744
86 961 5 53.070
87 1112 35 86.261
88 714 16 82.387
89 157 60 93.507
90 440 45 34.974
91 680 29 91.486
92 182 46 80.759
93 994 12 94.075
94 765 20 22.371
95 198 36 31.480
96 628 21 51.349
97 954 60 92.761
98 771 36 77.301
99 662 23 92.609
100 539 37 95.026