100
1 1204 48 43.317
2 737 46 87.167
3 944 54 37.719
4 1258 1 21.422
5 1178 47 26.432
6 875 16 23.264
7 185 2 72.859
8 677 56 14.067
9 312 59 56.594
10 609 33 1.683
11 268 1 68.159
12 691 25 12.676
13 1432 56 59.005
14 515 44 77.326
15 50 50 38.681
16 618 14 85.439
17 71 36 94.095
18 336 57 76.216
19 1363 33 68.805
20 1358 4 62.954
21 258 8 50.231
22 416 2 77.566
23 1030 36 32.602
24 230 12 57.953
25 875 40 3.123
26 1160 24 96.390
27 475 6 10.009
28 224 36 68.309
29 1283 55 9.095
30 1315 47 4.998
31 315 59 50.472
32 783 60 47.670
33 1349 12 76.240
34 569 8 33.105
35 1061 13 93.620
36 1173 32 86.294
37 181 46 15.837
38 785 40 73.813
39 834 46 35.439
40 389 24 40.559
41 1067 40 76.876
42 354 13 54.554
43 813 35 4.214
44 744 42 40.200
45 609 30 65.651
46 273 10 40.377
47 515 5 23.880
48 289 43 16.759
49 137 20 61.893
50 1338 10 33.767
51 602 20 72.051
52 824 39 77.730
53 243 43 90.859
54 428 22 15.887
55 103 10 43.987
56 88 7 50.979
57 197 56 9.287
58 116 1 82.934
59 443 1 53.173
60 1194 17 56.929
61 360 54 16.692
62 325 1 59.208
63 765 40 79.012
64 1206 48 18.241
65 425 19 60.792
66 1171 19 23.206
67 50 13 72.637
68 584 16 65.764
69 1120 47 16.317
70 159 26 89.923
71 909 10 51.681
72 212 28 40.653
73 47 46 75.398
74 495 58 78.572
75 1002 5 50.579
76 1172 8 32.564
77 1338 25 6.624
78 438 27 54.225
79 19 7 74.048
80 751 25 50.941
81 32 17 52.229
82 181 37 15.457
83 593 36 53.687
84 362 21 76.499
85 518 15 5.966
86 159 55 79.976
87 379 26 41.391
88 1378 7 99.525
89 684 18 81.622
90 880 36 54.750
91 1352 12 57.426
92 110 55 22.642
93 151 8 47.149
94 107 25 61.197
95 58 19 62.462
96 436 11 5.553
97 315 15 26.387
98 942 16 89.381
99 506 50 81.054
100 306 55 59.045