100
1 1063 7 56.947
2 260 28 14.131
3 1293 16 78.551
4 407 14 90.501
5 1025 10 55.079
6 474 37 70.673
7 461 59 26.893
8 1140 31 15.603
9 958 3 1.151
10 167 22 25.944
11 1303 33 51.575
12 1105 1 55.807
13 427 30 77.537
14 807 45 24.220
15 1357 33 73.382
16 506 16 18.708
17 723 39 10.012
18 332 9 73.700
19 899 35 9.155
20 634 18 37.910
21 621 45 38.777
22 1361 42 45.519
23 106 28 14.212
24 1039 26 71.498
25 1418 44 44.631
26 128 17 60.638
27 956 15 32.807
28 698 12 74.819
29 1004 54 23.860
30 1354 34 38.492
31 499 7 55.543
32 25 8 46.704
33 1401 21 98.807
34 1338 28 67.598
35 561 22 86.428
36 567 21 26.304
37 254 43 81.050
38 1322 26 44.764
39 331 55 56.622
40 760 7 46.704
41 469 14 11.401
42 1430 26 74.409
43 693 49 67.410
44 879 22 85.837
45 667 38 60.535
46 916 2 39.322
47 1073 2 16.219
48 556 25 12.608
49 270 10 3.625
50 1156 11 59.643
51 479 36 24.919
52 777 51 86.744
53 1125 30 80.142
54 1099 2 61.882
55 1432 36 78.857
56 5 29 65.670
57 511 42 86.504
58 1288 29 50.832
59 593 52 28.206
60 67 45 43.472
61 285 60 67.248
62 1133 22 54.565
63 326 60 98.832
64 1064 8 82.034
65 1184 20 13.430
66 1340 25 67.199
67 1142 55 30.913
68 1357 56 17.821
69 781 27 69.544
70 1194 33 22.527
71 256 12 0.444
72 636 10 71.034
73 1209 36 89.957
74 911 16 90.006
75 117 28 10.930
76 1001 26 38.019
77 338 16 85.541
78 889 3 73.398
79 409 49 31.279
80 1075 33 16.104
81 342 24 65.494
82 7 51 55.261
83 1084 21 60.230
84 74 59 75.567
85 445 7 8.392
86 1313 55 31.107
87 1300 16 65.262
88 233 47 16.391
89 908 35 83.357
90 156 27 53.440
91 536 51 48.275
92 1149 60 21.867
93 861 50 62.850
94 1134 9 79.066
95 71 37 71.016
96 1066 11 51.932
97 1136 14 18.358
98 1003 41 2.204
99 1421 15 2.360
100 40 60 28.409