100
1 1114 52 68.800
2 696 28 85.176
3 559 47 18.638
4 713 53 46.472
5 1365 58 92.870
6 1351 57 79.361
7 869 60 2.217
8 1339 51 68.598
9 117 17 14.770
10 293 50 26.085
11 453 35 13.907
12 907 45 54.191
13 1360 9 93.537
14 785 20 53.029
15 564 46 83.766
16 445 15 60.942
17 439 55 66.156
18 697 1 0.579
19 1121 21 25.814
20 85 6 96.368
21 72 6 53.483
22 1231 18 91.205
23 996 8 98.120
24 205 26 55.135
25 978 39 21.832
26 332 34 94.899
27 1147 17 2.066
28 649 29 97.641
29 487 44 47.257
30 614 1 90.364
31 1148 40 46.727
32 552 55 15.186
33 765 37 78.809
34 1156 16 37.600
35 316 45 2.280
36 1260 48 33.932
37 752 32 91.713
38 1129 2 70.317
39 304 46 44.320
40 864 16 87.592
41 1099 8 35.500
42 489 39 77.981
43 1037 56 70.547
44 824 10 66.855
45 938 20 89.018
46 1373 52 82.691
47 385 10 25.661
48 465 31 29.664
49 1028 2 18.211
50 1068 11 20.660
51 736 19 38.688
52 851 54 37.748
53 582 59 96.738
54 720 22 62.672
55 414 59 80.907
56 431 4 53.859
57 1103 34 77.459
58 1248 31 81.649
59 10 4 65.381
60 150 1 29.580
61 1434 2 41.360
62 1225 46 61.805
63 1190 50 79.555
64 1015 44 25.019
65 1098 11 18.404
66 803 17 99.463
67 1074 6 39.947
68 1293 20 28.914
69 1183 2 67.517
70 709 12 17.866
71 1295 36 48.258
72 1409 41 88.476
73 232 57 78.811
74 29 60 24.151
75 733 42 78.302
76 898 21 18.625
77 61 54 37.199
78 298 2 94.894
79 673 21 90.845
80 647 49 70.549
81 554 60 86.342
82 903 12 71.104
83 342 30 5.784
84 387 14 1.819
85 214 25 35.476
86 990 16 10.670
87 17 48 55.340
88 1200 42 61.397
89 1091 15 54.032
90 523 59 19.269
91 52 50 89.314
92 786 50 50.534
93 494 52 65.123
94 531 17 17.068
95 595 12 55.677
96 705 44 3.228
97 807 19 41.011
98 569 4 5.649
99 806 40 80.886
100 950 18 93.223