100
1 917 53 30.595
2 12 22 78.932
3 355 37 52.204
4 403 2 56.751
5 822 48 63.410
6 143 56 71.901
7 811 57 51.291
8 35 57 93.624
9 616 53 38.735
10 380 2 47.416
11 1310 49 59.196
12 1042 55 79.667
13 1164 8 76.045
14 54 38 13.206
15 958 43 75.756
16 1402 50 46.788
17 1157 57 67.866
18 81 52 40.781
19 1321 35 26.756
20 1302 60 60.529
21 50 47 89.085
22 293 40 39.217
23 1022 14 49.459
24 667 20 43.652
25 82 40 79.275
26 359 25 38.053
27 314 3 27.937
28 216 14 29.236
29 1434 29 15.179
30 1307 54 84.360
31 10 32 55.848
32 968 46 90.616
33 1410 8 54.156
34 1104 40 22.810
35 1197 3 26.772
36 355 11 69.684
37 963 33 3.197
38 130 11 35.589
39 1314 51 80.250
40 495 50 56.145
41 624 24 12.049
42 924 32 94.890
43 1093 35 36.335
44 1316 12 38.783
45 1163 26 1.398
46 759 6 16.806
47 1208 48 37.616
48 626 1 87.850
49 1348 29 39.706
50 975 24 84.146
51 774 47 33.594
52 1132 25 93.212
53 449 38 3.780
54 1054 47 16.487
55 509 22 5.253
56 92 57 80.044
57 545 28 30.032
58 80 52 93.566
59 655 38 44.505
60 1106 33 89.478
61 467 22 68.470
62 945 29 4.645
63 1145 28 67.374
64 1379 42 53.331
65 24 33 55.981
66 243 12 62.347
67 602 29 42.781
68 150 12 41.421
69 1155 46 19.984
70 1252 23 98.595
71 966 8 27.440
72 1057 36 71.589
73 912 3 45.128
74 1376 48 14.023
75 913 44 70.429
76 8 34 52.570
77 1055 46 37.689
78 451 52 3.824
79 820 23 43.699
80 1437 41 79.126
81 821 44 16.203
82 923 35 47.039
83 674 38 17.884
84 126 23 75.615
85 286 10 1.140
86 373 35 12.206
87 1061 43 62.055
88 1007 23 61.109
89 1172 16 68.599
90 474 2 22.296
91 1398 3 23.610
92 571 8 32.218
93 773 35 37.247
94 1078 55 41.979
95 742 11 37.082
96 355 21 99.326
97 725 47 11.456
98 1154 15 3.119
99 1345 24 33.794
100 549 9 5.709