100
1 36 50 97.690
2 1164 21 95.393
3 204 56 36.922
4 989 58 8.181
5 755 35 87.259
6 392 39 72.816
7 801 39 40.659
8 814 56 3.345
9 870 21 30.269
10 1421 58 21.339
11 968 58 42.267
12 1408 26 81.264
13 576 59 1.555
14 383 49 70.787
15 1388 19 29.364
16 309 30 41.238
17 896 35 37.324
18 378 55 42.348
19 1103 4 28.851
20 1324 16 65.997
21 319 25 74.846
22 1312 58 76.344
23 129 13 28.971
24 1204 35 67.874
25 1011 12 62.271
26 1103 9 40.309
27 300 43 8.512
28 231 58 81.385
29 1210 58 13.286
30 862 57 89.599
31 1399 33 25.285
32 83 5 57.134
33 1126 26 45.924
34 1155 35 71.159
35 451 46 27.869
36 1328 36 1.317
37 553 23 96.882
38 638 2 61.367
39 159 10 88.362
40 1277 31 66.665
41 756 6 67.803
42 288 14 62.724
43 542 60 45.074
44 84 26 0.624
45 958 43 80.232
46 777 2 94.713
47 657 11 70.402
48 726 42 86.633
49 465 38 69.358
50 808 35 49.176
51 390 51 95.748
52 369 55 2.905
53 676 13 33.402
54 228 58 72.600
55 315 38 66.982
56 574 42 12.155
57 609 5 93.723
58 31 17 44.892
59 604 59 74.693
60 839 2 32.211
61 1077 34 61.643
62 728 58 93.547
63 863 15 18.679
64 142 55 19.924
65 82 59 35.193
66 827 34 15.161
67 948 54 24.969
68 170 49 84.578
69 226 30 62.883
70 334 27 91.229
71 1208 46 48.969
72 1221 58 95.254
73 517 49 67.091
74 277 40 70.798
75 1303 8 53.520
76 735 56 14.335
77 23 48 12.505
78 54 52 82.031
79 170 45 77.554
80 657 5 5.755
81 574 60 91.957
82 459 43 3.964
83 498 55 11.584
84 1314 58 39.460
85 248 37 36.115
86 838 6 35.658
87 1113 1 24.830
88 33 37 11.045
89 746 21 7.755
90 1218 58 86.991
91 1390 12 17.586
92 1118 5 43.125
93 1132 47 51.123
94 940 21 67.604
95 1272 49 62.543
96 602 2 77.918
97 1305 50 68.424
98 1016 47 65.344
99 1299 40 92.939
100 206 4 0.658