100
1 59 30 74.277
2 1018 55 49.634
3 1361 55 78.137
4 931 6 34.426
5 330 48 5.309
6 1324 48 23.071
7 1272 57 59.714
8 379 13 69.132
9 472 47 47.207
10 228 56 27.593
11 345 35 77.811
12 238 51 34.942
13 376 17 49.000
14 871 49 56.589
15 595 15 27.450
16 1025 37 55.001
17 1036 31 89.673
18 1023 9 6.937
19 692 40 75.858
20 489 1 56.108
21 649 57 20.294
22 1356 22 19.116
23 810 4 53.500
24 384 18 82.957
25 226 3 57.839
26 366 11 37.124
27 183 43 22.408
28 23 37 75.777
29 826 29 40.995
30 1263 1 19.874
31 87 59 47.093
32 3 48 2.724
33 672 33 68.287
34 934 26 82.763
35 1138 29 30.871
36 25 10 18.734
37 121 7 71.146
38 1281 43 58.377
39 300 43 81.832
40 971 12 55.719
41 562 57 24.390
42 1358 12 32.150
43 1396 36 38.360
44 966 43 25.501
45 1110 21 10.407
46 1316 6 36.022
47 1018 36 39.599
48 55 54 44.222
49 1421 50 15.620
50 698 16 29.515
51 1165 44 19.990
52 921 20 91.974
53 1401 17 60.182
54 1163 25 46.286
55 753 52 99.119
56 1257 2 83.900
57 292 11 44.953
58 104 3 76.859
59 1234 24 33.416
60 960 41 59.481
61 142 24 16.287
62 1054 24 60.822
63 301 38 58.493
64 1012 13 8.900
65 523 34 84.956
66 145 57 47.227
67 928 43 30.596
68 144 51 33.926
69 997 4 10.135
70 1128 26 20.410
71 1348 34 85.446
72 441 48 33.212
73 765 35 64.373
74 423 24 48.339
75 409 39 44.343
76 130 17 95.202
77 738 16 40.206
78 317 27 8.943
79 454 15 51.428
80 748 6 22.768
81 983 17 27.354
82 236 55 90.940
83 720 57 26.740
84 848 5 35.817
85 1 35 41.206
86 338 13 35.974
87 787 7 74.425
88 669 40 32.478
89 322 9 71.042
90 39 25 53.239
91 831 58 94.072
92 830 54 93.780
93 1170 20 8.907
94 968 15 29.357
95 61 50 53.212
96 743 48 3.333
97 896 23 22.054
98 1020 53 38.902
99 1297 41 65.156
100 244 55 4.363