100
1 799 29 20.040
2 248 51 72.253
3 299 45 99.884
4 1227 57 60.405
5 495 7 87.384
6 100 56 22.389
7 1406 41 96.327
8 141 16 97.682
9 11 45 8.763
10 552 37 67.216
11 948 19 11.715
12 995 45 87.238
13 429 43 47.862
14 480 51 29.963
15 1358 58 60.021
16 96 29 32.475
17 120 11 76.652
18 13 14 43.224
19 1209 13 93.527
20 1315 23 39.465
21 513 7 77.964
22 1316 48 21.872
23 590 31 55.019
24 1248 16 37.305
25 424 27 60.981
26 533 36 0.555
27 1139 19 92.899
28 358 8 11.704
29 1333 16 41.201
30 1006 24 85.337
31 579 25 39.815
32 54 26 18.828
33 275 58 3.886
34 573 51 52.641
35 632 8 11.495
36 470 33 21.144
37 578 60 47.615
38 692 5 20.653
39 858 50 17.568
40 1095 15 82.498
41 971 7 1.276
42 759 45 67.053
43 829 22 87.788
44 359 53 9.312
45 1148 45 85.826
46 225 20 59.895
47 659 7 72.544
48 1436 37 32.204
49 520 10 88.933
50 925 40 86.502
51 788 17 59.221
52 1368 33 2.312
53 1353 7 52.201
54 490 12 22.125
55 376 31 28.799
56 862 52 87.585
57 1089 48 83.608
58 1372 3 5.705
59 45 10 23.807
60 221 7 98.159
61 249 54 57.655
62 1126 12 13.045
63 631 34 24.188
64 853 4 98.311
65 1246 33 87.948
66 971 32 33.571
67 348 48 13.734
68 305 27 43.405
69 641 46 15.676
70 179 57 35.882
71 10 52 43.631
72 73 46 71.584
73 837 45 8.621
74 143 20 49.226
75 1203 19 47.723
76 801 23 86.220
77 1029 58 40.842
78 597 56 25.293
79 139 58 82.026
80 707 48 89.938
81 392 57 53.517
82 1021 50 81.561
83 511 14 56.305
84 774 23 92.485
85 122 27 63.014
86 540 16 65.532
87 1380 58 52.372
88 838 13 88.585
89 1326 18 54.469
90 198 42 74.985
91 174 16 82.187
92 498 29 60.809
93 709 13 97.942
94 1107 2 63.810
95 60 14 50.030
96 345 58 95.587
97 329 41 39.951
98 120 17 90.033
99 464 60 88.860
100 1306 25 84.189