100
1 619 19 46.234
2 687 28 0.358
3 659 11 9.607
4 77 31 91.203
5 1232 24 78.502
6 15 59 57.899
7 1160 15 48.296
8 1364 30 97.833
9 1337 23 33.294
10 1145 59 57.505
11 1312 45 62.179
12 17 24 10.731
13 330 41 30.649
14 1203 33 70.232
15 381 36 13.033
16 805 38 55.616
17 306 28 42.487
18 923 42 80.961
19 362 5 33.131
20 958 58 25.102
21 42 28 13.248
22 1174 13 1.927
23 570 34 12.818
24 654 51 14.847
25 215 33 25.763
26 1120 4 44.050
27 828 2 28.992
28 1068 55 85.957
29 1103 31 28.046
30 969 46 61.696
31 879 15 77.586
32 619 9 94.091
33 887 59 42.676
34 1300 41 68.566
35 55 16 90.397
36 173 53 96.832
37 1124 24 40.704
38 975 55 86.050
39 1394 15 58.266
40 1426 27 60.391
41 1063 33 73.377
42 519 1 30.170
43 666 4 67.276
44 1227 58 73.290
45 1303 51 40.849
46 736 11 62.882
47 941 53 86.790
48 1088 59 23.907
49 54 28 33.812
50 776 7 68.950
51 419 5 70.041
52 1080 27 10.402
53 1273 56 21.135
54 323 20 53.188
55 264 33 31.058
56 628 13 83.155
57 297 48 11.144
58 725 57 51.408
59 565 20 44.162
60 840 45 29.648
61 67 21 95.182
62 88 54 39.743
63 262 13 76.571
64 832 29 62.190
65 1282 1 37.455
66 884 11 68.019
67 792 43 48.264
68 1103 31 38.078
69 1392 52 12.221
70 65 6 76.190
71 916 7 8.712
72 1422 25 5.660
73 743 39 47.952
74 279 29 96.713
75 213 39 23.300
76 831 45 7.606
77 34 10 56.268
78 1123 40 84.091
79 380 5 39.680
80 995 28 76.248
81 255 57 87.712
82 1185 12 89.004
83 1007 32 28.347
84 1201 10 26.613
85 1060 37 25.117
86 634 15 77.481
87 515 40 37.077
88 807 32 22.911
89 1277 30 19.508
90 580 50 61.016
91 1396 12 85.874
92 1035 2 69.401
93 951 25 98.236
94 914 42 5.335
95 991 36 64.003
96 1319 12 16.805
97 672 40 45.404
98 643 46 83.458
99 184 24 81.067
100 412 11 63.016