100
1 867 23 81.581
2 317 52 89.752
3 621 51 40.652
4 312 46 13.640
5 381 36 0.874
6 1405 28 97.792
7 1232 7 33.059
8 492 53 81.525
9 839 56 99.791
10 1360 59 42.391
11 695 60 41.401
12 44 38 52.351
13 1267 32 23.520
14 389 48 70.190
15 709 56 7.147
16 1241 38 97.585
17 1234 54 9.821
18 433 21 25.182
19 1232 32 42.557
20 429 44 28.819
21 1117 56 88.322
22 248 14 33.100
23 1093 5 4.867
24 998 33 7.865
25 389 55 22.901
26 173 25 39.787
27 361 47 28.072
28 967 56 56.127
29 1194 2 53.052
30 545 48 31.475
31 730 48 8.705
32 1344 7 50.884
33 388 29 77.067
34 1390 36 72.930
35 464 49 11.352
36 875 55 69.483
37 980 10 66.073
38 1407 7 94.964
39 1352 25 70.221
40 111 3 5.120
41 842 27 37.503
42 1418 7 18.982
43 1390 20 43.221
44 1234 34 70.309
45 948 50 81.608
46 1338 22 62.234
47 1170 1 13.053
48 670 14 55.750
49 256 56 99.313
50 20 26 3.506
51 488 17 62.140
52 1134 33 52.847
53 428 55 61.987
54 150 5 19.796
55 1265 35 21.015
56 1146 6 29.724
57 734 5 27.506
58 284 44 97.046
59 540 14 87.688
60 823 48 34.355
61 974 53 10.109
62 1245 60 81.639
63 249 25 14.494
64 130 43 20.365
65 740 11 19.297
66 155 31 91.032
67 940 53 99.377
68 1276 1 8.404
69 616 50 22.885
70 25 60 76.945
71 838 7 85.412
72 1242 11 86.575
73 1328 16 72.799
74 743 11 63.461
75 503 22 92.947
76 653 26 28.219
77 1117 16 69.718
78 588 58 36.309
79 107 6 83.736
80 1265 32 90.983
81 791 17 26.845
82 1439 57 52.744
83 954 34 24.633
84 290 13 7.265
85 331 26 82.119
86 477 37 26.485
87 1237 33 67.448
88 1154 24 86.386
89 795 18 75.222
90 1052 3 82.487
91 1133 14 91.515
92 476 25 16.176
93 850 58 40.342
94 1331 13 65.522
95 1230 31 4.381
96 1023 48 71.226
97 262 6 53.655
98 470 34 62.550
99 1235 4 81.908
100 630 26 3.404