100
1 602 42 13.087
2 1087 36 94.771
3 997 40 34.997
4 158 37 31.605
5 747 60 90.709
6 695 36 67.738
7 1154 55 75.018
8 1190 59 79.664
9 445 14 46.807
10 101 30 82.348
11 230 25 98.455
12 503 3 19.698
13 784 57 35.854
14 1238 2 86.460
15 606 26 59.059
16 154 4 82.424
17 1058 2 20.168
18 36 18 60.231
19 1168 38 38.978
20 344 4 82.445
21 981 36 67.687
22 1168 1 64.822
23 968 12 1.196
24 1005 50 2.969
25 890 36 41.790
26 349 49 86.908
27 816 29 3.551
28 777 9 17.984
29 640 54 57.078
30 199 45 60.767
31 182 24 1.960
32 1006 52 94.910
33 380 47 55.114
34 327 52 35.674
35 431 37 74.625
36 536 24 88.247
37 1024 17 70.524
38 379 46 25.984
39 599 17 88.740
40 837 43 61.138
41 240 43 22.512
42 378 36 92.204
43 1294 21 22.457
44 1058 11 74.944
45 829 25 90.737
46 1056 15 16.715
47 878 16 47.622
48 351 31 49.317
49 723 3 50.237
50 1377 35 22.828
51 901 48 3.211
52 507 51 61.292
53 398 39 33.816
54 723 10 55.074
55 1432 10 34.085
56 242 21 4.239
57 238 29 95.995
58 1262 4 9.429
59 76 9 28.077
60 933 27 23.845
61 913 37 53.277
62 852 51 43.690
63 60 38 41.188
64 1120 52 93.531
65 604 46 64.049
66 507 12 73.137
67 589 5 78.745
68 361 57 43.580
69 656 5 70.110
70 175 10 1.330
71 1196 5 71.765
72 1213 36 78.076
73 306 29 73.507
74 349 56 80.130
75 378 8 74.050
76 578 12 74.538
77 972 41 10.574
78 46 1 1.974
79 846 18 74.701
80 871 40 76.124
81 326 48 64.352
82 491 1 38.635
83 446 18 73.496
84 880 22 79.423
85 811 39 75.330
86 383 39 11.959
87 745 34 44.603
88 519 21 7.004
89 761 43 57.866
90 395 25 7.454
91 527 44 49.410
92 554 36 76.532
93 1178 43 60.586
94 86 40 96.011
95 995 59 88.769
96 485 17 41.618
97 1299 22 68.555
98 908 55 2.405
99 1371 43 20.967
100 705 2 52.559