100
1 292 46 72.518
2 263 37 92.193
3 1301 29 99.410
4 406 13 52.835
5 867 45 82.061
6 1100 38 46.977
7 1430 30 79.647
8 457 59 79.903
9 498 52 76.105
10 1044 4 33.193
11 848 48 85.282
12 136 17 73.153
13 561 16 63.316
14 311 24 96.080
15 1267 17 48.627
16 1331 36 29.658
17 573 52 15.733
18 226 58 10.813
19 78 59 24.705
20 1406 19 84.315
21 131 28 53.560
22 480 17 5.351
23 1238 39 7.790
24 1416 54 29.059
25 601 56 36.548
26 738 36 91.851
27 1205 12 2.633
28 74 37 9.476
29 1092 21 67.162
30 408 9 81.831
31 720 25 46.124
32 269 29 79.684
33 1034 1 46.907
34 118 11 85.826
35 1220 36 75.344
36 471 22 72.074
37 1130 6 80.919
38 137 56 30.725
39 547 40 29.956
40 211 56 85.637
41 184 46 22.711
42 676 28 45.835
43 1283 4 59.473
44 1165 56 53.814
45 1160 19 20.099
46 500 2 27.219
47 1006 10 87.729
48 1005 57 12.584
49 484 16 97.003
50 1326 15 67.463
51 1411 60 33.770
52 602 7 30.029
53 959 6 23.649
54 119 35 51.305
55 1395 4 48.698
56 308 26 4.758
57 1286 26 59.288
58 1428 45 0.627
59 1116 49 2.357
60 939 52 47.737
61 158 33 89.609
62 652 56 95.626
63 1217 39 64.311
64 33 31 0.200
65 36 38 77.351
66 65 40 3.682
67 1341 57 0.404
68 1269 25 17.514
69 1177 20 17.200
70 1103 48 3.119
71 320 45 23.654
72 1064 44 50.243
73 383 57 8.665
74 1225 27 33.916
75 1400 51 16.744
76 1419 19 61.715
77 83 25 67.102
78 651 48 18.122
79 1281 56 35.264
80 641 29 14.143
81 1102 53 17.685
82 320 35 67.210
83 120 7 28.949
84 1132 60 2.214
85 610 27 73.136
86 529 34 77.556
87 1206 15 46.188
88 523 39 55.247
89 614 54 74.575
90 1098 16 53.091
91 842 1 29.220
92 1176 29 13.892
93 455 15 56.004
94 72 9 8.600
95 181 18 70.270
96 336 47 84.153
97 529 49 16.319
98 803 49 91.107
99 452 29 38.084
100 6 18 25.692