100
1 755 27 85.518
2 868 36 34.859
3 767 47 24.462
4 857 11 17.536
5 1201 42 41.948
6 463 38 88.669
7 555 56 97.858
8 659 37 93.343
9 77 52 26.230
10 450 9 42.200
11 485 55 8.437
12 1139 36 35.469
13 887 4 62.546
14 387 11 55.537
15 1433 60 55.608
16 96 51 80.953
17 1356 48 47.260
18 676 52 93.310
19 808 37 74.337
20 150 56 90.252
21 983 43 20.757
22 1102 25 68.173
23 967 4 19.144
24 1218 19 6.545
25 1411 25 58.253
26 986 37 77.100
27 1204 7 80.787
28 224 7 99.498
29 745 36 43.414
30 1100 7 84.587
31 500 8 48.225
32 852 53 26.909
33 328 15 73.920
34 1202 39 70.865
35 1 22 75.140
36 760 11 22.765
37 782 6 47.912
38 118 4 92.221
39 1046 37 53.094
40 361 20 85.928
41 858 6 47.248
42 1213 24 47.842
43 557 27 54.611
44 713 9 36.556
45 1073 57 79.015
46 189 38 79.015
47 894 55 45.784
48 48 7 96.612
49 1421 33 64.831
50 830 52 54.231
51 611 13 85.230
52 85 18 27.968
53 688 26 38.337
54 526 33 3.678
55 565 50 62.365
56 706 26 79.275
57 1342 41 74.905
58 322 40 71.707
59 71 42 18.218
60 916 50 69.824
61 442 56 21.126
62 69 15 21.791
63 451 20 72.286
64 228 14 78.167
65 512 7 82.450
66 1420 7 28.773
67 955 26 82.020
68 577 22 36.437
69 1357 30 96.328
70 960 16 8.181
71 1163 18 49.525
72 327 16 54.657
73 438 49 4.086
74 580 37 34.658
75 662 24 75.488
76 102 15 7.583
77 955 30 39.692
78 398 58 6.592
79 1366 18 99.819
80 744 41 12.220
81 22 26 6.246
82 675 37 65.369
83 748 48 86.800
84 1056 43 42.420
85 913 23 64.677
86 870 25 57.284
87 1174 49 49.715
88 375 7 23.179
89 1209 10 30.347
90 294 59 48.774
91 404 2 50.240
92 532 1 38.272
93 1404 38 38.298
94 1267 32 53.525
95 972 55 17.990
96 20 7 80.355
97 254 31 42.391
98 1140 56 4.742
99 1218 29 4.227
100 280 60 69.042