100
1 1286 39 7.752
2 154 60 53.766
3 1272 56 51.900
4 1040 8 69.759
5 649 51 23.929
6 269 19 77.333
7 1415 10 23.151
8 1212 29 49.212
9 464 57 54.553
10 974 26 60.282
11 110 51 96.406
12 736 55 95.296
13 381 18 81.633
14 546 38 69.451
15 653 18 82.536
16 1223 46 68.094
17 650 13 87.236
18 1081 54 65.895
19 314 19 32.632
20 232 1 92.282
21 831 34 27.225
22 941 53 10.127
23 915 54 44.073
24 280 16 13.442
25 26 50 79.402
26 281 8 14.255
27 457 42 23.939
28 60 8 59.945
29 1246 43 20.658
30 126 14 47.441
31 1203 58 48.712
32 306 7 10.783
33 1082 32 23.539
34 363 36 74.028
35 1195 26 19.869
36 1312 42 39.573
37 813 43 54.894
38 1062 9 31.944
39 825 21 83.745
40 437 44 64.371
41 1431 35 83.215
42 923 15 39.418
43 899 49 4.331
44 70 8 80.085
45 607 28 41.798
46 198 47 14.908
47 187 54 81.619
48 1223 27 71.064
49 737 39 40.299
50 446 57 44.273
51 523 3 83.385
52 29 32 84.709
53 1298 55 57.989
54 673 1 50.743
55 309 60 83.456
56 186 36 30.353
57 29 53 12.522
58 452 40 20.492
59 423 51 34.281
60 1423 57 87.715
61 264 58 35.487
62 926 55 7.478
63 222 21 5.504
64 829 18 36.200
65 1227 22 76.622
66 403 32 65.047
67 1178 35 96.416
68 1234 1 27.461
69 1027 10 59.261
70 256 54 43.190
71 1254 48 22.678
72 1212 37 99.004
73 992 17 38.939
74 1439 52 30.454
75 725 57 18.999
76 1228 55 84.376
77 134 45 62.630
78 709 53 17.606
79 920 19 3.372
80 472 30 68.876
81 14 47 39.867
82 520 1 32.800
83 541 15 66.052
84 1102 57 95.371
85 652 28 68.628
86 553 45 33.892
87 891 55 38.314
88 1178 24 28.946
89 170 25 47.923
90 553 44 63.399
91 794 14 91.932
92 1348 53 61.978
93 866 49 57.012
94 578 3 70.214
95 759 28 39.773
96 707 13 79.341
97 718 47 48.404
98 264 31 48.184
99 717 15 58.570
100 960 3 3.609