100
1 59 34 22.093
2 250 36 12.874
3 1265 27 24.803
4 266 40 16.111
5 395 39 61.361
6 59 12 36.640
7 1225 4 39.016
8 596 48 99.325
9 420 2 42.519
10 522 55 71.018
11 391 55 77.756
12 1146 20 76.980
13 748 44 14.732
14 778 50 79.755
15 1288 11 71.077
16 946 34 18.555
17 433 13 19.782
18 1015 49 37.520
19 454 35 68.311
20 969 17 93.550
21 8 9 21.226
22 936 24 75.749
23 613 31 83.512
24 270 8 70.267
25 1274 35 28.097
26 1291 24 32.373
27 716 16 52.881
28 511 31 31.649
29 149 23 26.666
30 377 59 5.596
31 1100 53 81.396
32 650 48 1.537
33 786 48 16.048
34 1159 32 98.562
35 1280 52 15.234
36 283 50 13.004
37 983 27 54.998
38 143 53 37.236
39 47 59 87.502
40 1130 21 51.028
41 984 46 82.804
42 926 47 68.709
43 954 25 71.132
44 1033 5 51.742
45 734 13 59.180
46 300 44 33.276
47 1244 22 87.799
48 699 38 87.904
49 11 14 43.748
50 836 52 97.573
51 1384 16 75.075
52 1033 2 86.654
53 536 1 85.943
54 1226 19 53.804
55 583 30 15.348
56 760 53 74.503
57 968 51 36.162
58 820 15 19.759
59 1236 14 19.372
60 209 53 14.958
61 29 41 46.514
62 17 56 94.109
63 266 2 7.462
64 972 21 52.960
65 909 58 43.068
66 25 29 15.894
67 1310 11 64.724
68 848 56 53.929
69 823 54 46.505
70 25 53 24.814
71 985 14 25.216
72 172 23 15.562
73 388 13 43.408
74 1375 52 87.628
75 194 48 64.291
76 132 27 34.666
77 1362 32 20.576
78 448 3 97.670
79 1150 35 79.489
80 164 35 75.873
81 925 57 24.987
82 232 53 94.531
83 339 12 20.823
84 450 23 97.316
85 1215 58 58.831
86 370 54 68.509
87 863 28 34.159
88 1033 35 85.062
89 529 27 89.488
90 1118 42 13.484
91 1154 45 54.066
92 881 58 80.759
93 401 5 75.434
94 451 27 66.269
95 1354 22 66.616
96 355 38 38.190
97 182 41 56.927
98 1033 4 7.522
99 1095 52 17.143
100 1418 43 56.150