100
1 92 20 61.657
2 633 46 84.348
3 1053 9 27.993
4 1052 47 95.300
5 20 16 44.359
6 1030 42 4.778
7 103 11 99.567
8 985 41 49.720
9 881 44 31.413
10 851 43 40.937
11 495 50 38.203
12 13 33 53.069
13 433 12 41.105
14 373 22 35.204
15 1285 50 13.866
16 1359 22 37.168
17 475 27 98.280
18 1421 13 53.030
19 1418 35 79.256
20 490 22 67.084
21 968 56 49.580
22 341 5 0.378
23 661 38 54.734
24 1308 20 8.898
25 625 59 47.471
26 1092 17 57.653
27 98 17 11.800
28 83 51 51.740
29 966 20 94.114
30 1078 30 47.891
31 656 54 28.051
32 432 12 77.959
33 24 59 75.202
34 1366 12 89.594
35 530 23 52.371
36 637 1 22.481
37 1062 7 75.794
38 323 13 18.899
39 1077 15 67.546
40 13 56 13.911
41 1065 9 87.090
42 458 25 46.767
43 1230 49 0.956
44 795 3 74.271
45 666 15 70.349
46 618 47 4.049
47 1432 49 35.071
48 580 2 91.453
49 122 17 62.021
50 775 22 14.384
51 1109 48 36.002
52 519 36 85.929
53 984 30 48.529
54 793 3 74.689
55 795 11 99.989
56 547 18 98.328
57 236 42 53.867
58 966 58 77.190
59 246 10 35.336
60 10 19 57.094
61 733 6 90.631
62 1044 47 49.032
63 1188 21 86.261
64 145 37 38.606
65 1321 31 88.911
66 202 32 41.330
67 128 57 83.066
68 687 31 16.894
69 956 53 24.629
70 40 4 21.942
71 86 9 89.917
72 757 2 11.803
73 948 25 68.282
74 819 16 72.918
75 1063 19 18.642
76 1330 49 95.228
77 1285 50 56.015
78 797 17 13.739
79 1432 57 70.135
80 221 59 92.905
81 1279 18 22.039
82 655 42 4.838
83 513 32 86.712
84 512 50 69.545
85 1148 55 26.744
86 689 25 23.960
87 1106 12 96.121
88 118 32 91.969
89 440 60 1.981
90 217 24 86.855
91 1418 12 94.897
92 169 45 79.431
93 73 9 76.325
94 809 58 38.736
95 462 33 45.622
96 1412 30 61.268
97 1043 30 39.180
98 986 1 8.213
99 918 12 41.171
100 120 8 87.848