100
1 130 58 8.549
2 1025 15 25.773
3 397 21 24.075
4 552 27 16.362
5 1338 9 15.995
6 901 26 17.012
7 743 49 61.384
8 1302 40 97.727
9 985 26 27.906
10 905 13 56.222
11 842 32 27.382
12 1105 52 16.212
13 453 10 48.946
14 384 23 1.500
15 93 23 97.115
16 573 22 51.608
17 1050 30 49.843
18 1359 45 96.854
19 503 32 89.867
20 752 44 15.799
21 334 41 13.242
22 528 54 67.785
23 42 51 15.822
24 294 14 15.885
25 1370 52 71.923
26 782 59 91.867
27 1307 42 80.007
28 1071 56 90.850
29 584 16 87.305
30 489 45 20.511
31 572 29 5.573
32 1417 29 59.342
33 1169 5 92.096
34 106 44 56.201
35 489 8 19.780
36 1309 24 89.031
37 85 9 57.986
38 1104 3 97.460
39 48 23 11.436
40 605 40 29.608
41 89 26 47.626
42 364 32 49.067
43 414 58 75.080
44 1081 1 95.034
45 613 1 25.150
46 20 41 43.592
47 281 51 69.432
48 1126 44 74.015
49 1323 58 89.603
50 754 11 77.849
51 367 52 70.357
52 1043 19 39.543
53 1034 15 50.406
54 915 57 86.390
55 252 22 31.498
56 1094 5 77.936
57 176 58 98.364
58 1173 30 96.319
59 645 14 51.517
60 1105 7 55.058
61 1101 48 8.793
62 995 42 13.269
63 1321 43 96.277
64 164 9 22.682
65 1372 36 64.620
66 598 5 87.872
67 1119 34 90.402
68 1259 36 64.195
69 863 18 6.845
70 486 25 96.146
71 351 29 45.798
72 1401 10 59.757
73 842 32 0.242
74 1224 28 74.041
75 301 36 6.162
76 1058 14 41.234
77 1405 22 54.551
78 504 40 64.517
79 669 35 39.868
80 1348 21 48.211
81 539 44 51.390
82 332 37 67.620
83 170 47 49.998
84 1229 27 11.086
85 919 1 65.162
86 1145 7 53.429
87 696 16 0.301
88 1392 46 91.311
89 1343 31 2.013
90 150 55 1.432
91 1213 26 67.567
92 1020 33 93.449
93 178 10 7.381
94 5 23 20.510
95 230 28 77.997
96 67 31 81.579
97 289 12 5.796
98 915 53 23.000
99 580 9 36.207
100 396 53 58.835