100
1 1232 12 24.083
2 553 38 74.172
3 1003 18 17.921
4 823 49 63.535
5 1172 17 82.106
6 563 45 49.139
7 6 52 47.971
8 1228 39 32.019
9 748 42 96.437
10 1078 16 90.683
11 45 49 8.418
12 5 1 18.100
13 1160 46 47.794
14 803 13 5.955
15 784 23 91.556
16 1098 47 88.112
17 454 43 7.812
18 1383 53 1.804
19 45 24 56.117
20 1090 53 69.535
21 1063 56 21.315
22 650 33 80.100
23 545 59 1.908
24 1035 20 95.453
25 269 31 60.944
26 235 21 51.154
27 932 4 69.091
28 445 51 92.864
29 913 11 11.280
30 1325 16 7.655
31 48 35 53.048
32 1059 30 59.095
33 68 35 9.529
34 1070 54 30.474
35 418 27 78.692
36 1358 33 35.990
37 1157 16 7.973
38 731 48 45.134
39 167 28 98.903
40 128 41 66.855
41 306 43 83.670
42 96 57 34.257
43 1284 20 56.693
44 841 12 55.638
45 1144 45 64.369
46 1165 8 96.019
47 663 46 31.206
48 281 22 95.428
49 505 56 55.314
50 557 12 0.880
51 387 46 60.336
52 720 45 32.719
53 18 46 0.823
54 693 6 94.072
55 685 11 52.240
56 939 33 67.043
57 1163 32 95.299
58 1386 14 34.220
59 1069 9 41.210
60 1035 4 96.879
61 655 55 41.693
62 676 35 70.027
63 1143 59 24.951
64 1355 1 3.446
65 308 42 96.112
66 1307 24 43.136
67 847 30 75.466
68 549 2 79.485
69 463 12 85.282
70 388 7 39.307
71 398 9 91.457
72 540 3 78.820
73 37 59 0.187
74 97 8 88.226
75 1102 17 77.048
76 1165 2 46.977
77 1198 12 15.311
78 567 8 52.495
79 1327 5 75.336
80 850 37 86.744
81 677 57 57.466
82 462 14 19.275
83 1401 29 2.882
84 633 57 33.617
85 382 27 83.810
86 337 45 73.083
87 1286 36 91.225
88 92 42 9.590
89 1370 59 77.974
90 225 50 53.584
91 782 29 51.381
92 707 14 0.018
93 1113 11 31.975
94 432 1 22.436
95 715 30 14.157
96 499 8 21.072
97 1010 39 16.261
98 31 49 65.056
99 107 57 12.383
100 308 50 33.793