100
1 48 12 16.420
2 493 54 28.042
3 487 4 4.192
4 394 15 81.529
5 682 8 51.211
6 1304 30 93.665
7 1232 15 24.353
8 947 3 14.744
9 1178 17 31.650
10 323 6 90.717
11 1279 41 47.257
12 1025 51 7.432
13 285 10 80.572
14 529 44 0.562
15 978 6 73.111
16 633 22 66.100
17 1254 55 23.387
18 464 59 26.034
19 113 2 18.687
20 1056 17 33.175
21 575 37 89.816
22 53 29 19.757
23 11 14 43.878
24 321 41 32.079
25 943 4 72.243
26 97 16 93.701
27 558 32 8.743
28 592 41 41.945
29 4 3 26.142
30 762 52 74.387
31 853 7 88.212
32 867 24 79.596
33 751 47 76.601
34 461 7 41.454
35 683 1 15.777
36 79 25 53.670
37 791 27 64.855
38 164 45 97.527
39 210 45 81.319
40 3 21 40.044
41 752 50 10.440
42 442 48 95.720
43 841 4 41.526
44 915 24 8.805
45 1141 27 63.482
46 977 55 17.910
47 823 54 97.778
48 163 48 86.874
49 203 17 70.939
50 740 6 77.730
51 74 37 65.870
52 4 35 95.400
53 975 21 19.209
54 1437 39 18.559
55 496 12 50.429
56 303 59 36.456
57 369 37 83.606
58 104 38 62.429
59 94 32 15.112
60 588 11 1.851
61 707 2 85.824
62 247 24 85.280
63 468 40 93.657
64 176 36 46.320
65 989 15 69.770
66 150 16 15.648
67 1200 59 23.588
68 60 38 16.171
69 781 35 32.033
70 1270 34 59.411
71 1034 30 70.170
72 918 41 43.699
73 288 46 17.807
74 609 53 13.929
75 674 43 64.303
76 814 39 85.817
77 128 36 28.734
78 425 22 76.685
79 835 2 14.900
80 674 16 79.647
81 821 38 6.777
82 718 50 59.021
83 1372 23 71.427
84 400 56 17.078
85 1227 32 89.167
86 634 29 28.730
87 1429 16 36.992
88 816 59 35.254
89 1245 15 75.707
90 1176 34 16.703
91 1367 25 71.535
92 29 59 35.202
93 1082 44 81.194
94 1060 8 70.488
95 690 32 75.739
96 716 49 8.158
97 801 22 87.074
98 1164 15 58.798
99 724 49 87.266
100 603 41 65.649