100
1 750 12 13.776
2 554 29 71.264
3 38 41 80.483
4 112 46 81.116
5 998 37 1.702
6 778 3 74.711
7 1031 21 93.711
8 729 37 30.989
9 1317 28 88.359
10 826 24 20.310
11 1204 58 33.654
12 744 53 89.571
13 284 34 18.215
14 991 48 19.964
15 332 6 2.500
16 274 30 33.042
17 799 19 89.483
18 122 41 70.182
19 344 57 97.869
20 22 60 90.730
21 1419 35 65.973
22 677 23 3.478
23 1420 5 65.715
24 1387 58 31.941
25 171 5 63.118
26 1063 51 22.916
27 559 36 94.227
28 884 4 78.549
29 711 9 6.492
30 1025 27 22.331
31 866 27 47.478
32 636 45 39.179
33 1258 59 73.967
34 1324 7 1.516
35 528 19 30.659
36 149 56 19.266
37 940 33 3.541
38 1056 53 25.365
39 128 15 65.252
40 110 7 14.419
41 640 42 71.829
42 191 12 47.019
43 39 30 67.788
44 1103 16 57.313
45 681 50 45.927
46 928 32 2.562
47 923 14 49.797
48 88 25 80.494
49 608 49 72.281
50 332 5 61.491
51 1251 46 24.895
52 600 29 21.325
53 372 14 91.292
54 280 33 77.705
55 1123 8 59.504
56 1135 28 23.480
57 677 3 84.397
58 915 23 12.615
59 1219 7 91.537
60 713 35 47.177
61 538 18 71.686
62 826 30 66.528
63 244 1 97.996
64 1434 6 64.907
65 1274 54 55.107
66 1213 2 80.620
67 362 16 13.559
68 950 21 92.952
69 78 42 11.318
70 379 41 97.724
71 1407 12 53.852
72 724 9 59.012
73 138 25 5.620
74 1127 18 63.961
75 951 12 37.189
76 51 38 33.605
77 613 46 46.656
78 1358 6 27.973
79 1340 41 72.663
80 637 59 82.410
81 349 25 95.237
82 1408 7 11.479
83 308 1 42.953
84 23 2 49.257
85 1338 53 39.514
86 1136 33 74.115
87 1265 55 12.642
88 237 44 15.374
89 108 24 94.352
90 852 19 56.699
91 683 52 82.224
92 427 2 52.873
93 875 22 87.265
94 367 17 92.177
95 1145 25 8.467
96 87 38 73.587
97 28 16 61.455
98 124 49 23.399
99 1111 30 15.041
100 735 35 52.076