100
1 899 49 29.272
2 97 49 76.278
3 468 23 69.131
4 845 30 71.840
5 615 41 5.777
6 146 9 58.472
7 36 36 33.608
8 657 21 60.826
9 289 51 48.188
10 1040 13 47.591
11 948 48 67.875
12 907 41 80.469
13 394 8 29.762
14 758 20 70.419
15 181 31 17.378
16 1360 17 35.291
17 1360 42 20.273
18 1067 32 33.766
19 707 26 17.978
20 991 48 61.528
21 969 47 5.252
22 547 29 32.118
23 993 9 44.595
24 308 30 37.221
25 1003 49 58.362
26 265 27 62.772
27 1296 44 62.271
28 826 29 58.626
29 1067 1 40.873
30 1377 8 28.504
31 929 60 38.057
32 897 15 85.120
33 303 54 89.130
34 1002 8 98.352
35 1275 23 17.280
36 42 40 75.928
37 147 11 67.555
38 1410 33 37.324
39 1349 21 0.917
40 201 13 87.151
41 455 45 80.024
42 1357 34 91.098
43 74 55 13.521
44 375 54 36.509
45 945 40 49.827
46 1118 36 30.195
47 764 2 86.190
48 1140 13 51.131
49 176 38 95.038
50 1141 17 35.807
51 870 2 67.699
52 626 10 90.234
53 1237 45 39.012
54 1401 12 79.931
55 363 21 17.779
56 933 33 72.254
57 1097 11 18.878
58 313 39 73.031
59 775 60 16.502
60 412 37 85.666
61 84 33 24.674
62 380 51 12.830
63 532 20 46.489
64 440 57 76.395
65 1024 2 65.242
66 702 32 91.062
67 855 26 3.984
68 1236 16 53.197
69 723 36 6.383
70 985 20 25.734
71 431 36 89.028
72 258 55 44.903
73 1150 14 0.549
74 57 54 6.188
75 920 53 84.822
76 616 27 50.833
77 293 2 78.242
78 649 1 27.817
79 892 29 32.207
80 1240 57 21.708
81 529 22 85.135
82 568 14 86.446
83 525 9 48.994
84 777 3 38.392
85 938 16 22.567
86 677 43 47.437
87 572 58 2.522
88 854 44 17.766
89 1300 30 66.804
90 1024 27 28.210
91 1064 55 79.382
92 336 58 28.956
93 520 36 58.568
94 1247 41 56.468
95 101 40 60.208
96 431 6 48.210
97 1335 36 5.463
98 762 21 2.547
99 1327 20 22.292
100 1170 38 18.295