100
1 771 53 67.048
2 610 25 39.820
3 153 38 45.760
4 1345 4 21.385
5 738 30 54.827
6 558 52 47.086
7 933 11 87.762
8 145 17 2.302
9 902 41 28.638
10 329 42 87.318
11 705 26 89.037
12 86 23 99.912
13 103 34 82.893
14 386 60 77.264
15 376 59 53.837
16 247 20 53.410
17 993 30 36.022
18 1361 40 86.671
19 360 7 36.762
20 223 24 86.890
21 1058 49 23.609
22 91 11 33.581
23 55 26 90.331
24 359 20 98.964
25 811 48 52.927
26 1158 32 70.613
27 1379 32 24.651
28 550 18 5.691
29 1373 41 41.034
30 956 43 88.286
31 384 35 39.159
32 1403 45 66.007
33 717 10 31.131
34 1196 27 67.615
35 705 29 93.436
36 829 48 64.803
37 1104 47 42.088
38 876 5 23.510
39 271 31 18.246
40 890 20 11.539
41 787 2 88.685
42 1263 21 80.398
43 266 14 74.436
44 1387 21 10.635
45 619 12 56.653
46 819 59 93.996
47 28 20 33.707
48 994 47 47.036
49 554 23 5.333
50 707 39 66.818
51 115 27 30.670
52 8 8 41.284
53 211 44 27.684
54 850 16 74.185
55 321 55 50.184
56 454 18 7.894
57 917 28 75.576
58 1357 10 4.336
59 678 47 93.674
60 228 16 47.576
61 728 43 27.927
62 763 59 32.509
63 661 44 78.505
64 915 12 57.892
65 1206 34 57.166
66 1241 49 35.203
67 807 28 94.816
68 1199 34 8.292
69 181 50 67.749
70 1254 5 63.652
71 41 56 40.498
72 878 29 97.038
73 989 20 44.905
74 1123 54 71.880
75 665 59 1.600
76 357 51 59.045
77 39 34 20.061
78 1381 31 83.359
79 770 45 92.846
80 1358 46 28.264
81 480 48 78.695
82 1365 7 83.767
83 154 52 43.824
84 763 58 82.239
85 333 38 64.221
86 586 46 35.475
87 1156 46 10.294
88 845 50 97.059
89 777 13 58.654
90 723 5 32.790
91 593 19 75.593
92 1123 46 21.003
93 925 30 40.759
94 137 26 89.075
95 424 26 47.655
96 1276 46 76.742
97 380 43 26.080
98 95 12 58.060
99 781 26 2.133
100 1307 53 89.880