100
1 1320 55 92.000
2 1159 28 68.071
3 25 15 97.048
4 1110 10 39.238
5 693 4 23.390
6 1274 11 86.246
7 354 55 72.619
8 492 45 61.195
9 1105 15 40.133
10 1078 47 93.403
11 891 9 6.220
12 677 53 37.488
13 688 45 58.156
14 1026 10 27.397
15 16 40 47.898
16 107 52 11.486
17 543 22 79.489
18 1148 15 42.756
19 696 16 12.582
20 770 1 29.423
21 207 17 34.993
22 468 41 96.176
23 656 26 2.768
24 994 5 44.394
25 375 44 64.032
26 1258 12 0.403
27 130 9 69.118
28 9 27 33.899
29 919 18 29.868
30 487 34 74.455
31 527 55 66.606
32 1401 54 18.873
33 1410 43 95.410
34 1088 48 41.703
35 145 34 35.643
36 30 47 70.265
37 893 2 9.545
38 1353 50 85.206
39 799 12 54.953
40 704 12 89.621
41 1206 27 43.977
42 25 9 4.691
43 85 45 74.098
44 53 49 39.389
45 545 22 99.839
46 199 44 99.419
47 324 13 63.233
48 149 48 93.199
49 672 3 33.007
50 297 26 60.068
51 1015 18 21.119
52 228 49 96.913
53 997 60 81.549
54 576 53 4.575
55 17 59 13.078
56 247 24 37.223
57 324 46 81.370
58 987 41 2.465
59 1193 13 78.648
60 692 55 60.146
61 1176 33 98.794
62 1225 59 60.605
63 185 33 70.095
64 1112 57 24.288
65 470 56 52.200
66 398 22 82.026
67 331 27 4.988
68 457 16 0.747
69 507 4 39.598
70 415 53 36.545
71 138 31 94.977
72 1072 21 47.544
73 133 53 44.798
74 52 22 69.533
75 1239 7 58.924
76 58 4 41.319
77 1242 46 52.267
78 811 8 85.946
79 644 24 53.679
80 1030 16 14.571
81 294 28 84.190
82 491 31 2.203
83 990 15 48.878
84 1365 35 56.921
85 1237 59 50.988
86 805 55 47.937
87 131 12 97.419
88 416 35 19.916
89 444 46 83.428
90 955 9 44.918
91 173 35 93.727
92 633 16 97.065
93 1245 25 81.884
94 76 44 17.311
95 1306 30 82.029
96 267 22 16.966
97 1267 1 23.096
98 490 37 56.782
99 549 26 93.305
100 712 55 78.948