100
1 625 46 76.132
2 735 3 82.869
3 161 3 54.623
4 509 33 10.753
5 66 51 23.027
6 897 32 14.269
7 1076 6 49.908
8 815 55 39.926
9 13 35 30.780
10 513 47 48.127
11 1031 54 61.260
12 1438 39 42.342
13 525 4 34.214
14 809 3 55.568
15 879 59 28.654
16 170 4 6.745
17 130 34 25.046
18 692 5 24.779
19 153 5 93.773
20 654 42 15.961
21 78 10 16.468
22 449 35 54.438
23 794 51 96.145
24 26 56 90.497
25 527 48 84.443
26 785 12 53.090
27 864 12 15.431
28 100 49 2.320
29 705 8 35.865
30 522 59 95.151
31 469 4 17.888
32 911 57 77.966
33 383 4 95.361
34 207 42 98.952
35 1261 41 42.290
36 40 21 57.265
37 78 38 50.508
38 731 6 56.848
39 652 4 42.002
40 1251 34 7.606
41 283 49 48.771
42 1147 40 96.555
43 952 30 49.833
44 141 50 44.141
45 1113 40 58.782
46 265 39 81.398
47 1372 51 12.728
48 511 57 30.213
49 341 14 25.041
50 1189 13 78.248
51 1435 49 67.926
52 690 55 37.522
53 534 38 91.090
54 1414 13 72.834
55 627 13 50.473
56 482 50 30.530
57 352 9 5.639
58 175 57 41.574
59 740 39 75.338
60 977 26 26.510
61 3 12 70.088
62 311 13 34.222
63 1162 60 77.491
64 1053 22 30.019
65 1058 52 44.264
66 499 38 21.976
67 415 54 59.777
68 158 45 94.754
69 595 31 38.729
70 1326 22 43.824
71 399 3 4.957
72 224 29 9.065
73 680 59 75.657
74 617 12 69.289
75 1225 21 15.060
76 655 31 42.567
77 1207 24 81.414
78 1212 3 46.918
79 722 52 22.221
80 429 52 11.191
81 381 55 13.968
82 726 48 39.850
83 875 13 57.464
84 1028 43 61.185
85 406 21 5.229
86 61 54 79.972
87 549 41 30.145
88 924 3 50.749
89 834 34 14.182
90 885 15 78.915
91 218 56 56.595
92 602 45 72.330
93 798 46 54.049
94 280 53 86.136
95 605 27 68.840
96 1318 55 18.161
97 263 20 28.310
98 338 5 84.742
99 480 58 52.167
100 1230 22 20.794