100
1 1334 2 37.065
2 31 42 91.357
3 1419 17 15.105
4 1383 13 30.115
5 445 57 82.230
6 741 37 28.168
7 1207 39 5.365
8 875 26 27.404
9 609 58 83.796
10 908 14 67.073
11 408 27 50.231
12 838 36 60.742
13 784 59 33.099
14 281 10 88.472
15 937 10 70.274
16 938 58 63.073
17 39 40 48.418
18 241 46 72.712
19 655 41 75.443
20 113 34 60.194
21 872 7 72.373
22 1325 21 58.315
23 861 55 55.219
24 249 42 88.032
25 724 32 83.680
26 1261 36 25.703
27 327 22 76.580
28 84 40 42.176
29 1268 23 13.669
30 663 49 16.218
31 138 7 47.769
32 455 41 40.399
33 942 56 61.876
34 966 34 18.303
35 1118 15 62.175
36 654 15 50.992
37 1414 47 97.334
38 1190 32 48.770
39 1091 15 96.384
40 1406 12 90.877
41 1206 11 56.511
42 530 21 94.208
43 839 17 74.148
44 315 18 50.589
45 577 9 40.539
46 446 31 25.620
47 378 40 69.548
48 844 54 15.934
49 239 1 41.626
50 598 51 24.952
51 959 21 90.904
52 1024 40 59.895
53 985 17 54.604
54 999 13 8.304
55 659 37 20.229
56 195 51 77.944
57 231 26 9.671
58 1263 21 57.881
59 698 56 40.067
60 55 45 43.628
61 48 25 42.635
62 4 24 88.337
63 983 30 71.976
64 661 18 9.197
65 859 59 74.675
66 433 48 24.272
67 211 53 50.211
68 1125 43 17.193
69 1181 42 28.650
70 934 44 88.844
71 1210 54 42.110
72 133 1 67.129
73 161 8 40.739
74 153 39 51.161
75 1369 20 82.270
76 1291 52 46.362
77 1250 59 26.529
78 245 30 4.837
79 183 24 9.860
80 723 60 17.156
81 65 24 83.023
82 110 17 76.719
83 404 59 50.759
84 299 44 61.811
85 170 45 5.361
86 1175 25 24.111
87 955 7 50.661
88 876 47 93.194
89 974 44 31.271
90 721 13 39.224
91 1439 40 66.781
92 808 7 81.156
93 1115 49 54.464
94 861 1 46.962
95 1248 11 88.822
96 1092 8 77.012
97 861 41 6.313
98 854 56 77.674
99 239 33 35.998
100 936 44 46.937