100
1 289 9 13.049
2 1119 39 38.829
3 669 12 36.472
4 261 53 82.632
5 1106 1 39.575
6 759 31 21.840
7 127 42 12.206
8 1410 43 4.531
9 173 56 50.286
10 294 60 16.516
11 1027 8 14.488
12 1216 29 80.338
13 974 5 96.356
14 380 49 18.180
15 271 19 80.023
16 164 16 75.018
17 667 39 58.807
18 1159 35 69.480
19 698 32 43.856
20 1139 34 79.962
21 1182 40 21.501
22 1074 8 76.183
23 321 1 45.832
24 953 33 40.729
25 208 50 22.242
26 459 2 59.526
27 119 23 31.021
28 190 9 0.283
29 884 36 86.565
30 436 21 15.468
31 947 20 79.823
32 486 58 11.815
33 187 53 86.260
34 254 38 60.999
35 300 28 7.175
36 990 35 16.678
37 1174 58 88.683
38 780 17 63.910
39 285 45 12.032
40 390 21 85.483
41 838 32 45.033
42 1435 19 27.929
43 1051 4 58.960
44 832 45 28.970
45 1397 12 21.300
46 1383 34 65.016
47 929 36 68.742
48 1198 20 70.321
49 452 15 34.833
50 526 6 96.527
51 1320 13 66.791
52 980 11 40.416
53 741 28 80.981
54 42 30 8.114
55 34 31 89.524
56 561 51 35.662
57 7 36 0.567
58 627 9 42.733
59 130 22 35.148
60 2 51 60.987
61 528 28 68.446
62 763 60 8.864
63 711 14 47.347
64 90 13 47.829
65 1123 19 42.672
66 1289 13 86.694
67 948 23 96.916
68 520 37 98.881
69 261 15 44.182
70 1038 4 35.027
71 1100 57 66.145
72 1108 42 83.174
73 37 1 8.035
74 262 11 70.381
75 85 16 64.008
76 1349 21 12.936
77 313 52 50.818
78 1179 46 25.222
79 541 9 16.996
80 759 20 57.269
81 1231 58 12.612
82 178 33 14.288
83 891 3 10.047
84 323 51 45.584
85 1182 25 9.547
86 1322 51 94.426
87 774 28 78.741
88 842 14 85.018
89 78 18 70.619
90 1045 42 6.587
91 146 44 73.173
92 1009 32 1.390
93 681 19 18.782
94 1027 4 26.946
95 563 56 11.340
96 916 55 94.528
97 1209 56 49.016
98 370 7 4.633
99 603 28 76.475
100 624 17 0.192