100
1 528 36 99.169
2 1070 45 74.266
3 376 55 20.524
4 920 35 20.478
5 737 45 54.702
6 1389 15 47.402
7 587 35 86.164
8 198 2 52.588
9 752 39 56.455
10 203 38 57.344
11 918 40 4.139
12 1359 45 27.297
13 642 9 73.207
14 1380 54 76.247
15 1351 8 28.880
16 920 47 80.102
17 137 32 74.120
18 1347 11 5.121
19 1039 43 41.842
20 1218 22 50.414
21 117 56 28.785
22 823 44 44.438
23 1235 46 21.243
24 525 42 29.725
25 1172 18 97.854
26 1309 42 68.409
27 826 36 73.723
28 946 26 21.587
29 396 43 94.019
30 961 37 3.831
31 99 24 8.726
32 1390 33 20.411
33 906 22 80.339
34 472 40 26.167
35 1364 2 20.119
36 593 7 97.769
37 574 56 64.522
38 1122 20 76.128
39 1109 31 50.450
40 1232 24 18.592
41 69 24 88.127
42 970 30 85.327
43 413 31 95.776
44 165 56 26.367
45 52 29 26.594
46 1322 42 53.631
47 687 27 72.512
48 1106 27 11.637
49 554 26 45.024
50 1429 4 36.727
51 251 46 42.191
52 282 10 49.035
53 1278 19 41.326
54 966 52 65.006
55 1098 26 71.896
56 725 24 76.250
57 245 6 87.127
58 325 9 3.269
59 398 8 64.778
60 211 11 16.735
61 890 3 19.809
62 931 31 21.814
63 1340 59 69.048
64 771 55 7.012
65 1385 45 1.590
66 127 56 13.931
67 456 22 37.621
68 1187 29 69.510
69 639 53 45.948
70 637 35 16.016
71 986 54 76.547
72 1014 38 96.370
73 1061 58 42.999
74 1055 37 37.165
75 1092 42 98.058
76 759 50 21.950
77 1307 60 52.343
78 972 43 1.659
79 788 51 83.173
80 1162 18 15.406
81 1261 1 14.113
82 691 36 77.913
83 164 29 58.914
84 135 20 68.345
85 711 16 68.195
86 493 15 85.295
87 1146 26 17.016
88 362 20 53.162
89 88 18 31.197
90 13 29 65.467
91 465 45 47.628
92 201 24 35.817
93 1283 29 39.804
94 667 58 3.798
95 479 37 88.825
96 588 27 51.239
97 8 48 39.874
98 828 56 5.575
99 1041 2 34.519
100 806 39 9.205