100
1 727 40 85.148
2 846 57 70.953
3 609 49 80.397
4 876 21 99.454
5 466 7 34.014
6 1068 18 99.100
7 617 60 41.397
8 256 40 39.478
9 735 52 33.900
10 78 51 86.693
11 320 54 12.143
12 345 45 32.573
13 1176 12 23.439
14 418 19 87.252
15 276 45 85.012
16 293 5 76.615
17 875 33 26.816
18 459 28 60.374
19 616 11 25.496
20 235 1 28.722
21 631 50 53.168
22 89 3 63.676
23 808 21 15.232
24 615 8 18.560
25 280 1 37.942
26 1159 25 3.639
27 486 44 51.499
28 839 26 74.312
29 1103 57 67.660
30 935 30 14.043
31 809 28 86.744
32 868 18 52.962
33 179 16 73.505
34 218 32 10.923
35 664 54 10.931
36 1367 26 93.875
37 322 54 38.004
38 65 14 51.237
39 717 51 44.956
40 291 16 49.081
41 272 20 31.250
42 849 58 27.682
43 779 37 92.362
44 87 14 75.508
45 109 5 14.426
46 1428 42 16.752
47 444 51 51.979
48 1285 4 55.658
49 391 12 88.059
50 1117 42 33.770
51 529 57 89.297
52 1048 57 23.797
53 544 57 42.148
54 374 54 30.106
55 1096 45 80.554
56 431 54 5.517
57 387 41 36.197
58 1132 53 69.290
59 283 15 71.159
60 479 38 84.746
61 1175 1 87.008
62 666 18 90.386
63 53 48 71.049
64 1131 57 37.960
65 345 35 83.068
66 41 20 62.673
67 48 22 38.747
68 655 32 21.903
69 295 25 9.631
70 423 12 22.811
71 1023 43 54.351
72 968 49 51.663
73 508 30 32.497
74 998 43 70.504
75 325 55 69.084
76 896 7 12.146
77 1395 52 29.343
78 660 42 54.427
79 47 20 30.814
80 691 55 50.270
81 550 17 28.094
82 907 1 31.199
83 1146 40 47.934
84 1313 28 93.016
85 661 18 53.482
86 57 45 16.867
87 578 38 31.435
88 1267 51 29.694
89 803 46 81.629
90 1169 56 51.117
91 804 5 44.787
92 438 53 40.951
93 1008 16 92.387
94 70 25 73.374
95 1003 22 12.272
96 1229 59 77.682
97 156 17 92.820
98 109 22 14.341
99 425 13 49.977
100 1342 12 22.479