100
1 1388 59 13.278
2 162 19 99.627
3 619 10 61.472
4 411 58 77.304
5 365 55 56.022
6 351 49 42.662
7 736 13 40.517
8 914 30 95.744
9 316 33 40.715
10 1264 51 36.644
11 513 24 39.958
12 476 47 65.916
13 546 31 86.902
14 514 53 77.622
15 40 53 87.809
16 476 25 9.576
17 167 18 87.969
18 1205 59 65.248
19 1097 51 55.554
20 893 5 0.811
21 667 52 63.705
22 97 37 90.135
23 20 44 22.681
24 860 35 32.297
25 1155 48 46.918
26 689 28 79.081
27 331 55 48.143
28 1337 1 42.575
29 1425 31 5.867
30 1255 4 24.154
31 293 3 83.907
32 1314 5 40.139
33 1402 35 61.011
34 1393 4 93.627
35 1272 55 80.478
36 720 2 47.435
37 1134 60 64.400
38 1245 51 33.750
39 910 57 67.407
40 522 14 37.967
41 943 47 94.903
42 284 14 60.097
43 1160 33 51.415
44 367 13 92.538
45 162 51 72.512
46 1129 58 71.471
47 1168 3 14.143
48 1208 14 59.324
49 400 10 55.482
50 499 24 27.194
51 949 57 92.590
52 1017 48 40.180
53 236 35 9.180
54 1384 53 74.554
55 103 7 71.907
56 279 32 49.653
57 879 24 84.856
58 1326 29 41.489
59 997 41 44.948
60 546 35 25.369
61 1414 43 7.226
62 557 23 45.009
63 668 22 32.176
64 638 32 34.531
65 225 10 4.292
66 390 22 18.290
67 1248 23 22.401
68 348 16 43.221
69 1022 56 23.368
70 298 22 93.248
71 1060 22 63.370
72 1304 10 94.470
73 317 29 85.929
74 1366 48 20.039
75 1015 13 31.279
76 1068 47 73.314
77 390 36 33.351
78 365 4 54.401
79 233 50 43.466
80 1102 23 69.501
81 991 38 97.251
82 852 16 76.526
83 1324 39 99.208
84 1188 40 47.965
85 1300 45 84.293
86 1097 60 28.812
87 947 28 40.278
88 1245 55 47.475
89 350 18 52.533
90 340 13 99.893
91 1375 22 44.203
92 247 4 77.615
93 938 41 2.511
94 760 14 39.394
95 1100 24 29.877
96 985 7 50.497
97 809 32 30.426
98 707 34 31.192
99 824 8 11.243
100 741 60 4.928