100
1 1226 34 19.051
2 846 57 38.216
3 188 12 22.864
4 1041 35 75.617
5 196 8 27.556
6 133 50 1.453
7 1195 4 0.290
8 1030 41 65.639
9 36 37 3.754
10 1189 31 28.737
11 1176 6 8.604
12 214 47 59.417
13 622 22 55.394
14 757 39 39.074
15 163 30 19.852
16 656 25 51.248
17 832 55 48.828
18 1055 19 86.834
19 1217 59 65.011
20 839 25 32.359
21 686 47 72.016
22 1105 46 13.283
23 82 29 92.682
24 770 6 68.512
25 364 26 96.537
26 564 51 1.834
27 660 59 91.318
28 1215 20 56.532
29 227 26 50.365
30 1106 56 34.136
31 1268 14 43.954
32 1150 44 55.884
33 1087 59 92.995
34 1418 34 12.498
35 1421 56 4.434
36 513 4 25.863
37 1121 14 51.966
38 1225 41 46.395
39 863 49 64.565
40 1004 44 90.586
41 129 51 78.979
42 1034 7 14.809
43 912 56 10.194
44 1094 41 26.929
45 1045 35 78.316
46 1149 19 21.453
47 336 56 63.289
48 277 36 96.512
49 31 9 15.508
50 1372 34 67.934
51 215 49 83.508
52 1390 6 16.290
53 671 35 76.619
54 1259 45 83.993
55 402 32 85.630
56 1218 31 24.084
57 833 42 54.085
58 441 17 35.806
59 772 34 62.210
60 292 4 26.483
61 1386 24 30.066
62 528 2 81.098
63 1294 12 67.909
64 226 56 39.121
65 1407 3 32.037
66 1023 20 89.070
67 1209 9 69.186
68 11 21 99.058
69 1344 12 25.842
70 674 37 41.492
71 827 48 24.987
72 380 5 68.986
73 489 51 79.985
74 1420 35 61.752
75 1039 54 51.296
76 1079 20 89.560
77 1389 38 18.620
78 1407 41 72.613
79 155 7 67.433
80 933 22 29.992
81 786 1 49.149
82 287 60 95.832
83 1301 4 57.522
84 838 15 66.906
85 584 51 49.250
86 1349 14 47.966
87 624 52 63.642
88 781 47 16.294
89 934 48 82.144
90 568 2 13.277
91 824 11 53.105
92 505 27 7.193
93 227 44 69.734
94 1241 26 84.979
95 1267 7 13.844
96 282 51 67.853
97 937 12 35.203
98 1196 4 18.800
99 1158 9 97.494
100 307 59 5.299