100
1 125 47 31.210
2 265 10 82.900
3 650 49 11.571
4 734 45 79.707
5 950 42 22.531
6 814 8 79.329
7 137 56 78.822
8 721 2 24.117
9 566 33 58.199
10 863 59 42.831
11 144 38 3.440
12 263 27 13.741
13 1031 2 9.908
14 765 8 17.265
15 1293 15 99.145
16 1044 57 27.965
17 592 34 68.274
18 641 14 90.945
19 423 16 74.805
20 144 38 32.416
21 573 51 65.378
22 1390 55 40.557
23 328 30 46.395
24 1309 16 66.333
25 1414 14 79.209
26 479 15 99.223
27 1168 50 83.844
28 447 30 68.834
29 180 4 90.251
30 1193 40 55.485
31 1006 31 16.610
32 643 14 63.201
33 604 52 84.368
34 1251 19 43.924
35 506 26 25.185
36 44 59 26.835
37 359 42 9.268
38 745 24 59.939
39 333 5 19.624
40 871 31 83.130
41 904 52 34.497
42 2 21 51.051
43 695 57 92.108
44 851 59 42.209
45 25 22 99.782
46 850 7 63.078
47 133 10 2.977
48 1088 30 54.264
49 206 49 54.575
50 95 25 37.505
51 1338 25 45.369
52 421 9 34.964
53 135 8 68.989
54 784 21 49.345
55 443 5 38.893
56 880 56 94.848
57 41 53 6.312
58 1317 4 74.846
59 614 20 40.984
60 1210 16 43.472
61 666 2 59.838
62 50 1 28.965
63 223 4 42.158
64 1219 37 32.188
65 799 44 71.767
66 673 15 72.930
67 1406 5 50.049
68 1384 29 71.828
69 1181 55 61.864
70 1401 27 29.313
71 618 44 79.630
72 579 30 63.497
73 830 20 89.659
74 1253 20 80.212
75 1406 20 52.078
76 495 1 38.285
77 96 14 65.496
78 365 34 8.856
79 227 11 24.473
80 1246 36 2.545
81 1146 36 70.510
82 1364 48 61.240
83 427 7 90.583
84 1180 7 87.398
85 89 33 96.115
86 760 45 12.936
87 1027 27 19.981
88 961 42 48.838
89 538 60 68.117
90 1419 7 49.358
91 159 60 7.554
92 1054 55 68.664
93 608 22 94.089
94 492 1 11.470
95 926 8 17.591
96 159 26 66.699
97 659 43 16.404
98 1325 41 92.910
99 178 39 65.193
100 534 18 14.863