100
1 860 16 45.680
2 320 27 17.315
3 573 29 65.351
4 773 10 42.563
5 994 51 78.781
6 980 60 67.473
7 1435 6 25.419
8 1395 29 73.300
9 289 45 45.359
10 505 44 81.983
11 1277 47 63.077
12 387 18 28.108
13 121 55 41.089
14 34 33 5.905
15 1428 11 71.943
16 837 12 71.661
17 28 36 1.794
18 1137 55 45.301
19 39 54 3.617
20 570 29 16.203
21 782 59 79.320
22 375 3 16.882
23 777 51 20.685
24 436 29 3.362
25 1424 54 19.679
26 1187 40 94.143
27 1010 57 47.280
28 300 30 13.919
29 666 60 55.473
30 1120 45 34.064
31 251 58 5.202
32 1434 55 90.069
33 709 26 98.609
34 442 7 60.173
35 79 58 69.311
36 331 29 8.365
37 715 33 88.630
38 474 31 38.457
39 1175 52 70.611
40 573 47 66.406
41 294 15 76.642
42 793 22 76.074
43 1204 33 85.826
44 160 51 0.294
45 737 27 84.139
46 673 33 29.650
47 717 36 68.273
48 390 1 24.026
49 793 5 98.688
50 1153 32 11.749
51 921 13 91.716
52 1193 13 29.762
53 1391 21 82.473
54 881 4 53.074
55 881 35 37.569
56 550 26 23.490
57 898 50 26.491
58 427 43 40.768
59 186 26 22.943
60 471 45 27.708
61 658 19 87.138
62 410 23 13.389
63 638 51 22.601
64 1156 26 43.907
65 126 16 7.536
66 1269 42 20.344
67 1015 39 69.035
68 967 9 81.614
69 1114 18 5.658
70 1368 14 9.276
71 1421 49 77.847
72 563 49 40.281
73 422 32 34.395
74 766 6 26.841
75 143 25 62.204
76 950 45 33.479
77 1193 32 11.151
78 548 59 74.256
79 1403 10 74.154
80 1384 52 84.820
81 1273 25 2.057
82 565 53 51.859
83 713 44 87.808
84 178 17 58.772
85 278 9 52.798
86 896 53 26.806
87 72 36 95.828
88 826 11 23.860
89 976 59 81.409
90 735 46 78.706
91 741 1 46.049
92 470 32 2.599
93 175 7 77.455
94 301 51 83.948
95 1175 57 34.441
96 563 57 6.142
97 1201 28 33.313
98 1117 22 89.968
99 948 55 49.996
100 1323 48 44.865