100
1 339 43 81.058
2 418 45 54.175
3 1219 46 66.846
4 1226 58 83.288
5 283 1 55.822
6 101 2 54.353
7 680 23 26.849
8 931 47 29.341
9 779 21 31.417
10 182 22 72.344
11 829 53 58.774
12 57 15 25.581
13 982 57 26.102
14 1245 6 15.746
15 1403 59 53.853
16 330 48 43.543
17 675 12 24.891
18 1095 40 41.613
19 1165 20 80.522
20 281 25 28.270
21 904 23 1.634
22 282 11 6.500
23 359 58 46.925
24 1377 25 49.715
25 919 56 1.322
26 833 33 25.843
27 485 11 55.100
28 652 49 60.773
29 870 57 88.962
30 104 14 7.087
31 1066 59 19.202
32 574 60 11.191
33 1135 27 56.866
34 22 21 41.473
35 149 39 11.146
36 49 16 9.175
37 32 4 47.678
38 587 26 96.441
39 229 22 98.605
40 638 13 97.948
41 1103 45 14.170
42 1229 12 48.745
43 260 14 85.674
44 51 18 16.602
45 1255 17 76.340
46 1356 21 43.965
47 974 57 74.949
48 449 11 64.900
49 233 55 72.946
50 939 32 4.293
51 1278 49 72.331
52 1088 40 44.242
53 465 41 68.144
54 795 55 13.662
55 669 38 93.017
56 606 22 18.102
57 1157 56 20.300
58 1111 16 4.941
59 263 33 47.867
60 1303 11 54.581
61 726 6 7.341
62 1221 20 96.942
63 1012 23 15.290
64 1280 33 63.764
65 971 24 4.259
66 1098 1 69.070
67 988 17 55.037
68 87 17 78.662
69 831 40 22.363
70 233 49 34.323
71 1043 23 45.242
72 1434 46 11.456
73 721 45 13.923
74 516 33 9.524
75 962 1 91.203
76 221 58 67.719
77 125 53 39.505
78 1382 6 24.086
79 393 1 18.522
80 269 31 27.001
81 626 46 21.325
82 1135 23 81.425
83 669 16 93.659
84 255 56 45.675
85 515 26 82.976
86 713 7 67.352
87 956 2 76.496
88 739 45 52.333
89 395 40 45.768
90 812 14 42.690
91 1318 4 9.381
92 539 49 64.663
93 324 54 52.472
94 306 29 67.888
95 300 26 49.278
96 590 5 36.115
97 998 26 58.084
98 1062 9 60.135
99 999 59 34.054
100 365 35 45.079