100
1 1229 16 30.956
2 525 4 95.490
3 39 18 80.268
4 523 57 39.962
5 615 35 20.122
6 241 6 93.954
7 287 33 68.663
8 1345 45 71.199
9 84 16 25.687
10 1200 36 95.987
11 927 59 66.394
12 375 43 82.249
13 199 54 20.296
14 635 11 19.378
15 962 22 78.212
16 981 35 45.552
17 1251 5 28.352
18 178 27 27.614
19 1192 45 4.987
20 1422 39 95.906
21 295 19 1.601
22 142 2 99.569
23 807 7 1.164
24 1204 18 49.042
25 969 24 33.176
26 54 7 42.838
27 1012 35 67.381
28 440 52 79.430
29 1001 19 76.537
30 500 45 75.893
31 300 51 96.724
32 190 29 18.903
33 255 58 31.538
34 779 3 58.070
35 990 3 40.885
36 1360 50 80.098
37 589 4 22.502
38 1259 44 26.427
39 1367 38 44.982
40 630 29 57.703
41 848 9 75.494
42 911 60 45.039
43 589 24 1.957
44 855 23 5.261
45 546 26 11.507
46 222 45 67.761
47 1186 16 51.260
48 1219 16 6.044
49 1198 13 99.283
50 1073 11 16.210
51 80 43 89.427
52 1112 22 83.022
53 490 7 95.320
54 120 54 77.148
55 626 2 77.121
56 1181 3 64.169
57 606 26 36.422
58 1033 52 40.903
59 273 52 88.255
60 182 19 77.760
61 818 11 83.639
62 1058 4 51.379
63 49 50 14.575
64 579 24 21.526
65 917 38 51.295
66 1122 11 70.759
67 1084 50 8.040
68 982 51 44.735
69 800 2 73.097
70 964 41 29.888
71 1116 10 25.392
72 446 59 30.718
73 919 48 10.604
74 677 9 1.991
75 775 10 31.783
76 113 4 84.865
77 471 40 33.692
78 796 49 11.367
79 218 19 94.855
80 906 14 65.657
81 951 34 74.668
82 696 14 1.719
83 425 18 38.519
84 1386 54 60.140
85 1161 11 10.547
86 95 14 56.516
87 700 13 62.569
88 1139 46 47.442
89 598 39 71.938
90 353 41 50.774
91 588 38 2.222
92 188 42 46.523
93 1277 4 50.757
94 154 2 10.855
95 462 14 69.512
96 920 14 44.702
97 146 45 24.268
98 91 51 16.072
99 1105 27 88.686
100 472 8 3.377