100
1 1124 16 50.960
2 654 7 83.050
3 866 21 2.556
4 769 14 70.750
5 1296 32 94.097
6 1433 38 92.707
7 262 35 20.857
8 419 39 25.536
9 1084 3 61.454
10 603 17 42.946
11 625 19 70.015
12 472 55 43.119
13 1400 8 91.521
14 1364 4 3.257
15 1112 4 31.347
16 168 16 43.805
17 196 19 11.962
18 1157 19 97.239
19 273 20 73.623
20 1025 47 81.248
21 1387 1 9.819
22 1261 17 68.958
23 1332 4 94.624
24 1211 40 6.812
25 813 28 67.371
26 1274 33 41.046
27 970 14 73.114
28 369 57 5.020
29 230 9 34.145
30 965 27 5.272
31 313 7 70.039
32 877 31 3.084
33 186 6 23.111
34 719 26 30.718
35 105 2 92.351
36 179 8 39.994
37 616 51 2.909
38 1026 55 41.710
39 172 26 43.810
40 625 7 59.429
41 861 33 6.918
42 308 54 65.053
43 186 28 18.363
44 1263 22 58.536
45 207 56 36.091
46 103 31 53.345
47 1440 59 82.902
48 204 6 79.477
49 672 9 39.337
50 87 9 84.449
51 1334 27 35.217
52 1361 20 46.828
53 803 27 50.498
54 1369 7 98.312
55 853 31 72.297
56 230 43 58.535
57 448 6 53.208
58 838 46 80.666
59 1190 16 44.841
60 1171 18 34.943
61 1439 47 10.082
62 94 57 44.478
63 750 53 73.633
64 1241 50 96.412
65 898 44 35.070
66 1176 23 45.900
67 57 21 87.613
68 78 12 42.222
69 154 44 15.808
70 1230 27 40.822
71 547 4 36.568
72 43 3 46.527
73 945 13 35.804
74 20 58 19.800
75 181 46 75.122
76 39 6 29.460
77 713 25 20.026
78 134 47 23.932
79 156 35 23.496
80 1416 59 70.051
81 237 23 33.424
82 19 24 19.798
83 161 50 96.789
84 1281 41 54.713
85 844 47 85.906
86 6 21 43.309
87 610 58 77.549
88 1252 28 21.864
89 1333 14 91.345
90 505 46 87.192
91 500 46 6.301
92 132 29 10.560
93 1090 30 84.359
94 1000 18 34.979
95 295 36 73.638
96 340 58 95.705
97 692 10 66.791
98 912 17 81.559
99 418 54 25.732
100 437 53 75.891