100
1 296 12 3.163
2 391 41 99.440
3 102 38 6.410
4 989 33 53.722
5 1047 54 6.094
6 1369 15 11.909
7 1116 27 94.749
8 1193 25 64.333
9 1384 49 73.148
10 929 18 38.294
11 174 55 89.961
12 999 59 24.263
13 424 32 90.345
14 126 21 61.347
15 452 35 46.207
16 820 40 76.828
17 449 44 55.436
18 1432 53 13.763
19 1405 33 32.357
20 485 58 70.590
21 410 10 26.259
22 1269 46 54.469
23 1060 11 22.437
24 1325 33 0.065
25 1109 55 36.478
26 541 2 73.266
27 430 60 66.148
28 1330 25 38.121
29 421 60 19.441
30 798 55 24.835
31 1004 30 0.124
32 1016 6 38.505
33 504 13 71.258
34 945 34 80.885
35 53 20 8.352
36 620 49 81.454
37 598 50 84.684
38 304 6 6.046
39 221 37 87.693
40 686 57 69.827
41 706 55 48.297
42 1298 53 19.173
43 1313 12 69.238
44 869 32 67.982
45 882 17 65.048
46 832 10 99.729
47 1054 50 8.720
48 913 31 74.269
49 988 5 25.161
50 1277 43 10.598
51 446 41 33.375
52 1342 33 97.519
53 131 26 40.452
54 1279 53 98.231
55 906 39 43.738
56 1021 29 30.522
57 656 57 85.750
58 1201 11 73.474
59 915 50 33.573
60 943 40 93.847
61 328 31 67.600
62 1181 54 78.237
63 576 47 4.032
64 289 23 0.230
65 361 44 46.111
66 172 5 92.909
67 1379 33 40.279
68 38 36 12.140
69 122 54 86.842
70 1408 35 55.761
71 1240 51 34.194
72 564 23 50.170
73 336 42 42.205
74 579 18 7.179
75 1369 14 75.214
76 1364 51 94.715
77 457 20 33.689
78 626 35 90.934
79 613 11 7.573
80 940 3 5.567
81 355 45 40.190
82 231 58 98.217
83 726 14 20.766
84 1180 45 78.092
85 563 35 82.351
86 630 21 5.323
87 254 41 83.127
88 1157 3 1.249
89 755 45 26.423
90 1106 43 95.234
91 250 3 92.718
92 791 33 17.865
93 672 40 0.485
94 699 3 28.652
95 1137 45 43.301
96 718 58 44.242
97 141 60 29.559
98 190 46 94.883
99 786 58 44.531
100 39 48 33.509