100
1 1038 29 21.572
2 1122 54 67.520
3 401 41 60.930
4 963 16 37.921
5 986 53 3.380
6 818 37 40.584
7 1056 40 22.121
8 349 23 0.036
9 729 54 41.938
10 1267 52 26.445
11 346 24 98.358
12 1169 57 32.947
13 786 48 76.474
14 670 30 59.416
15 886 50 9.241
16 777 42 23.774
17 103 27 10.262
18 1166 43 92.863
19 1010 48 61.221
20 1194 55 87.247
21 121 23 55.396
22 1166 37 47.087
23 1081 16 86.190
24 772 41 67.418
25 128 53 43.542
26 253 25 85.003
27 958 3 15.878
28 381 58 86.173
29 1429 4 3.593
30 647 21 71.461
31 943 46 72.941
32 713 19 2.474
33 285 20 78.504
34 568 10 10.848
35 286 52 74.004
36 97 34 98.659
37 947 45 23.414
38 382 32 76.376
39 646 10 6.194
40 104 49 89.402
41 329 10 56.481
42 236 34 7.765
43 454 29 43.271
44 735 43 76.268
45 408 54 63.073
46 496 54 68.283
47 829 15 31.626
48 845 37 33.216
49 746 28 42.320
50 133 50 37.464
51 118 35 29.060
52 869 23 5.637
53 640 46 27.626
54 736 29 15.433
55 537 13 38.323
56 90 9 61.569
57 522 47 61.104
58 984 34 95.631
59 716 38 98.105
60 139 42 90.116
61 1398 53 67.424
62 1002 40 86.853
63 752 40 48.199
64 630 37 35.822
65 1179 14 56.810
66 444 19 37.788
67 862 48 56.874
68 106 41 32.280
69 183 30 67.244
70 77 33 83.407
71 1064 39 27.583
72 104 25 62.936
73 1369 2 0.168
74 720 29 34.631
75 472 4 40.941
76 1259 3 13.989
77 900 46 5.519
78 560 43 3.168
79 1093 26 83.602
80 645 60 40.506
81 464 5 46.371
82 1310 14 40.726
83 1434 19 41.080
84 454 40 24.529
85 495 31 70.452
86 1039 5 60.008
87 937 22 22.717
88 693 27 69.532
89 1177 58 56.911
90 205 1 97.711
91 574 32 23.580
92 1337 1 48.678
93 1269 51 41.001
94 123 22 63.594
95 1228 40 3.523
96 1347 48 32.457
97 563 17 80.673
98 645 28 11.852
99 1009 54 6.167
100 876 11 35.241