100
1 1140 57 65.104
2 947 3 82.188
3 127 44 76.467
4 197 35 17.893
5 1356 2 46.544
6 471 42 99.520
7 697 29 56.134
8 162 38 69.850
9 82 19 39.134
10 167 37 90.633
11 484 2 98.519
12 327 33 92.846
13 682 50 54.309
14 637 22 14.113
15 365 39 27.895
16 30 4 15.016
17 1420 1 31.421
18 589 28 95.733
19 79 24 44.222
20 775 22 81.088
21 1317 57 62.180
22 423 22 65.425
23 210 45 54.458
24 1061 12 46.751
25 789 1 52.021
26 1151 32 87.610
27 1374 14 29.888
28 924 47 49.773
29 572 23 62.894
30 1360 7 90.454
31 1177 14 36.619
32 667 56 83.298
33 34 10 3.901
34 1418 33 93.923
35 58 15 44.660
36 717 60 57.914
37 123 39 41.923
38 705 43 80.667
39 1356 20 6.896
40 650 47 82.911
41 906 12 40.174
42 960 41 25.291
43 430 53 70.961
44 262 11 85.118
45 476 5 63.207
46 1273 42 25.693
47 305 56 72.556
48 637 48 7.979
49 437 19 54.485
50 747 1 84.723
51 1406 45 52.176
52 986 34 87.014
53 833 12 15.907
54 740 20 90.963
55 881 24 78.602
56 841 60 30.855
57 1315 45 89.682
58 1351 7 9.319
59 343 22 1.285
60 381 55 60.922
61 1010 29 2.339
62 928 21 84.619
63 1071 34 40.388
64 1171 45 83.263
65 1121 22 63.114
66 357 36 73.990
67 274 38 50.472
68 1054 32 89.801
69 1003 21 27.148
70 251 16 64.078
71 709 32 92.944
72 1009 42 26.709
73 452 6 42.772
74 270 36 88.939
75 87 44 45.444
76 107 7 25.953
77 324 54 8.515
78 944 42 13.521
79 520 40 54.330
80 944 45 79.288
81 612 23 92.179
82 1021 48 86.693
83 1349 33 57.669
84 774 43 43.445
85 1113 4 62.421
86 1045 25 26.439
87 211 6 29.581
88 513 9 84.186
89 644 17 34.329
90 755 2 71.607
91 1342 48 34.375
92 391 32 40.175
93 1282 41 60.638
94 839 49 82.610
95 552 14 68.575
96 1090 40 68.730
97 821 15 28.134
98 173 53 40.795
99 1345 41 75.051
100 237 34 14.085