100
1 91 37 67.369
2 1224 57 99.318
3 1105 35 92.073
4 909 31 12.926
5 1368 17 37.992
6 622 3 54.705
7 526 43 89.730
8 1007 22 46.739
9 102 43 63.248
10 208 47 63.637
11 427 13 40.147
12 1098 5 4.319
13 468 8 77.461
14 1063 38 55.867
15 1397 22 10.977
16 394 22 83.918
17 466 36 67.221
18 880 53 94.813
19 1307 22 8.952
20 1024 27 72.699
21 483 41 59.605
22 792 28 54.227
23 223 8 39.000
24 297 21 27.301
25 749 56 27.361
26 552 8 65.907
27 1007 52 18.065
28 56 34 3.440
29 50 21 67.919
30 950 31 15.118
31 1280 46 10.630
32 83 55 75.617
33 837 57 47.664
34 284 44 15.253
35 416 7 38.656
36 356 60 60.043
37 322 1 83.185
38 8 17 73.986
39 73 28 58.586
40 1264 5 32.051
41 573 8 30.814
42 652 8 79.823
43 985 44 61.256
44 116 41 54.893
45 67 17 55.271
46 708 30 91.992
47 380 2 17.741
48 169 31 13.004
49 432 49 98.268
50 350 23 14.801
51 919 53 95.356
52 373 10 24.607
53 592 14 83.131
54 1328 37 50.895
55 1036 6 40.817
56 1322 14 43.178
57 204 1 3.119
58 1375 45 9.976
59 40 41 93.049
60 266 44 19.159
61 695 2 35.563
62 177 54 77.584
63 217 37 41.731
64 98 20 66.985
65 1395 1 87.078
66 936 17 7.216
67 829 27 92.601
68 1281 57 95.018
69 662 45 93.026
70 508 7 83.342
71 123 32 3.140
72 1027 46 70.963
73 992 16 16.777
74 186 29 0.772
75 530 25 29.184
76 459 55 15.048
77 623 42 97.783
78 614 37 69.929
79 892 14 36.222
80 1210 47 17.456
81 280 18 79.692
82 883 22 68.243
83 734 57 2.357
84 692 55 14.848
85 1244 54 65.749
86 673 21 48.311
87 1289 2 13.111
88 863 54 54.323
89 417 4 50.849
90 211 32 57.035
91 532 23 47.728
92 1390 2 39.293
93 985 20 8.423
94 652 11 92.065
95 635 33 64.347
96 385 30 15.680
97 433 3 40.077
98 789 44 78.576
99 568 49 41.683
100 847 19 18.052