100
1 1380 25 92.942
2 1193 30 77.316
3 630 10 25.425
4 1291 6 84.899
5 116 60 37.172
6 806 8 82.063
7 1295 48 63.865
8 402 18 48.331
9 581 39 28.417
10 1423 8 70.206
11 1239 19 17.691
12 13 1 92.887
13 595 50 81.176
14 277 40 92.364
15 1186 8 97.066
16 74 15 96.762
17 986 13 0.517
18 1028 48 33.246
19 925 6 34.313
20 184 28 76.026
21 9 36 84.098
22 1298 53 85.501
23 598 11 25.391
24 286 40 1.830
25 653 17 34.796
26 1180 27 11.884
27 926 12 86.693
28 212 17 80.428
29 349 54 10.414
30 707 30 64.551
31 332 30 35.365
32 961 17 81.429
33 867 54 4.042
34 584 29 6.176
35 932 43 11.952
36 135 50 7.438
37 321 13 11.255
38 1316 2 28.216
39 604 42 55.548
40 713 50 3.888
41 1246 23 59.427
42 756 21 74.639
43 922 19 54.336
44 809 35 24.544
45 102 40 91.309
46 944 41 21.315
47 300 26 26.364
48 247 18 39.750
49 712 1 67.725
50 113 60 53.649
51 528 1 58.923
52 810 5 47.549
53 804 47 52.662
54 599 23 97.717
55 1060 50 79.267
56 1213 53 25.250
57 85 38 59.616
58 132 30 17.197
59 617 19 56.011
60 1422 33 57.905
61 745 30 97.062
62 492 45 74.768
63 420 21 18.341
64 14 51 17.457
65 762 52 7.059
66 718 41 26.582
67 957 43 57.175
68 4 44 65.398
69 264 50 27.354
70 706 45 13.918
71 1281 31 13.002
72 692 25 64.979
73 821 54 29.128
74 1358 59 22.842
75 394 23 9.037
76 662 59 73.931
77 70 15 29.820
78 43 49 59.864
79 121 8 2.191
80 696 27 22.793
81 1040 44 48.896
82 1435 30 54.829
83 72 43 14.150
84 618 5 28.349
85 838 38 34.556
86 323 55 94.062
87 1236 21 22.543
88 1109 2 43.420
89 439 18 39.175
90 1387 29 71.802
91 582 47 74.482
92 1030 15 41.462
93 123 60 5.106
94 140 7 51.094
95 447 55 77.149
96 590 40 74.128
97 24 36 51.485
98 1114 53 6.907
99 549 30 63.200
100 1133 59 32.048