100
1 1214 23 58.016
2 315 58 36.666
3 332 35 55.811
4 932 34 64.025
5 187 19 62.580
6 818 49 63.209
7 221 57 61.117
8 459 30 14.238
9 723 34 71.830
10 223 31 33.067
11 530 37 57.695
12 842 30 7.864
13 1405 13 63.167
14 1247 7 71.619
15 304 50 11.817
16 31 20 8.658
17 297 3 32.027
18 433 47 3.736
19 737 23 12.706
20 1114 28 81.604
21 920 14 77.359
22 496 48 14.461
23 743 26 91.786
24 386 35 75.331
25 1144 13 91.324
26 774 42 97.290
27 204 38 8.155
28 714 23 40.196
29 1145 4 70.814
30 676 37 65.663
31 1177 21 71.079
32 1117 56 83.685
33 225 5 9.882
34 117 29 28.915
35 720 53 52.192
36 936 23 84.241
37 1179 34 95.399
38 1327 42 58.876
39 1308 17 69.818
40 179 30 59.186
41 1336 40 59.571
42 265 37 24.008
43 149 24 46.647
44 240 43 97.933
45 167 9 69.801
46 1369 39 73.240
47 597 25 29.665
48 297 52 78.204
49 584 42 39.391
50 185 57 13.192
51 144 39 40.844
52 1115 1 73.004
53 1417 11 63.764
54 121 32 65.442
55 899 33 25.651
56 1136 10 70.724
57 1095 27 11.690
58 781 60 54.109
59 213 16 13.928
60 38 57 49.781
61 18 23 6.183
62 42 48 30.442
63 732 28 43.437
64 40 22 79.750
65 1060 2 4.077
66 1025 20 84.302
67 840 53 89.139
68 423 13 98.556
69 3 21 83.952
70 271 5 46.009
71 908 53 67.269
72 653 28 90.320
73 474 7 93.985
74 1115 13 9.219
75 1410 22 56.268
76 523 22 49.461
77 1075 11 1.162
78 425 10 26.822
79 429 34 34.750
80 271 39 33.538
81 875 26 19.286
82 1138 21 13.068
83 1190 39 26.329
84 715 21 33.018
85 1031 30 67.106
86 1241 45 49.123
87 1035 60 75.951
88 376 8 47.772
89 220 10 7.912
90 221 37 52.234
91 957 22 90.633
92 61 47 84.829
93 806 5 48.819
94 806 8 42.743
95 688 53 38.689
96 1013 6 70.569
97 185 23 58.853
98 795 7 27.482
99 1238 19 62.945
100 887 5 34.590