100
1 538 45 56.450
2 654 37 27.387
3 1220 36 58.382
4 487 49 27.395
5 558 43 69.860
6 1033 41 43.821
7 1258 38 41.032
8 1437 30 89.057
9 596 20 63.367
10 1012 42 65.632
11 523 52 14.212
12 405 27 58.785
13 596 2 95.351
14 1103 30 30.864
15 933 26 32.250
16 1410 26 94.814
17 918 49 92.612
18 978 2 48.304
19 1301 54 99.857
20 415 18 66.771
21 4 9 45.318
22 347 47 61.639
23 1209 39 9.797
24 621 24 43.534
25 630 17 29.187
26 492 6 55.332
27 910 34 91.606
28 403 8 22.032
29 596 25 98.164
30 240 45 17.721
31 1027 40 55.867
32 1429 10 65.478
33 500 51 90.812
34 308 51 7.033
35 783 42 79.686
36 55 26 59.501
37 1264 11 69.879
38 1413 16 64.003
39 661 38 14.229
40 238 9 4.605
41 1233 18 55.481
42 1322 36 47.243
43 615 47 90.289
44 301 22 29.060
45 1302 13 69.417
46 889 18 60.546
47 1315 30 17.565
48 93 5 45.790
49 421 41 82.785
50 119 38 65.321
51 1186 19 95.366
52 807 44 33.017
53 1013 28 26.532
54 162 35 78.894
55 90 23 31.170
56 703 2 72.376
57 1307 19 8.592
58 505 13 98.768
59 478 18 62.535
60 620 12 98.718
61 720 50 57.404
62 831 24 14.149
63 462 3 48.552
64 1100 39 7.323
65 1349 10 94.669
66 1044 14 67.128
67 1245 25 83.837
68 1146 27 18.993
69 1386 23 45.526
70 941 19 50.976
71 289 53 6.261
72 1220 16 34.004
73 408 23 3.501
74 254 14 90.401
75 818 28 81.127
76 1337 36 31.122
77 668 26 60.688
78 1082 41 45.477
79 1299 22 66.418
80 100 57 61.784
81 476 48 85.103
82 136 27 1.510
83 715 33 92.496
84 172 49 41.641
85 976 27 17.444
86 943 49 54.987
87 590 11 10.607
88 748 36 18.444
89 326 33 12.538
90 784 21 32.123
91 316 48 37.866
92 1201 2 14.640
93 174 5 31.964
94 149 11 56.686
95 1076 20 80.364
96 1199 52 79.757
97 1061 12 37.294
98 1307 33 76.438
99 92 38 95.668
100 246 30 61.312