100
1 189 37 38.891
2 93 56 26.878
3 955 7 14.344
4 1288 38 50.156
5 947 35 92.507
6 1388 38 32.786
7 760 32 42.633
8 1109 37 69.621
9 1027 45 41.444
10 847 30 94.455
11 1235 50 22.059
12 790 3 8.691
13 267 58 40.767
14 400 24 78.271
15 1223 35 32.025
16 610 28 53.424
17 412 43 80.774
18 549 58 35.545
19 468 19 30.190
20 651 34 97.276
21 82 40 78.128
22 45 6 56.829
23 702 52 57.397
24 1405 6 67.069
25 808 22 4.304
26 446 42 99.894
27 1100 18 65.463
28 476 60 55.829
29 107 46 14.340
30 1302 33 60.252
31 505 8 58.621
32 847 44 53.075
33 693 47 59.642
34 97 53 63.403
35 620 23 65.878
36 639 32 9.647
37 1153 12 60.192
38 933 19 16.851
39 395 28 69.336
40 627 4 32.718
41 2 5 38.323
42 1424 32 61.677
43 527 22 56.464
44 859 32 31.740
45 837 44 94.894
46 648 24 61.564
47 1172 38 75.283
48 22 31 16.399
49 27 24 64.864
50 536 52 96.340
51 442 11 47.362
52 645 22 24.821
53 945 43 36.124
54 220 40 32.404
55 1182 55 72.170
56 998 6 44.971
57 1288 13 9.613
58 842 7 58.974
59 457 58 67.517
60 381 34 99.392
61 572 26 48.093
62 982 15 19.911
63 548 58 47.594
64 327 47 67.926
65 857 11 26.977
66 627 57 15.908
67 538 38 42.300
68 944 18 74.618
69 47 32 51.749
70 461 54 92.601
71 1032 16 82.750
72 299 26 60.465
73 875 37 84.840
74 852 51 44.913
75 99 41 16.396
76 662 14 91.926
77 510 48 36.461
78 740 45 16.426
79 532 25 90.498
80 950 37 40.976
81 39 40 73.903
82 747 22 69.467
83 836 48 49.125
84 934 32 97.052
85 321 39 26.427
86 918 46 36.880
87 940 23 50.971
88 693 36 7.033
89 796 50 37.077
90 869 40 66.757
91 1162 10 9.320
92 1285 60 15.241
93 1178 8 92.803
94 777 21 83.972
95 516 17 2.867
96 129 60 59.989
97 209 45 3.313
98 85 21 82.151
99 1335 3 84.457
100 762 60 95.849