100
1 138 24 51.297
2 202 42 21.761
3 201 26 44.511
4 21 58 76.473
5 1113 25 93.701
6 357 33 41.065
7 42 33 0.709
8 89 10 60.216
9 489 31 58.612
10 1398 23 34.692
11 1228 36 36.845
12 360 19 94.425
13 438 60 6.288
14 723 15 85.032
15 20 2 47.021
16 275 22 12.417
17 1290 38 48.848
18 200 22 0.178
19 557 3 20.617
20 708 23 72.469
21 802 38 82.899
22 1401 12 25.726
23 839 39 26.699
24 1288 11 96.087
25 886 2 73.132
26 1173 38 7.817
27 452 16 3.069
28 311 45 59.155
29 1053 58 1.042
30 608 3 6.182
31 224 52 67.707
32 616 20 19.131
33 1014 28 54.072
34 1378 39 52.194
35 60 47 99.415
36 360 14 74.357
37 1399 37 82.952
38 140 7 8.650
39 1122 2 20.460
40 243 1 49.780
41 956 30 89.569
42 501 56 96.913
43 1335 13 22.795
44 502 25 47.661
45 662 26 20.306
46 503 18 37.442
47 584 23 53.689
48 339 32 13.329
49 129 9 46.555
50 1025 40 36.345
51 1436 8 80.156
52 170 22 50.914
53 45 10 54.309
54 674 14 89.740
55 1213 17 52.991
56 609 1 55.425
57 307 7 43.620
58 201 7 14.477
59 58 27 60.955
60 599 44 33.013
61 158 19 7.124
62 451 23 7.976
63 239 43 22.161
64 1369 38 9.291
65 116 34 28.203
66 974 19 9.743
67 696 11 57.001
68 325 54 40.296
69 876 53 15.425
70 832 47 58.185
71 1238 60 31.420
72 887 36 33.371
73 306 26 72.564
74 926 54 65.124
75 69 28 77.571
76 72 14 19.217
77 418 16 51.651
78 1044 16 96.909
79 117 26 5.765
80 428 48 27.608
81 246 11 71.429
82 1341 52 82.475
83 887 23 18.198
84 329 41 80.079
85 264 26 15.881
86 858 13 28.488
87 789 32 86.429
88 140 13 70.033
89 964 12 66.175
90 1100 10 14.138
91 868 36 9.218
92 1368 18 41.491
93 442 50 28.522
94 866 47 59.790
95 510 12 5.025
96 256 55 47.295
97 1065 27 88.141
98 11 35 28.102
99 1202 41 4.349
100 210 54 98.496