100
1 455 43 8.886
2 38 4 15.408
3 355 38 25.074
4 507 8 33.189
5 502 18 66.782
6 1424 29 66.585
7 79 26 74.997
8 20 29 56.370
9 228 12 53.598
10 1026 50 39.548
11 603 35 40.347
12 980 49 16.215
13 226 1 21.964
14 70 56 69.554
15 723 29 31.927
16 1379 57 52.254
17 1358 49 35.948
18 38 60 14.578
19 593 29 92.731
20 372 10 55.868
21 496 23 12.378
22 248 41 85.933
23 551 39 44.243
24 1417 59 29.387
25 151 10 64.149
26 1020 40 20.525
27 145 22 36.600
28 2 22 14.744
29 1108 33 45.511
30 1179 48 26.679
31 498 13 30.114
32 517 10 15.729
33 478 48 17.710
34 406 28 36.010
35 346 7 62.911
36 310 22 95.699
37 815 36 55.159
38 993 6 44.842
39 765 52 76.917
40 343 23 23.403
41 232 13 67.040
42 742 19 0.445
43 693 28 75.123
44 225 28 5.533
45 261 21 75.556
46 49 46 40.934
47 181 29 44.840
48 679 18 54.540
49 377 26 80.199
50 1285 14 93.735
51 228 21 61.081
52 999 7 3.871
53 550 11 50.218
54 260 12 81.141
55 558 38 23.603
56 88 1 98.673
57 1108 28 15.966
58 330 5 86.418
59 626 9 58.989
60 698 9 82.979
61 1184 43 86.516
62 804 60 22.534
63 682 36 55.545
64 722 7 8.758
65 142 46 84.940
66 593 22 59.101
67 1171 40 89.273
68 460 60 15.833
69 1187 50 57.534
70 850 40 0.760
71 99 16 36.287
72 1334 2 30.264
73 549 59 53.656
74 927 47 3.934
75 340 18 99.677
76 91 17 93.120
77 1412 41 39.437
78 1375 5 53.203
79 1031 17 70.269
80 1106 59 32.887
81 249 36 27.094
82 1227 60 73.095
83 87 10 37.933
84 1162 57 63.273
85 440 40 64.048
86 1091 29 34.861
87 91 50 51.951
88 1165 42 35.153
89 191 48 17.671
90 329 7 97.458
91 977 53 31.900
92 385 46 77.644
93 141 26 20.469
94 430 20 73.972
95 269 23 35.544
96 647 22 72.907
97 1345 8 9.172
98 896 37 69.115
99 59 7 18.528
100 1163 2 69.885