100
1 675 53 56.907
2 1338 22 88.005
3 1057 55 83.926
4 1423 41 25.101
5 899 28 91.595
6 1315 8 44.454
7 149 6 44.918
8 867 10 2.082
9 410 21 1.497
10 930 36 71.579
11 160 14 61.488
12 321 36 46.820
13 35 21 31.580
14 371 43 17.995
15 94 14 19.317
16 1234 56 13.387
17 525 15 89.089
18 850 36 89.365
19 970 17 3.514
20 535 26 93.612
21 1293 45 15.699
22 581 5 14.023
23 1012 1 77.481
24 590 52 0.905
25 884 29 33.106
26 310 54 42.938
27 321 19 75.053
28 230 11 52.002
29 1327 28 67.944
30 501 19 17.414
31 574 54 31.715
32 586 19 33.062
33 332 10 18.045
34 524 35 60.005
35 819 16 83.582
36 1090 38 2.909
37 776 22 93.774
38 1197 18 1.379
39 368 4 49.606
40 478 21 85.074
41 603 16 90.296
42 645 33 46.942
43 1146 32 16.859
44 825 49 88.681
45 585 23 59.727
46 1256 17 55.784
47 1158 55 60.050
48 667 31 8.762
49 1253 5 21.722
50 519 40 15.778
51 538 37 74.447
52 813 36 97.170
53 1281 33 25.234
54 761 30 82.950
55 934 36 17.380
56 299 47 7.885
57 864 25 15.458
58 1038 35 77.049
59 785 57 67.934
60 63 59 54.802
61 1168 29 73.257
62 351 35 88.535
63 1148 42 81.634
64 1049 18 64.261
65 671 23 4.433
66 976 54 78.296
67 87 6 71.753
68 1216 14 30.787
69 1293 44 45.547
70 2 10 88.199
71 376 9 37.789
72 307 1 92.070
73 419 33 44.612
74 1097 26 3.101
75 700 26 47.972
76 1136 32 86.873
77 157 30 48.410
78 1064 15 70.405
79 979 31 95.575
80 469 57 6.458
81 1096 14 22.898
82 741 28 21.199
83 1095 20 42.493
84 740 15 31.017
85 1139 60 55.164
86 97 39 0.695
87 977 34 35.773
88 35 8 28.940
89 769 11 32.454
90 767 59 43.363
91 1229 52 58.477
92 1132 59 35.985
93 1155 58 31.760
94 1325 38 38.810
95 1423 55 53.241
96 619 24 50.376
97 1380 38 35.717
98 1012 49 7.966
99 681 56 81.321
100 413 10 31.303