100
1 1334 60 42.358
2 766 28 68.958
3 481 54 65.119
4 198 57 95.926
5 411 10 43.459
6 994 13 15.962
7 1419 35 49.468
8 532 50 69.147
9 437 40 0.308
10 392 41 15.517
11 1376 16 9.705
12 173 30 48.664
13 4 4 38.226
14 1288 44 16.532
15 813 44 50.760
16 923 31 33.810
17 53 12 97.181
18 658 23 88.645
19 1107 9 65.339
20 550 8 6.910
21 669 37 49.774
22 1321 4 62.267
23 603 9 12.904
24 1345 13 61.534
25 448 39 15.951
26 1006 25 51.325
27 1068 32 7.958
28 43 47 55.429
29 1430 39 78.897
30 858 21 49.791
31 474 32 53.147
32 461 15 84.088
33 61 58 78.811
34 342 4 23.251
35 1021 37 34.239
36 300 3 29.470
37 512 48 13.111
38 263 37 50.795
39 615 39 73.335
40 1366 36 85.123
41 271 19 97.263
42 394 52 34.237
43 233 59 29.283
44 1313 52 54.873
45 343 17 64.697
46 608 30 67.793
47 533 11 49.471
48 1342 35 90.984
49 13 37 56.648
50 872 14 99.601
51 216 52 76.565
52 1046 4 48.055
53 184 9 10.221
54 423 58 15.400
55 356 39 90.650
56 1147 1 93.174
57 1106 48 48.736
58 38 25 81.102
59 685 18 43.998
60 930 27 82.143
61 1071 33 90.709
62 993 21 17.109
63 645 31 99.470
64 1256 12 95.153
65 674 57 30.175
66 781 52 3.851
67 443 26 12.331
68 1360 14 48.946
69 1152 4 56.809
70 256 10 19.026
71 837 6 93.108
72 1188 57 83.733
73 669 7 98.384
74 349 16 11.557
75 894 9 20.749
76 1198 46 83.168
77 621 1 20.482
78 1150 51 33.924
79 1066 41 44.747
80 888 22 34.624
81 1173 57 19.170
82 125 57 49.371
83 1412 26 15.307
84 428 57 34.108
85 1155 56 37.828
86 1318 57 9.870
87 399 37 40.646
88 322 57 75.926
89 805 2 52.512
90 780 29 57.090
91 427 7 40.562
92 1116 17 73.715
93 1047 15 74.255
94 134 20 38.850
95 274 53 2.564
96 1011 44 70.708
97 311 9 2.945
98 51 58 50.676
99 509 28 5.146
100 910 49 88.659