100
1 1073 12 52.600
2 45 53 19.177
3 762 31 46.440
4 204 48 5.357
5 1191 22 27.575
6 77 45 59.652
7 89 2 75.788
8 42 8 80.524
9 1100 7 54.107
10 643 22 17.699
11 103 49 48.320
12 637 32 53.419
13 566 55 75.385
14 713 3 12.539
15 1376 30 84.006
16 100 10 60.508
17 1221 40 24.878
18 1070 46 53.950
19 38 4 22.217
20 802 9 40.371
21 635 32 78.093
22 1426 2 46.146
23 234 27 37.452
24 188 23 3.331
25 362 45 65.131
26 415 59 85.366
27 525 37 37.468
28 112 9 97.232
29 942 2 45.480
30 344 46 89.287
31 344 59 95.902
32 317 15 61.146
33 455 22 37.356
34 1321 59 24.219
35 939 33 3.977
36 964 20 52.452
37 324 47 51.862
38 265 3 66.851
39 956 45 31.993
40 938 58 6.662
41 220 59 60.415
42 545 34 90.748
43 1409 11 28.298
44 435 31 55.077
45 1316 28 81.577
46 652 6 78.476
47 1344 40 69.755
48 48 10 26.745
49 1039 7 72.915
50 222 43 72.992
51 172 13 72.755
52 1392 33 81.727
53 426 27 91.371
54 96 12 3.793
55 1310 42 10.734
56 778 58 68.606
57 221 52 48.042
58 454 2 30.064
59 1371 15 42.082
60 1401 54 57.153
61 86 35 65.513
62 1418 7 1.264
63 310 24 66.196
64 85 29 33.238
65 60 41 7.122
66 582 21 38.398
67 1374 45 50.082
68 214 30 83.355
69 518 42 98.350
70 911 44 74.813
71 575 41 3.171
72 741 53 89.062
73 1439 56 47.342
74 509 37 73.029
75 6 54 1.167
76 368 21 32.068
77 1060 34 13.105
78 1347 23 90.897
79 392 31 95.397
80 1398 60 10.405
81 1372 48 86.790
82 1079 9 49.219
83 1410 26 49.715
84 690 60 12.017
85 1414 52 27.605
86 722 9 89.583
87 48 51 41.532
88 422 54 9.177
89 258 49 48.487
90 557 33 47.753
91 947 59 26.898
92 549 10 53.986
93 1078 20 41.277
94 1217 10 43.271
95 1339 42 48.588
96 210 5 83.072
97 1046 44 67.603
98 217 48 91.487
99 1390 40 37.794
100 968 17 46.167