100
1 1361 59 88.877
2 134 31 25.547
3 1305 21 0.510
4 1214 35 62.359
5 830 2 85.303
6 5 49 29.437
7 1429 32 29.145
8 512 20 98.831
9 1307 45 87.553
10 1089 57 28.335
11 9 53 78.500
12 3 48 90.695
13 99 54 80.510
14 411 12 88.902
15 600 45 42.049
16 163 39 99.714
17 559 18 11.457
18 1261 1 24.069
19 1154 31 4.970
20 1260 59 53.557
21 299 27 92.395
22 310 49 76.776
23 1214 50 54.595
24 709 29 80.510
25 609 43 22.069
26 526 44 8.093
27 1355 24 34.463
28 803 4 80.961
29 1277 50 14.698
30 1364 4 36.770
31 407 9 7.459
32 425 51 85.066
33 511 16 31.351
34 286 40 5.343
35 43 48 49.102
36 49 52 79.383
37 304 21 94.278
38 437 22 15.147
39 1236 1 53.105
40 262 49 92.850
41 1278 8 54.392
42 450 32 10.530
43 844 45 11.717
44 8 43 73.471
45 811 12 50.757
46 904 3 89.204
47 1156 47 66.509
48 563 15 82.733
49 677 52 91.752
50 546 16 68.345
51 111 41 52.683
52 537 7 21.900
53 133 24 2.644
54 869 25 26.138
55 55 3 10.600
56 1079 15 79.908
57 756 41 23.356
58 1320 12 74.185
59 241 49 77.029
60 625 13 80.007
61 362 57 38.319
62 1265 45 58.278
63 67 8 2.040
64 605 28 88.743
65 495 59 7.503
66 877 55 75.658
67 476 42 67.219
68 544 52 45.851
69 822 59 37.461
70 374 17 30.330
71 306 33 82.797
72 414 22 78.948
73 995 14 94.931
74 940 26 57.606
75 660 8 21.877
76 90 54 18.112
77 1090 38 3.281
78 600 50 81.063
79 824 6 76.680
80 1092 26 56.514
81 1084 36 85.222
82 487 41 32.809
83 1257 46 81.586
84 867 52 29.290
85 957 17 2.631
86 1063 20 91.376
87 1344 54 11.785
88 122 34 97.384
89 939 42 30.089
90 128 15 0.171
91 481 27 99.537
92 474 17 38.060
93 417 34 29.543
94 931 51 97.886
95 971 51 8.595
96 208 19 5.386
97 148 24 11.128
98 94 24 44.199
99 640 58 1.862
100 40 4 44.950