100
1 941 19 48.631
2 73 5 45.443
3 1261 47 83.936
4 1276 44 5.713
5 35 32 59.932
6 1103 54 65.618
7 1131 57 60.774
8 976 37 79.600
9 557 9 64.249
10 1125 3 14.770
11 658 45 64.622
12 865 52 58.858
13 671 3 34.776
14 61 42 80.589
15 42 1 40.670
16 62 53 62.923
17 730 4 82.030
18 1027 37 90.993
19 288 32 96.881
20 442 4 47.682
21 943 42 22.311
22 199 7 13.536
23 891 24 27.057
24 509 23 68.649
25 770 12 30.185
26 884 20 44.234
27 752 57 38.203
28 83 52 79.969
29 54 16 29.417
30 1381 19 48.929
31 538 45 40.803
32 939 14 32.941
33 1028 25 34.735
34 1291 39 49.665
35 248 52 4.841
36 582 28 62.989
37 1270 39 57.015
38 471 53 15.573
39 1287 31 1.051
40 832 25 20.821
41 909 25 18.938
42 985 59 52.385
43 1413 26 21.688
44 848 37 31.842
45 980 19 43.672
46 759 26 25.812
47 329 37 4.199
48 665 45 82.613
49 1103 54 9.792
50 1386 15 0.199
51 659 7 94.307
52 696 53 77.726
53 38 26 10.973
54 562 48 15.840
55 574 31 75.407
56 115 9 39.181
57 982 45 84.399
58 882 52 53.389
59 819 5 89.897
60 385 21 99.401
61 81 26 37.131
62 1270 16 56.318
63 750 8 29.655
64 1239 29 10.116
65 50 32 89.585
66 690 52 93.827
67 729 43 2.645
68 636 37 72.145
69 454 27 83.357
70 334 2 48.117
71 1005 37 78.464
72 1016 39 29.366
73 11 48 10.330
74 703 45 56.167
75 514 25 36.596
76 286 13 20.066
77 81 54 42.027
78 107 25 75.289
79 1272 20 59.034
80 732 21 82.189
81 1416 35 84.669
82 851 3 60.542
83 813 45 99.501
84 30 9 50.295
85 313 30 42.150
86 1387 57 54.431
87 175 60 0.525
88 1087 34 72.673
89 549 9 34.134
90 52 10 15.603
91 393 6 55.630
92 1035 11 44.426
93 862 43 64.309
94 1187 31 32.791
95 926 39 8.994
96 334 4 55.113
97 162 4 8.071
98 430 50 80.967
99 747 17 89.180
100 548 58 5.966