100
1 215 54 66.513
2 880 33 83.071
3 1267 51 16.758
4 181 30 10.007
5 1024 8 93.432
6 1254 13 12.358
7 1312 25 64.399
8 604 9 24.077
9 495 32 24.816
10 468 31 69.731
11 594 6 57.550
12 452 50 90.362
13 775 8 8.153
14 1393 44 97.707
15 394 17 85.916
16 358 60 11.091
17 782 46 50.764
18 1052 8 6.083
19 1088 55 26.283
20 1071 30 6.359
21 429 3 87.482
22 210 52 31.679
23 1133 44 56.811
24 1329 30 21.503
25 346 26 23.178
26 138 23 59.542
27 542 17 92.195
28 565 8 84.689
29 284 20 68.872
30 52 59 19.190
31 1316 7 97.632
32 392 16 58.284
33 892 44 86.635
34 1101 11 59.696
35 1401 48 18.006
36 479 14 32.493
37 1268 8 96.157
38 800 40 19.145
39 105 29 26.710
40 359 13 39.895
41 387 3 36.734
42 504 11 21.369
43 190 46 32.207
44 674 40 89.445
45 1203 46 41.480
46 748 4 34.719
47 498 28 55.656
48 1031 55 89.993
49 490 6 2.826
50 42 3 79.341
51 21 50 97.153
52 43 25 30.540
53 1157 58 66.660
54 462 31 23.436
55 1278 53 39.268
56 319 38 78.880
57 1011 15 52.150
58 539 56 23.460
59 1142 54 64.180
60 622 50 48.615
61 1275 4 83.950
62 929 59 9.573
63 70 44 60.234
64 97 55 37.321
65 140 27 58.938
66 556 11 23.368
67 1065 36 88.725
68 1095 52 78.709
69 1197 37 47.488
70 877 38 73.998
71 1104 50 15.012
72 1149 46 69.935
73 474 6 16.463
74 3 29 10.394
75 433 15 86.364
76 846 37 94.458
77 960 48 74.763
78 483 49 28.777
79 1003 59 53.583
80 647 7 98.120
81 143 35 35.454
82 1138 31 7.655
83 249 29 51.121
84 1011 25 96.535
85 901 34 42.952
86 1126 11 52.417
87 1138 27 96.485
88 752 12 15.570
89 951 10 59.127
90 696 27 27.235
91 213 25 81.653
92 1007 60 45.387
93 360 30 41.299
94 600 12 32.377
95 1120 49 79.990
96 545 34 19.293
97 832 15 17.667
98 793 9 83.792
99 1290 57 35.380
100 1205 8 11.583