100
1 834 11 88.179
2 553 19 51.588
3 448 32 90.454
4 97 52 41.778
5 807 39 98.998
6 1236 29 61.052
7 898 9 61.815
8 890 48 33.071
9 1183 12 33.505
10 997 22 98.393
11 980 40 58.265
12 135 4 48.763
13 853 38 89.483
14 810 31 27.211
15 385 55 57.070
16 167 35 7.341
17 78 53 57.367
18 1398 43 81.457
19 546 20 65.337
20 102 60 28.206
21 222 23 96.729
22 806 50 50.856
23 757 14 28.595
24 304 59 52.542
25 924 15 41.705
26 632 11 35.359
27 935 20 15.891
28 4 51 79.520
29 771 39 18.991
30 84 54 18.609
31 18 56 78.304
32 3 8 96.935
33 638 34 87.230
34 930 35 68.563
35 1042 2 41.106
36 411 53 84.431
37 1253 19 41.192
38 1063 53 90.481
39 139 24 33.686
40 965 24 64.711
41 126 52 89.658
42 469 24 70.432
43 1274 2 84.212
44 495 33 48.432
45 1303 41 54.718
46 247 26 64.253
47 1418 24 6.251
48 415 26 19.989
49 701 35 29.695
50 1046 30 58.044
51 167 18 24.448
52 1382 19 79.792
53 796 38 86.227
54 1037 2 35.845
55 580 6 48.361
56 1236 3 12.299
57 100 35 78.264
58 451 44 27.680
59 1296 45 78.771
60 638 45 66.718
61 8 34 65.110
62 1158 57 54.824
63 498 4 49.734
64 663 50 60.498
65 685 54 51.641
66 770 55 33.144
67 956 51 10.817
68 201 43 12.641
69 494 37 32.282
70 1390 53 75.918
71 351 31 92.234
72 500 53 98.808
73 1238 14 30.187
74 883 42 18.268
75 772 33 50.884
76 206 47 91.802
77 1039 3 44.513
78 12 9 77.251
79 257 33 94.162
80 1235 44 64.365
81 1254 59 48.315
82 1251 45 57.261
83 1279 29 20.819
84 1284 17 17.938
85 952 60 77.285
86 756 7 86.439
87 1107 28 60.426
88 1329 24 81.867
89 1128 27 20.351
90 1113 13 31.187
91 1171 49 24.783
92 307 16 4.003
93 150 22 84.160
94 6 21 15.665
95 1096 47 50.509
96 376 32 98.983
97 801 25 87.825
98 122 25 66.396
99 1241 27 82.707
100 57 20 95.986