100
1 957 56 16.203
2 880 60 11.982
3 1159 18 6.163
4 221 9 48.190
5 9 12 8.125
6 1169 47 46.476
7 1332 43 31.017
8 862 5 42.847
9 1300 38 74.743
10 916 1 74.719
11 1079 15 43.378
12 1163 33 35.054
13 1035 14 43.809
14 1002 3 50.418
15 1376 58 8.595
16 911 13 28.409
17 1099 42 12.951
18 378 53 27.761
19 62 36 30.091
20 431 48 29.756
21 1379 24 64.935
22 698 25 47.282
23 1049 54 45.010
24 20 3 31.673
25 68 57 55.244
26 1382 56 13.727
27 1032 58 48.657
28 1358 47 7.349
29 1399 18 71.830
30 759 27 81.392
31 1199 59 9.828
32 1015 31 59.109
33 585 30 64.529
34 259 45 89.589
35 877 23 42.102
36 820 14 62.227
37 1064 57 14.337
38 792 20 32.253
39 100 11 64.990
40 1090 14 70.375
41 715 9 38.472
42 152 13 48.055
43 528 2 65.346
44 136 37 19.921
45 269 30 58.776
46 94 12 42.309
47 993 35 67.549
48 727 22 9.430
49 134 51 63.499
50 1396 7 45.318
51 1268 17 6.077
52 479 16 41.551
53 1275 4 33.736
54 499 11 20.973
55 358 16 91.151
56 282 30 23.354
57 576 51 3.015
58 139 59 60.345
59 1036 5 16.326
60 1093 20 12.158
61 512 35 96.953
62 1398 33 92.405
63 669 15 39.622
64 639 55 10.319
65 71 4 93.854
66 924 42 51.455
67 196 7 1.319
68 342 39 22.776
69 1015 32 68.450
70 676 26 87.445
71 649 50 44.612
72 195 55 49.158
73 80 21 26.020
74 369 18 57.651
75 1244 34 98.310
76 738 46 66.511
77 224 48 7.168
78 1149 53 43.354
79 1318 11 33.003
80 261 1 71.497
81 262 20 72.753
82 1298 39 86.251
83 1053 10 84.596
84 342 24 19.025
85 607 35 62.183
86 1012 18 17.362
87 199 31 68.800
88 1149 20 37.341
89 526 5 98.387
90 921 22 18.497
91 138 5 34.980
92 436 31 17.987
93 967 21 76.864
94 390 3 7.016
95 1165 28 68.444
96 1073 26 10.848
97 202 12 58.990
98 101 5 38.229
99 952 39 53.886
100 1440 9 77.023