100
1 353 19 60.504
2 734 47 42.815
3 1333 48 16.860
4 1014 37 25.082
5 445 32 20.042
6 265 17 95.286
7 406 10 30.117
8 1016 32 80.487
9 516 19 74.941
10 834 23 11.792
11 594 55 6.015
12 1369 37 66.513
13 629 37 49.683
14 1267 54 51.250
15 1402 12 70.404
16 140 59 95.012
17 1401 24 63.594
18 374 33 70.425
19 983 46 59.789
20 903 30 20.283
21 508 13 66.197
22 152 60 17.460
23 489 38 94.071
24 229 15 61.552
25 407 56 69.462
26 430 45 82.369
27 407 57 86.944
28 741 42 69.664
29 871 15 36.688
30 89 17 50.695
31 1128 35 24.505
32 1006 11 80.953
33 634 30 41.336
34 699 8 58.054
35 775 26 97.679
36 508 2 51.411
37 1069 39 44.214
38 648 31 22.046
39 947 29 64.081
40 992 56 9.148
41 152 7 40.535
42 287 7 49.024
43 372 13 49.504
44 74 18 83.079
45 99 39 74.907
46 1166 49 28.781
47 657 11 82.337
48 420 54 32.243
49 1375 3 56.257
50 1177 2 24.111
51 1160 25 24.185
52 377 48 36.137
53 1326 30 37.043
54 77 46 67.212
55 681 26 39.091
56 628 42 50.218
57 947 12 33.273
58 1386 20 28.324
59 104 48 98.458
60 1364 29 55.294
61 1292 45 47.820
62 296 10 5.800
63 536 54 40.477
64 562 42 87.379
65 106 9 78.478
66 1187 25 36.535
67 656 47 44.433
68 1029 59 49.045
69 972 45 4.475
70 303 8 44.899
71 1359 57 73.526
72 865 34 30.095
73 636 9 9.645
74 267 49 43.203
75 155 33 79.483
76 1323 41 93.414
77 254 29 23.732
78 133 22 40.901
79 1243 37 43.024
80 85 39 25.139
81 1189 1 39.726
82 871 27 25.260
83 616 23 75.794
84 1055 51 35.974
85 641 48 75.690
86 1382 6 97.260
87 252 31 21.427
88 307 40 28.505
89 1237 7 37.131
90 482 11 13.779
91 709 29 77.393
92 1166 29 63.503
93 310 6 43.804
94 1271 15 82.151
95 990 9 84.066
96 308 19 30.215
97 1069 44 87.769
98 976 48 93.323
99 492 38 37.330
100 1364 36 91.501