100
1 436 23 84.678
2 987 60 49.710
3 885 34 18.873
4 562 22 55.876
5 1048 32 33.689
6 66 6 3.534
7 605 53 37.642
8 1215 25 2.741
9 544 25 47.688
10 1063 37 94.431
11 26 28 20.820
12 451 53 37.123
13 729 24 49.551
14 1130 59 99.349
15 216 32 75.051
16 1351 29 16.775
17 1027 3 88.962
18 293 17 92.585
19 108 44 39.104
20 712 36 65.306
21 1114 35 34.101
22 1329 6 25.347
23 1093 58 55.149
24 105 16 29.056
25 1323 21 26.001
26 427 6 33.572
27 200 6 57.912
28 1328 56 40.170
29 1241 31 58.956
30 137 35 40.033
31 1167 2 88.737
32 454 51 55.075
33 709 4 10.679
34 1301 54 98.731
35 484 41 4.089
36 574 47 32.790
37 520 1 26.603
38 43 51 70.644
39 674 43 41.613
40 871 38 44.236
41 906 44 34.408
42 1037 4 22.588
43 1265 35 76.492
44 1186 60 46.186
45 879 26 87.153
46 625 59 41.404
47 162 60 77.135
48 104 31 96.562
49 623 46 57.944
50 158 28 84.681
51 978 21 20.408
52 1279 47 79.775
53 375 55 14.433
54 747 18 32.904
55 509 42 73.472
56 326 4 40.582
57 1339 8 74.799
58 333 48 31.288
59 133 29 32.700
60 166 58 71.459
61 822 11 11.647
62 497 25 48.010
63 220 10 1.443
64 1334 6 59.437
65 419 58 12.295
66 705 37 38.028
67 786 32 1.401
68 365 29 0.974
69 264 16 43.411
70 916 36 49.822
71 604 8 69.133
72 448 12 77.455
73 304 51 98.405
74 405 46 73.492
75 1071 7 99.274
76 641 44 48.211
77 442 43 87.099
78 1140 30 27.609
79 1005 1 59.465
80 1257 39 61.036
81 266 52 45.881
82 1311 54 95.621
83 1072 42 39.828
84 1437 28 12.155
85 1260 50 51.154
86 1014 6 51.283
87 812 4 70.077
88 913 41 28.512
89 983 12 74.076
90 938 4 18.465
91 537 57 0.287
92 696 10 11.343
93 1204 47 78.839
94 505 10 86.565
95 631 27 42.816
96 1373 43 22.290
97 261 54 37.773
98 330 48 62.101
99 1193 35 73.230
100 1071 60 31.051