100
1 630 56 95.451
2 353 43 36.687
3 613 3 54.542
4 1103 45 14.845
5 463 51 5.983
6 863 18 84.529
7 653 19 42.585
8 1008 42 89.122
9 582 50 54.372
10 1133 3 56.569
11 556 55 24.557
12 289 16 46.649
13 21 24 72.230
14 1351 54 58.921
15 134 49 88.000
16 243 31 75.439
17 173 20 14.906
18 1058 4 55.402
19 1400 25 22.363
20 1335 47 52.835
21 533 50 13.020
22 1243 32 84.315
23 563 45 90.947
24 912 36 23.548
25 1286 4 12.431
26 898 58 90.107
27 246 13 46.826
28 763 33 83.858
29 1324 37 95.363
30 1268 32 37.976
31 94 39 11.789
32 184 2 90.411
33 1076 40 28.732
34 462 45 57.132
35 912 16 81.108
36 87 13 20.242
37 292 54 38.556
38 1108 48 89.348
39 658 44 83.084
40 587 42 67.661
41 580 48 48.604
42 187 13 31.210
43 1334 17 1.133
44 167 38 94.464
45 1408 54 25.374
46 1039 5 15.996
47 156 34 65.749
48 162 17 66.540
49 976 22 41.519
50 1027 9 0.588
51 708 14 11.725
52 1411 1 30.567
53 594 31 79.730
54 1243 22 61.877
55 935 57 12.113
56 961 51 33.633
57 1198 51 3.012
58 786 55 19.981
59 745 47 57.437
60 82 43 89.587
61 445 37 65.380
62 599 23 78.473
63 621 13 91.821
64 229 34 26.083
65 859 38 89.928
66 255 33 45.910
67 886 44 25.408
68 884 46 63.176
69 470 46 40.677
70 1415 21 7.686
71 959 36 80.488
72 897 51 98.218
73 517 32 46.506
74 1017 9 93.046
75 309 20 38.028
76 737 53 19.695
77 1046 35 2.288
78 774 31 45.253
79 540 45 85.797
80 181 49 73.410
81 963 33 28.026
82 1319 40 64.404
83 1433 53 1.259
84 736 16 43.431
85 168 37 35.682
86 1302 26 53.009
87 1411 47 41.137
88 1292 1 82.366
89 1099 12 33.066
90 460 37 99.532
91 144 59 87.250
92 179 20 77.998
93 384 7 59.153
94 980 50 86.604
95 126 3 96.288
96 918 49 73.468
97 467 54 93.001
98 870 24 45.793
99 1347 30 17.662
100 96 47 63.184