100
1 763 50 28.533
2 55 3 64.016
3 633 24 28.940
4 1157 19 9.823
5 1150 52 46.994
6 1210 29 48.761
7 479 43 51.357
8 1052 34 25.838
9 254 10 34.133
10 995 8 61.363
11 303 45 99.741
12 323 4 74.926
13 381 31 80.229
14 1341 13 87.151
15 374 49 71.040
16 697 13 0.439
17 186 18 37.306
18 191 43 65.668
19 349 12 47.687
20 62 31 96.805
21 600 34 74.579
22 130 2 3.507
23 902 32 90.509
24 627 36 57.329
25 804 16 41.778
26 223 5 26.198
27 179 50 85.442
28 142 43 19.665
29 1065 36 56.651
30 33 43 36.689
31 666 1 19.560
32 1183 45 20.452
33 1041 58 39.286
34 27 50 4.786
35 664 51 78.261
36 880 52 79.746
37 397 7 82.815
38 955 30 3.834
39 1104 12 79.459
40 1149 53 15.560
41 1413 47 21.440
42 382 39 22.942
43 1303 47 57.223
44 228 60 28.385
45 414 26 59.284
46 1322 54 60.317
47 95 43 61.000
48 829 25 11.859
49 170 42 5.007
50 1300 60 6.958
51 1104 33 23.893
52 1088 16 46.826
53 1259 21 99.621
54 223 48 93.644
55 534 33 62.044
56 696 30 36.350
57 1355 23 42.708
58 1073 47 19.289
59 349 10 45.876
60 1296 29 79.269
61 798 37 69.444
62 627 35 82.269
63 769 23 88.371
64 452 43 72.535
65 412 9 99.196
66 691 20 32.542
67 177 19 9.738
68 776 21 93.487
69 146 28 5.472
70 753 40 21.322
71 893 60 84.589
72 586 4 79.985
73 1422 5 19.980
74 812 9 94.176
75 259 33 53.983
76 1121 52 5.879
77 615 15 67.896
78 555 31 72.353
79 515 40 66.067
80 796 52 73.326
81 950 45 59.917
82 1366 46 75.513
83 1053 54 46.254
84 1416 48 82.300
85 97 21 62.787
86 1244 36 41.010
87 886 53 89.817
88 363 34 50.289
89 509 15 51.935
90 56 32 89.654
91 1361 24 56.700
92 1363 47 91.329
93 1174 14 95.147
94 763 13 12.457
95 19 46 46.991
96 591 4 35.815
97 518 9 43.631
98 1017 60 39.988
99 817 4 67.679
100 273 46 54.186