100
1 712 13 11.553
2 667 7 78.962
3 1233 34 64.724
4 684 47 68.353
5 1160 3 40.814
6 1009 17 6.474
7 816 15 46.971
8 1255 14 69.386
9 667 35 48.600
10 1398 9 71.602
11 535 41 86.194
12 879 43 95.779
13 1276 17 47.073
14 892 40 60.534
15 1104 45 3.990
16 1124 31 68.420
17 1424 47 68.342
18 420 60 15.955
19 1247 36 47.090
20 8 37 70.653
21 1337 18 18.501
22 588 6 29.041
23 548 54 1.996
24 485 16 94.198
25 73 22 76.090
26 909 16 91.979
27 1424 59 82.382
28 525 46 13.822
29 1337 24 9.195
30 1227 43 46.040
31 504 41 5.874
32 504 59 88.468
33 240 25 8.358
34 1298 39 13.261
35 725 1 59.006
36 237 56 40.177
37 1359 12 86.829
38 281 59 34.958
39 557 7 54.329
40 1146 58 76.580
41 721 49 48.811
42 1247 28 69.337
43 925 19 9.128
44 63 20 16.353
45 1156 48 64.173
46 1273 33 4.998
47 820 29 29.149
48 75 58 31.544
49 1214 45 45.350
50 208 59 96.507
51 151 55 78.621
52 426 8 19.248
53 205 59 23.750
54 663 15 10.936
55 630 33 54.505
56 791 31 18.370
57 590 56 96.902
58 509 25 81.972
59 14 40 78.963
60 219 38 49.972
61 787 24 6.343
62 674 7 44.019
63 1334 47 54.743
64 399 60 12.411
65 308 36 81.326
66 580 46 26.289
67 563 36 19.560
68 834 1 3.835
69 957 37 42.550
70 26 57 77.371
71 603 41 35.497
72 785 15 93.454
73 964 4 46.058
74 1327 8 85.085
75 1162 41 66.931
76 329 14 60.596
77 991 44 73.446
78 1123 35 29.789
79 631 15 92.265
80 377 31 31.174
81 1323 4 54.164
82 987 58 39.748
83 1060 39 33.448
84 1440 1 33.034
85 165 31 61.034
86 150 19 64.904
87 457 38 2.773
88 1040 56 97.488
89 412 39 37.337
90 96 32 95.233
91 579 49 78.507
92 427 50 19.130
93 1351 56 56.949
94 784 26 52.103
95 686 51 23.778
96 1129 48 41.466
97 1210 23 77.725
98 1015 23 54.687
99 623 4 19.998
100 785 39 88.611