100
1 135 10 41.808
2 1434 43 17.809
3 883 54 71.056
4 847 29 33.633
5 1350 42 20.057
6 54 6 0.175
7 824 37 85.959
8 185 11 32.061
9 1229 38 41.569
10 241 28 28.123
11 332 17 13.856
12 878 25 91.805
13 1164 43 92.377
14 230 16 56.381
15 541 13 68.637
16 827 32 73.762
17 504 3 30.964
18 231 48 52.512
19 1151 59 36.893
20 971 2 23.817
21 935 25 87.857
22 1384 13 2.372
23 787 39 10.986
24 242 5 61.014
25 1417 1 64.670
26 254 18 42.645
27 504 5 67.423
28 1070 29 97.506
29 731 36 14.144
30 1150 32 37.276
31 1197 44 2.537
32 131 13 13.164
33 1091 55 78.727
34 1362 3 64.237
35 590 19 43.423
36 194 39 26.394
37 872 37 36.848
38 257 53 20.797
39 409 39 83.674
40 954 12 46.003
41 1243 60 95.935
42 857 39 96.007
43 1343 15 0.068
44 314 1 98.562
45 923 47 76.987
46 295 2 62.546
47 221 31 74.207
48 422 22 25.056
49 1400 13 88.472
50 874 38 44.056
51 180 13 0.820
52 1228 35 57.704
53 139 12 74.391
54 967 25 75.090
55 1391 4 9.060
56 273 41 28.382
57 20 13 94.252
58 421 18 61.841
59 1181 21 23.226
60 716 35 70.223
61 1296 3 59.195
62 606 14 41.687
63 1435 52 47.854
64 626 53 61.754
65 587 54 38.537
66 1380 45 99.449
67 1319 2 54.368
68 1278 20 25.508
69 202 44 35.653
70 1159 16 80.133
71 698 38 23.767
72 777 3 34.377
73 760 30 60.078
74 1217 4 73.872
75 599 16 9.602
76 468 53 71.084
77 509 51 91.014
78 64 16 46.391
79 536 38 51.807
80 889 36 69.631
81 1251 11 27.927
82 1047 3 91.813
83 82 10 66.307
84 1201 58 38.291
85 459 54 25.197
86 1437 28 58.683
87 206 60 90.704
88 1355 23 96.253
89 522 41 71.776
90 1034 6 52.270
91 1128 11 41.831
92 323 55 79.514
93 1408 8 36.907
94 1299 43 39.261
95 136 26 70.671
96 510 58 15.170
97 349 34 45.176
98 1263 27 96.384
99 151 10 36.934
100 266 22 49.947