100
1 1381 12 84.017
2 1191 31 85.952
3 1259 51 78.169
4 77 52 43.508
5 753 55 59.639
6 878 2 78.965
7 294 56 4.415
8 1118 13 72.906
9 338 6 70.807
10 394 3 89.064
11 867 55 20.294
12 1171 12 93.677
13 1091 7 6.861
14 125 1 57.218
15 1225 30 38.037
16 958 2 29.474
17 895 50 55.553
18 1052 33 86.425
19 1363 43 12.320
20 879 49 71.612
21 57 57 78.256
22 673 23 83.903
23 1360 38 99.589
24 1277 2 26.711
25 600 22 84.206
26 124 29 9.734
27 1323 57 24.047
28 1172 35 62.831
29 342 56 16.245
30 780 4 47.345
31 1054 3 20.053
32 765 20 65.121
33 84 57 59.936
34 783 15 8.643
35 453 37 73.274
36 1403 52 45.778
37 579 11 46.506
38 643 24 37.912
39 138 6 59.570
40 275 48 28.659
41 78 23 85.316
42 867 14 5.993
43 1322 53 99.825
44 1364 31 19.500
45 862 9 2.992
46 314 50 22.486
47 1244 26 40.849
48 851 55 88.951
49 1380 54 8.014
50 1170 38 28.353
51 1405 9 26.672
52 423 11 97.351
53 273 48 42.988
54 1115 60 85.510
55 1186 60 51.901
56 389 18 19.286
57 141 41 68.615
58 600 51 91.560
59 603 52 58.033
60 85 44 51.249
61 249 12 37.021
62 612 14 94.401
63 581 33 52.500
64 1019 43 48.917
65 961 36 21.041
66 386 13 28.434
67 738 10 0.048
68 1214 41 88.849
69 459 4 80.123
70 249 51 33.306
71 851 51 32.510
72 518 26 71.134
73 1045 20 56.377
74 929 2 18.369
75 278 21 80.609
76 1246 12 5.170
77 773 31 40.698
78 392 24 3.485
79 607 59 67.050
80 679 23 46.039
81 792 16 42.201
82 288 27 82.001
83 72 40 54.182
84 170 54 82.761
85 21 29 15.520
86 961 46 33.720
87 731 45 91.526
88 325 3 28.165
89 621 4 27.454
90 646 48 6.000
91 335 42 14.921
92 990 56 89.396
93 297 22 58.964
94 1069 15 23.030
95 861 25 60.364
96 654 44 40.503
97 531 12 67.775
98 673 11 83.088
99 678 38 19.593
100 776 27 22.184