100
1 671 59 22.385
2 873 53 82.662
3 268 54 66.201
4 813 38 73.787
5 389 32 46.285
6 503 27 82.232
7 1270 8 99.250
8 147 20 7.051
9 1008 24 55.003
10 1349 12 71.931
11 1334 48 84.854
12 1372 46 67.003
13 978 58 62.297
14 720 35 96.343
15 732 17 73.579
16 1065 5 47.723
17 158 47 62.009
18 1345 36 32.798
19 1377 16 65.630
20 261 19 40.539
21 738 16 77.660
22 432 25 97.363
23 216 59 86.943
24 196 46 90.483
25 114 25 39.606
26 210 11 64.704
27 1250 12 33.124
28 345 6 24.708
29 524 35 33.612
30 1387 6 32.074
31 577 28 63.136
32 1250 53 19.907
33 627 44 19.808
34 69 45 44.198
35 1157 49 39.668
36 888 45 87.738
37 184 4 26.994
38 990 53 70.458
39 848 47 76.067
40 67 40 71.889
41 233 15 9.489
42 1183 53 99.900
43 291 51 0.731
44 1296 57 34.297
45 1162 3 68.037
46 532 17 71.938
47 988 37 29.756
48 1058 14 33.479
49 582 38 18.831
50 1154 37 11.814
51 1078 3 99.243
52 1332 10 90.603
53 734 45 59.067
54 322 55 20.346
55 1263 50 65.288
56 473 30 20.587
57 697 23 20.950
58 966 21 36.424
59 1017 17 77.762
60 1205 55 59.608
61 499 21 76.608
62 161 51 89.047
63 1111 47 46.400
64 706 57 52.336
65 1407 17 73.526
66 801 20 17.752
67 1056 38 64.384
68 1041 50 56.113
69 1030 1 36.590
70 157 14 84.548
71 526 6 4.636
72 519 45 16.547
73 74 20 14.351
74 1047 4 63.377
75 1213 58 44.460
76 115 54 8.320
77 985 41 30.617
78 1368 12 58.672
79 136 59 84.862
80 1135 1 36.808
81 243 32 73.529
82 603 35 11.298
83 880 54 4.755
84 463 41 51.085
85 392 35 0.033
86 771 51 45.305
87 878 40 52.871
88 440 14 55.566
89 1096 32 43.952
90 1144 54 98.630
91 580 8 75.782
92 793 33 16.303
93 1348 43 4.148
94 535 46 86.509
95 1319 25 1.474
96 414 53 85.481
97 290 1 1.133
98 615 43 99.627
99 113 32 37.585
100 1353 50 52.504