100
1 349 55 31.585
2 1039 11 55.155
3 1290 27 55.250
4 385 50 92.722
5 1401 4 86.015
6 63 34 28.205
7 386 41 36.292
8 1215 45 49.086
9 649 27 60.752
10 310 31 94.965
11 1380 25 16.750
12 1308 40 92.189
13 402 37 55.430
14 1174 14 73.692
15 131 10 25.370
16 1149 32 6.427
17 1299 43 9.072
18 1323 46 50.403
19 630 1 58.999
20 1430 39 63.820
21 1221 34 61.688
22 77 22 76.232
23 243 9 17.868
24 970 34 95.650
25 788 40 32.613
26 1221 8 12.922
27 1258 46 70.217
28 995 36 45.385
29 1143 16 19.821
30 2 16 30.242
31 1304 17 59.077
32 64 53 66.323
33 1407 48 51.860
34 394 58 61.778
35 241 8 10.369
36 1173 30 59.591
37 329 57 95.585
38 138 5 77.871
39 912 28 89.510
40 10 14 54.375
41 417 29 68.987
42 173 2 77.505
43 251 25 79.681
44 526 29 7.927
45 404 54 29.301
46 1006 7 89.405
47 1156 55 30.123
48 512 23 30.363
49 1118 54 50.102
50 42 19 72.383
51 976 22 22.004
52 1411 17 1.697
53 259 9 81.464
54 162 27 41.573
55 89 49 97.550
56 56 3 33.652
57 1329 21 8.209
58 450 5 33.792
59 1239 40 38.416
60 537 9 62.320
61 1436 42 62.552
62 832 14 37.970
63 295 2 12.134
64 1048 14 12.469
65 1395 12 96.128
66 866 59 27.212
67 1083 19 89.406
68 408 6 61.180
69 145 60 95.863
70 1349 45 56.511
71 1111 22 86.934
72 607 7 15.872
73 614 10 0.115
74 1192 32 89.082
75 725 3 98.708
76 1423 55 31.827
77 1306 56 50.511
78 766 6 20.737
79 416 32 0.027
80 314 27 21.715
81 506 2 86.228
82 770 1 58.833
83 546 24 76.751
84 409 51 65.963
85 343 15 7.818
86 69 5 12.708
87 472 51 11.750
88 402 1 96.299
89 1358 42 34.857
90 1106 14 80.476
91 1079 48 25.340
92 1323 23 49.530
93 1420 12 41.962
94 735 43 47.986
95 565 6 17.453
96 86 16 79.716
97 416 22 30.953
98 201 35 28.771
99 440 40 69.949
100 679 11 88.538