100
1 1374 17 59.603
2 726 11 24.295
3 1054 23 94.494
4 110 56 90.989
5 26 6 84.725
6 881 60 25.599
7 1142 42 56.245
8 1298 56 13.603
9 268 11 53.821
10 136 22 28.670
11 625 36 63.661
12 1040 8 18.141
13 1356 20 9.085
14 340 40 11.455
15 1137 26 26.367
16 327 37 1.104
17 942 33 37.129
18 514 25 64.646
19 813 34 94.417
20 360 54 24.555
21 1079 43 16.729
22 912 55 5.348
23 448 53 27.174
24 1321 49 21.942
25 865 57 75.622
26 695 36 2.978
27 1125 48 7.215
28 972 46 85.059
29 996 39 40.196
30 517 23 70.184
31 904 54 7.413
32 812 41 31.364
33 690 13 53.895
34 964 42 37.522
35 649 59 92.419
36 53 11 24.643
37 1104 57 43.773
38 1294 60 69.861
39 516 2 62.150
40 358 18 32.224
41 780 16 4.181
42 1159 7 41.307
43 605 30 78.140
44 569 27 31.768
45 699 47 45.128
46 229 21 92.938
47 767 29 32.975
48 120 1 54.074
49 1089 7 22.580
50 356 32 42.336
51 549 28 69.346
52 1315 28 58.831
53 318 8 62.532
54 108 41 6.851
55 328 18 9.111
56 952 13 83.264
57 1081 59 20.451
58 402 49 33.634
59 1174 29 95.002
60 63 50 20.854
61 1397 48 24.093
62 344 7 50.646
63 2 25 12.869
64 166 56 79.279
65 865 11 22.887
66 926 45 60.822
67 965 59 36.398
68 268 33 20.226
69 977 56 49.963
70 896 12 83.746
71 843 31 3.138
72 227 59 41.370
73 1300 52 26.598
74 13 33 87.148
75 306 60 64.902
76 547 40 83.202
77 463 7 69.292
78 506 49 65.588
79 706 45 88.571
80 843 19 50.231
81 930 23 54.700
82 895 5 32.822
83 659 28 23.174
84 594 29 10.814
85 1150 46 9.453
86 910 50 69.915
87 447 33 64.173
88 32 6 97.802
89 1350 3 56.597
90 655 43 16.869
91 1250 11 38.840
92 369 27 44.224
93 817 6 87.883
94 172 22 59.403
95 565 59 38.721
96 845 20 0.198
97 457 43 58.613
98 119 26 47.027
99 1166 46 53.000
100 203 60 53.318