100
1 56 58 94.182
2 1251 29 80.881
3 901 27 17.675
4 470 35 25.695
5 1080 56 70.124
6 392 50 18.893
7 1405 35 84.036
8 1381 15 80.886
9 966 14 93.998
10 734 52 19.315
11 758 15 50.330
12 413 2 54.577
13 677 43 82.944
14 1053 50 93.304
15 426 33 45.133
16 403 1 79.122
17 791 37 43.191
18 1439 17 51.765
19 568 30 45.308
20 824 49 31.995
21 425 56 2.850
22 1181 47 19.090
23 1220 28 77.240
24 942 49 82.605
25 172 23 27.479
26 1362 37 74.660
27 124 50 19.853
28 995 14 34.309
29 238 34 51.359
30 1097 38 47.337
31 29 45 64.110
32 319 4 91.377
33 678 47 86.390
34 1311 25 62.581
35 832 10 53.941
36 822 21 27.389
37 119 34 2.890
38 583 34 32.915
39 977 12 27.946
40 1397 48 77.566
41 1040 10 12.032
42 888 17 19.663
43 1407 37 20.098
44 269 50 86.764
45 910 33 94.558
46 99 17 65.298
47 816 5 27.391
48 665 45 32.015
49 266 40 85.470
50 903 25 17.088
51 40 57 68.503
52 589 29 79.538
53 1196 53 43.426
54 375 27 28.592
55 1215 49 16.451
56 340 27 49.003
57 1402 12 4.897
58 404 39 52.364
59 537 28 23.443
60 814 53 64.221
61 534 2 38.006
62 539 30 40.328
63 952 40 44.181
64 1007 40 44.753
65 882 27 74.708
66 257 1 22.760
67 788 49 76.348
68 684 48 79.030
69 800 26 46.775
70 491 26 10.969
71 751 26 66.611
72 936 48 76.549
73 147 24 19.495
74 1202 5 43.203
75 209 11 53.093
76 130 24 60.504
77 686 53 54.038
78 959 3 70.860
79 61 4 6.268
80 262 31 10.226
81 765 19 53.278
82 7 21 70.430
83 697 2 18.381
84 880 35 8.101
85 673 13 50.455
86 383 53 68.428
87 679 24 48.253
88 505 19 21.410
89 1375 8 37.001
90 806 8 78.929
91 110 37 94.947
92 398 26 17.634
93 484 43 81.648
94 438 10 17.588
95 993 20 72.611
96 415 54 84.266
97 286 54 84.743
98 938 6 57.193
99 1143 58 90.633
100 1115 31 69.222