100
1 885 8 17.397
2 150 24 36.201
3 353 42 64.006
4 228 55 18.190
5 298 33 89.706
6 986 45 67.643
7 1437 6 93.924
8 62 57 17.006
9 1392 19 28.635
10 914 47 44.354
11 548 56 25.225
12 1334 31 66.181
13 572 27 18.509
14 576 40 84.172
15 1265 52 83.815
16 128 18 18.052
17 613 30 55.751
18 249 29 71.963
19 903 17 90.223
20 333 53 1.382
21 1009 11 5.763
22 128 19 88.053
23 925 21 11.790
24 945 30 29.089
25 268 17 18.809
26 96 38 14.916
27 419 54 90.417
28 1219 59 86.229
29 333 39 18.426
30 538 7 57.127
31 732 41 25.907
32 637 58 70.218
33 1077 47 83.206
34 575 26 66.711
35 382 22 54.082
36 1349 37 3.293
37 190 29 18.245
38 1248 18 92.581
39 1415 44 40.735
40 1396 43 42.212
41 972 39 14.385
42 1081 60 9.628
43 63 24 96.758
44 789 60 86.436
45 570 20 88.783
46 668 59 94.738
47 1099 28 66.674
48 850 31 32.871
49 484 30 31.187
50 745 58 99.690
51 383 33 37.135
52 525 7 47.927
53 303 26 94.254
54 869 5 6.535
55 1313 33 17.024
56 1410 34 21.493
57 888 31 32.537
58 998 38 10.808
59 992 20 54.439
60 134 42 32.104
61 883 18 29.188
62 826 16 53.301
63 341 39 34.782
64 723 1 10.237
65 725 35 98.075
66 1179 38 13.351
67 621 50 47.786
68 439 50 39.085
69 787 10 30.289
70 996 20 96.607
71 1347 40 11.299
72 1311 36 42.549
73 304 47 62.475
74 1189 37 47.187
75 1365 51 86.778
76 802 20 44.991
77 535 38 49.313
78 501 46 14.333
79 621 57 83.744
80 181 4 89.771
81 61 52 70.122
82 1400 8 19.510
83 775 28 71.400
84 843 10 92.224
85 105 43 68.519
86 1200 34 42.846
87 549 38 15.061
88 1033 46 27.915
89 1295 19 17.033
90 1332 42 35.811
91 1395 59 19.591
92 377 6 44.808
93 292 46 95.993
94 316 28 15.081
95 901 18 94.595
96 556 18 38.040
97 125 40 16.502
98 936 9 49.326
99 1337 43 19.654
100 1261 42 93.219