100
1 459 60 85.927
2 805 44 10.869
3 398 4 17.395
4 206 46 51.544
5 315 17 6.261
6 429 32 46.365
7 362 43 16.567
8 870 49 6.548
9 654 37 49.581
10 209 51 56.972
11 322 15 81.639
12 310 51 13.431
13 1127 18 87.276
14 599 9 59.190
15 197 20 52.462
16 585 21 70.371
17 268 55 73.153
18 1254 50 2.253
19 1130 5 47.647
20 767 58 4.543
21 691 31 27.645
22 882 47 84.357
23 1371 19 7.271
24 151 28 76.302
25 254 21 1.423
26 1082 41 50.654
27 360 36 36.272
28 1285 52 7.397
29 143 19 25.744
30 388 16 6.115
31 1432 10 81.152
32 169 21 70.858
33 662 10 51.716
34 215 5 72.369
35 599 22 70.464
36 944 16 51.965
37 408 10 86.881
38 321 57 21.358
39 1173 11 25.619
40 489 39 75.346
41 311 3 82.673
42 157 12 62.375
43 380 35 36.008
44 445 44 25.039
45 627 3 81.807
46 700 51 67.618
47 889 32 19.876
48 1263 27 49.247
49 796 45 26.417
50 196 6 86.669
51 463 2 44.166
52 758 60 45.558
53 838 56 88.022
54 890 36 62.083
55 1293 51 52.525
56 315 15 4.437
57 45 38 64.078
58 453 59 46.179
59 977 3 58.719
60 498 55 67.191
61 1074 34 54.473
62 294 51 82.024
63 468 39 61.970
64 700 2 19.479
65 966 44 31.894
66 102 25 41.770
67 273 19 38.119
68 692 8 71.087
69 1075 27 88.530
70 54 1 68.197
71 1281 27 17.545
72 556 23 31.028
73 449 5 64.953
74 1345 24 44.372
75 310 31 27.549
76 873 47 89.193
77 6 50 54.204
78 459 53 49.174
79 851 17 7.118
80 170 30 5.851
81 1343 18 98.974
82 1261 54 73.424
83 425 60 72.459
84 673 58 31.202
85 191 60 97.310
86 1212 15 9.744
87 918 9 2.529
88 1167 24 15.991
89 929 48 18.022
90 1383 6 29.670
91 1027 2 31.301
92 336 2 96.609
93 776 31 20.330
94 1222 50 87.446
95 911 14 91.901
96 22 42 69.490
97 50 56 55.237
98 253 43 34.717
99 48 22 30.601
100 22 27 62.871