100
1 586 28 62.139
2 626 45 89.902
3 394 3 20.599
4 839 24 39.118
5 796 23 11.837
6 730 13 50.018
7 1233 54 47.556
8 212 34 94.643
9 356 45 77.972
10 495 45 32.233
11 756 7 41.384
12 340 42 65.662
13 1091 58 50.169
14 1013 19 64.970
15 599 9 75.629
16 651 36 39.414
17 308 5 47.338
18 625 17 52.720
19 13 46 92.382
20 860 60 86.996
21 254 14 86.250
22 423 12 56.658
23 69 51 71.143
24 1178 38 76.297
25 1318 6 97.171
26 70 8 28.045
27 526 5 50.585
28 1409 31 70.120
29 579 6 12.034
30 221 3 61.591
31 392 42 98.377
32 1338 4 54.125
33 571 7 45.790
34 588 18 31.731
35 984 37 65.795
36 1107 13 98.254
37 174 6 26.143
38 47 45 18.805
39 1269 31 59.654
40 1409 58 27.397
41 1301 35 49.974
42 295 6 12.495
43 257 52 17.106
44 1260 23 26.585
45 966 9 81.002
46 343 2 84.036
47 616 14 82.457
48 1160 40 71.313
49 1031 15 64.759
50 85 19 46.310
51 1424 32 14.271
52 1026 24 22.811
53 1173 18 94.860
54 521 36 65.965
55 1237 34 74.427
56 476 4 67.227
57 473 35 28.765
58 92 57 10.824
59 245 33 63.769
60 459 24 7.103
61 362 37 79.974
62 422 56 45.668
63 813 28 86.565
64 950 7 24.654
65 786 30 56.890
66 379 23 8.141
67 366 57 42.378
68 328 49 16.852
69 442 22 58.097
70 688 6 49.433
71 1192 29 86.865
72 1248 24 82.395
73 1096 53 55.651
74 1260 42 74.314
75 1413 51 92.924
76 441 29 84.175
77 299 21 35.773
78 400 38 43.519
79 1385 59 7.265
80 151 52 18.010
81 868 29 15.937
82 176 55 60.431
83 974 15 82.697
84 479 42 73.868
85 380 40 57.197
86 1035 4 91.018
87 699 33 42.153
88 117 30 72.257
89 192 43 63.429
90 1359 2 69.076
91 13 3 37.912
92 1131 8 98.388
93 1207 38 45.453
94 1008 21 80.161
95 1291 30 57.051
96 1251 23 89.079
97 1136 31 57.173
98 940 34 9.954
99 52 2 64.547
100 276 6 12.925