100
1 33 23 59.824
2 1154 26 13.339
3 413 38 34.293
4 918 49 67.746
5 261 51 41.517
6 742 43 79.771
7 58 5 18.693
8 1302 18 70.060
9 287 3 35.235
10 1270 24 55.135
11 435 7 29.971
12 1181 7 80.915
13 383 1 77.852
14 181 22 8.196
15 703 4 3.187
16 716 38 83.596
17 724 58 10.087
18 895 43 99.972
19 754 37 34.484
20 856 10 0.927
21 1071 52 3.782
22 109 5 25.600
23 1201 22 3.248
24 1193 19 7.306
25 1021 1 17.437
26 1372 45 13.640
27 802 57 55.531
28 982 4 40.271
29 73 48 6.590
30 1147 53 40.473
31 758 51 42.020
32 851 40 43.918
33 1239 28 22.443
34 79 53 98.534
35 993 51 2.467
36 777 54 5.781
37 1 26 31.790
38 756 5 61.274
39 487 46 27.282
40 1394 9 60.698
41 873 54 18.149
42 363 4 49.359
43 1230 33 29.304
44 1274 26 8.207
45 39 3 42.133
46 1421 47 43.777
47 1062 34 46.037
48 1386 21 17.363
49 1425 47 40.844
50 797 57 39.255
51 1393 2 81.613
52 1142 42 9.920
53 323 58 43.756
54 327 41 15.409
55 740 21 37.311
56 681 48 85.330
57 893 4 89.842
58 1196 18 79.444
59 321 39 52.138
60 1216 8 56.618
61 954 59 30.296
62 827 56 37.621
63 177 8 33.244
64 154 48 2.744
65 1142 40 31.398
66 701 39 9.912
67 1381 29 13.836
68 1068 3 34.925
69 510 7 0.311
70 885 48 62.677
71 326 11 69.187
72 847 31 14.059
73 219 41 75.605
74 468 18 99.892
75 730 5 81.301
76 574 35 41.585
77 751 50 99.494
78 1274 13 1.934
79 780 54 15.271
80 795 57 63.309
81 287 47 66.327
82 13 18 23.034
83 847 3 6.931
84 1072 39 73.708
85 255 24 57.104
86 1177 6 29.275
87 1303 48 88.958
88 1039 39 80.922
89 662 47 13.563
90 29 11 5.717
91 305 6 26.294
92 1337 18 2.471
93 975 3 48.192
94 1390 30 85.186
95 772 58 13.291
96 1084 46 27.042
97 624 9 27.500
98 79 30 26.439
99 1380 16 74.572
100 566 35 40.136