100
1 758 60 54.192
2 1257 16 97.346
3 1314 23 87.432
4 1241 16 87.570
5 449 22 74.808
6 1138 28 5.786
7 711 11 21.722
8 1113 17 40.604
9 1417 13 33.549
10 315 20 76.890
11 827 36 79.095
12 560 15 68.519
13 323 34 93.943
14 975 54 53.509
15 1378 17 23.825
16 998 48 52.060
17 1202 31 14.122
18 306 60 39.538
19 1214 41 79.934
20 1133 14 43.391
21 1162 1 85.969
22 39 13 45.849
23 1074 5 98.641
24 1133 3 31.171
25 619 53 46.641
26 724 22 81.482
27 882 32 2.500
28 406 24 49.105
29 623 51 25.091
30 416 52 46.043
31 238 59 81.887
32 745 33 64.364
33 521 31 62.876
34 1227 38 97.696
35 970 42 65.910
36 737 60 59.982
37 767 30 87.332
38 380 45 48.547
39 1247 10 1.603
40 376 52 30.025
41 522 49 53.039
42 1178 59 7.582
43 258 6 85.406
44 44 8 73.577
45 1166 16 60.802
46 542 19 55.237
47 265 29 0.410
48 1095 1 5.082
49 308 11 14.881
50 571 17 24.783
51 1150 4 65.267
52 696 56 30.300
53 559 30 35.520
54 606 20 81.629
55 213 60 90.960
56 545 33 63.134
57 73 60 96.267
58 1426 37 18.114
59 1135 45 8.272
60 931 51 34.489
61 723 20 59.154
62 585 40 54.271
63 1271 16 49.114
64 813 59 57.314
65 97 11 89.085
66 80 31 71.749
67 197 23 32.998
68 1082 13 34.323
69 217 60 49.092
70 559 38 54.992
71 57 54 31.163
72 745 36 19.982
73 464 41 62.039
74 1397 1 21.665
75 1147 58 69.073
76 66 20 75.342
77 55 50 55.255
78 807 4 39.716
79 662 35 54.601
80 522 50 95.185
81 697 35 88.520
82 221 21 82.887
83 1361 26 46.490
84 162 14 26.544
85 1000 55 37.539
86 845 50 54.989
87 714 32 92.439
88 1119 54 84.157
89 1058 41 61.840
90 20 59 79.224
91 72 27 38.243
92 443 21 90.673
93 100 22 7.533
94 1080 24 44.205
95 918 30 40.321
96 357 54 1.714
97 1089 43 58.303
98 519 40 25.595
99 1257 8 47.970
100 6 26 83.607