100
1 719 18 25.950
2 1378 43 24.197
3 546 19 95.455
4 446 39 20.869
5 657 41 60.901
6 1387 50 77.856
7 633 30 67.045
8 290 55 37.773
9 219 10 30.201
10 960 56 44.129
11 779 2 49.323
12 5 21 62.375
13 347 41 53.223
14 133 31 59.405
15 972 57 83.120
16 1399 31 56.133
17 804 59 2.303
18 85 27 46.559
19 522 43 91.699
20 598 13 31.000
21 16 16 40.193
22 852 50 1.728
23 1382 18 58.191
24 1356 44 62.057
25 1027 9 59.684
26 997 37 64.424
27 716 33 83.620
28 191 54 23.308
29 1440 40 76.085
30 259 47 29.208
31 271 11 85.909
32 1259 32 60.566
33 257 34 1.977
34 1163 32 10.459
35 856 36 23.832
36 121 43 95.073
37 704 29 42.696
38 827 57 53.220
39 962 13 72.347
40 853 51 62.896
41 762 21 47.016
42 1268 3 11.268
43 1345 41 40.910
44 465 1 11.303
45 492 25 51.998
46 383 59 92.374
47 578 16 84.213
48 285 25 21.745
49 98 50 28.846
50 270 1 94.981
51 376 12 10.015
52 364 40 71.194
53 21 35 25.951
54 1352 59 2.632
55 1252 20 12.424
56 864 41 11.103
57 335 48 43.507
58 897 7 55.758
59 1423 32 93.691
60 1231 42 41.112
61 781 31 55.564
62 437 24 60.581
63 916 52 35.407
64 677 35 68.403
65 89 34 45.836
66 915 21 12.719
67 1072 6 69.488
68 814 15 60.226
69 580 21 81.102
70 386 17 33.036
71 403 3 45.409
72 596 23 45.743
73 339 54 82.263
74 1374 4 73.082
75 1267 23 89.020
76 779 59 11.587
77 541 60 14.561
78 822 10 92.884
79 146 57 88.254
80 1326 32 61.067
81 246 54 8.250
82 1396 16 5.373
83 1112 30 73.610
84 1437 47 50.109
85 116 54 52.316
86 1366 8 17.384
87 1220 12 4.975
88 1132 56 64.943
89 1232 43 65.962
90 440 24 13.291
91 322 60 25.096
92 546 54 87.553
93 772 48 41.711
94 1176 34 15.666
95 904 19 90.086
96 865 12 91.017
97 1152 38 26.782
98 1175 56 95.193
99 702 48 3.607
100 990 12 25.730