100
1 352 35 28.646
2 1038 41 6.168
3 495 9 99.793
4 1190 33 55.130
5 1137 47 54.887
6 240 4 0.490
7 461 59 31.586
8 952 33 70.256
9 1216 45 24.273
10 280 31 60.698
11 203 59 93.996
12 575 55 3.402
13 957 21 62.067
14 959 58 10.534
15 1027 25 49.717
16 1354 18 50.663
17 304 2 45.431
18 390 45 38.053
19 97 57 58.934
20 1372 7 78.319
21 1286 41 2.075
22 973 41 54.246
23 1294 23 1.360
24 1034 18 61.437
25 304 1 52.260
26 995 51 89.560
27 8 25 94.861
28 561 57 53.068
29 1097 25 69.910
30 563 18 98.422
31 289 50 66.240
32 1177 1 41.002
33 542 37 56.488
34 328 8 87.402
35 55 14 4.588
36 433 53 16.703
37 1439 5 96.003
38 649 45 35.926
39 1184 60 4.166
40 591 4 89.161
41 1065 35 92.068
42 727 20 96.108
43 484 52 25.252
44 568 29 18.089
45 500 9 28.345
46 1001 1 63.732
47 523 33 77.786
48 561 46 34.745
49 1075 60 93.517
50 424 26 5.109
51 5 57 66.031
52 1323 4 49.661
53 879 36 92.964
54 1421 21 21.798
55 356 40 12.559
56 562 43 72.887
57 1024 21 2.570
58 766 57 86.008
59 29 53 5.831
60 541 34 88.379
61 723 48 47.627
62 952 26 16.030
63 1163 59 42.630
64 1005 19 92.173
65 842 39 6.597
66 36 23 42.071
67 629 18 25.281
68 1366 13 52.414
69 668 17 49.665
70 1404 1 35.086
71 268 12 78.673
72 1278 5 20.180
73 1026 2 73.375
74 1211 39 11.675
75 457 12 47.827
76 1154 24 64.900
77 187 53 10.816
78 622 13 44.858
79 755 32 7.689
80 348 12 26.787
81 483 32 52.249
82 1039 18 40.979
83 799 20 73.683
84 1388 28 55.029
85 959 38 82.161
86 557 36 88.188
87 858 1 81.708
88 1312 50 48.495
89 1353 28 73.524
90 2 46 57.813
91 283 35 77.805
92 1385 49 98.564
93 332 59 83.501
94 1406 28 39.148
95 148 5 35.422
96 503 60 60.755
97 984 48 48.764
98 703 20 77.966
99 1037 55 50.816
100 1186 35 29.056