100
1 679 45 82.908
2 908 46 35.500
3 770 35 38.011
4 1332 6 49.668
5 304 16 47.472
6 1293 35 17.218
7 1053 17 22.705
8 601 26 43.351
9 1100 32 44.415
10 150 55 28.553
11 797 45 99.421
12 108 16 94.800
13 909 28 91.819
14 1194 44 4.332
15 1252 26 49.757
16 1132 3 86.449
17 1153 46 56.278
18 696 13 47.551
19 1411 40 64.274
20 1070 33 15.138
21 546 8 62.622
22 733 59 11.679
23 427 16 0.409
24 469 19 67.411
25 191 10 18.379
26 57 3 48.556
27 474 56 55.047
28 806 30 28.095
29 551 23 90.765
30 972 52 47.213
31 1013 26 44.871
32 1158 6 21.434
33 424 27 21.675
34 1380 42 75.460
35 1427 52 3.966
36 880 5 27.239
37 1029 41 78.479
38 740 52 64.815
39 293 51 65.099
40 900 48 50.252
41 655 24 29.936
42 965 15 56.276
43 769 7 88.449
44 423 12 38.045
45 849 22 8.064
46 1237 42 86.222
47 964 35 83.717
48 1133 51 12.466
49 1398 44 90.137
50 1248 18 68.967
51 136 55 12.715
52 969 31 95.427
53 497 59 99.690
54 908 29 83.633
55 1321 4 58.814
56 1240 21 2.720
57 1371 34 48.112
58 450 54 96.382
59 212 59 46.732
60 1417 51 15.128
61 239 30 89.984
62 996 39 73.558
63 754 2 38.406
64 1339 29 36.818
65 1271 18 85.256
66 213 53 49.132
67 285 18 66.535
68 183 57 5.776
69 734 33 48.303
70 140 47 38.850
71 1135 31 22.499
72 322 47 16.116
73 664 31 81.269
74 101 24 96.825
75 1255 54 19.025
76 910 7 60.903
77 212 54 56.785
78 213 21 71.246
79 1351 50 36.849
80 1299 52 53.527
81 994 39 27.784
82 517 6 27.195
83 756 12 86.253
84 83 1 42.490
85 1429 31 2.375
86 1061 14 75.083
87 305 5 44.688
88 1004 20 18.002
89 87 60 66.132
90 1165 49 65.184
91 1123 20 22.372
92 1143 7 80.960
93 163 24 17.714
94 852 53 60.061
95 1423 3 47.380
96 44 35 70.474
97 183 25 89.762
98 1321 45 57.473
99 648 27 38.861
100 134 37 44.405