100
1 1136 24 83.872
2 337 30 1.669
3 411 21 18.756
4 580 31 55.658
5 21 10 59.942
6 246 48 67.851
7 217 17 73.407
8 262 38 50.447
9 773 1 61.923
10 184 38 32.092
11 173 33 83.962
12 763 11 84.291
13 587 54 31.478
14 720 3 28.419
15 1169 26 80.968
16 444 23 82.555
17 371 7 9.456
18 187 20 78.325
19 359 18 63.144
20 1106 24 83.729
21 1117 60 0.876
22 1439 11 6.756
23 685 4 92.550
24 261 23 22.918
25 365 11 77.278
26 55 29 15.504
27 1097 19 30.592
28 198 24 21.556
29 81 6 31.614
30 1195 2 77.636
31 478 56 51.965
32 527 9 62.366
33 747 37 36.965
34 973 6 33.990
35 1006 17 35.831
36 7 46 58.687
37 842 40 18.648
38 498 23 71.316
39 1088 3 69.906
40 974 59 89.058
41 966 45 15.616
42 576 16 19.394
43 1438 30 37.700
44 887 32 39.222
45 1168 4 32.249
46 239 4 52.043
47 1326 59 47.103
48 1231 37 35.119
49 271 45 45.148
50 77 39 60.736
51 320 48 77.852
52 254 53 55.539
53 1290 24 86.004
54 984 53 11.015
55 283 23 90.454
56 618 56 54.867
57 428 29 18.198
58 180 47 78.246
59 884 17 72.399
60 238 37 23.005
61 1000 3 70.466
62 51 54 24.755
63 193 31 65.984
64 1072 9 71.697
65 351 6 59.623
66 1221 13 93.503
67 833 18 70.151
68 1337 41 29.814
69 377 16 54.785
70 963 58 43.565
71 1256 6 55.678
72 1320 30 58.000
73 1378 60 55.840
74 534 10 28.154
75 540 25 24.138
76 981 15 64.835
77 1265 40 50.917
78 1148 8 13.066
79 897 3 11.067
80 192 11 23.990
81 1030 44 90.945
82 778 16 9.536
83 24 52 55.555
84 35 13 6.565
85 805 3 97.781
86 1027 11 56.410
87 1401 56 90.116
88 692 17 38.250
89 549 59 57.153
90 1337 1 84.586
91 872 5 33.689
92 640 22 65.960
93 630 45 2.086
94 208 48 39.984
95 616 44 53.706
96 1420 40 24.917
97 102 16 0.688
98 353 60 21.390
99 980 20 69.770
100 567 22 55.745