100
1 405 47 53.927
2 605 43 39.598
3 1010 60 1.324
4 1001 59 87.178
5 719 22 69.293
6 800 34 74.847
7 470 33 28.869
8 548 11 54.287
9 1281 29 46.006
10 58 27 38.354
11 394 21 33.937
12 151 10 70.737
13 167 24 20.572
14 1285 31 64.940
15 915 37 0.879
16 714 12 7.706
17 280 11 64.791
18 762 34 59.308
19 1379 49 27.544
20 965 26 97.945
21 580 4 19.832
22 1308 44 18.073
23 1346 17 32.127
24 368 43 63.600
25 234 3 35.636
26 216 15 30.868
27 815 16 88.177
28 960 14 40.060
29 996 52 44.906
30 119 40 57.897
31 810 9 70.659
32 388 23 59.497
33 271 21 38.039
34 476 49 75.899
35 1161 2 76.261
36 708 39 50.141
37 687 57 19.466
38 707 17 72.309
39 1192 19 30.290
40 403 58 8.189
41 1345 55 77.901
42 1321 37 37.786
43 257 19 0.636
44 7 6 90.802
45 1087 43 78.371
46 45 32 22.855
47 3 41 63.556
48 328 46 65.307
49 744 48 17.018
50 1293 28 49.818
51 1427 24 45.608
52 70 10 3.439
53 1347 34 55.573
54 451 58 13.138
55 873 46 87.712
56 425 36 23.745
57 478 25 24.187
58 762 38 5.408
59 128 52 87.869
60 743 16 44.846
61 837 10 37.110
62 1156 15 80.745
63 863 48 0.147
64 51 4 90.416
65 1095 53 9.340
66 1261 8 93.103
67 923 33 60.482
68 360 3 31.704
69 206 52 79.276
70 348 3 51.677
71 429 60 16.191
72 1171 4 49.745
73 170 45 35.180
74 1144 44 67.301
75 894 49 7.290
76 650 53 94.927
77 918 36 34.208
78 288 33 43.131
79 923 58 70.864
80 223 29 85.037
81 1393 5 81.772
82 1001 12 40.253
83 859 28 20.763
84 381 9 31.014
85 848 17 15.660
86 746 17 30.192
87 1104 3 72.754
88 242 37 90.695
89 758 22 26.212
90 1099 47 67.205
91 80 2 22.854
92 377 51 78.976
93 254 46 6.294
94 137 4 71.045
95 1093 6 30.592
96 601 56 1.676
97 928 13 33.708
98 424 11 17.319
99 458 15 67.659
100 788 11 53.955