100
1 1062 37 2.714
2 1044 20 22.993
3 1436 40 34.587
4 989 25 95.491
5 739 51 66.899
6 1396 45 45.819
7 1247 48 83.474
8 844 28 25.487
9 807 39 7.395
10 495 42 11.347
11 697 5 83.487
12 864 58 29.124
13 472 57 79.639
14 531 19 61.842
15 1400 55 1.050
16 691 28 99.159
17 1361 46 66.028
18 480 44 16.627
19 828 44 6.211
20 83 57 50.365
21 672 12 65.391
22 398 4 52.555
23 159 56 96.106
24 509 57 88.822
25 1304 23 64.573
26 959 3 75.949
27 1166 8 68.828
28 125 45 58.935
29 938 12 11.223
30 19 55 55.887
31 576 13 52.029
32 1103 47 18.761
33 820 23 11.102
34 1360 36 19.125
35 415 11 10.470
36 20 1 15.391
37 408 37 50.543
38 822 7 51.022
39 820 42 80.274
40 849 36 42.855
41 309 36 59.436
42 1316 5 89.205
43 1384 56 35.699
44 663 52 33.489
45 911 28 95.572
46 230 40 77.065
47 1307 48 96.416
48 1173 39 60.179
49 87 46 76.193
50 935 17 98.832
51 1109 30 66.622
52 566 16 42.364
53 241 32 41.105
54 173 52 97.766
55 452 40 7.490
56 826 46 64.061
57 110 9 71.004
58 10 4 65.974
59 512 12 27.933
60 743 2 17.851
61 1398 15 37.873
62 1426 16 12.045
63 251 32 9.859
64 1405 36 37.565
65 1026 46 38.960
66 592 21 19.818
67 1267 5 27.807
68 235 2 73.138
69 4 31 72.936
70 498 17 85.134
71 1341 1 56.912
72 1153 27 58.298
73 639 21 0.798
74 311 59 65.382
75 658 25 33.784
76 1409 45 18.384
77 1153 37 28.615
78 496 41 87.444
79 993 32 92.299
80 620 20 38.909
81 198 1 85.008
82 759 59 71.402
83 1234 49 27.098
84 1431 3 10.087
85 573 36 94.901
86 1027 39 11.483
87 1380 42 19.232
88 705 2 95.956
89 1167 28 63.478
90 501 11 96.282
91 683 13 74.497
92 532 17 19.531
93 525 42 76.800
94 375 6 22.918
95 968 50 39.395
96 307 26 30.932
97 317 29 70.926
98 811 41 83.213
99 1350 51 96.355
100 33 1 9.826