100
1 253 18 69.825
2 1223 44 57.855
3 474 59 72.367
4 1176 18 44.217
5 183 9 54.776
6 838 35 12.875
7 516 36 12.644
8 763 14 57.865
9 403 8 29.204
10 1087 29 77.653
11 370 54 21.773
12 625 3 68.395
13 1268 40 51.254
14 484 37 93.860
15 520 58 23.245
16 473 22 17.764
17 497 24 55.838
18 466 59 37.384
19 1328 3 23.497
20 116 41 34.050
21 206 10 39.366
22 1135 20 78.828
23 69 26 64.246
24 1398 55 94.170
25 125 4 78.373
26 249 31 73.128
27 743 7 46.290
28 147 19 10.760
29 1002 19 27.269
30 653 57 62.704
31 764 56 39.880
32 37 21 98.984
33 1159 36 65.608
34 189 38 76.339
35 1229 1 61.706
36 1139 45 43.082
37 674 48 81.086
38 798 50 99.879
39 434 8 86.014
40 690 43 32.067
41 512 4 15.953
42 737 6 35.559
43 1217 30 22.714
44 379 14 57.892
45 396 22 2.672
46 678 2 77.441
47 1083 56 49.970
48 185 58 72.854
49 1300 10 45.122
50 169 3 58.014
51 51 35 50.229
52 1262 27 34.813
53 919 38 28.050
54 941 15 66.822
55 423 32 50.308
56 316 6 4.263
57 790 13 34.127
58 1223 28 1.363
59 780 35 28.079
60 718 19 56.269
61 551 56 56.564
62 253 18 94.747
63 509 51 66.080
64 963 24 51.065
65 1420 16 69.579
66 1265 7 58.853
67 542 45 80.713
68 1406 25 63.595
69 1322 36 28.286
70 844 17 2.499
71 1129 14 77.230
72 566 15 12.457
73 48 59 82.525
74 790 20 10.198
75 803 18 5.510
76 795 51 35.972
77 1205 38 60.681
78 455 4 13.708
79 389 10 30.978
80 1275 17 29.678
81 1105 46 49.400
82 1141 58 95.200
83 328 4 54.677
84 1131 9 81.544
85 1289 16 10.077
86 360 42 34.874
87 1114 36 4.885
88 390 32 60.387
89 1185 29 34.947
90 6 40 34.355
91 125 56 79.987
92 1119 50 85.334
93 1338 1 60.361
94 72 34 63.829
95 425 1 35.080
96 1153 36 83.233
97 456 51 0.236
98 154 55 63.396
99 1436 7 87.886
100 940 21 72.343