100
1 1301 51 4.237
2 267 41 5.204
3 376 14 57.043
4 1114 37 14.986
5 1306 5 34.372
6 4 55 43.460
7 473 51 91.332
8 553 46 41.491
9 223 53 23.929
10 107 59 74.693
11 1124 56 41.396
12 308 46 20.956
13 240 33 24.813
14 992 54 56.785
15 875 27 33.433
16 1018 14 12.092
17 382 30 54.917
18 972 14 65.969
19 212 20 49.970
20 447 20 7.825
21 1104 21 38.824
22 1038 39 88.082
23 388 39 15.755
24 462 53 80.996
25 1284 52 43.627
26 80 40 22.614
27 211 21 83.850
28 1120 7 64.603
29 472 8 4.812
30 1396 8 83.202
31 436 48 16.529
32 1335 36 56.217
33 409 12 26.019
34 464 13 97.113
35 1253 1 52.294
36 348 59 34.830
37 112 31 72.069
38 71 1 57.752
39 983 33 18.580
40 1223 27 55.218
41 192 43 18.039
42 336 7 79.329
43 131 27 20.388
44 221 15 26.687
45 790 57 16.413
46 982 16 48.193
47 509 5 99.542
48 815 18 92.590
49 931 54 0.599
50 823 23 93.774
51 482 30 74.247
52 1002 2 96.612
53 1118 4 67.502
54 1269 39 62.641
55 233 1 58.214
56 1026 55 55.614
57 472 15 21.691
58 1439 28 42.926
59 1135 44 16.935
60 99 12 49.580
61 116 51 93.714
62 792 41 18.390
63 967 42 64.824
64 1150 9 45.189
65 312 2 44.818
66 165 56 84.273
67 1183 22 88.586
68 886 38 86.713
69 794 25 90.710
70 119 52 32.510
71 394 39 30.349
72 1299 7 53.532
73 329 45 50.058
74 588 15 67.515
75 1276 45 7.764
76 609 16 68.700
77 1127 30 74.829
78 1182 52 28.478
79 411 40 27.459
80 1379 46 52.782
81 160 36 69.761
82 792 58 83.663
83 620 6 74.848
84 484 15 47.599
85 803 35 54.306
86 823 53 60.671
87 1352 46 38.319
88 588 47 70.356
89 682 31 40.560
90 813 50 37.290
91 750 5 87.377
92 383 49 61.966
93 875 59 65.430
94 1346 18 45.708
95 1107 1 32.233
96 336 4 39.637
97 842 31 32.918
98 1418 58 24.816
99 697 35 14.085
100 1119 33 65.939