100
1 1365 39 46.976
2 700 48 20.769
3 1096 21 71.909
4 18 53 89.904
5 188 25 37.341
6 1324 45 0.217
7 1311 55 22.744
8 1076 27 9.785
9 482 57 82.660
10 968 59 51.608
11 501 25 81.472
12 1138 55 86.414
13 910 54 79.865
14 980 49 60.943
15 19 49 86.842
16 1328 48 54.293
17 278 11 6.441
18 216 37 3.718
19 1390 46 26.304
20 129 13 72.824
21 576 52 31.061
22 333 26 71.131
23 611 36 98.483
24 1426 48 25.595
25 627 53 4.202
26 207 51 95.773
27 804 4 40.751
28 446 17 49.997
29 673 20 58.801
30 396 37 80.956
31 1035 60 81.216
32 994 56 15.990
33 278 53 12.585
34 647 16 91.896
35 148 44 82.822
36 702 36 42.674
37 1130 50 37.848
38 560 38 10.846
39 970 34 56.411
40 536 23 26.647
41 386 44 18.828
42 817 42 53.329
43 961 44 12.620
44 614 25 0.888
45 279 48 99.348
46 1218 23 71.949
47 648 15 13.375
48 1390 15 3.486
49 1146 47 51.909
50 778 12 14.528
51 661 32 67.916
52 881 35 55.601
53 1397 44 68.335
54 593 47 59.819
55 24 2 26.465
56 1215 49 89.352
57 549 39 62.804
58 416 50 24.958
59 1137 34 44.210
60 146 29 72.320
61 219 59 72.029
62 1072 60 71.631
63 1213 3 71.964
64 38 40 80.714
65 332 36 31.479
66 184 21 5.998
67 465 37 87.478
68 313 2 19.134
69 659 31 74.327
70 1400 4 8.151
71 622 36 27.731
72 1025 55 21.587
73 1397 4 89.880
74 1128 42 76.561
75 874 34 87.774
76 1192 27 68.140
77 1347 7 13.450
78 1083 31 7.275
79 1409 48 81.255
80 550 30 88.380
81 907 38 80.140
82 920 32 14.308
83 890 16 46.340
84 318 11 81.517
85 777 5 91.836
86 289 32 66.308
87 1224 21 2.384
88 734 34 12.910
89 777 51 43.635
90 536 58 10.195
91 1132 39 54.833
92 1350 1 33.064
93 855 13 30.426
94 1304 33 11.176
95 1140 20 93.795
96 448 35 36.352
97 1400 2 14.070
98 26 19 6.792
99 1380 47 99.448
100 1368 3 37.956