100
1 1312 53 55.666
2 406 46 67.948
3 128 30 2.553
4 350 15 14.825
5 374 39 98.921
6 1337 55 46.182
7 1090 11 60.649
8 980 17 15.844
9 760 45 81.582
10 1075 15 4.496
11 946 18 34.067
12 620 8 34.434
13 341 34 31.544
14 670 18 3.123
15 44 15 39.724
16 1167 12 6.243
17 316 55 34.174
18 1233 8 25.814
19 967 24 96.838
20 19 16 98.152
21 157 21 53.975
22 128 12 54.324
23 1007 37 3.237
24 1128 37 72.809
25 737 6 68.357
26 47 59 31.663
27 1031 58 10.064
28 855 50 92.497
29 1022 36 70.156
30 1057 52 84.980
31 257 14 16.242
32 961 9 5.090
33 1336 48 50.015
34 119 8 16.015
35 1185 31 58.153
36 43 56 2.973
37 1099 5 67.234
38 288 44 94.760
39 1376 47 39.329
40 1305 56 12.941
41 692 6 84.787
42 1432 9 25.382
43 378 44 59.657
44 1401 26 72.397
45 632 4 85.324
46 264 33 73.011
47 1350 10 70.707
48 1383 60 14.192
49 682 22 95.772
50 695 32 81.395
51 1013 37 8.361
52 1061 54 60.383
53 371 28 87.751
54 639 21 75.943
55 178 46 56.027
56 378 43 23.092
57 1242 13 1.684
58 912 29 90.890
59 925 52 2.710
60 518 20 82.770
61 969 57 6.769
62 28 31 32.385
63 1018 15 48.865
64 667 25 89.267
65 800 51 11.028
66 1028 43 95.785
67 343 50 6.168
68 1430 32 68.075
69 647 5 7.140
70 315 32 75.644
71 702 28 48.691
72 654 31 16.680
73 1165 43 68.368
74 163 41 69.774
75 364 60 79.754
76 3 18 60.281
77 1346 9 33.294
78 705 3 59.591
79 1004 31 2.694
80 20 9 52.545
81 746 31 55.729
82 407 13 30.968
83 276 24 92.942
84 1139 7 62.228
85 989 21 35.764
86 299 40 30.827
87 343 10 92.236
88 1166 23 27.630
89 460 49 7.312
90 843 29 77.700
91 1118 10 56.914
92 1286 24 11.293
93 1058 4 48.809
94 1407 50 87.739
95 1378 29 6.583
96 1422 11 30.406
97 1286 17 90.606
98 951 24 34.684
99 1222 28 27.802
100 1126 12 71.668