100
1 435 23 42.092
2 538 30 26.601
3 1105 22 65.617
4 1064 1 94.251
5 38 35 45.103
6 1108 33 22.815
7 957 34 63.303
8 1132 46 69.599
9 507 41 20.682
10 177 28 70.139
11 339 28 5.478
12 660 16 26.213
13 1259 35 30.410
14 242 56 71.333
15 294 9 80.840
16 1023 47 25.127
17 876 31 76.195
18 186 4 71.819
19 1431 20 52.831
20 232 38 71.118
21 115 13 88.581
22 26 55 82.886
23 607 16 59.370
24 1195 23 64.135
25 703 30 13.531
26 58 3 42.101
27 1058 54 55.296
28 871 1 34.305
29 920 9 75.933
30 1069 50 0.744
31 710 1 20.430
32 235 59 70.275
33 821 40 3.575
34 1021 25 74.433
35 271 46 83.657
36 1411 44 82.530
37 450 3 90.586
38 303 57 37.663
39 362 14 79.031
40 263 38 18.473
41 212 34 71.164
42 1174 3 41.046
43 502 19 24.559
44 415 3 55.032
45 1222 44 69.412
46 645 59 94.093
47 1061 40 3.014
48 123 25 3.749
49 1199 27 86.761
50 809 32 95.477
51 1058 5 58.283
52 872 44 0.480
53 84 2 46.710
54 845 4 60.861
55 200 33 96.261
56 1230 10 30.735
57 1169 56 77.678
58 432 60 50.089
59 198 26 31.736
60 998 43 25.767
61 812 17 43.921
62 221 41 54.689
63 437 14 80.889
64 471 2 23.376
65 20 2 25.108
66 821 33 63.938
67 743 6 54.109
68 1263 55 65.897
69 1199 24 18.911
70 198 26 27.157
71 723 40 27.722
72 966 56 56.021
73 611 54 71.085
74 809 12 22.801
75 84 53 14.910
76 94 13 29.830
77 1337 46 54.162
78 875 8 37.204
79 112 32 11.955
80 216 28 59.750
81 198 52 42.459
82 753 50 96.892
83 1274 35 98.382
84 6 40 7.727
85 1196 31 21.996
86 192 35 66.175
87 1329 42 75.949
88 675 23 98.237
89 1094 49 80.097
90 118 51 21.608
91 123 49 45.313
92 546 22 20.169
93 82 50 68.066
94 1150 39 1.952
95 1406 52 9.245
96 1011 29 32.023
97 9 25 42.157
98 1257 32 58.715
99 1260 25 57.916
100 114 3 41.592