100
1 1274 44 83.769
2 474 30 37.821
3 257 6 36.217
4 1065 4 31.935
5 622 39 23.302
6 492 53 22.956
7 382 20 67.281
8 863 29 32.160
9 1287 40 64.685
10 625 56 20.109
11 88 22 80.216
12 114 28 27.478
13 490 24 8.749
14 1040 16 88.841
15 313 4 59.289
16 825 38 26.652
17 446 3 32.714
18 1291 22 0.557
19 38 53 19.527
20 1353 25 86.405
21 525 39 64.183
22 227 25 99.205
23 919 15 57.287
24 112 8 47.409
25 777 53 59.234
26 1058 57 0.178
27 212 53 8.497
28 240 55 77.338
29 852 6 63.925
30 392 27 52.175
31 157 36 91.415
32 479 6 37.524
33 758 35 37.560
34 181 3 10.138
35 311 38 69.466
36 710 49 21.814
37 1242 59 67.631
38 654 59 75.383
39 1351 35 12.213
40 356 25 62.160
41 1392 19 4.592
42 1361 54 3.346
43 295 29 35.356
44 1241 39 80.015
45 381 24 42.354
46 742 54 57.622
47 210 48 81.085
48 234 60 51.715
49 746 12 32.423
50 900 4 74.353
51 1225 22 94.635
52 820 31 16.294
53 685 18 75.288
54 1430 7 67.468
55 111 56 29.419
56 1080 43 64.536
57 1105 17 56.027
58 948 19 44.620
59 957 17 6.296
60 1335 33 63.194
61 548 5 3.653
62 1091 20 73.517
63 1421 4 73.448
64 520 15 73.001
65 101 21 72.775
66 725 58 80.708
67 2 41 56.315
68 1029 49 12.514
69 989 26 94.661
70 1339 31 72.935
71 1014 55 8.152
72 860 59 72.456
73 762 45 13.614
74 1083 5 24.130
75 174 44 45.396
76 1209 35 67.063
77 810 12 65.409
78 541 54 99.623
79 266 14 58.082
80 32 29 98.973
81 297 50 71.007
82 1188 15 41.341
83 786 58 71.579
84 101 47 55.142
85 113 37 40.778
86 1317 18 19.662
87 949 22 82.385
88 210 9 40.975
89 1366 36 73.399
90 1268 6 7.019
91 1322 5 19.847
92 1327 19 56.314
93 1380 7 78.256
94 1311 60 94.413
95 287 55 83.705
96 1319 14 10.526
97 1412 55 24.333
98 158 22 3.038
99 832 54 70.727
100 423 6 80.770