100
1 61 21 95.367
2 1243 28 55.514
3 407 23 48.534
4 626 9 71.811
5 626 22 38.534
6 500 11 21.932
7 1344 44 6.178
8 1099 31 8.175
9 1276 6 18.091
10 316 6 33.602
11 888 9 2.371
12 854 38 26.937
13 206 38 7.502
14 1371 26 85.941
15 358 12 86.761
16 357 20 47.972
17 1397 38 80.444
18 294 42 74.758
19 553 60 9.484
20 1000 47 76.322
21 882 51 95.897
22 1181 23 28.967
23 453 2 61.778
24 46 4 99.287
25 1056 1 25.636
26 1127 43 66.337
27 1165 8 42.110
28 221 7 50.993
29 659 52 67.863
30 426 17 71.038
31 411 12 26.547
32 591 17 13.998
33 1434 30 13.600
34 1211 43 11.412
35 1046 26 77.253
36 1174 23 59.921
37 402 7 73.071
38 924 34 81.893
39 861 10 47.902
40 1318 56 21.018
41 416 57 43.926
42 178 42 40.844
43 1103 57 98.416
44 732 30 9.660
45 1260 18 5.600
46 485 14 3.303
47 30 6 58.359
48 1164 2 37.766
49 593 44 86.813
50 264 22 85.132
51 541 24 44.053
52 389 15 74.595
53 964 23 7.748
54 506 59 36.075
55 268 6 52.232
56 834 4 30.932
57 1200 46 6.413
58 1385 49 45.191
59 69 42 58.323
60 645 6 12.741
61 416 24 46.785
62 500 44 21.190
63 813 46 31.555
64 1181 8 37.617
65 456 41 36.033
66 1243 43 13.846
67 981 21 96.230
68 758 22 54.091
69 387 55 16.521
70 1156 7 3.234
71 470 40 80.613
72 1023 34 21.812
73 288 59 45.815
74 507 47 34.255
75 87 60 28.075
76 348 5 45.500
77 98 48 86.261
78 566 12 21.963
79 1311 19 9.145
80 1129 18 65.268
81 1305 60 76.435
82 718 26 33.867
83 736 36 76.145
84 207 33 16.856
85 5 12 46.885
86 1011 16 7.444
87 170 33 89.300
88 1064 60 13.378
89 1140 4 64.241
90 1008 23 64.457
91 717 21 44.466
92 445 16 60.560
93 501 57 17.522
94 41 26 8.166
95 959 7 95.962
96 247 29 27.295
97 988 15 1.965
98 1150 24 92.942
99 884 7 33.021
100 1046 47 83.619