100
1 653 59 36.382
2 827 50 34.541
3 1401 3 58.380
4 280 6 88.785
5 1359 30 99.863
6 1403 15 22.477
7 1355 47 49.097
8 324 30 98.751
9 1351 29 77.380
10 1020 17 30.026
11 1251 16 61.992
12 318 45 23.741
13 972 25 70.855
14 239 41 39.444
15 823 56 11.979
16 787 8 30.145
17 689 57 12.824
18 696 59 87.594
19 857 48 6.888
20 180 28 94.417
21 1427 29 52.045
22 425 32 76.718
23 904 27 5.312
24 537 31 51.562
25 615 7 85.784
26 878 43 2.298
27 1401 50 8.053
28 1427 3 56.822
29 994 19 11.976
30 585 32 69.852
31 1402 30 89.893
32 1125 56 24.708
33 1096 11 10.322
34 1281 16 2.183
35 1360 47 3.159
36 875 24 95.408
37 850 9 38.271
38 1387 37 56.212
39 873 48 79.540
40 1084 34 46.330
41 1039 6 25.641
42 1028 50 47.540
43 1185 1 65.655
44 954 40 24.768
45 1407 11 75.755
46 1372 59 1.455
47 623 47 62.392
48 653 42 14.714
49 324 41 86.453
50 331 15 17.001
51 120 6 43.814
52 430 45 27.769
53 290 51 9.832
54 511 32 2.524
55 813 14 15.362
56 14 35 92.223
57 116 54 13.911
58 1403 36 68.274
59 141 43 97.760
60 1266 2 84.719
61 284 38 18.106
62 835 20 87.609
63 328 60 93.136
64 1048 38 42.455
65 886 52 58.360
66 806 21 80.398
67 647 25 16.435
68 617 32 74.902
69 338 21 32.020
70 152 17 16.563
71 876 8 98.571
72 883 13 2.800
73 605 42 47.578
74 262 9 31.099
75 362 40 31.506
76 256 50 48.542
77 1264 16 99.191
78 227 53 77.028
79 1036 32 17.564
80 257 15 15.943
81 110 34 36.117
82 1394 12 77.984
83 14 43 76.084
84 705 1 36.908
85 845 9 23.618
86 1236 12 93.806
87 1275 26 58.345
88 1110 42 41.539
89 1192 23 3.055
90 1132 34 51.000
91 688 30 74.246
92 476 49 5.463
93 613 24 37.065
94 195 49 34.897
95 480 24 9.685
96 861 20 1.781
97 1422 23 6.318
98 1002 10 74.650
99 91 57 94.991
100 448 52 80.653