100
1 1294 27 90.592
2 1068 34 23.704
3 1332 15 43.554
4 827 45 23.744
5 628 43 72.834
6 270 20 77.243
7 277 9 90.821
8 1077 37 74.962
9 1007 21 32.510
10 835 7 79.892
11 1382 34 70.908
12 1361 47 42.392
13 678 30 17.603
14 141 48 6.159
15 1125 56 95.697
16 321 27 80.188
17 304 39 9.442
18 652 31 40.290
19 462 14 39.120
20 1212 30 15.303
21 363 41 86.195
22 1317 10 9.010
23 524 38 92.336
24 358 49 78.312
25 1398 57 59.917
26 851 19 1.904
27 525 46 3.294
28 11 42 98.295
29 565 7 69.699
30 706 1 92.992
31 44 46 76.624
32 634 43 18.545
33 875 26 95.155
34 1416 42 8.683
35 987 46 29.434
36 318 26 18.431
37 424 59 71.622
38 1081 45 1.549
39 807 33 84.548
40 294 44 32.077
41 752 37 95.458
42 344 41 21.154
43 922 36 65.145
44 1120 27 92.045
45 1309 16 3.719
46 480 23 84.549
47 1417 18 3.441
48 127 49 87.880
49 704 55 13.325
50 109 1 27.653
51 257 46 83.361
52 483 28 91.687
53 901 48 41.575
54 774 3 92.297
55 431 58 32.452
56 31 34 22.389
57 435 49 83.454
58 246 3 77.451
59 1207 56 33.502
60 1198 52 13.312
61 1138 32 86.617
62 453 28 67.095
63 181 33 74.752
64 1390 13 57.957
65 530 53 13.092
66 1216 44 25.107
67 1304 35 5.103
68 456 55 48.022
69 1212 40 35.372
70 915 51 35.691
71 1427 18 86.673
72 1205 7 60.077
73 229 11 37.613
74 857 22 80.775
75 1275 21 23.393
76 210 5 83.895
77 196 28 40.743
78 143 26 15.698
79 531 46 3.185
80 558 6 95.344
81 911 57 43.687
82 539 32 15.799
83 1313 43 38.120
84 1425 6 7.022
85 974 47 86.728
86 533 6 11.723
87 1363 11 47.162
88 557 17 33.106
89 1354 39 66.411
90 767 44 82.506
91 601 23 96.035
92 522 58 10.240
93 1232 10 91.902
94 100 30 43.156
95 583 34 46.367
96 1236 42 8.388
97 1045 58 4.184
98 681 28 99.727
99 587 41 71.931
100 1401 18 3.921