100
1 1364 48 88.920
2 1036 33 6.717
3 1420 1 59.524
4 99 47 19.188
5 27 11 59.248
6 454 52 43.525
7 528 18 37.049
8 390 19 40.377
9 863 31 93.922
10 604 27 77.368
11 23 36 18.621
12 452 16 50.701
13 1062 11 48.114
14 1005 2 91.642
15 897 28 84.069
16 1056 19 81.819
17 1253 54 59.251
18 445 28 18.248
19 982 13 43.775
20 474 52 33.359
21 824 8 50.546
22 13 36 49.630
23 337 58 13.405
24 101 24 96.825
25 507 13 66.522
26 113 3 62.465
27 693 52 86.013
28 968 49 18.873
29 387 7 16.478
30 1185 29 76.108
31 800 54 0.641
32 394 12 52.092
33 870 48 70.628
34 102 34 70.239
35 682 43 37.083
36 774 32 98.786
37 160 22 11.745
38 1057 6 73.024
39 1002 37 34.470
40 869 59 5.420
41 1315 20 57.560
42 443 44 1.054
43 855 19 65.440
44 478 12 80.769
45 806 54 6.971
46 1007 41 83.706
47 953 35 94.778
48 424 60 0.962
49 940 37 78.038
50 851 3 28.005
51 1311 30 82.687
52 1038 20 45.977
53 360 10 70.706
54 1198 46 92.936
55 719 33 98.069
56 810 41 7.883
57 287 19 29.308
58 908 39 35.009
59 81 35 45.139
60 526 26 12.773
61 1064 45 64.284
62 887 24 76.066
63 243 22 74.989
64 1193 21 72.320
65 771 4 54.244
66 244 37 46.225
67 762 33 28.595
68 1421 38 8.934
69 390 44 9.438
70 69 40 31.450
71 1176 11 28.519
72 122 5 29.085
73 1340 13 85.283
74 32 18 56.466
75 334 12 66.326
76 195 37 72.283
77 1008 42 68.068
78 852 56 27.083
79 330 53 1.942
80 594 24 25.209
81 677 30 33.015
82 662 17 7.191
83 355 9 22.172
84 1076 3 19.550
85 345 16 27.676
86 1426 47 36.993
87 612 25 63.945
88 892 12 56.900
89 483 32 34.127
90 809 5 33.648
91 168 16 56.013
92 591 52 71.412
93 301 46 33.515
94 318 6 38.849
95 449 6 63.575
96 1201 24 75.937
97 85 29 95.232
98 513 14 31.675
99 576 42 23.309
100 236 2 68.580