100
1 1093 10 92.899
2 530 59 81.740
3 1427 25 24.866
4 62 5 30.435
5 47 28 45.826
6 287 2 90.291
7 473 23 33.444
8 255 40 69.698
9 635 13 12.765
10 1327 15 39.717
11 196 19 30.007
12 843 54 3.819
13 692 55 49.962
14 1179 26 82.749
15 906 24 51.178
16 245 51 38.541
17 75 11 72.547
18 1436 44 9.031
19 831 55 64.083
20 1020 52 6.582
21 1274 34 84.981
22 223 49 75.948
23 882 46 1.653
24 668 38 68.994
25 647 20 20.258
26 288 36 31.900
27 741 21 28.303
28 318 23 64.065
29 6 39 71.342
30 313 13 55.924
31 1073 52 42.450
32 451 21 75.934
33 168 2 36.384
34 1210 1 42.511
35 1185 5 72.838
36 945 18 41.669
37 132 44 49.227
38 88 26 39.161
39 290 52 82.434
40 218 30 96.355
41 1008 24 63.287
42 1341 2 93.962
43 890 29 10.895
44 1004 48 7.964
45 617 13 41.732
46 901 1 80.640
47 412 48 38.183
48 869 51 41.465
49 798 48 15.131
50 1225 30 27.932
51 52 21 54.971
52 6 14 71.496
53 73 15 34.599
54 641 36 98.054
55 1309 18 55.082
56 655 34 28.492
57 425 5 46.267
58 775 38 6.988
59 595 58 92.836
60 1395 5 90.356
61 1296 3 73.105
62 1333 1 8.629
63 838 47 11.321
64 1317 27 26.678
65 980 58 62.217
66 1199 43 45.081
67 538 39 71.409
68 457 38 72.239
69 197 42 26.600
70 1256 30 52.851
71 794 20 37.658
72 590 41 70.500
73 783 9 70.534
74 194 16 41.692
75 1166 53 13.344
76 956 46 73.221
77 1435 20 6.800
78 413 33 40.027
79 434 8 91.625
80 656 28 0.067
81 833 60 11.340
82 912 17 24.909
83 552 54 33.639
84 582 15 55.966
85 278 59 53.584
86 1033 44 14.496
87 1212 33 33.227
88 597 26 14.095
89 559 46 49.875
90 565 53 46.623
91 1225 52 66.843
92 511 17 40.691
93 908 51 3.688
94 822 57 50.645
95 482 31 10.169
96 30 54 13.949
97 856 17 33.866
98 1030 3 84.272
99 1107 16 35.788
100 644 20 76.824