100
1 622 35 69.508
2 162 52 62.296
3 1159 21 36.771
4 499 51 93.818
5 105 30 57.665
6 1189 44 66.451
7 1026 43 75.700
8 230 27 8.429
9 387 6 30.996
10 676 10 58.959
11 191 46 91.931
12 85 55 47.504
13 938 30 15.754
14 1280 40 92.751
15 1072 19 44.389
16 1013 5 17.837
17 1079 1 42.659
18 1057 32 68.308
19 975 26 93.886
20 31 54 81.508
21 1175 40 59.658
22 1140 22 61.920
23 1203 2 20.089
24 606 25 63.085
25 1075 35 85.843
26 274 12 26.000
27 545 47 85.328
28 792 56 85.557
29 716 23 66.255
30 801 1 0.827
31 183 3 11.201
32 142 40 89.033
33 86 11 40.432
34 1019 25 14.879
35 1438 9 98.701
36 1382 14 57.925
37 1394 32 45.733
38 864 1 37.198
39 109 18 2.891
40 345 21 35.233
41 73 18 94.578
42 789 35 77.580
43 152 10 89.635
44 301 25 65.146
45 301 23 66.252
46 176 57 74.518
47 524 58 68.450
48 1300 28 97.332
49 1005 18 27.521
50 1312 12 16.752
51 149 7 73.662
52 45 9 44.496
53 1293 53 0.614
54 734 12 91.500
55 1435 37 79.675
56 112 9 98.444
57 292 10 95.681
58 1082 60 60.460
59 753 26 11.107
60 231 39 55.672
61 1407 54 40.485
62 1332 26 87.117
63 744 6 12.419
64 1037 28 40.901
65 834 59 97.952
66 955 56 4.578
67 67 32 9.045
68 1011 31 17.700
69 58 52 51.703
70 1000 47 20.659
71 116 4 30.945
72 32 20 3.257
73 295 2 6.499
74 719 3 99.894
75 1284 56 68.555
76 539 50 43.764
77 131 35 70.957
78 510 56 0.045
79 969 26 93.632
80 372 55 67.031
81 1402 39 53.177
82 1357 10 49.375
83 623 6 70.977
84 1091 35 80.108
85 1390 21 93.710
86 1257 8 64.892
87 1230 54 27.334
88 604 47 37.098
89 519 21 41.387
90 1188 36 29.175
91 212 15 87.770
92 464 55 62.349
93 719 60 93.443
94 70 35 66.849
95 585 49 56.869
96 1334 58 55.659
97 822 37 76.656
98 634 29 32.525
99 501 9 89.815
100 417 60 52.957