100
1 577 13 63.664
2 308 33 95.841
3 370 4 24.397
4 981 11 54.102
5 517 47 62.366
6 107 22 73.094
7 1198 6 20.684
8 602 7 80.407
9 724 28 78.790
10 1343 26 70.298
11 1377 12 31.078
12 450 20 71.647
13 998 50 81.175
14 70 17 92.269
15 481 54 22.232
16 759 6 97.649
17 245 43 33.980
18 1367 4 11.022
19 1193 42 65.008
20 560 19 4.385
21 21 36 79.305
22 500 20 30.382
23 501 29 79.968
24 952 17 63.240
25 1350 25 39.495
26 923 11 32.310
27 596 8 54.503
28 333 15 64.863
29 33 50 24.863
30 389 7 30.811
31 808 49 67.884
32 167 27 81.642
33 440 46 99.332
34 1165 28 46.971
35 1237 5 61.441
36 933 47 23.492
37 231 42 93.573
38 174 3 0.391
39 281 14 74.940
40 413 28 44.867
41 1243 38 46.661
42 1153 53 43.602
43 1367 40 17.351
44 305 34 96.184
45 628 54 33.490
46 886 40 69.942
47 539 6 93.767
48 977 18 90.037
49 390 11 12.468
50 790 46 46.851
51 141 42 71.239
52 598 31 0.566
53 661 25 69.849
54 1330 14 43.165
55 201 36 13.148
56 1344 36 74.686
57 1003 4 85.605
58 576 27 86.998
59 728 38 98.631
60 238 27 95.367
61 443 43 40.330
62 180 43 65.378
63 850 9 88.069
64 628 30 38.629
65 837 23 38.428
66 1025 10 10.607
67 1037 56 71.369
68 612 16 98.142
69 861 50 40.528
70 98 14 12.311
71 594 3 93.415
72 712 30 64.079
73 1322 17 38.785
74 201 11 83.595
75 360 40 69.241
76 379 58 52.069
77 998 29 30.880
78 853 14 13.061
79 1057 5 46.415
80 1333 7 3.753
81 75 14 38.619
82 515 20 82.198
83 576 3 51.477
84 939 22 37.275
85 250 2 24.703
86 1185 11 58.813
87 782 23 58.423
88 1191 53 33.638
89 529 26 31.697
90 293 31 40.834
91 1125 44 18.784
92 1372 54 97.657
93 319 21 94.476
94 940 24 43.256
95 686 7 21.935
96 584 36 35.973
97 1357 52 95.025
98 727 26 34.101
99 446 26 64.416
100 154 41 67.209