100
1 1047 53 2.194
2 528 16 89.114
3 993 52 2.569
4 1028 10 20.839
5 1268 49 40.289
6 78 59 15.781
7 35 2 60.608
8 437 13 23.780
9 563 54 42.707
10 200 56 17.021
11 360 36 66.443
12 1336 11 73.393
13 746 17 33.924
14 312 50 33.649
15 1193 55 87.617
16 1234 53 64.090
17 122 20 30.345
18 353 11 64.584
19 1290 36 42.346
20 249 7 26.261
21 493 7 83.067
22 1140 3 53.923
23 730 56 36.778
24 988 23 4.249
25 702 25 94.145
26 779 1 21.649
27 650 15 75.097
28 171 10 32.445
29 1058 42 57.136
30 1084 58 4.168
31 826 14 56.947
32 383 44 51.238
33 469 26 25.176
34 855 11 27.601
35 1070 45 41.999
36 856 24 63.473
37 1193 55 25.872
38 1188 48 7.702
39 343 9 2.252
40 71 21 87.990
41 547 56 0.566
42 1121 38 9.760
43 545 3 29.896
44 303 17 14.303
45 969 43 30.138
46 233 9 27.367
47 1014 19 77.150
48 659 5 39.128
49 801 34 86.142
50 542 2 56.153
51 501 22 8.728
52 253 9 10.301
53 905 23 58.951
54 132 30 77.553
55 834 51 38.626
56 1430 27 7.622
57 18 51 48.512
58 614 45 88.630
59 1425 18 32.145
60 451 48 70.226
61 733 15 93.546
62 854 57 44.474
63 663 12 28.570
64 939 45 56.730
65 727 25 86.421
66 683 49 56.221
67 348 29 96.034
68 1256 30 23.241
69 1159 53 8.115
70 985 42 95.695
71 1119 35 64.819
72 1401 32 18.563
73 1024 41 91.916
74 174 58 90.872
75 769 25 90.165
76 467 47 30.638
77 976 7 49.861
78 888 43 78.007
79 421 16 52.625
80 883 14 79.062
81 468 34 30.977
82 745 12 92.912
83 14 13 32.053
84 1416 18 13.420
85 516 26 28.642
86 551 46 77.562
87 803 15 7.778
88 1387 20 78.306
89 893 1 85.584
90 287 38 12.583
91 396 3 57.317
92 1005 46 21.877
93 1024 6 83.634
94 608 36 47.518
95 399 26 80.943
96 403 8 76.854
97 509 25 66.941
98 413 55 4.003
99 1362 41 86.508
100 965 13 5.618