100
1 1121 54 15.239
2 389 32 85.689
3 1298 53 12.569
4 624 32 27.099
5 156 5 90.090
6 1199 47 36.777
7 297 46 47.694
8 129 58 13.852
9 684 34 18.172
10 1318 48 46.988
11 484 5 5.577
12 525 19 28.958
13 250 11 31.458
14 854 19 4.081
15 1385 57 70.162
16 1025 31 85.990
17 1434 31 24.482
18 1374 20 59.489
19 347 15 65.423
20 779 34 19.168
21 417 24 2.031
22 327 22 90.079
23 244 53 76.226
24 458 41 0.466
25 653 55 23.539
26 567 45 39.716
27 474 10 69.301
28 875 34 39.138
29 1164 17 17.998
30 532 49 81.197
31 1313 42 24.450
32 1330 35 82.741
33 497 45 52.667
34 864 14 41.580
35 395 46 64.973
36 286 28 34.229
37 1150 7 10.055
38 628 6 91.502
39 1336 58 1.642
40 116 12 48.555
41 307 20 50.918
42 399 27 20.757
43 689 43 99.043
44 412 27 47.483
45 1134 37 4.634
46 1210 46 49.952
47 590 49 93.199
48 1217 36 36.678
49 1145 37 67.400
50 784 44 48.799
51 601 58 49.810
52 1363 16 30.747
53 412 3 15.029
54 921 14 36.462
55 298 15 12.317
56 227 19 24.028
57 331 47 16.346
58 1398 25 15.518
59 154 27 13.186
60 230 50 94.289
61 1104 45 32.876
62 1080 4 33.567
63 207 59 25.745
64 230 57 65.392
65 477 5 84.245
66 1382 22 87.516
67 887 45 96.205
68 211 33 92.407
69 786 29 21.864
70 909 27 53.600
71 840 33 53.895
72 542 13 80.258
73 39 58 55.669
74 1237 34 53.919
75 621 8 9.194
76 88 46 27.996
77 24 42 77.863
78 509 15 98.238
79 148 57 62.470
80 166 13 90.992
81 858 47 25.149
82 584 39 28.290
83 702 9 87.000
84 18 32 28.024
85 994 20 28.446
86 958 37 91.905
87 700 35 14.307
88 371 39 43.483
89 230 10 68.486
90 222 10 45.497
91 313 24 62.507
92 1395 59 14.473
93 190 34 81.793
94 522 43 4.626
95 1125 56 15.262
96 751 19 61.910
97 793 4 60.188
98 1004 43 11.877
99 838 20 34.330
100 1018 16 66.387