100
1 501 19 36.249
2 964 6 70.669
3 1278 11 25.424
4 1111 28 39.755
5 157 5 29.382
6 375 6 16.856
7 908 47 21.790
8 1278 31 99.946
9 86 37 88.626
10 1109 31 63.054
11 305 60 44.241
12 551 54 84.130
13 34 37 12.364
14 1411 35 45.588
15 833 51 54.219
16 947 54 49.843
17 117 47 70.502
18 872 51 56.611
19 544 49 49.438
20 589 59 42.530
21 1099 4 59.805
22 1102 47 56.743
23 660 33 27.792
24 269 5 45.256
25 735 37 61.334
26 1221 54 70.515
27 1238 17 44.016
28 383 37 87.430
29 306 2 63.272
30 1327 27 28.932
31 899 39 80.212
32 270 45 57.985
33 1304 5 10.173
34 760 16 23.530
35 326 29 16.764
36 78 42 64.091
37 1261 2 89.719
38 982 39 12.177
39 671 6 41.884
40 296 43 60.793
41 547 51 37.749
42 1118 2 2.518
43 1120 50 59.325
44 1383 18 94.218
45 924 52 50.020
46 953 33 33.138
47 1263 28 25.085
48 830 24 38.472
49 1265 4 22.932
50 54 52 40.706
51 446 53 57.213
52 1240 28 40.952
53 1132 36 45.814
54 1321 35 59.348
55 726 18 9.330
56 1180 24 49.173
57 183 56 45.584
58 1021 25 38.234
59 271 44 84.742
60 815 17 35.522
61 230 18 12.198
62 211 8 60.651
63 88 17 84.106
64 112 27 2.177
65 357 46 85.029
66 13 2 8.305
67 1243 52 82.475
68 18 58 43.171
69 719 33 85.373
70 190 37 84.088
71 738 11 76.093
72 553 52 85.771
73 281 32 38.826
74 1290 3 82.360
75 407 18 24.097
76 967 45 85.205
77 307 42 53.809
78 243 20 96.397
79 565 36 67.671
80 380 22 65.560
81 559 18 71.528
82 1242 54 60.364
83 957 59 29.882
84 463 28 69.243
85 682 35 52.737
86 991 55 53.115
87 560 18 62.932
88 1015 2 95.580
89 78 32 49.717
90 394 52 9.241
91 880 18 19.149
92 847 21 56.625
93 533 7 94.384
94 73 30 47.522
95 236 5 39.659
96 810 13 31.026
97 1071 4 46.249
98 1162 20 21.114
99 846 52 34.648
100 377 39 40.450