100
1 508 26 10.303
2 548 57 49.737
3 714 15 98.688
4 687 8 20.550
5 654 42 89.406
6 519 11 37.481
7 1383 33 15.746
8 778 51 77.803
9 500 44 42.234
10 1339 37 26.126
11 1085 47 21.691
12 1416 10 45.750
13 1107 27 38.656
14 1198 56 88.890
15 589 12 28.063
16 1176 38 11.827
17 592 53 46.483
18 128 53 46.081
19 1423 54 81.140
20 268 51 34.585
21 235 30 27.104
22 180 44 99.139
23 642 22 13.741
24 1408 15 80.026
25 1226 40 9.296
26 1197 34 25.050
27 125 3 11.398
28 1323 28 93.090
29 499 12 31.415
30 761 17 85.406
31 1312 22 28.090
32 1433 49 8.888
33 688 38 86.633
34 903 27 34.355
35 717 56 11.048
36 1063 53 15.374
37 320 23 13.192
38 1385 6 18.622
39 81 19 86.523
40 1363 55 34.767
41 500 43 16.404
42 403 46 9.656
43 537 31 84.979
44 153 17 97.393
45 638 12 41.804
46 282 37 82.367
47 837 51 13.773
48 1193 32 10.714
49 939 35 5.634
50 181 6 88.457
51 398 41 1.540
52 583 57 23.707
53 955 16 54.778
54 791 50 28.777
55 692 45 17.702
56 976 13 22.231
57 1184 46 6.427
58 590 52 21.653
59 901 13 97.153
60 64 19 18.000
61 388 4 37.591
62 939 14 60.510
63 55 49 75.974
64 443 27 6.435
65 179 22 80.754
66 1294 40 90.637
67 1337 12 91.268
68 1419 9 32.008
69 613 52 14.222
70 640 23 69.679
71 632 4 50.415
72 254 57 64.608
73 63 40 13.811
74 933 26 43.734
75 1341 25 6.850
76 1228 34 98.553
77 294 18 72.456
78 940 58 1.868
79 600 57 2.459
80 1019 13 64.316
81 136 11 73.100
82 949 4 13.484
83 1304 10 99.480
84 845 23 71.668
85 1251 54 60.164
86 1223 60 52.935
87 263 14 80.015
88 797 9 37.438
89 73 43 82.088
90 791 47 37.547
91 202 6 3.838
92 253 18 26.727
93 972 9 52.704
94 530 4 37.446
95 961 42 69.601
96 400 58 45.635
97 362 13 44.312
98 790 6 58.687
99 1027 38 35.700
100 1202 5 99.142