100
1 1213 17 10.758
2 1088 7 37.494
3 1170 3 0.595
4 642 33 79.869
5 478 33 84.426
6 660 59 17.177
7 171 41 31.425
8 1370 30 70.276
9 895 9 89.805
10 849 44 37.036
11 774 31 16.816
12 502 55 87.845
13 725 48 14.985
14 667 3 37.892
15 928 2 15.318
16 898 19 63.005
17 299 11 45.901
18 1100 12 92.424
19 408 6 98.577
20 1163 41 90.856
21 1400 24 66.629
22 191 30 33.309
23 769 27 41.011
24 1291 23 18.646
25 124 55 40.926
26 271 23 57.455
27 26 39 54.950
28 933 34 5.475
29 134 55 36.434
30 812 51 78.182
31 1155 53 80.153
32 721 12 85.011
33 925 31 93.919
34 1207 59 78.978
35 1180 51 34.708
36 1398 5 3.453
37 733 8 43.430
38 1352 14 4.702
39 276 49 14.166
40 842 50 57.778
41 1042 28 20.675
42 707 9 28.082
43 605 21 51.097
44 409 23 69.401
45 1433 19 44.517
46 1431 36 7.039
47 66 4 69.689
48 732 34 50.582
49 363 36 1.903
50 1271 10 5.945
51 825 22 55.554
52 1219 60 51.967
53 340 29 69.395
54 865 52 14.979
55 225 17 44.732
56 625 21 78.818
57 380 57 48.433
58 1188 25 11.851
59 579 28 53.053
60 323 18 5.596
61 189 52 26.202
62 41 41 38.712
63 181 49 79.278
64 1015 51 15.904
65 1388 47 41.891
66 1383 60 3.850
67 130 5 91.205
68 57 26 19.717
69 649 3 74.191
70 927 22 34.170
71 672 16 93.558
72 1203 48 60.301
73 232 48 15.933
74 1265 51 89.688
75 1288 32 11.973
76 1059 60 45.846
77 1352 58 99.200
78 997 44 13.999
79 677 15 55.012
80 1393 24 97.314
81 346 37 74.631
82 1119 25 37.213
83 802 23 99.149
84 621 42 1.811
85 1063 34 24.202
86 126 1 80.844
87 683 8 57.345
88 444 39 55.064
89 433 56 40.372
90 836 54 27.916
91 862 21 84.639
92 542 56 40.892
93 545 27 20.097
94 119 59 72.210
95 772 15 83.771
96 772 18 37.317
97 1420 50 7.415
98 302 29 59.204
99 605 14 49.144
100 197 34 15.063