100
1 175 51 3.139
2 416 13 2.729
3 1330 19 67.831
4 873 39 80.186
5 360 43 65.787
6 18 49 13.848
7 635 36 40.908
8 8 53 27.550
9 917 52 99.668
10 30 59 46.994
11 1257 33 49.401
12 730 17 24.885
13 1256 9 45.489
14 102 38 68.279
15 1292 51 17.907
16 212 12 46.983
17 1433 51 66.094
18 695 10 57.870
19 1072 36 83.912
20 529 3 30.136
21 1372 20 18.844
22 784 50 93.408
23 1199 59 77.237
24 857 9 17.116
25 1319 17 16.629
26 95 22 40.789
27 183 16 3.524
28 506 14 45.199
29 421 37 79.770
30 973 4 53.874
31 113 24 11.872
32 1268 27 45.178
33 304 25 63.670
34 697 39 1.886
35 116 34 2.654
36 848 56 91.119
37 979 27 41.453
38 1413 7 26.095
39 460 48 67.285
40 827 51 35.057
41 893 1 48.451
42 890 44 46.157
43 754 25 55.468
44 880 44 65.363
45 1180 18 87.123
46 83 53 49.834
47 1173 43 43.095
48 152 30 38.488
49 156 25 20.786
50 257 5 23.270
51 1034 33 51.413
52 1135 35 11.626
53 330 55 91.113
54 1175 35 61.236
55 153 9 12.019
56 988 13 92.325
57 814 18 32.674
58 385 17 80.905
59 997 25 40.343
60 537 7 44.663
61 181 60 36.172
62 568 3 33.124
63 1204 31 80.181
64 694 11 35.879
65 683 49 83.499
66 953 24 81.093
67 1269 37 52.566
68 623 17 94.071
69 680 23 55.376
70 75 19 71.191
71 751 57 35.082
72 1224 49 90.943
73 306 47 6.358
74 1279 14 73.858
75 695 38 8.425
76 1357 7 2.268
77 956 3 85.271
78 56 44 59.198
79 258 30 86.046
80 536 59 52.948
81 978 44 48.158
82 663 56 9.982
83 729 57 56.944
84 1418 10 3.928
85 996 55 43.967
86 1158 37 90.653
87 271 37 24.456
88 581 51 7.411
89 870 52 12.454
90 458 13 66.300
91 480 24 14.524
92 155 43 13.628
93 429 18 9.894
94 579 6 77.032
95 1413 38 93.007
96 331 3 59.999
97 987 32 23.184
98 1342 54 3.740
99 1368 57 65.390
100 638 41 28.632