100
1 1153 55 33.588
2 1297 55 19.188
3 859 50 57.498
4 218 53 84.796
5 1172 38 69.963
6 1211 56 10.825
7 784 34 62.748
8 1329 50 97.133
9 1215 32 36.296
10 219 41 78.955
11 147 45 47.328
12 1311 13 67.542
13 796 52 62.999
14 1432 36 9.506
15 1041 33 29.456
16 700 56 81.948
17 1413 36 2.061
18 1215 34 22.445
19 1337 25 60.959
20 880 57 40.529
21 748 53 96.760
22 765 5 95.743
23 1140 18 37.862
24 729 22 28.356
25 323 25 27.143
26 1278 28 72.405
27 414 39 43.461
28 680 24 12.947
29 1229 39 13.561
30 1222 52 37.050
31 1084 52 35.077
32 1155 55 84.775
33 801 21 22.727
34 351 8 61.134
35 1187 15 51.848
36 1072 7 63.994
37 859 30 72.688
38 25 21 34.444
39 1238 1 34.051
40 691 8 17.017
41 208 54 76.410
42 1039 26 43.089
43 1414 37 68.881
44 703 51 6.795
45 1138 52 1.650
46 633 58 24.159
47 386 38 28.474
48 219 1 10.742
49 795 29 79.055
50 1199 54 49.644
51 416 9 30.571
52 556 8 46.368
53 1145 18 20.387
54 323 59 25.415
55 1212 3 63.459
56 317 49 60.153
57 884 47 19.926
58 1417 50 55.605
59 44 28 13.847
60 578 5 28.803
61 618 40 30.942
62 468 24 79.606
63 580 52 21.021
64 1302 27 44.593
65 856 50 78.160
66 542 36 92.094
67 305 3 31.407
68 219 49 53.609
69 1306 58 72.168
70 848 46 47.586
71 1245 36 47.744
72 1385 60 82.347
73 940 57 22.805
74 674 38 42.635
75 854 26 55.854
76 45 52 41.683
77 909 42 57.819
78 645 14 97.452
79 648 51 26.242
80 1305 31 88.895
81 849 51 20.801
82 1105 54 0.892
83 193 49 3.289
84 134 51 93.227
85 230 42 99.711
86 617 34 37.788
87 580 12 6.298
88 1360 49 53.358
89 322 16 82.422
90 222 22 40.371
91 1165 31 60.878
92 917 60 4.060
93 1236 41 3.850
94 441 30 40.003
95 1097 41 66.022
96 88 20 18.171
97 458 7 92.043
98 934 29 23.223
99 755 7 35.060
100 982 36 89.558