100
1 263 12 25.646
2 1397 48 79.242
3 458 38 26.308
4 122 48 28.155
5 422 9 70.062
6 918 17 93.899
7 745 23 41.380
8 966 36 7.813
9 664 41 17.200
10 1129 21 29.081
11 1090 15 75.014
12 1016 26 45.176
13 641 12 1.255
14 366 36 89.043
15 1140 60 26.119
16 758 32 65.481
17 525 5 21.688
18 715 46 59.773
19 490 19 33.637
20 301 6 92.412
21 437 46 13.006
22 1364 26 3.247
23 594 55 38.015
24 1250 5 44.918
25 365 38 68.588
26 985 31 13.890
27 553 39 37.110
28 579 56 52.686
29 434 4 10.695
30 1282 12 93.027
31 1267 40 90.260
32 1288 10 96.796
33 1065 32 67.475
34 1117 24 41.632
35 379 57 18.769
36 531 7 98.372
37 391 39 15.467
38 368 59 42.735
39 696 52 14.858
40 1400 11 28.647
41 85 1 62.731
42 1250 19 8.526
43 1371 37 25.225
44 894 9 5.114
45 230 44 91.809
46 195 12 77.473
47 128 10 30.915
48 249 27 11.961
49 580 11 96.734
50 1359 31 82.396
51 1187 49 9.496
52 1349 44 19.612
53 383 41 77.408
54 1050 41 89.757
55 1378 21 7.885
56 700 6 54.691
57 543 38 7.923
58 927 7 15.063
59 498 41 0.562
60 438 18 85.280
61 438 16 49.672
62 1416 60 21.651
63 625 32 55.088
64 706 56 45.714
65 467 9 74.827
66 876 26 0.643
67 1160 17 67.512
68 18 49 52.369
69 827 11 96.011
70 163 39 3.873
71 1218 36 60.250
72 711 50 50.988
73 849 19 1.345
74 908 46 83.464
75 1084 30 52.092
76 699 41 91.730
77 1263 22 9.441
78 432 17 64.625
79 1370 12 99.912
80 95 21 99.030
81 810 27 40.977
82 579 10 95.380
83 565 35 57.005
84 1351 20 71.798
85 480 57 63.109
86 839 52 84.288
87 559 38 31.210
88 351 11 89.294
89 440 19 76.498
90 1133 53 33.836
91 437 45 69.138
92 1400 55 1.988
93 558 50 97.829
94 1021 51 4.134
95 887 30 70.335
96 1110 12 27.555
97 53 13 33.249
98 138 20 95.261
99 372 25 99.649
100 234 20 36.045