100
1 1085 8 48.630
2 1278 25 14.545
3 1078 54 86.404
4 343 23 51.049
5 831 30 95.589
6 27 41 0.821
7 310 20 86.477
8 1187 19 55.290
9 1040 4 33.122
10 740 48 0.355
11 70 8 76.718
12 709 13 94.400
13 451 56 21.800
14 897 38 70.046
15 1140 8 83.759
16 280 14 79.514
17 798 4 98.583
18 522 19 21.625
19 757 18 62.205
20 463 25 36.999
21 577 33 86.749
22 181 44 28.235
23 882 7 5.590
24 1136 32 17.187
25 1087 29 17.393
26 943 55 67.402
27 857 45 8.564
28 54 29 22.198
29 1387 19 47.213
30 718 22 80.407
31 232 18 1.329
32 1347 55 84.429
33 1301 60 14.989
34 295 32 37.474
35 1024 56 53.739
36 433 24 38.980
37 1277 7 95.923
38 620 8 28.179
39 940 43 53.349
40 239 46 0.279
41 954 2 56.184
42 605 1 70.427
43 1389 24 96.341
44 568 9 13.462
45 1345 18 79.551
46 901 30 30.618
47 1225 38 95.241
48 936 5 63.635
49 1233 15 80.967
50 761 22 15.977
51 446 8 57.529
52 760 46 82.797
53 767 26 73.682
54 1155 1 23.762
55 1425 42 37.619
56 429 14 80.007
57 539 51 7.188
58 14 9 94.893
59 1089 59 0.483
60 588 15 46.040
61 1391 12 28.652
62 1199 50 20.086
63 255 29 51.772
64 1393 30 72.482
65 1131 41 88.451
66 854 31 48.516
67 1423 46 56.853
68 908 39 24.479
69 187 43 15.640
70 921 45 13.927
71 1126 35 18.372
72 581 31 57.545
73 849 4 62.579
74 1167 16 18.992
75 750 56 74.349
76 528 12 62.523
77 1246 7 38.822
78 414 55 18.298
79 1246 4 73.493
80 1118 8 93.669
81 185 53 10.817
82 662 44 26.239
83 982 47 4.156
84 1062 59 76.985
85 862 51 67.584
86 1109 39 46.098
87 169 11 26.213
88 540 26 71.605
89 116 21 11.821
90 545 33 53.630
91 60 12 88.173
92 845 26 2.087
93 1222 31 17.658
94 847 54 27.292
95 501 45 36.033
96 360 28 84.514
97 749 50 80.162
98 8 12 78.157
99 1042 31 43.737
100 691 42 71.250