100
1 861 26 72.797
2 818 2 49.388
3 824 21 92.380
4 1406 23 76.248
5 1394 45 18.543
6 1192 49 25.184
7 126 59 92.051
8 1077 27 6.318
9 647 39 70.953
10 313 6 16.785
11 1342 32 48.557
12 11 23 81.752
13 122 51 92.484
14 1272 32 96.294
15 351 39 51.451
16 387 22 96.144
17 610 50 6.371
18 851 22 6.583
19 819 35 94.611
20 479 50 21.015
21 1417 1 73.935
22 1021 7 39.350
23 541 35 54.263
24 1330 19 96.854
25 785 15 11.350
26 565 36 15.200
27 827 20 66.870
28 730 8 11.351
29 1230 24 19.232
30 301 42 5.659
31 160 54 41.682
32 651 33 39.699
33 716 44 19.640
34 514 44 59.290
35 435 40 65.796
36 1057 23 6.697
37 967 43 84.085
38 775 35 35.991
39 666 50 70.756
40 1363 52 76.168
41 373 35 33.415
42 211 40 2.849
43 1323 28 36.094
44 630 54 46.852
45 447 52 32.473
46 1028 11 84.257
47 1005 20 26.612
48 869 55 86.329
49 1100 20 96.222
50 630 8 84.214
51 420 8 81.372
52 1314 27 30.865
53 1283 12 8.080
54 790 26 95.934
55 1371 32 14.987
56 48 28 55.427
57 331 10 79.681
58 294 4 24.625
59 351 48 59.595
60 1072 2 95.251
61 391 3 60.646
62 69 11 74.423
63 57 44 82.075
64 415 56 23.212
65 13 8 8.577
66 461 11 67.071
67 715 59 69.911
68 67 58 27.967
69 1379 49 40.870
70 805 60 85.308
71 1209 29 92.695
72 1440 50 92.817
73 164 52 16.999
74 826 8 27.878
75 354 42 24.764
76 11 45 17.115
77 21 46 13.454
78 21 58 7.051
79 124 17 69.645
80 456 28 2.802
81 845 21 24.597
82 1433 13 30.186
83 184 35 33.785
84 770 48 72.678
85 1266 28 13.573
86 53 12 1.130
87 1043 12 94.459
88 1150 36 84.406
89 614 59 9.271
90 809 15 94.040
91 765 40 64.603
92 375 11 30.322
93 1415 3 11.808
94 1314 54 14.011
95 149 26 88.548
96 1233 49 44.850
97 790 28 83.105
98 542 39 88.894
99 1009 35 31.956
100 1178 46 73.040