100
1 144 47 76.842
2 21 9 19.201
3 798 20 81.011
4 269 2 31.024
5 648 41 74.754
6 1325 21 40.927
7 802 10 5.232
8 664 48 94.487
9 1022 5 68.652
10 1114 41 39.737
11 347 52 82.819
12 1117 26 27.788
13 368 34 70.102
14 511 34 35.158
15 178 53 4.733
16 736 4 95.359
17 958 46 31.421
18 1238 13 30.637
19 1291 53 27.938
20 841 44 90.880
21 688 5 42.000
22 739 41 99.886
23 695 5 28.306
24 24 19 29.717
25 944 34 89.182
26 131 6 27.539
27 948 31 6.914
28 696 54 26.880
29 1425 27 12.291
30 1239 58 59.313
31 187 54 1.911
32 1065 46 61.819
33 81 30 72.809
34 1295 56 38.101
35 699 51 19.395
36 1379 4 96.390
37 876 24 10.313
38 279 15 53.654
39 850 36 81.000
40 746 31 97.043
41 530 9 40.940
42 68 55 79.457
43 478 6 97.038
44 717 34 82.444
45 582 49 37.294
46 691 4 57.221
47 707 10 78.131
48 1182 21 1.237
49 778 30 44.750
50 290 38 56.155
51 720 25 73.379
52 258 19 59.182
53 713 29 82.102
54 42 38 70.033
55 809 37 87.390
56 1057 7 96.938
57 1083 5 46.351
58 895 24 43.153
59 1290 52 70.703
60 249 7 87.150
61 451 17 46.487
62 571 18 18.202
63 640 24 49.075
64 509 25 74.072
65 311 49 41.096
66 614 51 72.565
67 1110 5 1.431
68 138 49 8.459
69 897 8 37.140
70 38 53 68.470
71 1207 48 13.413
72 946 46 76.945
73 91 5 50.056
74 65 38 29.056
75 235 23 4.898
76 138 43 12.318
77 762 5 3.817
78 459 58 66.082
79 979 47 52.146
80 203 7 38.411
81 1090 26 79.450
82 498 25 77.015
83 1209 45 16.482
84 1411 3 59.033
85 207 59 61.396
86 1265 30 32.140
87 1298 28 9.455
88 3 53 48.033
89 1194 27 88.991
90 1343 54 44.135
91 1416 50 62.343
92 771 54 72.617
93 1293 57 84.408
94 1186 59 54.932
95 1334 23 98.650
96 32 35 14.210
97 41 49 5.508
98 651 53 52.555
99 288 49 50.654
100 891 48 51.060