100
1 325 50 39.698
2 494 45 90.317
3 1327 17 44.748
4 1293 20 72.289
5 1376 47 37.596
6 960 25 64.306
7 468 45 60.241
8 31 19 23.368
9 1104 33 53.451
10 1321 1 82.110
11 1230 52 46.064
12 333 55 21.133
13 605 32 0.586
14 508 7 25.448
15 951 46 92.853
16 1172 54 1.298
17 262 54 46.348
18 1188 32 75.621
19 1037 51 38.221
20 62 54 24.830
21 902 43 72.207
22 177 55 44.409
23 1062 17 51.460
24 475 21 6.723
25 728 18 89.532
26 525 13 64.172
27 1107 50 37.043
28 583 17 83.475
29 814 49 70.640
30 182 39 71.720
31 1139 34 1.139
32 791 8 21.650
33 702 48 6.921
34 1215 25 67.261
35 81 34 30.029
36 976 30 66.524
37 893 34 45.242
38 753 13 93.389
39 1155 53 45.873
40 789 14 82.788
41 546 13 54.932
42 761 24 81.549
43 1155 20 8.544
44 1215 5 92.033
45 1113 22 38.156
46 54 30 52.801
47 301 49 24.317
48 71 20 72.542
49 1052 15 13.024
50 1250 50 86.832
51 154 38 98.449
52 214 51 24.341
53 972 53 14.670
54 500 22 91.406
55 753 8 9.837
56 707 52 48.478
57 1086 23 26.964
58 281 43 79.821
59 1342 26 0.582
60 324 17 67.023
61 1352 49 7.311
62 593 51 17.635
63 1155 46 34.342
64 495 44 89.060
65 1272 59 65.184
66 1246 9 95.520
67 1285 46 20.702
68 483 11 10.340
69 965 3 44.822
70 1378 12 0.890
71 984 2 64.658
72 490 55 92.572
73 798 43 77.612
74 481 36 6.417
75 458 13 3.277
76 1368 12 19.681
77 1327 44 16.061
78 1286 39 51.361
79 277 42 33.235
80 461 30 68.525
81 566 16 61.562
82 318 38 55.385
83 917 54 95.849
84 1340 8 99.247
85 307 58 89.169
86 91 55 94.852
87 1327 29 53.641
88 1091 28 87.659
89 1271 47 99.578
90 1092 21 5.362
91 332 9 93.719
92 394 29 9.620
93 526 10 84.445
94 542 42 12.747
95 1062 28 6.251
96 718 55 6.272
97 1169 15 36.051
98 1160 47 30.274
99 1222 5 41.492
100 26 46 90.779