100
1 392 27 83.193
2 124 50 94.607
3 854 58 78.451
4 657 34 6.554
5 374 10 61.532
6 210 27 36.170
7 450 31 21.480
8 326 60 66.372
9 1348 12 68.537
10 792 9 89.779
11 778 11 68.649
12 1343 18 89.644
13 714 14 77.769
14 1419 48 20.371
15 1176 16 8.063
16 942 8 39.353
17 432 57 64.550
18 704 47 47.531
19 65 34 8.321
20 1201 52 76.129
21 592 12 1.953
22 420 3 94.559
23 855 31 31.902
24 1380 1 31.950
25 1195 43 6.641
26 131 44 82.238
27 1436 47 50.125
28 749 48 35.366
29 941 17 64.634
30 809 6 16.949
31 1418 57 43.783
32 426 27 36.619
33 997 12 10.477
34 1274 56 17.116
35 1128 41 44.358
36 964 41 26.710
37 519 17 87.276
38 1244 13 16.048
39 64 39 54.355
40 907 34 96.273
41 702 40 36.416
42 681 35 49.591
43 170 57 18.674
44 605 32 5.116
45 308 48 14.213
46 172 52 21.675
47 1013 58 33.044
48 1323 25 55.128
49 466 1 33.304
50 1300 35 30.925
51 1377 47 29.177
52 730 45 16.254
53 1256 35 50.668
54 1270 10 14.267
55 419 41 75.612
56 503 36 82.983
57 138 12 35.114
58 970 23 95.021
59 985 51 12.321
60 401 24 89.019
61 466 19 61.746
62 1181 30 76.831
63 1197 1 16.367
64 172 16 84.620
65 767 43 11.610
66 873 25 86.560
67 194 29 86.436
68 1071 11 16.635
69 951 11 92.584
70 505 46 88.429
71 314 60 14.064
72 873 48 63.780
73 382 7 55.914
74 393 38 78.626
75 726 48 88.002
76 234 50 34.326
77 2 14 71.232
78 790 37 44.052
79 1085 14 71.581
80 927 11 25.547
81 103 18 16.787
82 817 9 91.050
83 50 32 93.055
84 1433 58 45.865
85 388 57 13.694
86 966 33 13.175
87 1100 49 78.074
88 1087 33 41.251
89 888 38 56.490
90 1028 3 29.181
91 120 10 63.658
92 534 10 75.332
93 485 48 5.958
94 1347 54 10.942
95 285 2 90.830
96 50 45 19.963
97 344 5 67.125
98 773 50 84.145
99 872 47 36.532
100 503 26 39.679