100
1 1001 46 46.753
2 115 54 73.039
3 38 32 1.983
4 940 59 76.433
5 322 47 12.259
6 1402 3 77.865
7 16 17 15.492
8 815 23 10.129
9 1328 32 77.613
10 1055 39 80.760
11 477 17 63.773
12 1383 33 18.656
13 799 60 60.702
14 798 59 9.790
15 158 57 60.170
16 121 21 27.392
17 1182 54 50.578
18 1122 22 34.268
19 439 33 46.503
20 80 50 59.537
21 64 3 54.645
22 421 10 81.366
23 1228 39 21.957
24 994 32 46.686
25 806 13 85.888
26 358 9 77.460
27 278 18 79.525
28 737 46 87.822
29 794 53 60.431
30 1403 56 43.153
31 166 50 32.302
32 1117 58 25.771
33 444 16 61.453
34 762 11 32.449
35 329 44 13.618
36 869 27 36.685
37 745 33 47.244
38 1106 28 47.857
39 596 19 37.035
40 339 36 52.452
41 844 15 49.285
42 987 31 10.771
43 319 52 15.739
44 924 49 4.592
45 77 57 24.483
46 162 34 66.775
47 146 31 76.067
48 864 45 87.771
49 1206 14 70.193
50 1252 36 89.710
51 119 60 38.434
52 931 24 4.683
53 1249 55 56.482
54 273 2 39.525
55 1323 39 60.983
56 504 33 20.755
57 264 3 20.792
58 631 24 28.874
59 1362 50 3.303
60 1440 52 52.461
61 830 46 33.677
62 1151 15 45.891
63 884 51 74.761
64 1398 49 46.206
65 602 59 10.209
66 1254 60 94.906
67 1165 16 14.515
68 1274 38 58.512
69 231 51 30.042
70 177 18 43.419
71 1440 25 37.525
72 514 26 25.728
73 1137 5 43.380
74 639 58 78.030
75 45 40 26.066
76 651 28 29.287
77 134 33 90.995
78 20 2 40.571
79 612 48 93.757
80 981 13 14.380
81 959 26 92.912
82 986 33 7.730
83 877 60 31.692
84 1246 47 30.416
85 1113 31 34.270
86 63 3 23.621
87 1092 55 80.994
88 314 1 89.288
89 333 36 87.688
90 380 45 38.629
91 917 46 74.092
92 1142 25 45.980
93 330 43 43.583
94 1196 23 52.658
95 443 23 18.344
96 656 20 54.098
97 606 52 92.856
98 694 44 29.265
99 1235 23 18.080
100 306 24 92.854