100
1 26 53 91.882
2 1091 37 66.178
3 801 12 30.221
4 1417 47 60.792
5 841 28 23.814
6 1143 26 20.618
7 226 42 62.703
8 1083 24 38.303
9 1433 45 93.698
10 894 28 8.510
11 1170 15 46.836
12 1289 24 92.920
13 262 23 99.191
14 174 43 28.692
15 579 21 9.516
16 101 24 64.938
17 1430 25 21.439
18 963 31 37.613
19 157 30 90.221
20 938 32 75.145
21 933 10 52.033
22 434 53 66.332
23 729 3 29.674
24 617 32 41.432
25 1139 19 75.052
26 574 32 4.264
27 839 32 86.330
28 1044 24 56.917
29 983 39 76.613
30 1166 14 81.818
31 1027 14 80.469
32 906 1 14.878
33 339 31 46.688
34 391 51 99.533
35 1074 3 55.703
36 338 20 89.056
37 460 25 64.842
38 532 12 24.794
39 900 42 7.487
40 882 16 74.377
41 259 32 49.022
42 1231 12 67.603
43 135 14 4.293
44 662 56 20.987
45 480 24 36.792
46 951 48 97.193
47 1300 35 30.484
48 762 24 1.535
49 1005 16 62.319
50 143 48 52.011
51 697 26 12.537
52 720 38 99.147
53 378 12 54.826
54 1101 39 17.607
55 366 7 42.372
56 519 40 91.213
57 302 54 25.933
58 80 34 2.124
59 543 1 92.167
60 995 44 98.216
61 930 21 87.144
62 818 42 86.142
63 1217 8 58.095
64 685 38 36.582
65 1018 34 53.522
66 785 30 62.117
67 22 48 1.236
68 1136 51 20.805
69 5 33 72.184
70 1126 17 17.259
71 170 41 50.468
72 665 55 50.076
73 1039 19 73.504
74 157 48 28.446
75 1120 38 18.497
76 700 17 98.907
77 1408 48 81.758
78 591 56 70.933
79 1303 1 29.823
80 1036 7 66.372
81 864 52 16.998
82 199 25 56.354
83 1384 11 49.433
84 192 35 18.042
85 1039 6 62.126
86 550 43 91.030
87 439 37 61.578
88 823 57 38.280
89 664 50 87.094
90 588 17 23.154
91 808 32 56.484
92 1333 22 40.017
93 185 20 99.784
94 804 25 4.483
95 467 50 64.741
96 1355 22 41.752
97 1169 15 13.703
98 637 42 75.547
99 98 7 81.490
100 396 25 88.807