100
1 425 49 17.684
2 804 18 28.439
3 605 16 74.311
4 1439 48 45.913
5 616 58 57.585
6 539 43 5.699
7 1221 14 6.836
8 333 44 60.727
9 1234 26 86.955
10 758 17 42.193
11 299 58 17.860
12 547 57 39.182
13 64 7 48.111
14 289 10 32.601
15 704 38 35.417
16 468 18 74.339
17 1201 27 76.109
18 124 54 3.649
19 983 60 9.689
20 1228 3 63.746
21 1388 60 71.992
22 446 35 91.675
23 746 59 9.235
24 308 51 60.450
25 372 40 2.515
26 629 19 50.678
27 342 52 2.921
28 1398 16 29.096
29 756 25 35.576
30 199 22 43.083
31 1156 18 59.631
32 964 54 48.937
33 160 5 22.793
34 1112 50 13.777
35 1046 29 77.884
36 472 20 54.806
37 265 7 35.937
38 161 22 58.273
39 1400 14 70.594
40 329 7 73.297
41 1167 44 7.738
42 986 9 62.839
43 1324 58 58.484
44 199 40 35.044
45 858 29 38.979
46 134 26 27.098
47 708 29 35.720
48 1093 26 63.175
49 340 33 67.187
50 1361 3 67.629
51 492 20 30.442
52 294 32 15.911
53 517 31 36.694
54 627 23 7.814
55 292 16 18.778
56 1367 60 88.032
57 1173 42 86.538
58 557 43 74.710
59 37 55 1.691
60 196 48 75.396
61 1241 51 68.924
62 285 54 90.928
63 337 40 18.387
64 215 55 82.511
65 106 49 20.542
66 577 60 11.860
67 1408 16 48.363
68 227 45 33.109
69 942 3 27.798
70 754 27 5.790
71 590 38 71.536
72 936 12 46.847
73 121 50 71.602
74 1347 1 18.814
75 1151 6 27.495
76 1139 21 47.749
77 1343 57 26.911
78 593 38 99.125
79 843 34 16.986
80 440 26 23.797
81 87 8 88.949
82 898 9 17.863
83 30 26 82.072
84 565 39 19.647
85 942 27 51.354
86 1079 47 12.771
87 18 10 4.931
88 1024 9 89.261
89 189 16 62.287
90 709 37 99.792
91 233 23 12.058
92 1360 29 78.142
93 230 31 17.231
94 89 31 20.883
95 672 49 13.593
96 1126 25 94.822
97 105 28 92.953
98 1206 17 98.452
99 1238 44 73.558
100 1371 12 40.597