100
1 720 53 99.921
2 693 34 5.004
3 1085 16 53.591
4 131 26 45.773
5 99 35 28.769
6 115 18 97.636
7 545 11 20.671
8 80 37 43.572
9 261 56 90.136
10 233 20 56.775
11 104 24 52.827
12 783 22 75.338
13 782 43 75.399
14 620 36 52.216
15 392 56 63.799
16 1332 59 9.393
17 123 54 99.815
18 117 58 41.848
19 371 52 12.879
20 111 15 60.029
21 822 3 98.575
22 792 19 62.838
23 972 48 31.190
24 893 7 98.530
25 96 45 48.356
26 42 9 70.232
27 1418 21 41.156
28 404 28 94.572
29 826 34 45.533
30 1195 35 5.131
31 986 51 23.112
32 172 38 21.868
33 1004 18 41.899
34 329 49 12.699
35 609 42 56.388
36 1091 32 29.137
37 147 18 34.156
38 141 1 88.493
39 808 53 69.358
40 1292 44 65.163
41 684 2 63.114
42 466 41 89.467
43 1306 2 45.977
44 1267 30 35.959
45 1285 15 34.850
46 1076 5 78.490
47 1284 6 56.919
48 311 21 84.669
49 1253 22 7.110
50 320 41 90.783
51 490 38 53.194
52 1222 41 14.351
53 458 57 51.808
54 1019 26 64.230
55 1385 1 7.357
56 1079 19 81.229
57 1036 8 8.635
58 100 28 66.866
59 1381 5 96.971
60 610 40 19.372
61 330 55 56.205
62 194 29 10.912
63 138 8 17.208
64 192 14 36.851
65 194 57 78.900
66 418 1 51.921
67 115 6 62.108
68 1261 54 11.551
69 1064 50 53.318
70 313 51 74.337
71 1061 18 74.451
72 366 44 56.003
73 831 39 22.544
74 1363 17 25.656
75 1299 39 20.549
76 323 31 81.618
77 504 58 21.004
78 1255 38 45.795
79 1340 1 7.064
80 142 58 16.147
81 1227 53 72.222
82 245 40 91.138
83 980 45 94.345
84 667 55 11.219
85 744 57 94.752
86 909 38 4.864
87 947 27 93.461
88 1188 58 72.190
89 166 23 73.834
90 1224 27 9.106
91 999 36 4.593
92 129 27 42.154
93 1131 39 85.492
94 1379 33 26.152
95 860 1 42.232
96 336 47 89.172
97 134 24 59.338
98 1037 16 55.441
99 341 50 21.888
100 713 42 76.152