100
1 1119 53 80.010
2 734 46 50.975
3 705 53 29.025
4 1188 16 38.372
5 449 26 15.472
6 546 56 70.943
7 399 6 53.785
8 1370 3 32.496
9 615 3 40.198
10 1194 36 14.756
11 1278 47 54.101
12 1202 12 42.875
13 271 44 63.889
14 668 55 42.794
15 609 20 29.895
16 1306 28 34.949
17 958 40 98.665
18 106 49 82.401
19 860 17 60.049
20 119 45 78.185
21 172 45 31.427
22 1219 2 53.684
23 1010 15 26.594
24 380 24 81.103
25 529 22 19.193
26 929 52 73.123
27 402 32 8.238
28 1149 36 21.616
29 1157 29 66.330
30 998 28 54.275
31 714 59 9.349
32 1100 40 65.233
33 888 48 44.917
34 98 49 87.047
35 812 49 39.027
36 858 13 7.655
37 932 25 55.961
38 911 28 64.359
39 1201 7 76.741
40 792 18 88.205
41 617 26 50.718
42 406 51 38.209
43 914 8 61.039
44 150 2 75.713
45 905 49 19.616
46 1352 42 49.507
47 983 26 16.354
48 1409 35 34.102
49 418 35 43.216
50 779 29 36.364
51 66 9 81.547
52 610 37 53.747
53 730 58 71.023
54 590 20 23.268
55 1341 25 69.832
56 336 24 78.610
57 74 32 26.827
58 1331 15 64.016
59 948 54 79.472
60 1193 24 76.835
61 924 4 86.836
62 556 41 42.703
63 496 39 53.555
64 1218 1 0.793
65 502 20 85.250
66 614 55 73.759
67 998 43 0.216
68 1218 2 39.148
69 1408 51 78.161
70 289 1 69.780
71 597 57 85.827
72 934 39 36.134
73 1278 14 36.091
74 1369 28 69.666
75 668 54 26.168
76 1165 12 27.173
77 1055 29 82.054
78 779 32 9.179
79 1407 11 88.615
80 817 13 85.810
81 970 55 94.384
82 368 21 43.297
83 1240 14 98.780
84 1356 8 80.026
85 810 33 22.669
86 204 20 66.983
87 1221 9 22.255
88 5 34 26.646
89 417 50 71.036
90 227 34 0.380
91 942 45 8.956
92 837 43 57.938
93 809 48 9.878
94 1251 33 0.707
95 855 26 64.551
96 408 59 89.227
97 291 32 86.174
98 46 31 56.782
99 338 33 50.377
100 969 58 13.637