100
1 1428 49 82.091
2 843 31 62.140
3 228 11 30.373
4 31 30 26.745
5 576 34 34.481
6 337 8 65.683
7 1386 20 48.251
8 784 27 58.942
9 1067 42 21.544
10 5 32 12.109
11 1394 30 13.563
12 178 24 53.742
13 701 34 78.476
14 646 45 24.987
15 1171 18 63.992
16 63 2 71.382
17 395 14 10.789
18 407 7 4.479
19 247 57 27.224
20 619 58 55.248
21 571 33 14.131
22 115 32 31.573
23 1270 42 8.076
24 533 34 79.923
25 595 28 69.583
26 209 15 65.817
27 1235 28 9.684
28 1014 17 36.279
29 556 16 59.260
30 1427 33 26.152
31 664 51 26.537
32 622 1 72.700
33 435 14 96.325
34 495 36 39.801
35 1204 33 16.402
36 1293 40 26.593
37 992 44 98.210
38 860 21 50.649
39 700 13 66.614
40 126 56 25.576
41 747 17 57.715
42 898 43 98.381
43 785 49 2.495
44 909 3 49.843
45 866 51 80.591
46 215 49 88.297
47 1201 60 18.592
48 1368 22 36.783
49 92 41 85.831
50 782 42 77.714
51 1210 47 36.150
52 824 51 63.669
53 1107 1 53.971
54 866 22 80.202
55 112 22 53.117
56 705 40 29.839
57 1096 43 3.239
58 360 48 66.642
59 996 30 37.931
60 494 47 13.355
61 704 56 74.319
62 1423 23 15.694
63 972 39 99.641
64 1058 15 29.971
65 306 58 60.573
66 720 56 45.250
67 1294 14 41.285
68 251 5 57.572
69 770 29 99.666
70 1217 59 24.574
71 61 15 44.508
72 709 11 74.631
73 488 60 3.203
74 818 17 16.347
75 1198 18 35.609
76 1360 7 94.293
77 223 33 39.091
78 910 40 92.131
79 393 36 56.385
80 162 21 33.681
81 927 5 6.297
82 1298 51 74.844
83 772 57 2.983
84 833 37 86.051
85 580 20 65.886
86 767 29 54.117
87 210 44 83.615
88 1281 2 35.726
89 795 29 56.752
90 764 22 16.094
91 138 56 18.928
92 423 30 24.649
93 451 36 13.402
94 608 38 85.575
95 590 53 70.115
96 1023 46 63.174
97 630 17 10.978
98 1387 4 82.563
99 90 57 64.381
100 619 46 48.461