100
1 457 32 60.721
2 1085 54 95.931
3 956 60 89.551
4 564 1 47.452
5 1308 40 66.019
6 1214 6 4.030
7 358 46 69.108
8 756 24 2.716
9 655 52 50.747
10 40 46 99.905
11 298 17 38.725
12 1084 24 86.446
13 894 53 1.326
14 285 28 73.939
15 553 47 41.289
16 1337 40 90.108
17 375 33 93.519
18 77 15 88.392
19 118 50 10.948
20 85 59 34.750
21 446 43 32.309
22 754 32 39.539
23 658 20 65.020
24 796 11 81.553
25 1222 36 81.002
26 1314 54 39.307
27 726 3 8.419
28 589 27 99.497
29 725 18 45.492
30 513 29 73.759
31 476 59 70.218
32 711 3 82.756
33 889 40 75.650
34 630 28 13.657
35 806 22 72.928
36 1004 47 59.174
37 1255 14 31.084
38 1260 18 85.014
39 1176 7 31.401
40 984 8 25.001
41 556 19 82.794
42 726 42 88.055
43 1354 46 73.016
44 171 57 39.144
45 1427 30 98.249
46 1117 11 59.560
47 819 39 97.720
48 1069 13 67.454
49 206 55 37.016
50 988 10 0.590
51 979 12 32.328
52 792 12 14.511
53 365 25 21.226
54 1341 50 58.204
55 1045 30 67.262
56 1262 20 46.080
57 196 50 59.158
58 258 9 2.485
59 310 19 53.845
60 1429 10 28.971
61 177 48 13.054
62 1002 21 54.234
63 671 34 42.972
64 1195 25 5.419
65 615 35 98.428
66 1192 26 17.556
67 638 51 92.852
68 916 27 22.174
69 1263 12 24.454
70 883 46 30.518
71 255 22 6.909
72 488 56 84.187
73 761 31 14.193
74 1083 25 83.310
75 64 8 77.374
76 626 53 45.783
77 23 18 0.181
78 512 29 83.970
79 285 50 74.631
80 886 20 92.211
81 1192 31 16.600
82 1009 19 97.646
83 566 14 18.619
84 999 29 7.508
85 568 42 71.246
86 206 58 93.808
87 1327 37 43.629
88 1274 38 25.931
89 530 4 83.071
90 615 41 80.469
91 858 13 80.420
92 80 51 67.112
93 575 54 41.254
94 1233 50 67.236
95 585 19 13.038
96 1351 19 31.369
97 264 1 3.494
98 1348 37 89.937
99 414 18 95.768
100 876 5 78.232