100
1 73 36 74.010
2 1241 27 86.310
3 286 41 44.069
4 914 51 78.879
5 1068 57 18.326
6 742 18 46.549
7 883 26 52.479
8 770 18 80.091
9 246 25 23.314
10 1183 5 46.876
11 659 41 40.340
12 1264 11 69.607
13 1069 54 17.795
14 1171 58 13.314
15 149 54 40.041
16 1440 10 91.474
17 15 23 13.257
18 702 45 2.017
19 1302 42 81.770
20 1368 44 95.398
21 925 48 82.834
22 1343 18 13.857
23 134 10 19.540
24 570 45 11.143
25 196 27 33.927
26 443 47 4.491
27 570 30 98.368
28 48 11 28.193
29 690 20 3.353
30 11 60 58.814
31 140 47 47.463
32 927 37 48.216
33 929 33 77.122
34 1018 45 74.261
35 1345 46 44.322
36 646 7 83.785
37 593 16 24.309
38 581 47 6.904
39 496 53 81.441
40 511 27 35.881
41 970 46 84.918
42 1275 36 52.429
43 840 4 14.651
44 269 32 96.162
45 387 46 26.633
46 1026 3 1.796
47 861 19 62.674
48 314 27 83.675
49 139 27 36.203
50 297 6 9.869
51 1343 39 45.685
52 884 26 97.681
53 509 17 94.909
54 1139 8 0.664
55 154 33 32.379
56 923 26 49.042
57 1225 15 70.311
58 1368 23 81.707
59 156 29 23.804
60 643 49 90.339
61 524 34 89.722
62 667 46 38.588
63 376 24 20.044
64 461 28 74.269
65 1157 26 53.078
66 1307 17 4.200
67 851 14 79.769
68 1161 35 20.804
69 221 51 40.891
70 127 20 99.833
71 564 13 65.190
72 1362 18 42.660
73 476 35 44.614
74 764 40 92.790
75 559 20 96.667
76 17 42 50.389
77 615 52 60.544
78 1232 12 38.345
79 175 21 95.078
80 1358 22 18.876
81 954 60 16.008
82 455 47 17.994
83 542 45 37.099
84 1021 10 92.879
85 535 6 62.133
86 422 18 45.777
87 121 2 23.938
88 945 20 78.748
89 248 7 18.463
90 1037 55 9.410
91 1086 21 38.216
92 1323 45 49.297
93 1113 46 36.148
94 467 30 28.190
95 60 43 32.660
96 1006 58 16.721
97 477 21 56.657
98 1183 32 27.598
99 1360 17 16.743
100 427 41 75.919