100
1 1306 29 31.262
2 1328 18 12.895
3 196 44 11.440
4 1332 25 71.379
5 1068 31 72.000
6 365 38 42.332
7 700 10 93.016
8 88 30 66.807
9 846 15 61.514
10 466 41 93.937
11 168 15 34.353
12 651 20 71.282
13 277 59 98.558
14 869 23 42.927
15 559 8 13.274
16 959 56 73.211
17 554 16 31.169
18 459 58 79.557
19 11 3 75.867
20 574 47 54.277
21 731 11 67.445
22 999 47 93.786
23 1148 43 47.574
24 1429 42 20.171
25 1311 10 60.677
26 807 50 78.713
27 294 48 54.772
28 1085 31 28.664
29 285 43 85.121
30 1374 9 32.819
31 1009 2 27.763
32 1029 45 96.988
33 141 14 77.730
34 587 22 68.654
35 873 57 81.865
36 93 20 96.248
37 1439 40 66.809
38 1020 58 30.787
39 1021 23 93.368
40 569 16 95.505
41 763 48 20.054
42 310 14 57.618
43 1110 40 63.303
44 168 53 38.409
45 446 26 12.595
46 560 56 44.018
47 747 3 20.809
48 466 54 9.840
49 432 34 79.983
50 381 48 27.592
51 1415 11 85.497
52 840 50 66.345
53 515 57 65.311
54 99 29 67.117
55 1144 57 21.487
56 939 57 86.165
57 403 48 11.003
58 223 35 93.861
59 307 33 38.206
60 1238 24 67.498
61 1143 50 96.020
62 837 13 38.093
63 1182 3 69.684
64 1177 7 1.985
65 193 39 92.972
66 1004 28 5.332
67 407 2 55.260
68 1258 38 18.540
69 742 59 84.252
70 686 18 9.972
71 545 38 59.615
72 1132 45 37.966
73 1431 47 24.342
74 836 58 82.885
75 1153 4 19.843
76 58 24 53.218
77 262 60 65.178
78 293 54 66.718
79 584 44 67.161
80 593 4 1.529
81 639 36 84.418
82 276 4 61.271
83 300 4 20.208
84 1166 54 57.670
85 407 9 99.704
86 1361 27 86.489
87 155 13 23.056
88 217 37 0.549
89 1408 46 77.973
90 1372 19 86.633
91 1399 56 15.087
92 66 25 69.026
93 356 24 15.178
94 1115 1 10.867
95 358 36 93.804
96 1390 33 97.056
97 300 50 67.159
98 95 46 28.431
99 20 34 87.398
100 924 3 59.337