100
1 107 11 72.184
2 436 50 33.942
3 1121 52 28.547
4 221 8 97.297
5 162 17 31.800
6 878 12 10.528
7 1136 57 54.464
8 856 57 5.080
9 1400 58 82.406
10 1181 34 96.925
11 235 35 87.320
12 1388 57 16.395
13 1047 42 43.697
14 236 46 91.399
15 1131 11 18.941
16 765 6 22.694
17 562 48 61.658
18 496 20 43.530
19 1158 4 1.913
20 1037 23 22.080
21 1134 45 83.618
22 19 8 66.194
23 504 60 75.207
24 1062 52 6.194
25 1209 33 15.293
26 393 39 64.578
27 781 37 82.899
28 101 48 88.882
29 664 32 49.585
30 516 18 49.893
31 960 24 51.023
32 340 21 44.676
33 1340 44 25.061
34 552 9 58.509
35 1330 21 11.074
36 1226 4 85.337
37 164 16 32.644
38 109 43 54.085
39 131 33 93.913
40 1364 16 5.893
41 472 35 99.186
42 247 31 15.025
43 369 40 64.269
44 632 58 10.922
45 859 7 62.644
46 1356 46 21.792
47 1171 41 90.254
48 517 45 33.455
49 1396 20 75.408
50 874 4 17.984
51 452 23 96.606
52 1238 4 10.809
53 1008 8 9.361
54 1380 20 34.692
55 618 57 88.261
56 554 35 89.731
57 797 50 83.269
58 184 57 26.537
59 337 46 76.030
60 692 58 38.260
61 618 38 95.774
62 46 37 55.314
63 1389 14 1.242
64 1384 55 47.586
65 49 1 73.127
66 1381 6 50.315
67 891 55 19.719
68 494 31 46.690
69 467 43 18.728
70 233 1 67.564
71 1218 6 2.921
72 1292 42 15.635
73 258 27 40.245
74 569 1 3.380
75 1073 48 85.674
76 243 59 71.214
77 430 44 7.529
78 668 28 34.866
79 27 13 26.132
80 1348 17 77.501
81 668 35 90.107
82 1056 38 26.601
83 595 51 72.388
84 1111 26 96.584
85 1207 54 83.096
86 479 59 69.265
87 549 38 82.503
88 879 59 87.197
89 1322 16 66.288
90 1062 47 91.528
91 1334 50 22.537
92 52 60 86.935
93 264 40 83.081
94 621 44 65.757
95 1084 41 38.877
96 159 21 15.428
97 755 12 9.732
98 988 16 38.476
99 581 55 44.343
100 499 19 37.747