100
1 1073 52 56.432
2 593 28 38.654
3 291 4 10.103
4 171 17 8.945
5 637 42 6.212
6 505 3 69.165
7 1251 44 47.297
8 1142 18 9.974
9 490 4 58.646
10 52 42 15.981
11 331 56 19.870
12 458 2 17.644
13 70 12 30.648
14 344 27 78.065
15 358 11 73.973
16 965 3 89.631
17 1341 40 55.521
18 900 59 69.280
19 767 28 35.319
20 642 39 26.030
21 48 41 81.308
22 512 52 67.175
23 1276 10 17.295
24 1304 50 93.700
25 1301 60 47.389
26 689 49 33.359
27 1202 22 34.534
28 50 50 33.058
29 716 38 92.630
30 457 32 94.544
31 416 39 61.525
32 1059 7 31.510
33 106 14 1.659
34 308 34 57.947
35 643 6 53.757
36 519 24 86.384
37 1100 1 28.418
38 560 52 24.920
39 1404 16 31.302
40 1386 18 96.170
41 472 25 91.687
42 464 45 90.827
43 1143 35 45.020
44 2 8 89.869
45 784 21 25.929
46 1221 7 21.055
47 976 8 13.938
48 1426 5 48.025
49 150 36 2.783
50 739 14 56.325
51 285 7 74.718
52 399 47 89.796
53 482 39 17.277
54 822 28 25.990
55 373 34 24.429
56 676 4 78.051
57 188 17 38.025
58 68 54 77.900
59 1324 30 57.314
60 1323 19 95.872
61 689 35 33.591
62 903 14 27.221
63 1197 55 58.011
64 719 56 24.664
65 927 17 66.368
66 937 30 36.065
67 1203 50 4.594
68 364 55 86.484
69 682 6 84.313
70 1067 14 52.694
71 53 39 79.522
72 1433 48 68.013
73 797 31 51.852
74 792 17 50.965
75 600 9 53.635
76 1327 31 5.286
77 89 20 91.097
78 1105 38 54.129
79 81 34 21.109
80 147 19 50.869
81 839 19 92.009
82 1129 10 39.505
83 212 48 97.369
84 44 33 52.401
85 125 12 52.500
86 1060 38 34.689
87 504 31 83.988
88 34 18 49.023
89 341 34 58.357
90 1184 32 87.774
91 781 12 33.561
92 314 57 20.532
93 214 5 5.199
94 575 18 52.494
95 786 40 82.255
96 737 4 79.901
97 1140 54 18.600
98 1220 45 12.605
99 1161 32 47.300
100 82 3 37.354