100
1 388 9 63.391
2 1435 33 53.596
3 1084 44 42.080
4 589 30 30.017
5 655 28 96.233
6 75 60 72.634
7 426 46 34.028
8 1383 30 29.390
9 190 8 34.337
10 981 2 32.458
11 1029 27 54.624
12 647 17 46.883
13 368 2 82.598
14 732 28 83.170
15 686 17 2.894
16 552 13 48.301
17 451 1 44.156
18 1331 51 91.566
19 909 8 29.368
20 71 10 56.379
21 1380 12 34.586
22 305 6 9.130
23 1205 38 9.016
24 1157 53 86.087
25 230 17 50.442
26 258 27 52.037
27 503 1 88.649
28 58 57 0.176
29 454 17 45.049
30 754 23 62.012
31 252 16 0.060
32 1188 56 42.077
33 1189 18 26.585
34 876 18 88.686
35 250 34 8.346
36 829 8 42.127
37 1176 33 9.377
38 122 18 86.609
39 551 43 4.646
40 339 17 33.893
41 1026 14 34.693
42 961 38 41.830
43 852 11 48.035
44 701 30 62.809
45 1142 51 62.135
46 1247 4 56.618
47 34 45 91.242
48 204 41 51.538
49 1335 20 18.706
50 211 5 75.084
51 1363 2 99.171
52 1062 39 99.348
53 1065 48 99.197
54 414 45 25.661
55 794 43 48.096
56 743 9 54.642
57 495 7 53.180
58 1047 2 60.847
59 298 53 24.331
60 280 18 46.944
61 1322 30 64.893
62 43 41 73.298
63 431 25 37.543
64 31 12 5.447
65 30 43 10.867
66 612 38 89.299
67 1215 53 57.305
68 1240 30 11.482
69 568 52 69.031
70 547 9 68.546
71 1233 46 12.988
72 1289 53 46.094
73 593 60 29.152
74 293 48 1.315
75 751 45 96.367
76 801 17 3.321
77 235 14 20.217
78 1336 44 9.720
79 1136 52 81.146
80 1099 31 79.380
81 1035 48 80.527
82 296 43 43.664
83 465 17 42.535
84 241 38 23.064
85 674 51 45.382
86 934 10 65.067
87 800 54 66.920
88 1259 55 92.161
89 971 28 89.324
90 1217 24 77.061
91 634 58 67.419
92 983 3 70.473
93 564 23 49.399
94 958 8 13.737
95 842 17 79.076
96 1153 25 92.386
97 1430 14 17.107
98 668 1 42.045
99 194 51 27.558
100 31 7 69.519