100
1 704 37 81.980
2 272 17 85.381
3 27 2 5.132
4 1256 23 43.676
5 1024 4 94.838
6 28 50 59.890
7 351 48 82.875
8 943 46 75.454
9 689 16 21.158
10 1248 18 74.893
11 85 58 3.241
12 63 38 51.835
13 738 32 93.401
14 1164 8 75.359
15 1199 52 55.190
16 227 12 20.049
17 281 59 57.358
18 1036 30 55.468
19 1241 2 35.464
20 847 1 4.124
21 137 39 2.656
22 1073 38 52.237
23 1142 57 2.831
24 489 10 71.463
25 1330 7 77.528
26 256 20 12.218
27 684 7 63.326
28 78 20 56.198
29 934 45 63.806
30 309 3 41.629
31 827 32 74.469
32 876 49 35.963
33 1086 59 72.691
34 1329 46 54.900
35 876 15 50.235
36 370 40 36.315
37 189 34 43.653
38 205 50 11.221
39 381 35 1.612
40 1046 3 31.603
41 707 47 2.543
42 377 47 80.793
43 671 53 5.442
44 118 51 8.291
45 428 23 38.143
46 614 7 17.623
47 1305 35 30.194
48 333 7 50.987
49 91 4 82.149
50 604 25 44.006
51 1374 29 19.978
52 926 48 65.915
53 302 60 42.049
54 320 45 64.026
55 770 59 50.119
56 70 26 51.619
57 664 12 83.800
58 58 60 52.400
59 448 60 24.663
60 1093 25 32.625
61 945 20 74.007
62 1371 47 76.293
63 995 44 44.286
64 565 60 13.716
65 575 10 42.555
66 1076 10 0.990
67 454 25 54.200
68 480 22 33.789
69 1181 18 71.786
70 576 24 11.305
71 1281 20 36.590
72 1191 59 66.649
73 538 18 4.917
74 286 45 39.752
75 980 50 1.384
76 1079 11 51.424
77 194 47 34.955
78 321 49 45.109
79 533 37 65.250
80 124 53 20.568
81 1009 49 32.325
82 1148 37 99.239
83 89 9 4.769
84 490 45 94.167
85 384 17 76.549
86 698 60 48.660
87 713 41 56.010
88 86 34 60.238
89 680 39 94.565
90 112 11 36.519
91 73 35 15.749
92 681 35 72.933
93 1071 2 60.513
94 487 5 98.673
95 1144 15 98.480
96 155 28 62.085
97 1152 3 5.201
98 942 17 88.997
99 1144 34 42.707
100 1146 38 68.854