100
1 1407 44 41.264
2 410 38 99.139
3 580 52 90.616
4 411 32 88.293
5 443 35 69.288
6 1088 52 76.758
7 847 37 4.999
8 1153 20 49.519
9 794 3 81.857
10 107 17 70.387
11 88 10 12.787
12 1392 3 68.447
13 102 39 40.571
14 260 22 55.994
15 512 29 38.214
16 16 46 40.036
17 1392 42 51.295
18 885 7 36.507
19 135 45 29.684
20 499 54 40.473
21 1163 30 59.206
22 535 53 90.287
23 503 36 75.276
24 387 39 58.395
25 424 27 85.260
26 1012 38 96.640
27 566 17 19.916
28 438 60 73.773
29 519 49 23.783
30 509 33 1.631
31 1155 45 68.706
32 847 25 84.935
33 1418 16 14.620
34 87 49 51.503
35 202 60 19.920
36 518 31 83.506
37 323 41 71.638
38 699 13 50.089
39 649 49 28.433
40 996 31 76.875
41 1173 39 50.728
42 220 34 88.811
43 310 2 31.265
44 363 58 91.189
45 707 59 93.587
46 602 55 35.343
47 549 49 64.028
48 731 38 33.850
49 822 43 77.487
50 120 10 66.708
51 475 19 98.897
52 687 25 42.594
53 801 27 83.505
54 1187 37 9.978
55 983 14 5.005
56 385 35 62.673
57 1137 14 13.618
58 6 56 22.750
59 446 6 72.737
60 1356 24 98.352
61 1117 48 53.944
62 1391 54 22.978
63 863 5 96.500
64 801 30 60.628
65 89 32 59.134
66 1001 1 59.948
67 1328 4 31.566
68 522 36 74.130
69 825 35 3.346
70 605 6 46.282
71 810 14 20.646
72 71 47 60.530
73 1102 49 88.956
74 644 60 18.453
75 1394 34 38.828
76 927 33 98.603
77 810 17 73.760
78 452 14 9.955
79 564 36 32.100
80 636 18 66.341
81 171 25 86.265
82 564 27 34.987
83 694 21 35.716
84 107 60 90.728
85 370 51 8.073
86 1148 60 48.106
87 988 26 1.060
88 1210 23 35.008
89 684 21 90.140
90 1276 24 60.808
91 742 9 17.154
92 682 37 60.671
93 369 56 91.435
94 1384 22 47.046
95 1149 55 93.604
96 718 34 27.358
97 971 36 16.332
98 201 5 27.071
99 34 20 85.747
100 585 12 52.379