100
1 869 20 57.518
2 857 6 56.604
3 975 32 8.899
4 753 45 14.170
5 351 34 51.237
6 1147 39 12.537
7 991 40 73.282
8 939 26 13.751
9 755 11 70.958
10 1423 48 19.376
11 890 41 87.923
12 646 58 83.556
13 984 25 16.002
14 847 17 90.581
15 1298 20 64.681
16 383 16 64.939
17 876 52 16.623
18 179 5 80.047
19 945 52 84.083
20 542 24 51.925
21 72 8 71.089
22 1224 19 8.345
23 46 40 34.226
24 323 32 63.260
25 1021 49 79.177
26 731 24 87.455
27 418 60 41.692
28 104 49 48.214
29 1177 4 65.019
30 591 43 56.857
31 120 22 88.748
32 1282 8 23.358
33 860 39 89.548
34 1300 14 74.513
35 615 22 17.665
36 359 14 13.861
37 929 7 4.876
38 1243 11 1.022
39 1187 9 76.123
40 1035 59 98.471
41 895 26 52.344
42 278 28 19.025
43 1232 4 80.840
44 677 58 65.727
45 1189 6 59.107
46 660 36 97.673
47 35 1 75.828
48 1337 16 63.617
49 123 41 41.646
50 603 46 5.456
51 333 11 74.670
52 110 13 62.656
53 1369 50 62.420
54 10 56 6.668
55 297 48 65.159
56 582 29 97.574
57 67 15 41.987
58 1066 39 63.554
59 183 22 45.966
60 1329 46 50.176
61 590 34 7.518
62 717 13 70.977
63 1225 27 65.528
64 519 18 23.715
65 799 22 50.536
66 478 6 97.314
67 513 23 89.358
68 1128 51 22.512
69 955 56 78.626
70 564 59 40.505
71 836 44 78.280
72 254 18 85.152
73 1005 23 85.334
74 686 19 19.343
75 349 27 94.391
76 255 38 97.572
77 633 1 26.806
78 310 36 82.631
79 1129 41 81.215
80 1150 60 40.653
81 1210 53 64.568
82 513 16 96.630
83 1391 12 48.253
84 865 13 6.347
85 348 53 30.990
86 129 44 18.019
87 167 52 15.537
88 1157 55 4.826
89 1147 58 98.866
90 523 36 66.010
91 1198 44 58.926
92 897 16 73.193
93 1209 32 84.986
94 1256 17 82.214
95 1415 12 47.674
96 750 38 91.910
97 649 25 17.877
98 1141 16 46.590
99 944 23 93.964
100 387 16 4.916