100
1 1367 58 2.323
2 159 4 52.239
3 668 15 22.876
4 525 51 37.237
5 922 43 7.875
6 694 27 31.847
7 620 40 96.206
8 244 1 18.429
9 1195 50 6.840
10 1218 26 20.426
11 538 41 25.094
12 817 15 4.434
13 11 46 60.897
14 1270 58 47.627
15 1045 29 76.779
16 629 54 8.534
17 734 9 5.003
18 894 27 94.547
19 1415 7 0.090
20 1262 26 58.649
21 475 46 4.439
22 425 32 75.459
23 1342 3 51.875
24 1142 32 66.993
25 1254 13 99.122
26 605 54 98.541
27 1097 46 90.950
28 1274 9 43.943
29 494 26 62.306
30 1036 18 33.844
31 128 20 86.554
32 406 15 50.514
33 545 43 26.038
34 2 24 31.304
35 323 28 30.757
36 759 28 40.107
37 372 45 0.901
38 1081 56 23.803
39 620 5 38.644
40 1351 39 46.428
41 894 13 81.465
42 504 41 37.413
43 1036 11 8.784
44 828 2 78.389
45 24 18 21.481
46 893 24 76.013
47 324 25 42.225
48 561 52 63.670
49 1320 11 54.449
50 90 30 51.600
51 772 19 58.326
52 570 25 14.169
53 659 42 44.661
54 1050 55 11.625
55 1262 59 12.124
56 1320 46 25.717
57 1068 29 4.134
58 308 58 5.677
59 243 59 20.077
60 1073 36 77.863
61 1432 30 61.697
62 13 1 69.327
63 1299 52 86.549
64 579 14 66.784
65 132 42 98.654
66 788 1 14.714
67 500 36 81.826
68 92 38 83.857
69 1302 30 78.340
70 1036 54 42.705
71 13 48 20.316
72 141 30 5.701
73 302 17 70.905
74 1377 26 9.913
75 706 22 51.735
76 1251 53 87.304
77 772 17 98.328
78 23 17 51.835
79 1160 35 51.974
80 611 30 47.282
81 1365 21 43.071
82 1393 34 63.650
83 997 21 72.043
84 170 42 67.486
85 1243 50 55.146
86 1356 13 39.856
87 331 29 97.765
88 1395 35 35.254
89 1031 5 79.777
90 610 21 74.237
91 780 12 94.860
92 1384 58 66.435
93 153 41 80.974
94 181 17 48.757
95 145 12 98.352
96 1393 47 84.587
97 637 44 21.629
98 781 30 5.857
99 679 7 9.324
100 108 36 52.128