100
1 513 21 62.599
2 871 37 65.928
3 102 11 88.063
4 97 56 23.300
5 983 2 29.470
6 1048 21 67.212
7 73 58 21.822
8 730 41 45.127
9 989 18 9.099
10 456 23 86.047
11 838 42 24.632
12 576 54 19.767
13 524 41 5.320
14 11 18 26.205
15 759 36 72.601
16 1333 46 61.560
17 943 11 67.568
18 1174 35 78.643
19 130 60 88.667
20 101 50 2.996
21 547 47 94.550
22 488 19 8.334
23 1119 7 62.823
24 1162 19 74.064
25 1242 22 29.116
26 755 16 92.167
27 601 1 78.453
28 930 17 17.277
29 518 24 28.982
30 426 6 11.236
31 13 33 4.770
32 1250 27 18.637
33 1100 46 65.981
34 1386 32 43.646
35 132 54 67.205
36 1326 40 98.013
37 286 9 77.336
38 184 3 81.361
39 691 52 69.481
40 115 22 5.601
41 1247 34 89.974
42 1018 55 76.088
43 627 18 75.998
44 309 36 69.544
45 1148 52 89.531
46 406 29 6.444
47 536 30 54.343
48 513 25 73.443
49 615 44 86.276
50 1205 17 24.118
51 166 13 21.770
52 1412 25 6.825
53 1091 2 45.694
54 49 6 97.849
55 1291 28 56.729
56 978 55 67.366
57 1118 5 68.309
58 233 55 21.991
59 438 39 35.289
60 341 44 66.178
61 552 25 61.216
62 1358 55 96.185
63 1224 28 66.578
64 720 29 99.479
65 1329 20 44.005
66 1107 5 63.832
67 1008 13 76.117
68 794 1 27.313
69 440 29 14.660
70 133 51 69.334
71 1185 53 29.927
72 925 45 68.429
73 1112 24 61.854
74 63 55 56.730
75 451 7 59.510
76 500 48 15.698
77 718 51 8.999
78 1405 35 11.144
79 566 30 40.360
80 577 50 87.241
81 90 54 96.164
82 643 51 63.884
83 277 29 70.705
84 788 21 78.864
85 940 1 31.234
86 1267 41 14.453
87 103 4 78.554
88 508 24 5.911
89 573 16 75.367
90 518 46 87.279
91 1324 60 5.724
92 72 29 61.671
93 551 23 88.820
94 1008 33 92.510
95 682 58 48.866
96 601 4 93.091
97 234 5 58.551
98 1237 58 72.692
99 787 15 99.487
100 1135 1 97.000