100
1 1188 24 33.227
2 1142 14 54.651
3 13 22 98.693
4 1022 4 70.641
5 1235 18 51.078
6 696 42 73.328
7 322 9 39.509
8 1074 40 63.001
9 631 41 73.021
10 1195 50 6.653
11 932 33 41.697
12 1099 53 11.891
13 1209 18 4.226
14 1386 16 51.610
15 515 55 95.858
16 28 15 10.857
17 878 3 60.375
18 1363 57 48.867
19 396 28 22.570
20 273 44 91.126
21 244 5 54.274
22 85 17 47.457
23 286 18 17.947
24 877 25 33.147
25 108 17 4.275
26 630 31 95.154
27 298 26 59.904
28 230 31 2.185
29 221 23 90.224
30 724 14 54.399
31 156 19 97.015
32 1304 47 57.370
33 1198 30 10.076
34 920 34 74.339
35 346 54 99.423
36 764 44 73.991
37 382 13 55.337
38 538 36 76.710
39 12 56 95.680
40 166 25 40.959
41 759 5 10.027
42 667 14 68.115
43 1397 9 47.300
44 555 50 79.068
45 793 34 2.042
46 836 60 46.175
47 4 10 77.057
48 583 24 71.745
49 407 46 13.626
50 943 39 31.665
51 1199 36 52.105
52 486 53 1.470
53 59 32 22.622
54 1373 10 22.902
55 33 8 9.447
56 579 25 44.720
57 512 55 19.410
58 797 29 60.574
59 167 15 60.301
60 980 35 96.787
61 446 6 20.114
62 1407 7 6.769
63 88 22 99.703
64 90 34 56.236
65 704 13 31.445
66 313 25 0.913
67 577 15 45.311
68 795 32 60.961
69 1031 22 18.388
70 1393 45 41.298
71 482 40 87.110
72 1426 23 59.901
73 704 27 98.918
74 638 60 47.336
75 348 56 50.971
76 490 34 38.141
77 872 30 7.916
78 19 7 55.338
79 821 11 58.194
80 972 33 19.197
81 1108 59 20.857
82 494 53 38.634
83 1292 11 62.132
84 408 22 37.156
85 564 20 4.741
86 337 28 17.144
87 703 30 4.074
88 31 15 86.658
89 1286 38 83.289
90 1131 32 76.404
91 1358 23 26.108
92 143 57 13.514
93 604 25 17.651
94 559 3 41.465
95 938 11 35.915
96 1151 10 76.287
97 741 10 54.926
98 199 33 73.622
99 773 27 95.827
100 674 19 4.536