100
1 1078 19 55.914
2 470 28 67.456
3 710 14 44.830
4 252 18 87.208
5 1212 18 67.775
6 494 57 0.437
7 387 27 15.041
8 1078 60 13.778
9 1304 57 66.570
10 68 39 92.500
11 454 25 85.032
12 266 51 25.970
13 1120 15 62.300
14 14 8 10.070
15 540 39 8.610
16 694 55 66.917
17 935 13 41.477
18 553 23 43.144
19 1429 22 47.526
20 324 36 54.965
21 1424 45 45.360
22 399 9 15.383
23 602 2 60.893
24 883 2 30.061
25 845 8 11.107
26 784 28 22.859
27 39 51 5.131
28 181 4 29.325
29 364 59 86.577
30 100 49 59.554
31 725 41 51.100
32 1375 1 49.738
33 1127 50 91.271
34 1114 23 29.997
35 477 12 97.405
36 1139 16 34.615
37 1118 12 21.821
38 1291 19 12.804
39 539 52 66.859
40 441 36 78.573
41 30 49 0.348
42 764 53 59.259
43 156 5 87.088
44 1309 25 15.202
45 990 36 24.043
46 813 50 3.606
47 962 25 11.118
48 177 12 67.406
49 1174 39 53.742
50 587 33 35.198
51 428 55 93.572
52 780 42 14.274
53 1285 51 67.618
54 1255 59 94.220
55 705 42 35.614
56 766 13 27.026
57 734 8 6.753
58 567 4 59.002
59 1103 32 52.852
60 1071 37 79.827
61 16 10 25.586
62 98 50 28.438
63 1329 55 55.823
64 189 37 31.513
65 861 5 19.329
66 255 6 67.594
67 298 34 5.067
68 1316 4 25.036
69 571 44 7.974
70 861 56 79.408
71 1070 20 92.600
72 645 46 97.489
73 1180 42 68.299
74 245 33 94.116
75 717 39 48.013
76 137 6 73.019
77 479 16 90.554
78 1395 54 88.973
79 751 38 84.876
80 576 13 80.479
81 1306 15 44.993
82 1260 58 1.670
83 937 1 4.559
84 514 39 23.390
85 660 3 1.868
86 1084 42 54.680
87 734 18 48.375
88 521 47 59.490
89 774 51 9.006
90 501 12 15.665
91 545 15 43.010
92 1300 55 59.983
93 244 58 0.343
94 602 18 93.665
95 1384 19 15.436
96 597 33 45.130
97 750 41 41.009
98 104 3 2.667
99 125 32 17.303
100 1294 57 60.623