100
1 1309 31 53.481
2 292 1 69.414
3 815 8 54.207
4 585 5 49.722
5 113 24 48.803
6 40 30 85.349
7 1005 43 58.863
8 962 16 27.072
9 1421 56 43.958
10 516 55 41.446
11 665 31 4.749
12 707 11 20.026
13 114 20 63.605
14 1193 43 32.985
15 848 40 71.201
16 1037 53 55.520
17 618 38 92.622
18 132 29 49.081
19 1021 11 61.720
20 200 29 18.033
21 1359 16 48.880
22 66 24 81.739
23 764 32 59.658
24 63 47 11.358
25 882 44 33.616
26 1063 21 39.637
27 847 15 60.899
28 1246 35 34.480
29 380 56 11.721
30 428 58 24.296
31 1240 55 12.706
32 978 54 67.143
33 342 36 73.925
34 113 30 60.085
35 787 33 56.125
36 635 50 61.379
37 233 1 23.727
38 600 29 4.926
39 302 30 95.097
40 1145 34 87.544
41 1138 33 65.325
42 336 14 91.521
43 1292 33 80.050
44 185 49 15.282
45 1355 8 99.465
46 488 33 99.239
47 1139 25 92.087
48 1111 51 23.262
49 467 20 53.826
50 1010 47 6.657
51 282 19 49.537
52 679 16 52.365
53 873 20 69.076
54 226 39 39.404
55 62 31 85.144
56 304 26 19.615
57 848 16 79.053
58 884 20 66.825
59 901 55 65.677
60 974 9 51.261
61 1254 28 44.162
62 1048 6 66.422
63 1320 55 50.615
64 775 27 2.296
65 110 24 50.492
66 1277 31 71.445
67 372 7 48.146
68 1011 43 83.121
69 1193 7 88.790
70 824 60 49.546
71 886 25 77.404
72 6 8 26.215
73 936 28 28.334
74 1164 8 34.724
75 114 19 81.984
76 1149 39 92.142
77 1293 25 15.646
78 1353 26 54.600
79 1143 53 2.302
80 1136 14 40.958
81 41 5 3.215
82 72 13 21.449
83 1140 13 19.310
84 1026 12 91.843
85 193 24 51.035
86 1026 6 81.615
87 358 56 17.616
88 361 17 76.191
89 189 49 62.338
90 1111 21 10.740
91 568 20 50.705
92 741 32 54.234
93 914 45 97.984
94 969 22 7.346
95 397 44 57.170
96 1413 14 63.536
97 845 23 22.626
98 58 57 38.303
99 640 13 65.972
100 727 31 7.252