100
1 710 36 43.315
2 580 57 50.323
3 642 29 31.647
4 304 51 16.599
5 880 5 98.943
6 1285 18 4.804
7 972 14 74.054
8 1440 57 42.342
9 1008 37 70.927
10 1157 41 91.445
11 1164 15 69.054
12 1169 19 36.113
13 917 7 94.597
14 158 56 18.774
15 737 23 51.092
16 591 34 47.251
17 497 27 79.119
18 430 52 9.828
19 1091 27 51.312
20 794 32 49.268
21 825 13 86.643
22 252 37 49.341
23 236 20 73.255
24 1154 45 26.295
25 75 36 66.327
26 540 53 84.484
27 1058 52 13.927
28 113 50 2.077
29 1224 32 8.780
30 337 57 98.358
31 508 46 88.115
32 672 28 0.233
33 1251 13 27.787
34 1262 21 36.816
35 591 2 86.440
36 642 60 23.371
37 127 7 7.263
38 594 34 92.502
39 489 32 59.520
40 1349 21 78.242
41 712 56 1.628
42 777 38 36.668
43 947 49 8.192
44 21 35 46.240
45 654 30 87.695
46 363 39 67.945
47 1126 58 77.371
48 762 15 85.400
49 68 12 38.909
50 1236 57 52.467
51 431 26 82.021
52 622 19 75.011
53 628 60 20.553
54 1328 10 84.198
55 772 25 10.533
56 547 29 84.579
57 579 37 20.562
58 723 9 75.883
59 18 54 53.943
60 609 43 0.683
61 895 34 84.570
62 1222 55 68.242
63 649 16 4.400
64 815 38 19.505
65 343 29 40.136
66 1329 35 33.403
67 1003 17 19.984
68 861 28 74.535
69 373 1 87.006
70 903 55 79.012
71 510 11 0.286
72 42 45 77.897
73 1104 52 75.008
74 1100 11 96.764
75 495 34 90.696
76 802 27 37.142
77 548 13 50.912
78 879 8 82.978
79 585 6 36.404
80 410 23 9.957
81 1275 46 83.960
82 154 15 45.129
83 496 11 72.567
84 465 19 77.727
85 209 36 50.177
86 118 42 98.075
87 1345 37 53.102
88 501 51 2.588
89 55 48 70.819
90 1120 56 14.380
91 591 40 58.880
92 1000 44 94.101
93 1251 42 99.637
94 1371 5 30.709
95 665 50 98.189
96 76 58 56.319
97 1148 36 83.988
98 953 44 47.404
99 1246 17 47.439
100 199 59 13.453