100
1 642 49 65.945
2 795 30 68.063
3 1186 31 17.979
4 1284 49 72.436
5 1378 27 46.266
6 990 56 48.137
7 1221 2 53.242
8 362 58 93.695
9 1276 51 80.259
10 641 11 33.852
11 352 57 96.146
12 30 29 33.332
13 105 32 72.679
14 569 27 61.325
15 537 25 39.168
16 909 49 50.089
17 611 39 53.768
18 182 44 92.406
19 90 28 69.961
20 432 31 90.242
21 1330 49 25.307
22 809 38 88.942
23 676 11 15.260
24 979 31 53.858
25 1098 26 11.490
26 1418 56 98.896
27 590 23 71.830
28 1433 5 97.463
29 1015 17 77.075
30 45 33 74.767
31 715 22 35.195
32 1037 15 98.180
33 634 55 47.787
34 293 48 84.298
35 406 40 21.156
36 412 8 1.197
37 564 16 40.063
38 1409 46 47.126
39 718 4 18.779
40 509 15 80.814
41 488 45 30.783
42 838 20 9.570
43 1181 22 47.212
44 19 53 34.901
45 980 24 15.100
46 727 56 17.562
47 235 60 73.080
48 700 57 4.382
49 1424 7 87.870
50 368 46 60.443
51 803 30 88.337
52 255 25 27.247
53 1285 17 85.610
54 1176 25 42.900
55 442 28 46.943
56 516 32 32.180
57 1193 44 9.590
58 299 24 39.974
59 206 51 55.103
60 1012 35 40.739
61 1289 47 21.136
62 920 29 23.892
63 1101 50 77.936
64 697 16 35.598
65 875 39 41.487
66 381 29 35.695
67 1038 14 65.598
68 1285 15 58.369
69 1163 12 72.225
70 1216 3 21.554
71 597 21 85.953
72 1214 1 12.116
73 492 55 75.519
74 492 10 11.349
75 1356 24 48.230
76 892 52 63.344
77 539 24 88.435
78 1404 27 95.527
79 1433 7 65.732
80 1215 21 52.296
81 276 15 7.526
82 83 56 49.155
83 365 30 35.195
84 164 24 99.084
85 490 57 28.906
86 83 22 93.222
87 614 45 99.468
88 579 45 40.784
89 678 22 64.433
90 1314 52 59.089
91 343 33 38.792
92 430 26 16.078
93 677 37 91.419
94 1124 32 19.078
95 124 22 0.009
96 519 38 35.720
97 1432 59 77.139
98 250 44 97.506
99 1171 20 84.445
100 1290 42 94.096