100
1 869 50 62.776
2 463 50 50.125
3 394 8 55.326
4 661 37 90.953
5 412 7 54.755
6 394 34 91.320
7 1352 53 87.281
8 3 7 84.604
9 914 54 9.105
10 330 36 72.447
11 486 43 96.504
12 932 57 51.284
13 317 3 73.544
14 146 2 16.948
15 1321 55 70.124
16 51 5 97.151
17 934 30 26.877
18 56 60 67.172
19 887 4 40.788
20 1422 27 14.610
21 879 60 5.935
22 1323 7 50.313
23 224 54 33.820
24 702 12 89.628
25 700 29 82.694
26 66 2 89.544
27 134 2 49.655
28 1370 7 44.472
29 1200 3 80.623
30 109 38 23.668
31 431 6 37.638
32 242 38 76.047
33 486 22 68.343
34 481 17 32.405
35 1009 25 10.414
36 1082 43 99.271
37 175 14 4.208
38 1437 41 24.953
39 1060 29 69.725
40 990 29 96.399
41 444 7 15.836
42 133 32 96.174
43 321 37 60.626
44 785 60 82.485
45 729 28 77.489
46 74 9 6.120
47 1000 40 83.393
48 719 59 13.525
49 354 39 98.754
50 1385 48 68.927
51 485 26 61.761
52 717 29 99.198
53 856 22 31.197
54 721 28 90.383
55 234 9 68.342
56 828 7 24.719
57 1028 50 36.182
58 797 52 71.522
59 557 19 16.422
60 111 16 20.240
61 1169 58 92.817
62 446 5 97.966
63 82 39 28.242
64 1119 36 72.524
65 530 38 99.963
66 97 4 12.649
67 1368 11 16.170
68 209 42 68.897
69 330 8 34.823
70 647 20 83.602
71 676 59 67.688
72 1383 60 91.271
73 885 34 34.564
74 372 35 23.988
75 1434 31 63.055
76 589 28 42.439
77 1392 48 11.505
78 35 30 79.596
79 1396 60 90.722
80 899 27 26.485
81 898 36 71.116
82 478 7 3.501
83 1214 16 99.740
84 208 21 87.754
85 760 14 83.322
86 1152 9 83.985
87 358 14 29.886
88 330 36 51.576
89 958 17 60.538
90 1044 32 69.665
91 284 33 7.250
92 170 28 46.497
93 939 40 40.813
94 379 33 55.421
95 61 3 83.996
96 737 48 84.387
97 441 18 26.332
98 1424 52 19.969
99 77 44 65.698
100 1210 9 75.561