100
1 805 10 54.543
2 565 5 52.221
3 429 22 88.305
4 1144 58 25.164
5 146 18 80.151
6 1068 58 29.799
7 4 23 26.995
8 522 53 75.220
9 1362 26 29.146
10 343 31 90.887
11 589 57 35.525
12 1205 20 50.566
13 247 57 16.580
14 241 41 25.205
15 145 19 98.482
16 1190 11 79.249
17 1290 17 21.683
18 1188 52 12.655
19 1109 59 37.070
20 1035 2 24.825
21 1327 52 30.536
22 689 37 44.207
23 1143 5 40.127
24 616 16 65.094
25 635 10 30.952
26 975 20 57.064
27 530 33 75.263
28 275 58 14.163
29 1133 22 95.922
30 215 14 86.220
31 1211 17 5.937
32 865 28 39.025
33 211 30 4.463
34 1285 4 78.207
35 326 3 47.302
36 1120 55 24.845
37 773 7 97.285
38 875 46 40.041
39 984 28 71.352
40 1116 44 1.886
41 263 47 0.302
42 858 44 23.286
43 334 26 83.157
44 450 51 98.836
45 1147 51 88.826
46 485 38 57.353
47 840 6 87.682
48 456 52 10.813
49 663 15 42.266
50 1000 47 44.181
51 294 32 40.678
52 648 36 90.416
53 1135 60 49.194
54 1392 51 89.625
55 824 17 43.258
56 182 11 86.036
57 1367 26 41.166
58 804 53 78.977
59 872 20 73.373
60 365 32 79.827
61 1082 3 95.273
62 173 47 10.781
63 474 3 10.155
64 1266 19 87.469
65 1123 5 83.956
66 10 4 73.891
67 221 47 41.668
68 951 26 88.272
69 422 57 33.853
70 591 50 56.077
71 1043 1 61.790
72 278 47 58.337
73 414 38 6.542
74 497 21 7.909
75 254 53 63.962
76 290 54 61.534
77 44 54 66.024
78 1257 34 84.086
79 1330 28 13.053
80 1254 31 47.463
81 985 18 66.957
82 1428 32 21.623
83 460 49 96.253
84 1213 6 79.475
85 526 50 27.423
86 524 20 75.384
87 190 39 67.663
88 1271 20 0.808
89 1089 30 46.396
90 676 55 46.871
91 1064 58 21.137
92 609 53 43.338
93 1374 16 76.035
94 596 32 14.740
95 373 6 3.605
96 1197 41 98.108
97 550 60 93.975
98 492 31 54.659
99 331 23 72.910
100 1043 22 1.296