100
1 823 13 77.882
2 591 2 71.616
3 736 40 52.636
4 323 39 35.134
5 161 6 88.740
6 132 52 87.310
7 350 34 88.740
8 693 45 21.174
9 689 42 24.788
10 748 41 80.771
11 194 33 31.166
12 1146 18 29.656
13 341 47 59.682
14 1032 8 95.483
15 1278 26 41.426
16 152 6 80.172
17 862 30 73.543
18 1435 11 0.021
19 313 53 70.443
20 426 41 60.996
21 617 15 71.904
22 944 33 8.171
23 979 12 75.960
24 1331 55 62.096
25 1065 25 63.946
26 762 10 20.456
27 508 18 56.141
28 761 14 23.304
29 1319 47 39.328
30 16 12 99.580
31 935 15 99.186
32 221 38 88.663
33 1063 51 5.452
34 1309 5 17.725
35 862 13 38.617
36 1335 4 67.114
37 652 59 19.088
38 1295 55 72.726
39 175 24 43.773
40 798 60 90.112
41 906 43 47.182
42 596 45 24.647
43 1179 34 47.637
44 759 4 35.863
45 102 34 60.410
46 1108 33 19.430
47 801 57 19.093
48 772 7 87.966
49 1066 48 91.685
50 1069 53 27.478
51 831 39 1.918
52 445 40 74.904
53 1226 52 88.807
54 1302 22 30.509
55 105 56 40.243
56 1394 49 28.106
57 960 27 84.358
58 414 14 28.135
59 680 21 10.297
60 748 21 83.365
61 568 50 96.940
62 231 37 12.511
63 1413 50 48.688
64 646 4 61.836
65 710 38 73.798
66 1196 25 28.162
67 300 51 0.665
68 64 32 79.725
69 1418 38 75.488
70 542 45 62.239
71 777 18 32.615
72 624 28 97.702
73 696 22 70.925
74 325 15 44.912
75 1141 49 30.754
76 505 45 70.839
77 1134 22 18.467
78 976 56 36.331
79 521 7 81.060
80 144 7 13.440
81 638 34 31.479
82 468 43 28.464
83 108 37 90.505
84 851 5 64.216
85 372 1 2.076
86 351 43 44.166
87 700 40 26.276
88 1180 58 87.494
89 1032 57 37.797
90 1370 59 61.574
91 1050 13 30.543
92 446 53 39.512
93 110 5 39.660
94 979 7 16.657
95 1414 38 8.917
96 210 40 42.624
97 1092 28 9.417
98 512 38 44.479
99 312 28 61.740
100 1417 24 84.306