100
1 885 56 96.690
2 776 2 78.343
3 95 37 87.720
4 1290 38 33.936
5 1347 46 33.338
6 1372 60 46.071
7 857 19 19.415
8 273 19 40.482
9 567 51 9.566
10 309 15 49.054
11 386 60 29.596
12 461 42 92.109
13 673 45 92.613
14 1015 13 99.192
15 207 44 81.486
16 1233 54 92.741
17 462 47 94.214
18 1268 43 88.290
19 1269 17 79.890
20 314 40 37.686
21 616 14 15.807
22 1233 28 13.276
23 1276 21 15.388
24 487 60 27.287
25 948 19 61.817
26 1098 1 16.751
27 267 29 63.176
28 168 52 82.257
29 1247 30 84.868
30 49 15 2.010
31 887 37 86.111
32 4 43 70.395
33 365 43 45.359
34 506 17 23.459
35 630 37 55.393
36 1385 59 40.406
37 1096 38 77.013
38 466 19 77.882
39 1055 49 5.753
40 611 60 21.492
41 1161 55 5.767
42 189 41 67.743
43 1259 17 60.460
44 201 23 64.344
45 118 13 7.131
46 438 52 76.816
47 179 14 92.701
48 591 57 18.800
49 814 38 38.146
50 528 43 87.626
51 1184 30 7.157
52 62 60 88.228
53 319 34 43.396
54 265 59 24.029
55 1169 1 3.097
56 1202 55 45.745
57 1328 47 64.837
58 859 34 78.006
59 256 1 17.660
60 713 8 84.297
61 1181 53 37.628
62 1163 55 17.054
63 421 15 22.065
64 714 13 1.336
65 234 34 52.812
66 1064 37 43.540
67 1274 30 92.661
68 142 56 72.429
69 876 45 62.375
70 105 32 17.353
71 993 4 30.802
72 1071 8 57.275
73 1296 14 20.163
74 374 15 82.912
75 1415 17 37.660
76 684 51 87.051
77 745 36 81.434
78 41 2 22.427
79 531 37 79.041
80 602 6 41.124
81 149 34 86.701
82 1300 36 85.829
83 782 59 37.087
84 713 11 27.725
85 997 26 48.639
86 371 50 81.724
87 557 27 16.077
88 737 33 49.013
89 987 31 19.481
90 556 41 40.338
91 1040 16 70.409
92 1347 22 69.873
93 1054 33 46.051
94 1286 59 0.035
95 147 35 13.386
96 635 4 77.555
97 1213 24 66.086
98 1388 26 77.256
99 746 48 47.481
100 853 19 67.436