100
1 1425 31 53.174
2 837 52 59.926
3 198 19 44.372
4 814 41 47.299
5 223 30 64.712
6 1340 38 10.654
7 213 49 86.321
8 1299 44 9.724
9 896 30 39.607
10 925 27 32.901
11 429 30 70.333
12 348 11 30.318
13 700 51 35.619
14 1152 15 69.134
15 1381 4 94.773
16 239 26 46.083
17 1236 56 57.555
18 961 30 57.576
19 75 52 52.753
20 225 27 97.862
21 538 22 45.050
22 980 50 72.450
23 1094 28 4.503
24 717 34 88.353
25 527 35 51.124
26 1254 15 88.362
27 691 21 68.336
28 295 44 16.593
29 881 1 52.830
30 1301 18 63.977
31 1380 30 58.814
32 648 39 43.149
33 194 52 6.783
34 577 60 93.848
35 1031 24 31.622
36 1026 28 85.158
37 73 26 26.524
38 344 42 27.305
39 446 43 30.188
40 786 47 11.354
41 1036 29 88.494
42 1260 53 93.648
43 578 45 4.110
44 23 60 22.179
45 711 24 10.959
46 737 50 0.730
47 1181 26 25.092
48 696 27 22.869
49 708 44 91.553
50 868 49 78.289
51 186 8 54.597
52 148 57 0.632
53 468 38 46.247
54 883 50 89.004
55 161 58 38.052
56 1259 25 10.990
57 746 5 59.600
58 1132 57 15.613
59 619 7 40.061
60 268 23 66.091
61 589 6 29.574
62 204 28 64.194
63 1439 33 95.977
64 538 23 99.514
65 774 58 15.528
66 1048 28 75.495
67 242 41 21.279
68 375 44 32.476
69 662 9 98.348
70 1184 18 47.411
71 840 43 99.319
72 1232 51 12.517
73 1090 38 46.193
74 1432 52 14.371
75 847 3 18.026
76 394 13 81.753
77 1228 41 50.063
78 335 20 7.767
79 892 4 47.511
80 1359 21 11.558
81 1374 11 45.495
82 1134 40 38.967
83 621 43 64.888
84 1112 29 47.614
85 401 20 0.681
86 17 60 78.385
87 1102 5 72.323
88 1418 22 12.706
89 741 18 1.213
90 748 16 87.849
91 620 38 86.951
92 157 3 42.755
93 1119 41 39.573
94 747 35 86.616
95 1422 17 43.495
96 136 1 93.487
97 380 32 37.913
98 53 37 94.628
99 393 1 30.201
100 980 14 72.606