100
1 696 9 99.126
2 108 17 52.064
3 673 44 90.888
4 541 39 68.545
5 465 21 96.773
6 459 48 78.983
7 1170 60 92.488
8 387 51 2.641
9 964 54 69.766
10 280 49 93.774
11 451 58 41.967
12 602 53 80.464
13 1250 31 88.808
14 779 44 86.345
15 826 28 51.818
16 293 32 21.144
17 189 56 67.122
18 1234 55 82.202
19 640 28 29.934
20 1311 44 75.109
21 1318 11 18.279
22 1355 15 12.926
23 1091 28 16.783
24 760 36 53.551
25 653 25 43.317
26 839 45 46.955
27 1359 24 11.121
28 656 34 53.168
29 881 23 55.471
30 300 9 96.735
31 1279 32 89.610
32 124 33 88.710
33 864 13 69.029
34 1022 27 25.047
35 965 29 17.453
36 66 28 78.532
37 102 50 99.261
38 1392 19 39.962
39 779 37 7.755
40 1269 20 13.489
41 344 8 44.981
42 234 54 42.534
43 1005 35 20.433
44 844 46 72.976
45 223 22 93.680
46 217 11 57.748
47 636 9 7.132
48 1385 29 95.255
49 210 51 13.280
50 619 9 60.076
51 799 39 83.659
52 272 5 75.196
53 257 39 85.659
54 308 12 6.756
55 1116 1 37.397
56 735 2 31.211
57 695 13 38.658
58 642 30 7.696
59 50 38 78.268
60 1113 23 34.145
61 236 43 33.546
62 1257 19 97.505
63 1143 60 66.787
64 311 56 88.651
65 955 49 42.085
66 318 12 8.149
67 1172 53 82.216
68 1111 49 79.006
69 981 24 14.769
70 671 47 83.769
71 797 10 80.345
72 796 44 81.979
73 1217 50 83.145
74 619 55 71.848
75 99 4 81.765
76 231 13 34.395
77 1138 25 47.968
78 1247 44 99.365
79 1057 60 45.867
80 1105 51 85.044
81 295 52 80.851
82 982 19 84.180
83 824 28 1.049
84 193 16 99.161
85 125 40 25.238
86 352 17 57.593
87 1336 17 62.066
88 438 4 12.423
89 91 14 87.933
90 961 58 62.141
91 653 46 0.957
92 488 17 33.014
93 421 13 88.969
94 1142 43 74.345
95 1048 24 11.844
96 129 15 39.827
97 1357 58 76.820
98 731 26 0.426
99 1009 56 29.231
100 863 47 36.235