100
1 82 24 88.743
2 1176 40 19.271
3 387 57 46.282
4 287 41 0.495
5 630 46 53.953
6 1081 11 67.418
7 337 31 20.843
8 1029 30 50.637
9 813 58 0.805
10 1184 48 87.099
11 192 33 76.694
12 741 29 82.232
13 100 32 77.248
14 932 17 20.980
15 266 28 93.182
16 1229 15 48.650
17 639 55 83.390
18 1039 33 66.475
19 451 20 6.884
20 180 59 52.676
21 925 45 34.364
22 1087 5 91.928
23 738 50 98.742
24 574 14 71.525
25 1218 31 52.414
26 111 26 75.245
27 627 42 20.434
28 933 20 31.741
29 1436 7 38.399
30 1142 40 73.231
31 1171 49 25.243
32 1399 41 41.896
33 1005 34 70.403
34 1344 29 1.755
35 603 39 46.191
36 763 41 57.135
37 332 38 73.860
38 167 59 15.232
39 1109 59 12.366
40 129 33 64.381
41 562 5 99.091
42 652 24 79.051
43 1050 29 51.637
44 1128 6 80.139
45 99 9 48.835
46 829 46 17.084
47 1098 39 97.073
48 537 22 93.141
49 1425 39 61.094
50 544 23 3.793
51 262 43 7.624
52 482 10 95.993
53 1394 34 43.506
54 1092 37 98.037
55 442 36 90.669
56 413 45 93.347
57 884 40 3.891
58 1054 51 18.568
59 357 37 92.460
60 460 29 72.929
61 205 50 26.592
62 1124 23 16.467
63 36 38 78.140
64 1277 47 21.681
65 1084 10 59.517
66 965 27 8.945
67 1166 25 53.690
68 847 4 31.635
69 1115 49 9.183
70 116 9 29.028
71 611 48 68.224
72 752 51 73.309
73 955 15 29.638
74 667 52 84.544
75 174 30 49.830
76 248 30 3.166
77 990 56 98.914
78 1331 6 78.281
79 1360 46 45.584
80 847 14 16.187
81 606 4 11.308
82 27 54 1.206
83 294 41 56.830
84 983 31 88.357
85 1041 29 45.496
86 273 47 10.347
87 826 7 1.598
88 210 14 89.381
89 935 41 30.000
90 1361 13 0.625
91 1339 9 70.695
92 825 40 74.012
93 849 46 63.043
94 12 15 29.383
95 1367 14 85.685
96 1254 5 88.298
97 592 33 49.605
98 936 55 43.404
99 694 43 92.385
100 60 18 81.155