100
1 471 42 36.200
2 769 25 53.412
3 344 16 13.046
4 59 8 77.078
5 6 56 51.309
6 675 14 73.461
7 682 44 42.043
8 703 21 12.427
9 754 48 92.041
10 548 41 93.440
11 1324 58 93.894
12 288 27 51.103
13 1234 53 77.023
14 1422 60 9.873
15 315 50 66.994
16 491 21 14.770
17 990 49 81.692
18 824 1 78.556
19 107 6 63.644
20 638 13 32.444
21 134 19 74.701
22 58 14 22.759
23 1008 1 83.137
24 1040 43 56.241
25 450 47 43.911
26 363 10 51.650
27 264 59 49.863
28 1142 18 6.347
29 340 6 63.732
30 82 48 77.041
31 1257 24 65.833
32 1190 42 0.884
33 1419 59 4.617
34 653 28 89.995
35 477 16 31.550
36 175 33 62.252
37 1144 50 31.739
38 786 60 64.577
39 537 3 80.129
40 568 47 17.713
41 1203 44 12.393
42 1158 42 23.213
43 209 53 92.597
44 263 39 15.910
45 196 42 85.149
46 653 47 49.554
47 1035 57 30.639
48 355 12 89.091
49 914 33 91.039
50 227 6 62.456
51 1052 35 40.935
52 186 16 71.408
53 399 49 69.278
54 838 52 91.013
55 1064 47 11.764
56 705 2 74.059
57 717 3 16.793
58 1043 6 17.304
59 1183 15 60.125
60 8 43 52.048
61 642 5 60.026
62 880 34 51.196
63 640 49 96.747
64 804 34 13.204
65 27 19 86.502
66 605 43 24.584
67 1238 25 97.736
68 1014 52 60.626
69 1032 36 22.727
70 1367 11 77.112
71 1046 41 14.125
72 469 23 63.798
73 1435 9 6.552
74 931 22 71.544
75 1425 22 68.087
76 668 8 30.844
77 465 48 12.152
78 68 17 30.860
79 116 24 46.283
80 1206 6 96.974
81 847 54 2.870
82 778 4 56.116
83 1407 48 28.263
84 93 41 34.760
85 1012 13 63.261
86 726 9 9.840
87 853 22 18.077
88 1373 13 14.377
89 219 35 78.821
90 232 13 55.072
91 463 55 86.245
92 451 36 2.098
93 882 7 54.225
94 1247 45 41.291
95 70 1 52.950
96 1163 20 54.345
97 176 9 25.316
98 773 19 24.536
99 869 16 39.004
100 853 29 72.866