100
1 1308 57 0.141
2 1230 19 68.381
3 1430 53 56.337
4 540 27 32.248
5 536 19 91.245
6 427 47 94.360
7 106 56 60.715
8 112 38 32.271
9 137 29 4.770
10 763 38 20.207
11 149 44 73.410
12 26 44 29.448
13 1043 23 39.605
14 1325 39 95.415
15 72 9 41.837
16 1250 27 15.541
17 65 15 60.391
18 1199 40 69.129
19 1425 27 74.435
20 1267 38 43.155
21 1262 44 40.831
22 45 58 54.149
23 1149 51 15.553
24 1065 49 32.868
25 1349 56 10.321
26 500 7 20.251
27 887 23 64.625
28 170 50 56.867
29 412 55 9.511
30 672 6 2.008
31 1394 19 84.364
32 387 16 1.110
33 76 44 95.203
34 396 57 81.265
35 818 43 39.123
36 14 34 44.386
37 619 40 73.418
38 253 43 3.957
39 1039 47 73.160
40 957 15 96.615
41 297 14 70.946
42 902 60 45.164
43 1004 20 77.077
44 478 18 10.788
45 338 41 8.433
46 541 5 99.346
47 541 37 44.563
48 1413 46 93.185
49 1429 32 91.278
50 846 37 9.115
51 304 22 56.938
52 737 50 21.196
53 434 13 79.256
54 274 5 33.804
55 751 28 57.794
56 1211 31 91.335
57 1136 41 83.896
58 1145 43 65.189
59 71 45 89.522
60 1428 15 79.671
61 357 1 52.167
62 656 27 38.646
63 557 45 78.186
64 475 59 14.529
65 902 19 84.398
66 640 14 44.665
67 920 56 43.936
68 160 6 53.841
69 385 24 72.664
70 830 12 98.592
71 1047 38 88.201
72 643 39 62.070
73 1327 52 86.899
74 1207 12 31.676
75 41 55 48.497
76 184 22 73.924
77 530 32 36.954
78 861 43 12.756
79 667 35 5.291
80 307 16 87.570
81 1 44 10.082
82 1435 20 6.098
83 1132 29 99.376
84 573 9 7.240
85 101 49 77.729
86 694 58 4.102
87 1284 23 44.576
88 1000 36 9.091
89 815 31 69.054
90 1201 24 4.634
91 928 28 41.374
92 20 34 26.880
93 1387 41 42.003
94 39 53 55.242
95 1395 26 26.130
96 1241 27 90.028
97 475 32 2.300
98 596 49 52.531
99 1256 56 24.960
100 76 41 87.403