100
1 948 16 18.505
2 1017 5 81.665
3 1257 45 55.135
4 1064 53 16.145
5 718 20 75.378
6 763 22 49.094
7 124 55 61.462
8 858 19 10.922
9 1029 52 0.195
10 641 1 71.501
11 347 5 57.852
12 1172 44 77.979
13 1325 32 11.960
14 823 46 10.946
15 184 34 68.107
16 892 33 82.216
17 842 54 62.681
18 298 44 10.742
19 384 36 51.239
20 1108 24 2.632
21 196 39 43.826
22 565 38 0.065
23 1067 59 76.490
24 121 10 11.676
25 374 53 84.026
26 1310 32 9.046
27 837 40 71.209
28 1277 50 73.245
29 322 22 18.674
30 472 24 26.700
31 882 10 38.907
32 485 45 90.054
33 1071 24 70.527
34 1144 33 57.505
35 898 18 84.249
36 227 6 10.782
37 182 14 27.196
38 597 4 20.532
39 530 40 38.240
40 350 29 57.519
41 895 29 57.191
42 794 23 2.213
43 866 58 1.625
44 343 14 31.469
45 956 8 72.868
46 1357 2 90.193
47 427 24 38.250
48 831 34 27.100
49 177 38 48.024
50 1020 28 16.331
51 619 49 42.628
52 106 29 14.254
53 966 6 87.956
54 591 19 98.125
55 965 22 89.582
56 1077 45 29.296
57 974 20 0.919
58 312 6 76.508
59 876 39 26.541
60 640 53 68.390
61 1438 10 88.451
62 1326 44 2.262
63 532 49 82.218
64 236 50 35.032
65 217 15 33.150
66 951 46 55.341
67 1375 13 95.319
68 337 14 43.149
69 273 49 98.745
70 1010 27 25.448
71 82 45 99.559
72 732 12 71.829
73 1404 26 66.828
74 826 55 81.381
75 360 2 31.259
76 300 57 83.948
77 282 16 58.849
78 469 27 47.678
79 1222 15 15.451
80 111 31 21.941
81 996 41 1.912
82 1013 46 63.560
83 990 32 21.810
84 345 26 88.798
85 998 60 13.608
86 930 60 96.460
87 76 23 15.782
88 713 45 9.340
89 339 14 98.113
90 1254 8 2.174
91 1103 26 80.953
92 1284 4 21.193
93 109 4 78.627
94 289 8 98.777
95 749 42 35.020
96 1135 41 24.552
97 1110 29 86.837
98 181 4 69.464
99 781 12 79.689
100 204 48 69.512