100
1 937 52 95.592
2 826 8 26.997
3 569 53 84.228
4 532 27 81.871
5 146 23 32.610
6 547 37 73.810
7 134 7 48.737
8 117 39 12.611
9 740 55 35.172
10 1209 31 62.874
11 952 30 39.975
12 131 18 62.080
13 512 47 69.992
14 924 56 89.533
15 1243 31 42.282
16 780 51 25.011
17 1284 37 78.064
18 1401 6 45.451
19 963 16 85.384
20 1050 13 40.217
21 1058 29 4.189
22 910 4 91.766
23 656 60 96.609
24 962 11 80.430
25 1068 30 7.414
26 228 52 77.207
27 978 56 59.917
28 670 12 59.480
29 291 7 70.727
30 954 38 57.670
31 171 47 32.023
32 599 25 28.113
33 1164 37 10.182
34 1216 12 36.455
35 13 12 41.767
36 617 37 57.332
37 1115 46 86.863
38 407 30 68.468
39 377 57 38.088
40 1035 34 12.917
41 1066 14 65.724
42 212 26 2.131
43 1224 35 50.443
44 472 48 34.463
45 631 36 40.361
46 1255 19 39.246
47 933 57 87.526
48 500 15 97.013
49 517 46 46.959
50 825 25 19.754
51 551 6 0.405
52 332 42 56.916
53 65 18 97.688
54 1098 4 16.816
55 866 8 46.073
56 370 15 30.797
57 1073 15 70.247
58 216 22 70.228
59 654 58 74.787
60 1221 15 94.122
61 54 31 85.947
62 277 43 28.255
63 1320 5 4.604
64 854 47 64.770
65 910 45 21.599
66 5 59 44.600
67 772 27 74.373
68 103 34 99.424
69 185 40 19.392
70 533 28 39.934
71 789 44 13.746
72 293 56 84.037
73 578 30 50.402
74 1101 35 28.879
75 1401 16 40.636
76 14 60 45.444
77 580 36 7.776
78 994 50 14.250
79 126 28 20.287
80 646 59 69.112
81 448 40 83.627
82 474 39 16.921
83 1177 4 99.163
84 1312 26 9.855
85 650 14 64.680
86 779 45 73.951
87 1101 23 19.823
88 925 4 35.611
89 1253 28 64.814
90 987 10 74.090
91 383 28 3.293
92 1089 35 69.168
93 216 4 4.722
94 1170 36 35.288
95 786 5 65.613
96 477 30 44.571
97 83 14 27.713
98 762 57 50.310
99 73 18 28.693
100 811 43 34.270