100
1 777 18 23.395
2 201 21 80.528
3 831 1 7.507
4 1186 10 50.787
5 992 56 91.302
6 539 43 28.874
7 930 40 43.681
8 470 27 44.300
9 983 6 33.798
10 1085 47 91.810
11 512 14 55.902
12 596 33 32.919
13 211 49 62.541
14 933 55 23.696
15 1299 2 57.946
16 1143 49 92.968
17 933 22 95.064
18 946 14 16.283
19 20 18 58.321
20 681 59 91.014
21 788 45 55.373
22 355 35 84.108
23 867 56 97.255
24 512 39 38.799
25 569 5 94.836
26 1108 39 88.252
27 807 53 23.582
28 840 15 85.025
29 762 13 41.623
30 1435 22 31.531
31 1162 36 8.734
32 717 21 57.622
33 995 44 80.687
34 679 29 58.317
35 572 17 93.657
36 145 52 37.541
37 718 39 16.885
38 747 1 49.487
39 324 14 22.673
40 876 24 34.548
41 116 40 8.882
42 501 37 67.170
43 433 17 15.179
44 1010 52 4.404
45 312 1 0.016
46 196 34 24.829
47 48 30 13.352
48 568 56 75.779
49 1345 35 68.425
50 1308 35 20.987
51 262 39 51.291
52 1180 29 84.595
53 569 18 78.188
54 72 43 2.271
55 929 4 28.170
56 778 28 99.315
57 322 52 28.758
58 626 14 54.794
59 697 43 75.959
60 1015 12 50.195
61 204 51 30.767
62 739 58 36.114
63 295 30 40.842
64 392 33 20.384
65 139 52 7.877
66 186 12 61.158
67 1196 25 75.567
68 146 7 33.855
69 170 28 72.318
70 1435 33 10.888
71 1284 9 1.770
72 834 12 7.506
73 467 12 85.029
74 863 22 54.513
75 684 39 98.781
76 892 26 62.871
77 101 5 61.973
78 1096 44 1.179
79 48 58 95.530
80 564 4 47.046
81 407 43 4.097
82 1275 6 0.938
83 779 32 21.490
84 290 31 3.315
85 930 7 3.294
86 562 19 44.034
87 1051 55 54.840
88 938 37 38.480
89 311 12 9.902
90 883 42 25.172
91 979 5 40.575
92 675 27 12.832
93 116 9 64.103
94 178 12 5.335
95 255 2 96.657
96 327 51 37.773
97 893 47 22.118
98 910 25 1.658
99 94 48 55.169
100 188 15 24.190