100
1 1239 35 90.108
2 626 40 77.210
3 1338 36 29.687
4 172 52 21.957
5 135 52 54.689
6 162 43 15.957
7 749 32 55.453
8 1326 21 3.235
9 1027 28 32.620
10 159 18 12.037
11 1405 28 58.542
12 70 18 33.521
13 1386 41 63.246
14 669 20 16.417
15 244 46 31.409
16 330 9 31.615
17 116 10 37.059
18 76 23 9.495
19 813 56 67.363
20 1344 24 31.528
21 810 41 93.024
22 1288 35 57.888
23 339 24 6.564
24 1410 29 41.313
25 178 9 2.279
26 1323 34 24.671
27 1363 14 25.226
28 779 16 38.642
29 751 58 3.400
30 906 16 24.840
31 1144 27 24.816
32 510 22 65.091
33 503 51 70.469
34 1418 22 81.128
35 346 56 64.184
36 463 37 74.863
37 1053 60 55.975
38 1174 46 63.611
39 46 30 0.227
40 308 7 82.218
41 947 49 73.099
42 385 50 29.764
43 809 59 17.831
44 988 10 4.382
45 909 19 47.390
46 1130 7 4.621
47 55 25 99.479
48 1211 8 3.728
49 111 12 71.578
50 690 28 66.375
51 533 53 88.426
52 1182 26 36.338
53 366 30 56.156
54 209 18 68.694
55 140 23 57.688
56 776 14 61.463
57 442 44 54.150
58 958 59 34.137
59 146 12 27.544
60 1212 3 53.654
61 340 58 84.768
62 1080 40 8.520
63 751 55 93.822
64 847 38 79.737
65 464 30 61.938
66 1379 33 19.114
67 515 42 18.868
68 493 54 38.521
69 123 59 96.750
70 593 46 32.704
71 522 28 12.950
72 652 1 4.855
73 1099 31 81.344
74 835 34 67.620
75 916 47 25.403
76 664 4 59.808
77 1208 36 88.092
78 293 19 7.268
79 1181 14 89.467
80 482 46 55.555
81 1065 13 89.159
82 157 24 94.938
83 1221 37 10.751
84 844 24 70.654
85 419 2 99.114
86 580 50 20.251
87 272 39 5.832
88 765 27 80.887
89 596 49 54.100
90 1283 42 45.920
91 63 4 46.727
92 1076 36 12.332
93 924 15 11.678
94 808 23 9.274
95 906 9 93.322
96 1042 51 28.253
97 683 16 91.559
98 939 46 85.451
99 3 26 58.033
100 236 34 55.301