100
1 752 25 84.611
2 1137 48 79.002
3 1211 15 20.519
4 524 2 34.166
5 1131 41 25.947
6 41 23 74.363
7 396 45 80.346
8 41 12 33.886
9 190 2 93.756
10 990 48 17.494
11 673 20 39.016
12 521 28 53.158
13 334 18 80.658
14 107 39 59.487
15 937 2 82.514
16 252 22 44.337
17 77 32 79.809
18 652 31 80.608
19 934 11 24.398
20 1318 13 69.802
21 1329 7 85.057
22 730 5 64.937
23 614 52 77.644
24 1409 20 54.175
25 580 28 12.465
26 920 54 40.866
27 203 27 81.387
28 1225 19 34.494
29 123 19 69.804
30 909 11 62.099
31 1018 29 72.546
32 682 45 62.358
33 1111 7 18.843
34 799 14 75.351
35 1041 19 46.330
36 160 21 65.021
37 748 26 15.139
38 192 36 59.757
39 156 8 18.514
40 806 8 6.554
41 1172 15 10.018
42 598 47 52.417
43 603 48 55.218
44 68 28 76.219
45 572 36 12.407
46 1317 10 14.775
47 668 12 95.041
48 704 45 72.063
49 789 4 79.349
50 794 19 99.498
51 823 49 79.659
52 863 43 87.295
53 183 10 52.075
54 584 51 56.783
55 1302 45 29.577
56 727 58 2.469
57 130 29 28.944
58 67 40 3.031
59 747 46 82.118
60 954 53 47.036
61 567 35 26.903
62 407 28 5.623
63 1057 57 87.341
64 1341 17 18.395
65 239 2 75.751
66 962 8 68.358
67 872 57 29.091
68 399 25 21.676
69 1076 11 99.214
70 871 6 61.797
71 1439 22 33.189
72 82 23 71.898
73 956 34 13.638
74 181 49 69.603
75 312 16 73.296
76 1116 17 37.928
77 1302 50 87.681
78 797 1 30.177
79 1014 53 38.947
80 761 51 98.416
81 28 20 24.099
82 866 54 3.850
83 195 27 24.782
84 7 15 99.836
85 329 58 56.318
86 447 28 29.356
87 1374 53 43.851
88 17 32 42.016
89 1087 35 72.804
90 314 27 20.538
91 704 44 34.697
92 332 30 23.897
93 1275 42 13.618
94 1411 41 55.464
95 63 20 98.912
96 49 26 92.178
97 781 1 99.001
98 616 43 40.074
99 1256 57 13.242
100 869 17 73.964