100
1 185 34 28.575
2 1064 6 45.292
3 256 40 92.942
4 879 1 81.707
5 740 11 1.574
6 621 18 25.281
7 473 54 14.256
8 581 15 47.579
9 324 21 23.872
10 858 54 21.540
11 205 50 97.582
12 852 46 4.092
13 143 58 44.092
14 730 33 99.296
15 909 22 48.473
16 995 35 60.994
17 251 2 52.669
18 1106 14 54.674
19 123 56 99.336
20 998 29 57.074
21 1063 1 20.267
22 1338 15 65.195
23 1249 7 50.188
24 866 6 6.447
25 745 52 44.210
26 1410 40 88.144
27 1365 38 65.722
28 1353 20 36.035
29 864 40 26.081
30 1075 16 72.019
31 522 11 45.993
32 525 31 29.238
33 154 41 58.028
34 1001 18 97.183
35 879 46 27.315
36 719 50 0.241
37 477 2 33.230
38 1385 51 41.623
39 329 29 81.315
40 974 11 79.876
41 785 27 1.166
42 8 55 41.167
43 1090 41 89.229
44 10 18 94.388
45 708 55 7.571
46 1091 18 30.740
47 1182 34 3.396
48 997 49 1.125
49 887 21 23.185
50 968 5 98.550
51 348 8 11.546
52 881 26 42.959
53 812 55 68.710
54 1184 8 75.081
55 705 28 15.136
56 837 5 88.978
57 1222 9 63.926
58 493 13 85.223
59 142 22 63.010
60 1397 47 89.469
61 1382 42 11.612
62 1404 56 26.059
63 1194 6 97.729
64 395 55 49.014
65 1417 36 5.884
66 131 48 55.593
67 1137 2 65.280
68 678 15 58.630
69 1319 50 71.149
70 131 17 48.296
71 266 10 49.515
72 842 57 22.862
73 415 32 98.102
74 446 30 81.282
75 22 8 19.125
76 1406 3 79.362
77 514 28 86.462
78 561 38 92.842
79 429 37 16.818
80 807 40 95.185
81 466 7 52.722
82 1240 44 23.594
83 1008 12 38.362
84 862 11 59.170
85 778 13 82.660
86 108 41 93.700
87 1175 45 14.744
88 1035 38 77.242
89 662 15 38.236
90 1063 44 18.519
91 733 10 22.278
92 1032 33 18.245
93 492 40 35.563
94 425 58 69.272
95 1178 35 29.176
96 933 31 27.313
97 45 57 42.242
98 589 30 73.953
99 338 39 52.245
100 700 26 60.578