100
1 249 7 44.629
2 96 36 68.847
3 151 36 59.160
4 1252 3 22.433
5 392 46 32.191
6 533 38 60.765
7 1016 22 57.500
8 855 60 23.439
9 599 13 5.351
10 394 32 91.708
11 354 15 95.670
12 719 27 13.974
13 1343 55 6.851
14 759 45 82.984
15 688 59 49.939
16 694 52 24.915
17 1147 36 23.424
18 183 52 17.197
19 1242 3 92.945
20 1061 1 45.924
21 1165 58 53.885
22 1275 49 93.239
23 756 57 0.907
24 555 55 85.481
25 1013 6 45.468
26 1126 24 14.285
27 1038 55 0.944
28 620 55 92.825
29 1363 57 73.823
30 882 23 89.570
31 872 58 55.963
32 900 6 99.978
33 1122 36 92.951
34 1424 34 9.701
35 149 60 7.569
36 1432 24 48.045
37 820 56 3.120
38 1131 21 65.630
39 851 55 39.104
40 688 40 69.863
41 482 22 5.665
42 1349 29 93.624
43 1277 52 59.344
44 187 40 70.624
45 1239 7 35.962
46 200 56 12.242
47 1094 51 59.594
48 184 26 72.758
49 166 15 75.540
50 836 19 31.265
51 618 29 3.913
52 1319 24 26.283
53 689 25 5.095
54 1260 18 35.786
55 866 10 42.110
56 794 38 96.278
57 754 10 74.712
58 1041 49 7.170
59 284 10 0.148
60 350 51 71.466
61 474 45 20.943
62 17 23 86.974
63 791 23 50.032
64 229 37 84.133
65 1062 2 59.854
66 705 52 83.597
67 1034 47 93.271
68 842 59 65.031
69 1242 22 48.125
70 344 19 99.970
71 1432 15 15.683
72 420 17 99.180
73 419 44 99.098
74 525 8 71.099
75 1353 20 30.281
76 586 34 35.701
77 514 46 85.182
78 898 36 51.847
79 544 59 82.691
80 478 20 22.271
81 1333 41 99.404
82 1405 46 59.878
83 542 48 27.847
84 1318 57 24.535
85 119 26 39.431
86 1000 22 68.507
87 424 20 78.318
88 236 30 65.311
89 90 57 10.354
90 543 17 4.103
91 316 55 62.247
92 294 51 39.574
93 895 36 48.698
94 294 21 58.038
95 313 33 35.587
96 1389 4 33.430
97 588 44 62.637
98 603 55 33.996
99 1370 59 22.290
100 1171 17 6.585