100
1 1425 34 20.415
2 901 7 76.007
3 335 60 61.822
4 1182 40 89.698
5 350 10 95.002
6 1351 54 54.562
7 557 35 59.427
8 1406 15 84.893
9 1137 43 20.353
10 463 26 7.936
11 1387 47 14.469
12 288 18 43.010
13 1360 29 80.753
14 282 33 78.924
15 1331 14 62.668
16 258 43 5.535
17 436 32 64.418
18 499 31 33.510
19 333 33 61.195
20 887 59 93.569
21 554 18 44.795
22 36 12 61.033
23 769 8 40.950
24 691 34 60.517
25 261 15 76.424
26 970 6 67.782
27 473 27 86.217
28 33 55 85.497
29 1387 39 96.409
30 451 24 98.852
31 121 51 38.689
32 123 3 43.885
33 1251 23 90.746
34 967 2 92.258
35 712 14 17.427
36 894 15 83.493
37 595 44 10.910
38 202 2 97.672
39 803 18 27.667
40 1060 39 98.989
41 239 4 49.706
42 917 51 79.380
43 7 33 85.248
44 245 27 21.939
45 556 31 88.540
46 276 47 84.648
47 1119 2 85.632
48 204 23 22.863
49 473 7 59.842
50 542 6 15.955
51 550 29 40.691
52 1009 20 42.747
53 705 40 44.826
54 1370 34 88.808
55 1384 2 40.861
56 1416 50 3.423
57 200 9 53.074
58 444 16 5.793
59 57 18 1.398
60 418 31 79.671
61 557 31 90.471
62 1144 47 53.990
63 1110 49 83.556
64 486 12 21.908
65 450 26 54.047
66 82 35 25.882
67 649 9 93.204
68 1351 11 99.670
69 1185 46 31.737
70 1330 1 25.209
71 71 10 4.354
72 1422 13 57.164
73 1115 29 93.848
74 302 22 66.050
75 220 18 23.945
76 203 30 42.207
77 512 38 91.093
78 458 12 69.890
79 336 45 84.259
80 749 3 45.113
81 1382 40 78.756
82 1361 20 63.813
83 389 44 91.540
84 606 39 70.216
85 1292 12 87.563
86 664 23 54.063
87 1367 54 27.465
88 1373 27 1.342
89 644 16 61.109
90 519 23 97.477
91 77 34 87.372
92 416 3 35.481
93 181 20 78.807
94 237 16 78.994
95 1433 49 36.947
96 343 55 96.370
97 89 25 3.683
98 1032 38 59.380
99 423 48 62.013
100 986 53 9.839