100
1 222 30 29.358
2 922 12 93.773
3 518 37 91.501
4 41 24 73.684
5 1018 57 40.165
6 991 10 46.890
7 826 52 58.720
8 949 9 14.355
9 571 1 53.861
10 197 11 31.800
11 56 34 33.687
12 692 21 69.357
13 207 38 38.057
14 841 24 2.223
15 449 21 45.928
16 881 27 8.555
17 205 6 92.706
18 568 10 16.601
19 1043 7 72.282
20 489 39 28.823
21 372 12 95.875
22 1213 55 87.373
23 599 27 1.310
24 1081 21 37.465
25 488 6 58.099
26 963 25 26.987
27 1075 30 33.617
28 1169 60 29.709
29 567 56 14.355
30 144 14 56.351
31 170 32 47.043
32 289 15 51.493
33 1387 43 75.749
34 1246 35 57.941
35 558 42 33.117
36 193 1 41.605
37 1357 8 42.108
38 844 59 64.584
39 729 22 67.148
40 1434 33 48.193
41 950 18 36.504
42 806 15 5.658
43 894 20 10.232
44 550 12 10.171
45 1288 37 32.010
46 333 53 4.699
47 1230 31 88.917
48 970 43 37.616
49 1119 27 10.619
50 5 16 7.025
51 235 35 28.285
52 348 18 94.475
53 956 9 47.325
54 765 12 31.550
55 1111 23 56.627
56 1230 34 28.940
57 642 13 99.902
58 320 49 78.422
59 1306 15 48.313
60 1133 54 92.950
61 975 46 29.890
62 495 35 98.434
63 1391 5 8.985
64 174 40 60.615
65 396 55 79.513
66 937 29 12.191
67 891 2 50.178
68 281 10 36.114
69 291 56 89.695
70 1285 19 53.978
71 341 58 21.096
72 638 15 32.601
73 791 31 82.102
74 585 32 61.791
75 261 37 61.085
76 526 40 4.581
77 25 60 55.397
78 98 11 81.307
79 386 33 95.523
80 1221 48 19.890
81 130 54 84.850
82 1181 38 61.839
83 21 3 1.418
84 484 45 56.730
85 1265 31 70.952
86 779 19 85.256
87 708 46 43.646
88 1255 32 94.955
89 233 31 38.170
90 278 39 38.411
91 685 33 46.324
92 520 37 78.161
93 581 37 21.192
94 47 50 53.189
95 798 31 57.074
96 1033 30 49.851
97 437 55 85.063
98 252 45 24.889
99 252 30 26.943
100 372 55 41.498