100
1 1323 11 98.966
2 963 38 17.346
3 273 56 54.532
4 1192 57 38.265
5 572 57 83.794
6 247 53 66.651
7 159 30 30.197
8 1160 24 28.504
9 1041 10 12.008
10 1271 18 50.633
11 340 55 46.900
12 597 7 21.947
13 1045 19 31.750
14 910 52 73.274
15 1209 43 94.485
16 1268 21 4.728
17 294 17 99.152
18 1125 5 13.095
19 665 56 47.715
20 1020 12 14.815
21 1315 48 85.139
22 782 52 94.588
23 122 42 43.860
24 337 24 99.527
25 1303 15 56.164
26 1252 9 79.597
27 1085 10 80.509
28 743 17 49.298
29 1220 25 87.717
30 374 21 46.663
31 298 6 30.745
32 790 12 35.493
33 1174 18 65.749
34 229 57 14.094
35 1305 47 28.218
36 189 52 5.006
37 1388 41 20.849
38 1299 10 95.385
39 1059 10 12.410
40 595 7 45.670
41 452 25 72.626
42 904 51 35.604
43 534 43 55.322
44 634 7 86.637
45 659 54 54.842
46 181 41 42.370
47 251 7 20.907
48 449 39 4.887
49 452 27 90.753
50 967 11 74.690
51 283 55 76.121
52 1338 14 7.785
53 198 60 81.150
54 154 47 80.682
55 341 2 26.303
56 379 19 16.661
57 815 27 22.315
58 620 17 83.741
59 724 48 33.966
60 307 2 33.070
61 1281 56 34.058
62 968 5 90.674
63 987 42 51.620
64 1413 47 49.382
65 1241 42 2.047
66 1043 43 37.898
67 955 40 57.244
68 364 18 72.244
69 1421 31 15.021
70 921 18 23.353
71 509 48 36.833
72 918 32 65.339
73 583 58 85.726
74 761 14 19.748
75 321 19 25.282
76 530 1 52.767
77 534 4 52.395
78 220 15 98.549
79 1143 8 43.420
80 1186 23 52.943
81 471 55 80.567
82 83 44 73.111
83 1113 14 20.568
84 1246 12 17.617
85 456 32 90.635
86 701 40 68.475
87 855 20 87.522
88 875 51 79.243
89 1105 30 7.888
90 1325 27 36.933
91 560 52 54.096
92 52 37 79.215
93 723 15 32.276
94 897 58 79.933
95 1131 21 91.104
96 614 21 81.840
97 1064 59 94.619
98 1011 41 8.911
99 897 52 65.983
100 259 41 19.522