100
1 187 40 11.989
2 955 1 23.951
3 1079 26 45.266
4 33 21 3.829
5 838 10 94.741
6 385 10 3.824
7 547 39 78.413
8 1148 26 0.841
9 599 40 78.952
10 1230 30 73.391
11 236 37 3.802
12 1393 25 18.651
13 206 54 3.956
14 1281 30 62.851
15 566 47 86.765
16 488 1 45.440
17 540 35 46.790
18 361 20 57.418
19 807 51 32.232
20 869 14 87.361
21 351 49 54.633
22 1432 23 5.286
23 217 15 36.948
24 811 25 70.090
25 1266 22 34.564
26 136 39 11.270
27 912 14 84.414
28 1003 26 18.845
29 1260 59 64.710
30 931 6 8.822
31 1022 22 95.722
32 264 45 47.832
33 1340 12 90.524
34 67 17 5.399
35 515 22 82.375
36 514 1 17.350
37 443 50 82.549
38 802 16 28.004
39 1028 50 87.419
40 169 51 92.083
41 41 26 77.911
42 836 52 62.340
43 1113 2 67.831
44 649 25 61.893
45 793 16 40.262
46 792 26 85.910
47 551 44 43.090
48 1298 58 64.147
49 146 19 48.013
50 1427 31 52.927
51 244 30 26.545
52 263 14 87.871
53 639 38 67.026
54 466 9 94.883
55 470 21 10.658
56 790 48 50.918
57 473 24 41.247
58 568 51 93.689
59 216 35 17.830
60 158 51 51.214
61 1287 1 77.941
62 1353 3 6.453
63 772 13 22.250
64 398 25 81.946
65 1424 6 57.085
66 509 49 4.939
67 133 20 12.068
68 250 28 64.445
69 1036 48 15.273
70 1214 40 39.979
71 42 13 95.630
72 590 13 56.067
73 827 6 34.366
74 1231 41 7.339
75 1398 2 89.224
76 481 13 32.296
77 816 35 6.685
78 647 7 2.494
79 985 44 96.471
80 368 45 70.863
81 330 3 70.710
82 1362 27 37.859
83 1422 2 70.622
84 812 24 43.257
85 1023 37 35.691
86 967 25 56.895
87 1300 41 83.836
88 539 13 99.015
89 1316 16 65.029
90 532 7 77.032
91 531 35 35.370
92 792 44 72.704
93 1082 21 13.907
94 751 56 77.617
95 1234 4 66.657
96 598 51 28.889
97 1412 17 13.503
98 961 38 11.028
99 334 25 53.882
100 488 1 54.828