100
1 698 6 28.818
2 1337 14 98.390
3 634 32 71.095
4 79 25 76.492
5 1197 53 8.312
6 196 8 41.521
7 656 14 2.914
8 606 22 21.111
9 1015 4 48.224
10 622 47 95.258
11 734 32 3.875
12 787 60 32.810
13 1022 21 93.623
14 169 11 96.532
15 61 6 46.985
16 334 55 87.052
17 1385 27 12.955
18 855 4 39.050
19 974 55 71.516
20 633 55 27.974
21 180 4 71.585
22 1104 6 37.807
23 1182 56 95.939
24 968 44 57.362
25 1262 37 89.608
26 318 35 95.320
27 693 9 32.770
28 749 19 19.917
29 1040 56 8.518
30 1391 14 36.124
31 1297 39 20.202
32 1403 47 23.733
33 79 31 5.578
34 710 55 95.243
35 938 55 9.762
36 1166 20 54.646
37 713 55 85.028
38 1152 20 90.608
39 359 55 41.521
40 1280 22 37.048
41 48 56 8.950
42 1106 34 58.247
43 1267 18 94.758
44 504 12 79.768
45 502 53 44.291
46 1007 43 63.295
47 41 5 33.981
48 1382 30 53.803
49 518 6 23.147
50 1071 20 42.046
51 1289 28 87.932
52 905 9 80.123
53 655 12 40.017
54 522 51 58.908
55 1321 9 86.479
56 967 49 77.131
57 81 49 66.246
58 417 26 0.226
59 1349 16 5.738
60 1283 49 79.062
61 1164 16 91.526
62 537 2 69.438
63 328 18 53.250
64 1311 20 42.612
65 1312 22 93.990
66 131 3 6.627
67 1407 54 62.466
68 11 26 93.966
69 1139 51 40.707
70 928 56 79.026
71 376 46 78.262
72 1082 24 50.386
73 59 33 9.149
74 730 60 85.863
75 413 56 97.435
76 759 30 2.832
77 363 10 57.586
78 68 22 27.138
79 1078 52 8.232
80 646 22 35.975
81 562 48 53.816
82 202 4 21.715
83 1155 6 12.100
84 606 16 6.107
85 617 55 57.640
86 507 36 64.465
87 751 18 68.248
88 84 40 57.532
89 292 21 27.349
90 656 60 73.011
91 489 30 61.733
92 1276 43 57.588
93 276 18 43.181
94 71 31 16.280
95 106 55 41.547
96 1332 43 75.923
97 1158 60 94.815
98 1208 41 82.625
99 1059 11 87.720
100 1173 20 5.904